PROVIDER,LP,PROVIDED_LP_TOKENS,WITHDRAWN_LP_TOKENS,BALANCE
terra1p7fjmrnju86kpgk5nr2kpw4kvwa0vxagfek5vn,luna-aust,93495550,46624000,46871550
terra1c9ac68cfha86xwhmyxpwm9f3wd4d8nqcttuec4,loop-ust,15998708,15998000,708
terra1tk280apkxu7dryjqjxjxn49n3h56uwzlv464f4,loop-ust,28263671,28263000,671
terra1tmfe2fwrj93myk2kwds8x7pr0ztvdgppnlcz0v,loop-luna,321009632,321009000,632
terra1sxkjf4vl8n5acmz3gh56x0aqxy8vs3u0jxugys,loop-ust,3180309,3180000,309
terra1ps595eyac2395ynet2u48r22gyqrc3ukjcdyg6,loop-ust,2497670778,2497670000,778
terra1gmnhqs9fgykhzrx44p0a0g85cs0nldctqrsmts,loop-loopr,361496531,361496000,531
terra10cpeejd9gkvtdqhj2lwjptk3wyj04yfjql9kqf,loop-loopr,31937546796,31937546000,796
terra1d6fq37wrn99fvrpp7t65thuld9y4dn72lzuz8v,loop-ust,25572446,25572000,446
terra16dp0yt6u08dqmx2v92g5v3qptwds2rml8cyxa0,anc-ust,135379672,135379000,672
terra16hzxvwy9n2a07qffkxgyxq9lczp77wyzppnsy7,loop-loopr,292512990,219385000,73127990
terra1crks4043h59pgjdtcr3lrjcm4lpeczatxq0lr4,loop-ust,83343216,83343000,216
terra19g4wg68p052vyezqxsjuyxfhf8maz3jhamh0as,mir-ust,125534463,125534000,463
terra1cna8789dsynsh5y9uh077zl7690aa8aj44gk59,loop-anc,94219117,94219000,117
terra1d5hgpypn0qg8dp8yyw8x377x9gageyfphje5z0,loop-ust,3670294,3670000,294
terra14l4p4jwxzrgggrn8lertwczvecrj82eydt0c92,loop-loopr,12570949,12570000,949
terra19erxpg9zvsmptqalsmvwrsmuquk55luzynsl7r,loop-ust,86922352,86922000,352
terra1qyvggu06acpsu7m3qk4wz7qmq0wffxcgtjx7up,loop-anc,8395557,8395000,557
terra1nd5zvhhtk5trvnkcme8w5vf8ekwe26jxmaw59x,luna-ust,255632011,255632000,11
terra1t22r3mmpcexxx3lhtf9rmxanhcjmn9k4udgnn9,loopr-ust,13890877,13890000,877
terra1n0ts47c4xvgvk5spearz9pmvl02jfr0glw3grz,loop-ust,18218811,18218000,811
terra19x9fm625wr0aalhjhmlpnqjht35fkkays40ajk,mine-ust,4155082027,4155082000,27
terra12mygjtxrc3ujtmu5rz99nesjn7qv4e8mknfyln,loop-ust,9717168,9717000,168
terra1svvv88jtkhyqxcmcwyhn6snp4sk9s8c4y63py0,loopr-ust,5354194233,5354194000,233
terra1r4he2ynwtkhm83aqc7lej0s2mtuy392960dthn,loopr-ust,337023768,337023000,768
terra16xvl3097ujvn3cmtqj32nqk4drjlw474ktz3au,loop-ust,2821860,2821000,860
terra1erzvxa0egfa4axezc88kgwsfsqq6uv00sqf9fs,loop-ust,261984636,261984000,636
terra1n2qlmg79detql8d7ttp8fx8dk55m5dm4ed63tl,loopr-ust,804746031,804000000,746031
terra19mqt5xxtsplhkgk067zec83mq20qydfn3e7mzy,loop-ust,159411256,159411000,256
terra1l2nnyq5skkkryj2h4r7dadwzsynq72um5gw6qg,loop-loopr,8226337948,8226337000,948
terra1l9pefmcx0x68d9crpg8kyrxa5qg7auuxny92sr,loop-ust,237120696,237120000,696
terra1cw4n0jn9fwke873y08j93pkpe34uttn0ws64am,loop-ust,36935240,36935000,240
terra197w7c85gcsv7jck79s9rhfqr75vzqs92jstd69,loop-ust,744824034,744824000,34
terra18cqee39gu7mwvxuu9e7rsny4lym5c7hq83fcaq,loop-loopr,4378464966,4378464000,966
terra1y4mqhl9wgw4h7ltzvqgpj2lfy8pwku8j4x9549,loop-ust,6399857,6000000,399857
terra1wu2c8nnvl3lrhtvgq5cxs85ds23u2ws8ka9t7k,aust-ust,4440149151,4440149000,151
terra16w0xwml6yn2af38kg92q4jtz53k4yakygj06gn,bluna-luna,17152737,17152000,737
terra1xa20lghl2z5qdqfjd62hjrjx75p769mda94p4c,loop-ust,7951154,7951000,154
terra19hllgwg37rc8d2aj9aqzu0fevlngra73r2gdns,loop-ust,9490730,9490000,730
terra12lzg85snj2crrftgrekc7raddf24zwvl0mfumu,loopr-ust,22858916,22858000,916
terra14aqddykks6c8j0lfkk00n2xe4mf65dsssncutc,wewbtc-ust,962304,962000,304
terra1ugzs6yy0r4248p0heezcvsxgj2vx2wnkp5nqqh,stt-ust,287804827,287804000,827
terra10suvv0dm67qlm9kn2mzfdsegvdvqt47xfkjtjd,loop-ust,31475861,31475000,861
terra1z4k70tamcc07w52rqsc88gj3p8zct632frrwvj,loop-ust,8373275,8373000,275
terra1nps9aq9h645fqylr0lsu0cz0uj0j3mudch5j64,mine-ust,338517696,338517000,696
terra1dxsl7hpjnsgxv2acmf85e4scmpa60ewa6uuqnj,loop-ust,4695974,4695000,974
terra1tmwhjse9kxl9msmsph90njrhehvmwjv43trjgd,loop-ust,9438811,9438000,811
terra1ykdzt6cadx5f8jw2fuedxtfe7ztkn0mmk2l4sp,loop-loopr,2215342560,2215342000,560
terra140d68h05dh27qg668t9cg4e4sdltnwgxa7tp2e,mir-ust,114698248,114698000,248
terra1lmu7k7hhy5rjtp4g5pptm3896uczjstu86t2zp,luna-aust,364507299,104247000,260260299
terra1qr8x0p79r4t3mgqg2huqvrveu070vlydv2e6p4,loop-ust,22836140,22836000,140
terra1j5e5mqu0a8pcsnn22chettt9wjvmqqxmyjmh06,loop-loopr,449775627007,374236538000,75539089007
terra17yqs6je0n468xjy5zhdthcm4y53sha620hptt2,loop-ust,40066404,40066000,404
terra18fvpvng237axwgqmssddn787rlghfd3xqnd7wq,mir-ust,140495996,140495000,996
terra1emm8e4l5d0y8tya57rfnuwvr6mj2z342ttx54x,loop-ust,7199518,7199000,518
terra1qsx8m6vfet4scevezwgcs7jdctavjdx9k8rmj3,loop-halo,165432344,165432000,344
terra1ywcw0pj4sz7ltnqzagl675cmlq5a9fntjnskzj,loop-ust,10635522,10635000,522
terra16jpyc4sc62tq7j6xekpmsm85r6sctxdkzyy5x9,loopr-ust,107413534,107413000,534
terra1lzjz0pzdxr7g99lf2gkw93peq6e76r7yqxmr0n,loopr-ust,73675966,73675000,966
terra1qfvwrsm0pl66yql52sggrwmkn8gzhuagweeckr,loop-loopr,740502521,740502000,521
terra1rcsktvs9esl25r87tmpjp3rvgv3fxgh9ccd7l4,loop-ust,35628199,35628000,199
terra18q6rud5uv3qep3373n0mynxe3400w408wck7f0,loopr-ust,15245648919,15245648000,919
terra1damjxgxtr98mwra48kh5ku8xgyzu2wtywd24pu,loop-ust,324461344,324461000,344
terra1ynsl8emrgs53z6gaeqkp8g8s9d0nnc0yv9zkew,loop-ust,15882435,15882000,435
terra1gukw2cz5vdrl9yqugxwfv8vjpymffy6sp4qd8y,lota-ust,369741515,369741000,515
terra18jcmysuqckhxljsufzcysz723svaxm70fqmce7,loop-loopr,3989724647,2997809000,991915647
terra13lhenxzg8gpmrt0rctkgje8hz78sv2pdzzlp0n,luna-aust,229634503,198457000,31177503
terra10amcnaghwfjx8jmmkfm9a2gj6ce20fx4qhtynd,loop-ust,2227437,2227000,437
terra1t6t2m75d6ej3jng2560aj95z4sqqt7cnna8wf7,spec-ust,6311713525,6311713000,525
terra1lel06xrhlarsj8czuccw6et9qrk0mgk9twa3j2,loopr-ust,4998858374,4998858000,374
terra1jup2whg9wd3kymycsmjek7vfy6kmerce3fpvud,loopr-ust,67968166,67968000,166
terra13quc2xph3k8f8skynnqlj8z9kvgprzglpm4wuu,loop-ust,8796775,8796000,775
terra1gxxudeehpl7dj5rwsue2rpdzqgvrkjwayfxr0u,stt-ust,16563970,16563000,970
terra1x9pscdctgqylg6g8epp7n8san52u3gftlq664r,loop-ust,53414960,53414000,960
terra1u8e8v0nst9qdr76dxweefuz854l6zm6yh9sp0l,loop-ust,220123965,220123000,965
terra1xxh64wt4t9t2xwsrryd7kxz546urwrnqa52dsm,loop-ust,25025135870,25025135000,870
terra1shjp7grrk8dpwpj23m6gwcgppcutku56lxec00,loop-ust,4643266,4600000,43266
terra1x760gazyvekyg9kyshufemdlmw949dv4yn7g6l,loop-ust,9216042,9216000,42
terra1sqf5rvehqm97ft8vvp95wj3y3cjn3vzdy6qlaw,loop-anc,39372782,39372000,782
terra1gkaymut0x0lmlz7t0m7nwxrkpd2gncu8q5sc6j,loop-ust,1922819,1922000,819
terra1sn4xzc9c4mjl38e9ledkzp09sl6snf53mzrnrq,mir-ust,405438971,405438000,971
terra1gpj90ne86wzyq80qrwq8pg37g2nnm3cjzzxm2c,loop-ust,8031859,8031000,859
terra1zev470vlwdfup3syyu7jn2r0dxkcd8f6q94te9,loop-ust,542259766,542259000,766
terra1jku4966n7z6f3w5rm8pf7z6f0u6u4t7wnm7d7q,loop-ust,16787158,16787000,158
terra1l46kx5nfyg5hrcxkvd6s94pvt99y4vg7r96cve,loopr-ust,245372572,245372000,572
terra1ettjtz5sqxs7srrq0cn3pxdc79h7mqfg0q3unu,loop-ust,87494202,87494000,202
terra1ywvpyr9xdj72edk7ulrzaddckypdyuhxurr7ek,loop-ust,107904735,107904000,735
terra1hnnfl6utegwt480y44j2s0rau242gz4x8akwv8,loop-ust,25367248,25367000,248
terra1w527f06l522hqjxgv5zffvqnm0uz52wjdagvv2,loop-ust,4597163,4597000,163
terra1mv2sv2uvhaxxwqvqmz9ka7zwzn84rmn7n9jmac,loop-ust,28516551,28516000,551
terra1vacky2577f0fkg3dzj606vexl7x4lh2ymhkx6l,loop-ust,69861824,69861000,824
terra1dlnfhyw6vweyqn3d58fgcwdly6x45e4kkud5c5,loop-loopr,95919628,95919000,628
terra13dul5rdhtmchdz5jxa6lxzzkak6f6neqj05prd,loop-ust,4438288,2099000,2339288
terra1kut2vh6t2afxwxkw0458rrzjfjsw0z2dwzg9qu,loop-lota,19365802,19365000,802
terra17ruvtyurpdt0qqcn47qduhlnp0uf6ln38u2kll,luna-aust,85999784,85999000,784
terra1qgrv9g0c5wuhcxck983t7jczn4349qprqd5lje,loop-ust,14600659,14600000,659
terra1dnrug6gjp3mwstdu2e0lqp9rxlgtlvxvqq3f2u,loop-ust,8696965,8696000,965
terra1450agxa7hwa07cl4kdhvqk0juzjfxlnmeg4trk,loop-ust,346085556,346085000,556
terra1s0xk5m95ldmsqnyq6qh2h0nlyqtkwzu45y55x5,loop-ust,3754621419,3754621000,419
terra163z8gu3cu6kwam69qr3ed82p00rqtn2mx5t7ny,loop-ust,110786552,110786000,552
terra1s7wf2mhqv7694v9ydntyvcceu070n7ajkvsads,loop-ust,1594568,1594000,568
terra1yka0z76apmu8aq74eknqjqeut92j4dngn95yxm,mir-ust,1061773205,1061773000,205
terra1akzwpzu2e970srktcl4wyx3zghzpkmvtqhc6fa,loop-ust,20492894,20492000,894
terra164pq2jd3949p07mf7hqmy3wja8k7xmdc4aj8n7,loop-ust,95425318,95425000,318
terra1zjfggdypemxvq7t5wy0edum9p98us5gfhtp86r,loop-ust,92403304,92403000,304
terra16j6tgk8067stx038qem6enyvfr04g3u0xxp26t,mir-ust,38882865,38882000,865
terra170srs8a2hccj9elq56ev896xt0zzqcddpxxjg2,loop-loopr,80181137678,20045284000,60135853678
terra132nwa7q7vxmn9d8eefjf2cy995fs8ptnqd8hyq,mir-ust,1126175,1126000,175
terra1fp3myfakxp54su3kutsr2hm5hc0e4tr82zhmyv,bluna-luna,1996248,1996000,248
terra15fd6hu4xhyyfkjk3r34622rqh7gfhfauhce0wg,dph-ust,2244011904,2244011000,904
terra10puch4xawtzqgvja36zxlve8qukfrlkkm8vkxj,loop-ust,22701297,22701000,297
terra18hksalv4qkr8ehncyj7vvcausg8mv3ssarsrw5,loop-ust,52465017,52465000,17
terra1pgkq40jl95npr5h70vfur8cchsf2wgw72e4j7u,loopr-ust,625386987,625386000,987
terra109mjlzrgvtmllphfedm7v8wy7yvgr5e0zkukra,loopr-ust,41442728,41442000,728
terra1eqwlprlzxf560007x4tlqc7842e8205kv8e7xg,loopr-ust,59266609,59266000,609
terra1fzmgvk627exvmc3rpczexfc97vnr59q3vvwszy,loop-ust,981117,981000,117
terra1v3l8955qjhpvaep4ntyk5n3t5x60r59pdeqdfm,loopr-ust,301092770,301092000,770
terra1k29rv6gm9apks7mv64d8ed6g4agq26ks4f5mh6,mir-ust,59922779,59922000,779
terra1refc9rc2xxzpsd5r2rcklmzlq3dyqq6tdqnm9c,loop-ust,6653264,6653000,264
terra1ry2nxv8njru3jh5shkn637rhgn04dkpnejhkml,mine-ust,7292881,7292000,881
terra1jcfvehj8rjn3fmuc6avzq4c0hleg85hxp6f0w9,loop-loopr,1787956828,1787956000,828
terra1s7fa0yt57zncgv4yn2zk9czc5pcce52pfpyh3c,anc-ust,2163713,2163000,713
terra1cxmv65v2gpswfnag6hv0twxlnehahxsd0yevv8,loop-ust,32851932,32851000,932
terra1z4g0fzzxweedt46fcmdvcvws3chr7k2zpps99t,loop-loopr,1185495501,580778000,604717501
terra15yfuxx53yrc6n2uezkwu0f9ytk0n2ync56pd8j,loop-halo,1102413352,551206000,551207352
terra1tcrwj5cz79kd7axse378jtkxxceglvs94tqpj5,loop-ust,215568033,215568000,33
terra1x0t7hxk40n7tw6v2ut83h99skzek48sg9zv8nd,loop-mine,9952476654,9952476000,654
terra13ftjkad09mdxff40pnkp7nmcglmzkcx79nj9ee,twd-ust,18292806,18292000,806
terra1s2wcddd8jsa4nvse8hq3dffjd072znl9vzm20e,luna-ust,335021401,335021000,401
terra1mjjfm5y40eddjeclp3ucw9pc5wk5kf36mw8sdd,loop-ust,24424350,24424000,350
terra1vjvwjr092a2c46wq0shwxtzg9r9jnq7am2qs4m,luna-ust,1815479639,1815479000,639
terra1m5eaur6vmn4gafcgcexw0mxgsnqyvn9r9xwz2s,loop-ust,39241898,39241000,898
terra170e09edhu4gmyxxc799xjsexe25jjpj6zcdv0u,loop-mine,1853386650,978920000,874466650
terra1sqf5jtvx54tx4fr2lstqta4qlx6va2vvpezyte,mir-ust,4597340093,4597340000,93
terra1yh243hn8wyhh9kp3g263l798epgeqa8yvadkvt,loop-ust,9105404,5311000,3794404
terra1llt2gvj40waq4ph2f58lk0jmfchjw4jzue5s7h,loop-ust,1765616,1765000,616
terra1p9kuhadwu9hm98usjnkhj7nrm3yxha9euztfqs,loop-ust,9740286,9740000,286
terra1vu9sjkd4sw8d38hjcu7puafurcfm0kgarqtqym,anc-ust,4170794,4170000,794
terra14cqvgl5nnugzw5feczjde7ljza5dduqcdmm3yj,mine-ust,12167328,12167000,328
terra1j2nnfnkxk9d7jxz5d8halt2n3crnpslkktkkrr,loop-ust,193163458,193163000,458
terra1hftt75cflcxv32p09a5eqlw7yywa265fd7kyz6,bluna-luna,1996539,1996000,539
terra120s9ntguta2lszw9sgz9jcfasj05wgsaus0n60,loopr-ust,12067478,12067000,478
terra1u6360vhfrsusfatpkd3y3vlhp6hm8ce54rmqhl,loop-ust,9027426,9027000,426
terra1jvjftfswgnn37leu7zwkgnl7efkamhr20vuz5a,loop-ust,54841935,54841000,935
terra1ugherffqpk2sjduhglpa78xmmjg2vvlwyns4cw,mine-ust,201515344,201515000,344
terra1d8d4r428j4zgu7j9e60r70afctmzdjdjr97q24,bluna-luna,36435556,36435000,556
terra10tv6kn75xt063k8vy37vm7qeud6p70sgq5tcxq,loop-ust,434579034,434579000,34
terra1fg2mq7x9au84kxv823axrpc2nj55ppd33kk670,loop-ust,163811357,163811000,357
terra1dwld9rw50vjgkxpga2ha38ey2fxya07lw6rxm6,mir-ust,37942303,37942000,303
terra1f82k6vhrayr40jklre8pjqw002zeq5hww0u0ex,loop-ust,410289271,410289000,271
terra1dzqtx86sq3ddtk23m53vxf6tkkwlyp5slvssum,loop-loopr,35203738980,35203738000,980
terra1rjncy8eg2h4lnkssy9m3cyr8zququ3rt060en5,mir-ust,41099417,41099000,417
terra15xqc67n7dmtfr6xll78ev87yf6uw5hc9mvtk5q,mine-ust,1283682012,1283682000,12
terra1dyqjymav9pkek26l3mfh4uuf3kr7s9c7ds4ttk,loop-loopr,510180908,510180000,908
terra14qynwtnkzh39e0kg4umtxea0ksculew3y0n2xn,loop-ust,4467974,4467000,974
terra1tcr32yuyvvqq0upwd8wntyj6gv0062yexy0h6g,loop-ust,23309327,23309000,327
terra10f8r5czdrcfd7q8a9z8srf3zs4rmvkjguq3sxw,loop-anc,549660419,549660000,419
terra14dj3ryz6y5ylrxx8v6egfra3zary4anyweh0rj,loop-ust,205246807,205246000,807
terra1hhchj94dzn3yaxmvk4atd3rnfycly3cswwa4nu,loop-luna,13783573,13783000,573
terra16ql2tygdk4yec2shamf9qvd657fmnnqmndung7,aust-ust,2225428200,2225428000,200
terra1y0n5eadvy7gwd4dkk7m9k7wvqy46gc32rpckgw,aust-ust,22321310,22321000,310
terra1594swgzfhqa3npdapwy8fztsu0a9t3npj5rwrz,loop-ust,883545,883000,545
terra12gq62s3m4y9r3whrdcy5ltl9av5zl6a29eejkr,loop-ust,62842440,62842000,440
terra17sx6fhmvkgl33yrevn3cwh3d7ysu53rqaa7khm,loop-loopr,30692473217,30692473000,217
terra1zprx639l8nrlv2vdlqxlp2gf9rak7vlsuqnhg4,loop-ust,2403892,2403000,892
terra1znlw7teqlha8dku2v8t5trfrev8schds8le5wt,loop-ust,281489699,281489000,699
terra1ql5dprxywv3xexjr6ycj8dcqmkyvqnagh7mq7h,loop-ust,101719276,101719000,276
terra1s3hr7ayug5lr02lthhs644f5agd0wac72kqg6m,loop-ust,2197355,2197000,355
terra1qe7f6hg7k82nx7rs7v79dhl239ug20aqnk6a25,mir-ust,214178951,90000000,124178951
terra1n7l4ugz28n9xw3f973x7h39nhjssx0z2uv5qlt,loop-mine,344095360,344095000,360
terra1ljhyy88c7epkz33mpq6s5msze7ts0js5nqzt4p,loop-mir,64530915,64530000,915
terra1ydnvhywcgntep2rvuaqmkpaw2ysm9hjj44h8z9,aust-ust,367720778,367720000,778
terra1y5czlug5kqwr5c9zrugftyvjgk456tqe43a4se,loop-ust,112109007,112109000,7
terra1a7lcv5s2j45294tylzldcmd0r0gew0a6pmlezy,loop-ust,276002893,276002000,893
terra1nv7snprr7xxn6a0afhqlh4x05lnw5sxqgrl6w7,luna-ust,2468411,2468000,411
terra1geymktg2d4r8aws6mkhf9v6tl0p4kykhc0mn3f,loop-ust,487292420,487292000,420
terra1yx78n7w5xuh8xgyj793vehvxkjgejh7sgx4fyu,loop-ust,6050140571,6050140000,571
terra1e6r5k7hwzymwlp6fj9mztz0jvhfqvsp3mpcdkr,loop-loopr,114554128824,55057671000,59496457824
terra18lshgz2pvwrakja6q3yvm5pjdsq2ca9lnqtwrx,aust-ust,7892318874,7892318000,874
terra1h9sdfgnmj2v554nuqljdxkunh6nhjr27xyn76d,luna-aust,1497816264,1497816200,64
terra166sl2cla5nntrkys8gyset568x54xwxv5z7kkw,luna-ust,6891846,6891000,846
terra155jreja2aqrzcjy0cnu7s3q3k4c9grrztt38gd,luna-ust,3305647972,3305647000,972
terra12kcxk8g7wda3y0sae8r49jvf4kpemjr5aq22vh,loop-loopr,7466331724,7466331000,724
terra1a0ezcjtlwfpfk53z99zz99va3ld0ss8agjx8es,stt-ust,388437827,388437000,827
terra1zhjhuuu9zuptqyrjwc6vlspx8l9n5vq7rl9j6l,stt-ust,13098161457,13098161000,457
terra1c5ppmyr8fdspylexuhvlg4tnyt9wxzuu97sg5a,mine-ust,74629219944,74629219000,944
terra10kprcztvmwmmxyl6a7fsv47f326h2npezd0v9t,loop-mine,11472059448,11472059000,448
terra1axg7jkrznt22mpzx7lnvtxsy2xfenjxd8q0lwx,aust-ust,89993560,89993000,560
terra1ad6nhtv7mth8x0klud62hxwy7vawc0elwdu0r7,loop-ust,518333418,518333000,418
terra1w238grtpkg24h89g98wjmcvkawzgw9zdwamdlj,loop-ust,47496007,47496000,7
terra1p6mgdudaxg5aymhweh492yr4tvhgvsupcfmfnv,loopr-ust,53097813,53097000,813
terra1372adthn8snqy4xprlv8y0wp9axykqlaaxpzdr,loop-loopr,7987535675,4741173000,3246362675
terra1q2xszma8532t35w95rky7xmvpyltscf4w00tsy,loop-ust,123359751,123359000,751
terra16k6qu89z30metgefqjclje04flql24r6l62q4h,loop-ust,3639758,3639000,758
terra1p3fdh9j0q2ncywteeaaxmh5t8j6hw2h4mas5py,loop-loopr,701396375,701396000,375
terra192795ae5wnzsgmmykkee5w58dxdczzmyxjeczj,loop-ust,63643063,63643000,63
terra1h4fp39fuk9w4x5797wq9ll3pd4nm5rartzag89,loop-loopr,3301293438,1642616000,1658677438
terra19lpa94aac0lhf88jyvlewzgjew8rmx54dl6uhd,loop-ust,23978082,23978000,82
terra188kp6m7ftda4lh2yd5j5apsmxklpc36hkd7cwg,loop-ust,35234034,35234000,34
terra1pvluccu93fqp2esgs9e42znn2trfss3r69zdx7,loop-ust,53660158,53660000,158
terra1sywn4djzpecyn02hhcteef6f38gy742rz0ykt3,loop-ust,143015989,133000000,10015989
terra1a3cfr8ufl97hxuyjx2luend23zc669dusd850r,bluna-luna,767539845,301969000,465570845
terra14yd8dqkdc82d4h8y5nwskwp06rkzqhhrkn374f,loop-ust,10516957,10516000,957
terra1xk06gn9pd3kz6j3g6pqa7tkwyx8vtaz7xax429,loop-loopr,12674157105,12674157000,105
terra13x9jqud9vpxm3rfc33hgafhzncnnm76ykaczdq,loop-ust,914487857,914487000,857
terra1ejtyqhmrtcaxcrzwlmjp9q6cjsmm2xd9na88rt,spec-ust,36175138,36175000,138
terra12xwxxmhew4tpxq2ezcuqjjqfyuhdltjves0j5c,loop-loopr,109377707670,109377707000,670
terra1fsexa94vaa6e45k2499weajrknp8hfwgf2mjtl,loopr-ust,63061218,63061000,218
terra1ee4f76a978cwwpe3lcdvc4g60swa5q62nu8qn8,loop-ust,11110073,11110000,73
terra1hckhf08jdj23xzyem0n57hw52h678ylj5wq6k7,loop-mine,302506580,302506000,580
terra1xd9jsan4a7drhskg0hhuskwjl3l38dcg6na56x,loop-ust,5240544,5240000,544
terra1529g0j8y8rxtw4n2ehrnlfyfuhmdp2vm5glm7w,loop-ust,2754083,2754000,83
terra1gwj9wgfa5cf90qm62afuq7hdq9wktspfepg93u,bluna-luna,3109667,3109000,667
terra1yt5rd6d9l6xg9jfupxez2keckf77x7ffu237m6,loop-ust,16757334,16757000,334
terra13vjx2wa2err28cs0emyny45sx3v0gtpjvvfugc,luna-ust,11749021,11749000,21
terra16uxwpkugf4ennd5axfjygrxerz2mndm47sqnal,spec-ust,74371689,74371600,89
terra1w2twtwgq7lswg6y449fzduvsq3a4mycqp2a8pz,stt-ust,120420966,120420000,966
terra1fph5mgggjw8s9kyd8ahknjfryxf072mv2mfns3,bluna-luna,14684681,14684000,681
terra1lqcxnn64nj9w4r8fqdpnwlf6fq5eskwnsf6qat,loop-ust,5678241,5678000,241
terra1qmk3l4xfjcq6jhlufuwgna29a0lsgaknqy3gtt,loop-ust,10993322,10993000,322
terra1q08leph5ahg5vlm2v3zyf5xuj2kx22xse6fhy3,loop-ust,1716289,1716000,289
terra1824w20tuzgujpptn5xqe208q8e25xlu8f5vz9u,anc-ust,31532176,31532000,176
terra1ejyppezpgdwxfatk4qcpvt5yfs25sn30qgkjke,loop-ust,140062868,140062000,868
terra1v8lwwcdxy73cnlxp4j26wrj8vdh5t8hqw6d3tz,loop-anc,201925277,201925000,277
terra1gkjzjsepl50js0qzmyeeskj9u45zqen6vzfv27,loop-ust,50356429,50356000,429
terra1dyh999cuqjkhadpfhh878sar73mrzy65695309,alte-ust,307448344410,307448344000,410
terra1gxr5msgalwdklmd46c6ncd8p7rxc9rhlej3tjg,loop-loopr,2678779001,2678779000,1
terra1nkl3py3fp4q6dhve8hzvsk9nn8t84ecapyr9tc,loop-anc,203764747,203764000,747
terra1k42pc4kt0227atraaxtnwkzd83sjj550zt26m3,aust-ust,20669973358,20669973000,358
terra1qzh243tejmj0mcs975fkcx0lz4c47a5llarf2u,bluna-luna,7401783,7401000,783
terra10f8r5czdrcfd7q8a9z8srf3zs4rmvkjguq3sxw,loop-loopr,18007203773,5270839800,12736363973
terra1d43eemlhe827mgql2zxm3hr0fhudfqgdsrkn9v,loop-ust,107698101,107698000,101
terra1f066c33xjezdqkl3xk7xmzk9aut4psshz52qk8,loop-loopr,82766530,82766000,530
terra123tnc0kpwe9ahmk6xdtj6s9hf6yuaa0e39p590,loop-anc,17615670,17615000,670
terra1zlujjgxn6rcxkdwx5mc2vyygn9rc4pnh9al7hm,loop-loopr,789534841,789534000,841
terra10jhal9rpn42nmfttc90zt8g979hzh2rfp5jyku,mir-ust,417158913,417158000,913
terra1dcdsg8yjaxhhzcarqvfjt69gduv7k0cxnlznuy,bluna-luna,120096438,120096000,438
terra1v7qvkgakw3gx8x0quepsrz29k327v5detw4khd,alte-ust,98334696,98334000,696
terra1q82c092pa9l5w3zf67auy3xhnxngct7dc3wt2z,spec-ust,21191030,21191000,30
terra1a8yhqyys5fz5zpkef55y6pycwm6c5jxh96wc5l,loop-ust,8557817,8557000,817
terra1r3yms4cvta3j2543wn5n37dae4wy4sxyut59du,loop-ust,172582301,172582000,301
terra1zhcuh80e3znp2udy3geyq9glka4zt3z5d67ymt,loop-ust,41988220,41988000,220
terra1g66p9avpt45h35kxllx3ajsyhhhzlyxd2nm4aj,stt-ust,1689934510,1689934000,510
terra1ctwl9d0arkf7f38lrp6ag0kwsjredn7h4y2n4l,loopr-ust,13890877,13890000,877
terra1ztlsgtg6sclyyl0um8a4ummutc7hqu99k4u2u2,loop-ust,48887234,48887000,234
terra14dkjgn0ped7rr72fqdat2x5vh9ffp28kg9f3cu,loop-ust,267862348,267862000,348
terra1qgfwlyvl4c4ds7yhprt6zd2vpjva4e0dgf760f,loop-ust,52411610,52411000,610
terra1ac3wuk0g45tmv3dvjgr6rt0zy3l3my2xlxma0f,loop-ust,13920386,13920000,386
terra175kf39veww889ydt8yzk5eq96xsqsyspeujayk,loop-ust,34427767,34427000,767
terra1nkw0hz3lhuqrdq6pgyw25g802j24nve2g70t86,aust-ust,4462797652,4462797000,652
terra130s4tvju7enp986a6s0gl33lngknh3pewk6rlk,aust-ust,9545383355,7167663000,2377720355
terra1ypg77s7anewjwn2xl8a4svdnnh7ns8l2rr7p9h,dph-ust,15931686815,15931686000,815
terra1l8e2hzhrh0kym2xanrw6fmlgfs09zxvunw353z,loop-ust,178184999,178184000,999
terra1dm9jhces9au8a6qzr9r7fdmqawu7f20385m3ja,loop-ust,37434272,37434000,272
terra1n5stq2xyjxntqhzv5k4xkvetwl29vfvgvugvjd,loopr-ust,396678627,396678000,627
terra1lsezmhtmhrdln6l7z02xnp6pel67jzqf0fxmj4,loop-ust,5614430,5614000,430
terra18fpaekj26n8lpzf9zxtmawnx8tx5nj6v3t9kn3,loop-ust,5715766553,5715766000,553
terra1luv47lksjyjxqesxej6av75mvrwzvxj5xluz5x,loop-mir,199680209,199680000,209
terra1l5f9ngw87lwhm2a9hpjcj95knuv7eul23fhz42,loop-ust,3077835,3077000,835
terra1a3z8t553p7sl6nnjjn4q4aflkwcfchhf39j4wy,loop-ust,109403043,109403000,43
terra1cjzhnxwxtxgks9pyfqjnacewe6q6pza6rnewee,loop-ust,5506035,5506000,35
terra17m7wf3w6qehfjz4f6lz6arpjz8jnn4m4r2rkxa,loop-ust,63974399,63974000,399
terra1qrsf98ce0fwq6h3upxk59sl0l206w9kltdnfq9,anc-ust,18602008422,18602008000,422
terra1wp3t0k3rn4aerlay6z68dxpr8qveac0qjntm8e,loop-luna,5589141,5589000,141
terra17wdtd2maqggtzplnyanm2ewz2y7tvm0nrykwfs,bluna-luna,444369,444000,369
terra1l4gufd6hwqspvjqvqlh8v89v4waemm5jfruhqd,loop-ust,8746876,8746000,876
terra1jgyvn2z6vh0j3stsx5ac4dntsmyj7y97r6qrrt,loop-loopr,191407073,191407000,73
terra1us92clqs0yr3evtsyvq7cgvd7pvwm8qxcph88j,loop-luna,25195741,25195000,741
terra1cg6kk2vd038ux8kwtl4ucjdgtt06pkwhzu3ywd,loop-ust,15530706484,15530706000,484
terra1vm39tc3c47n4x2e4vpfxmygc60a82a7j2al08q,loop-ust,21147778,21147000,778
terra13wtuxkhfly9arrrdcsdkm8vt5n9rjmtc8fka98,loop-ust,402735876,402735000,876
terra1jv2r2zqdq3flcj5pjvn4zhrgztqdls89plze88,luna-ust,85879823,85879000,823
terra10yhe0gxaq97ccqmgteggfqr9cl3dgckjjg6n5y,loopr-ust,1900006227,627008000,1272998227
terra19u5fm6lx8xw88dwqp7mattrnqrdqdx7u0x6xq0,loop-loopr,88939146,88939000,146
terra102ez3yq9k96zh9xk9jssuun5prs2c9ekg5sp5q,loop-ust,619984077,619984000,77
terra18myvxghz5v7ucnvq2k0jx2lsypvwdt2lg0t37q,loop-ust,187720975,187720000,975
terra14h64rylmp97gwwj09hhhx9f88tf6r5w48k53sr,spec-ust,707330241,707330000,241
terra1zhjhuuu9zuptqyrjwc6vlspx8l9n5vq7rl9j6l,loop-mine,96860010205,96860010000,205
terra1cr6wue6ar7y9k650pyvpatyaygx68hge2m2lk8,loop-ust,637160,637000,160
terra1hx9smsfkqxl99lz8fmp093q2fsylrsdt8lurcg,loop-ust,295840342,295840000,342
terra1snrpcavtmqfcgzazvdrehnw5tmxsar0nsjjt2l,loop-ust,1058143721,1058143000,721
terra146smxctaxdahuvuzw8cuj85hum6jqecsff05hm,mine-ust,756179271,756179000,271
terra18jp22p32xy34lgngsvjweyvydxd82yhmkj4ca7,loop-ust,92586043,92586000,43
terra1a3y0kkpsyr8qje5ttv8k3ch2q6zwc0gyx9tapx,loop-ust,992617694,992617000,694
terra1c5ppmyr8fdspylexuhvlg4tnyt9wxzuu97sg5a,lota-ust,3726462848,3726462000,848
terra1e5yp2r0r9j3l7lc4xqytka6a8tqfnkdp0dzlpc,loop-ust,24686211,24686000,211
terra1e3fwpwpz3rta69p405fgq09dgycsp6jum3r4qk,loop-ust,20080463,20080000,463
terra13t6g3kgqjtuxqu9thn9wduplhcqnddxjn9uw0t,loop-loopr,799654998,799654000,998
terra1xyddm6sq3ttvwe6esm8e62ln6s79ga59pt4xaf,bluna-luna,2951397,2951000,397
terra1kvmd8e22tpersyhjxd5nnf2tvnf5jhge60vwd0,loop-ust,10594541,10594000,541
terra1m884g790q07jnmv3gfe533fff032sxf89gkhce,loop-ust,852384,852000,384
terra15k8d72ufev273dnk0x5wcxg3lljpwkzmjupz59,loop-loopr,237049695834,237049695000,834
terra18llrr9zlu3mwl9mj0un0lhh5jqx3upwzl8svd7,loop-ust,10491417,10491000,417
terra1czwvd8rrtq9pk5dvs403h3wwe8t7pfwln0mr09,lota-ust,11054311,11054000,311
terra1zn8ductltckchkykqjw0vh48cwewusuh6h6akx,loop-ust,15592140,15180000,412140
terra1l03wkgvlft2w3nwhhx943rdfayenqjsngd77wn,alte-ust,39790065,39790000,65
terra1qd7rg626am9tdswz6m3h6mnn5jpppwafu20y49,anc-ust,118998137,118998000,137
terra18dlpjzjsclvraksxw6atnu99nk4hnmjg8xw82f,loop-ust,251389841,251389000,841
terra12wca9tn6eqmevd5pmx498ns7lt6n6mh4juczz4,loop-ust,196675722,196675000,722
terra13vjx2wa2err28cs0emyny45sx3v0gtpjvvfugc,loop-mine,50437313,26513000,23924313
terra1xgf37ch4ghv3crflpjpgardardqphwt8sjfe2r,loop-ust,1237534958,1237534000,958
terra1g8rhh7mz03qdy78a9lf2d3ne6366hhxw8s4468,loop-ust,39440858,39440000,858
terra1yemf2zpx5kgu0udfp3tvd2uwztfv08utpjklsn,loopr-ust,54439573,54439000,573
terra1yxva60a4k3m6c0jaq25xx7p63e6jqsrzyfmrfg,loop-ust,9456506,9456000,506
terra1vwxaf7y6pqvrm4dnc8muf84886pk0k5cqrq0kt,loop-ust,9218887,9218000,887
terra1uvwgzlaka2j8z0arelmu6cwekm0gqnmdj65rwc,spec-ust,29691331,29691000,331
terra195mvw6tnt4rur4kvefl24jrqmewc4c4wdfqa5d,loop-lota,973508766,973508000,766
terra1ntrqsca5lnztmvn6qre76c8e59krdaq0laetgg,loop-ust,9176074,9176000,74
terra1z728u25eswchhxsd3kwepkpsjnn9ltg6a4jyq3,loop-loopr,662662776,662662000,776
terra1v7tmdwxztdn4a6j2a9c9m0a92gffgxpavd35sl,loop-ust,26487172,26487000,172
terra195nl7hmwy33qdl3zfww7nk5ad0pe4j00ka6x6j,luna-ust,1004747,1004000,747
terra1vcngnc5ghalruasn8jt5q9hxtcntc25w50znjc,loop-ust,2042524,2042000,524
terra1lnf7qytuqky84hz6tncde2jm7yqru60g77rln4,loopr-ust,23884503278,23884503000,278
terra1kxywe6k849wrnxahtv8h3r0xdewa8ses9sdflj,stt-ust,14929443,14929000,443
terra19jztmvyq9068tk5t70cl0gwhe24egjhtk6p2jy,loop-ust,21590337,21590000,337
terra1nvs88c45euqgzgsa8a4jvxspke03e85g44jceg,loop-ust,28464596,28464000,596
terra14k5lzselrtrr8chzhn68kxtnuy5ce2gf6kyzfw,loop-ust,9836922,9836000,922
terra1yxgt9eqfjjesyzmve5rq6933pd0j765cqakvzc,loop-ust,17425098,17425000,98
terra14vathc3czcd8cjsu8qauv5xyyt3r96k5f0n9sg,loop-ust,54491142,54491000,142
terra1wnm0m52n3ef3jtfjwghvqaqlq9alal3tlqp3rf,loop-ust,12768882,12768000,882
terra194eswcc0664fzsk2hk4yagclpz2x77qw6aqrf7,loop-ust,8568049,8568000,49
terra1hmg2eezpgts5rf6eja4rt9egakyecc0pfkz6pw,mir-ust,17445942,17445000,942
terra1ue5plka29sc83nhplqlrqnlwa4vyv2m7uxfua6,loop-ust,702311,702000,311
terra1uhea8ttagc0sgr2sjpd89n2q3faylqs8xw3uqe,loop-ust,14472622,14472000,622
terra1ddpqrelr2y897q838tgp2k97c5nrmly4vqpn5h,stt-ust,58643529,58643000,529
terra18xv4yhx0na5j2zdtl5evj4ae9m4ejzrh5v2p45,loop-ust,7572168,7572000,168
terra1llkgsmmma4lafxge6z27pm8gz7rg67lj6k7ln9,loop-loopr,2109391039,2109391000,39
terra1r0m7mf2829ftgrdrg9qpu4njg4ndjfytumaes8,luna-ust,20379935,20379000,935
terra1qs3cjtwyyur76jrc3x0sjzlzpwrck9jwt7wtrm,loop-ust,1878576,1878000,576
terra1ka8nsl3gn035z0t2kw8nddhhy6enccs53x6l5d,loopr-ust,62070608656,62070608000,656
terra1cr57p67sapa5j3adp6jlcqwweuyj6hamwpysvs,mine-ust,2406973111,2406973000,111
terra1n6rd6n2mesnssg9y33jjwp27mu9khnwnecsxxh,bluna-luna,2805560,800000,2005560
terra19ff6q2h69ndj3xjxm7t5ylnns2tcf6m3lpk3h2,loop-anc,223469242,223469000,242
terra14lwx5ad5yh7he2wd4vyevluww44j08h4c3u4rd,loop-ust,9465263,9465000,263
terra1dqy8lhs638g7tajurtxyv6a4wc2jrr2s6cmjxz,loop-loopr,80591113,80591000,113
terra1m659txkt2vt0gsfapr583qpkdmvy0sw5gh32an,loop-loopr,45487238709,33189102000,12298136709
terra1n9y03kej8jxmhnmk4n9lmtg32uppac7maflj96,loop-ust,186292679,186292000,679
terra1sc9wxvk4vdq74gsw3n0qyprwjaxzg38qzaqea7,loop-ust,5361706,5361000,706
terra1svnj6sfjt4jpqu4zyacjl68usm0g2zjny9s33t,loop-loopr,18336278219,18336278000,219
terra1z22s6rzvx8rj8deayspjv8pjn6v4wgdalu5nw8,stt-ust,1300374094,1300374000,94
terra1amk2vehg3dwcntga66dy9qvyz87d648slkv0tw,bluna-luna,24006198,24006100,98
terra1t2dt2znwu6ml9uq24umyalfh4emx343s68g92x,anc-ust,78429210,78429000,210
terra174g2mchny5qmrdqk3w3afzl2g7w7d3msxhas54,loop-loopr,20739114897,20739114000,897
terra1vyac9agtlcd9qjjdju9hkr3e6qpt2sm2cwrm7n,loop-ust,144305563,144305000,563
terra10xgv59n4e8sjqfpy6qutxtkymfd3ts6prm6c6z,loop-ust,189720461,189720000,461
terra1d96vr4fnpm8ygy95rla6cer2geyk3glxltsnzd,loop-ust,4663470,4663000,470
terra1ud38tcwhj3nv8zl5qxyfu36u039vhvfkvsnl9t,loop-ust,222000080,222000000,80
terra1vkvs09x6xcxhrttlew8qd8qyuxw3vvcupkklwm,loop-ust,1960600,1960000,600
terra149hpr0y7xw2ze3emqzh3yl0hpegljmfp3l0znr,loop-ust,1890551,1890000,551
terra15964nh5mp4njwvuxkan3hfv34t2e08436dle4g,anc-ust,18375741,18375000,741
terra17c9mczncwumqcxl0kmgxkmhamzsx50r8x5uv8c,loop-anc,9455576,9455000,576
terra1fzfkxdhuurfzs7rk59chfl3y3yndlmrsd6l498,loop-ust,301977136,301977000,136
terra1xd2qhd9ls7j9gj37ewwwffzrk9jfg5pcupztjx,mir-ust,109459231,109459000,231
terra1h9pqe959f43znn905munrrwakypwm4narhgrzm,loop-ust,4796770,4796000,770
terra1jnl320gtknwhy8h8hur867vyx4rdrlafn0g9xr,loop-ust,1120386940,1120386000,940
terra1fhyvwh6s6kpqzpvzd4dq9gkhdz7638phdh0vwm,twd-ust,403721559,403721000,559
terra18t3ylavfpjw7npxdjcrh3nu2auhjrr5jquzasf,anc-ust,345326687,172663000,172663687
terra1a357xzlhlmg9u00p40zz8pey57q3szp53w9pf0,loop-ust,139610303,139610000,303
terra1c07lrc8xnampdyttww927ftlw45w2qneuwgxs9,loopr-ust,274772417,274772000,417
terra1mnas7cxtluh3xjwsxyk9r7mwv29jhwa6afm33d,loop-ust,159673734,159578000,95734
terra1f44m6ylrufl3k0ge8txrzjxnmwg9dv4sw52ynt,aust-ust,425187755,425187000,755
terra17ymqa6httgkjdh9qq3llmdhrtgsmd3ykwd3mgu,loop-ust,9347368,9347000,368
terra1e84hqukx45hje6j49eusq90ngrxfan3k2ylstt,loop-ust,7601851021,7601851000,21
terra1yuvnp46lu6ndqjmgm3kpdhp23ueq30un692qpr,loop-ust,611828392,611828000,392
terra1m3y3xdv7vanjlmwlgen263m2gktkmdnrnqzkau,loop-ust,8468436,8468000,436
terra1xslqaxmf6qy23lpkxwpv5k3akajgfcsa4jq0vp,mir-ust,259734177,259734000,177
terra12g55sen7vvfwdtrlzpgrdtartmp643s6wzxetu,loop-aust,204072947,204072000,947
terra1w5jwv289krv72p0rkc7m90g2sddaf9z5jh7tm2,aust-ust,3146273874,900000000,2246273874
terra1s2sj69rkl0h0ur5wdqdgq24rtwjhekztcc0cyg,loop-loopr,4908583715,4908583000,715
terra1t7sk2p039d427kjd7r5ecdeyrca6v88x925mv8,loop-ust,238894868,131196000,107698868
terra1l4pzuvlrn4axre6fu3tk27hnvvj3kckxl4tsg3,loop-ust,1276293,1276000,293
terra1u2fxs622r2mdgdh2ldevrva3g72uuty6lruxs5,loop-ust,78844443,78844000,443
terra1e5u0u0jj0tc5rgyhmsumlhwqmspg2fhcce5ppw,loop-ust,161022119,161022000,119
terra1h4s2cqemma63rmheazdy2yq44q03m9pphpfj3m,loop-mine,9430630,9430000,630
terra1kva4uw5v0qjg4g4xh8c3krg9ur4z95ecy22gjs,luna-ust,62781097,62781000,97
terra1ldfzvvmse3vud2kefuul0asln05zcvlcuf4pjq,bluna-luna,856759024,139917000,716842024
terra1h3ts9p44zcq2y3x83w3wv5m5sycjvrahdu45p7,loop-ust,127886576,127886000,576
terra1z3sqgmw344f9zkng280gh6x8gz8y6qyw7f83ee,stt-ust,45548727,45548000,727
terra178jz3zmujjhc6zdrme9rn20z4p8vetkx46rk07,loop-ust,13236703,13236000,703
terra1qgfwlyvl4c4ds7yhprt6zd2vpjva4e0dgf760f,loopr-ust,101999697,101999000,697
terra14h4377du0jyh6aerkl7wadrdv63z3gtmyvjtfm,luna-ust,15570187,15570000,187
terra10gk76upgzgnttdjxdu2f9eggws8xpgas59mnhp,loop-mine,314089384,314089000,384
terra1r8nc4mqq4j6wpdgmatugdtz26nqqrx4n2qyy3x,aust-ust,7363522960,7363522000,960
terra12pf2ls6xahr4madnx698rd82rh72vmx9vg85lu,loop-ust,309719077,309719000,77
terra1ra5tgc54cxmqtv8y6tyhy5ckzzdzrn8900cgls,loop-ust,97008078,97008000,78
terra1ptzjkxp65hs0cyhsvtkm7tkcm0lgmmpsl8pxwn,loop-ust,184751597,184751000,597
terra1vmy7j7wx6c8k20a94lefqh63rew3s7uy7s4dkf,loop-luna,89678254,89678000,254
terra15rgaw50l433jrh6dj85u6kcms6lkr8zj73jhla,loop-ust,9518808,9518000,808
terra1uzdxvr4shr0v92fgcutm85ul90xvpj0pz86k0n,loop-loopr,485660592135,485660592000,135
terra1vlamlpw3hhnwlm09pxlgtyf6s8n6pl5neel4qj,loop-ust,1005144,1005000,144
terra100lhx3ty5xn4nk3el7kq6g9md8e52kx0uygxk4,loop-ust,66756779,66756000,779
terra1p92tjp452yjdg7y2ahhp29epjtkwuq2xr7m3tw,loop-ust,12986361,12986000,361
terra1z2pmvzqfvq3susjxve4evlkcwrrdylfjt270fn,loop-ust,2585435190,2585435000,190
terra1w2uhn0u6amprwse4ek2dghwgvgaur39rgv05d4,loop-luna,4991917996,2638427000,2353490996
terra1ncq2d2d095lkaptnws0prrduxj9w79x4y4mu4w,loop-ust,8106216,8106000,216
terra1x923p5wh5sqmv7lwgddcd5t7q43hksaf0u7gl9,loop-loopr,3497917672,3497917000,672
terra1796gs2upzvj426mm9dcfayk8ze74pr764kdjmd,loop-anc,36781757,36781000,757
terra1j8ku45c57jvxstjctruqp0gp5lah7dcxzd8vcs,stt-ust,16285292,16285000,292
terra1whun4c0ktgq3247lvesz8lu6xl34lypy5uea6j,loopr-ust,535170074,535170000,74
terra12jwxsv82t33j6yh99rn42p4ek9wtl87nu5ptdy,anc-ust,7672633086,7672633000,86
terra1w5sf2qnt8r8f2748j847gd4cjlr2qmhl45tz74,loop-ust,37486783,37486000,783
terra1p3qmlmjzl8ackdh5ez43g839wwdkpjj8p0jeqp,loop-ust,3618360,3618000,360
terra1nnzcv7sjgcwp53mhf2h7zhu6407vqecywnn9vf,stt-ust,163699138,163699000,138
terra1aaf7wnsx3sdczwvevg6nvhc9f7jja957ahms8q,loop-loopr,61384817,61384000,817
terra1uytr4rsenjpg9p8xfxyt48pvaevkjhjpxvwhxl,loop-ust,2633589,2633000,589
terra1qcza0yd07cnr80hrx90lxyq7y6sy9x9gkk5wne,loop-ust,49743996,49743000,996
terra1eagrctkw0f0kutee6mfwg7pwft8t5afy9kd8x7,mine-ust,4370094368,4370094000,368
terra1p47q7e3qup7hzeq9qzqaany9xuwpm8w4599x30,loop-loopr,2909510107,2909510000,107
terra1xjf0xqmuwy6r6psrvrfj5lzfff9mwzcmhehpqw,loop-loopr,203511750,87325000,116186750
terra1hgmrztg98fvhwp3m04eptulrg0mvkka822e9n9,loop-loopr,472251986782,472251986000,782
terra14lflxz0p9et7gakn55x092vj8mdp6njwewevcv,loop-ust,1747670523,1747670000,523
terra1c0mqwgyygkt9yrnxglthdrfst2lhv6haf5t7rz,mir-ust,15504161,15504000,161
terra1yp0u7cj8npkh4vd5zthty97m208tw2kf7qrx4j,loopr-ust,15854755,15854000,755
terra1d92rkzuushy3fkve2x3lljjffw4r82j9arqnxw,bluna-luna,30120837,30120000,837
terra1as52tsm6jkw3y0km4lczrp2pmd8jk8gsmu85ks,stt-ust,9953756,9953000,756
terra1wdwpzl28fdhfewe48kvw5w7yh28ws8mp2ygyrl,aust-ust,4616532626,4616532000,626
terra15g363c0wcr8h4m8eh2a4jjl8y2ltkswdyat92n,loop-ust,2358010,2358000,10
terra10tv6kn75xt063k8vy37vm7qeud6p70sgq5tcxq,mine-ust,5155528893,5155528000,893
terra13r36l8qqdkctk857m73ce57d94ftz8sa625wcy,mir-ust,78897204,78897000,204
terra1etwq0q8wwnmq7322kz4v6ff2dcvwfm634vdkqn,loop-loopr,25056494895435,24355487632000,701007263435
terra1yqawdmlxnzw6c5c5vul607hh5svz8yzvxwwn27,mir-ust,5599961,5599000,961
terra16c0am6hz4yjkvf2q45vcfy4sysfef530p3yav3,loop-ust,368925321,368925000,321
terra12ta2vx6m30gujc6mq8w34hgu03zre25scclrl7,loop-ust,139948242,139948000,242
terra1ezkt4hxzkjmzttct5rnft980v4arrc60yqy35u,loop-loopr,112564683,112564000,683
terra1hxftnyxxp0ne92fqcm4huasgx6aynrrwugxf5k,loop-luna,17041838,17041000,838
terra1ueau5ltcwpcam90f70u788lkd4w2s3ked0dxc0,anc-ust,1736797845,1736797000,845
terra1m2wtxy6rakfvgg0m3u3llyluuuttndtc5wlvsr,loop-ust,36350172,36350000,172
terra1wzqcy0rm8s0ja6c4k744xl2eysqnjmsxldvgtv,loop-ust,3819724,3819000,724
terra19ukzeuc77jnnl48cjhavju7yvcgpqdk9kn7860,loop-halo,15298103124,15298103000,124
terra18pn3xfthj2j2melkwrhakwtph2738mjf4ug27v,loop-lota,191392139,191392000,139
terra1rvhsv5n9r4lz000ttz2as2nrht6rkf6ey4yphz,loop-ust,240516061,240516000,61
terra1cau3hg5cz5u85uskm5mfcjps2k4cxvdcxz6ge7,loop-ust,23285250,23285000,250
terra1jf5qkt9mkh8e3m4zc0qj3nsv730fqlhdmeqygf,aust-ust,96515323,96515000,323
terra16dkc97lkqn6eharfll3yuxl3j24jcquzc4vklh,loop-ust,4289501,4289000,501
terra19xuhcnes7f5ujvsqqxth8k8lx0gr342mvj4xhf,loop-anc,191318058,191318000,58
terra1hzrhnvlfmdjecc70l6tf8crdddv57pl7fsgr5d,aust-ust,909750648,909750000,648
terra1vm8xtzlkx4tkywt2zm9pd8aw8nw0trw7we0yny,loop-ust,1886819,1886000,819
terra1mwjcm0su6cxcwyjcamf9cw7n78z3650u9quwkr,loop-ust,6774315,6774000,315
terra18dtn3mcsxx4zxvf7vc5vauump5mm2c58xru4ew,loop-ust,260291039,260291000,39
terra1ks6v4t2xgdzwtfu5jahfk5z0xjcazxdlq3havw,loop-ust,63389236,63389000,236
terra1h0u9n7r5mseddmlehppeuj4xaa6jsklakyv7s0,loop-mine,2003653559,2003653000,559
terra1u3prputlxv54yw9u45qh5khw4gkz9ykmt9s5vf,loop-mir,1390632892,1390632000,892
terra1gj39eah60h39888g5058le6vzzw3ygk3fz6rlt,loop-ust,338132710,310854000,27278710
terra15txu0gv4lgfgfclcc8m2yj5xfnvum6y8qjjgwe,loop-ust,10214672,10214000,672
terra1p77j4p5fzxrkzw5xrvdw9720pvakcswy074zmd,loop-loopr,146266637629,146266637000,629
terra1sxmac0jw9sdl6kr3paswftyph8v6hec55gp9qn,bluna-luna,1005434,1005000,434
terra1vsvn8wycurdn7pmkg7xewx8jrct08dquu7x6qj,loop-ust,267705806,267705000,806
terra1r4he2ynwtkhm83aqc7lej0s2mtuy392960dthn,stt-ust,15427881,15427000,881
terra1j7cdhe0fs3rjr7lgl9g66jscnjsgdaw833hmrx,anc-ust,25857811,25857000,811
terra1du42hp7vlyr6f8qn56l8jsx688qyaaq9et3062,loop-ust,563779158,563779000,158
terra1wp3t0k3rn4aerlay6z68dxpr8qveac0qjntm8e,loopr-ust,7080092131,5422555000,1657537131
terra1ltvtphzmqkhuurc09n4s0a4teaujkyyfeyz60j,loop-ust,95515221,95515000,221
terra10qgf63ne7s45gr8jjrgvyfu7vx5nmxp4a49gp2,anc-ust,194878446,194878000,446
terra1l03flfp2hxrhs0wk3j4z48gktq9e7fds3rp5ku,loop-ust,1415453174,1415453000,174
terra1tmqjka9d8pr0gpeu9xwphmf2uc98l0um4ukapp,loop-ust,5888071,5888000,71
terra1cex8ad77czq5heztuphdf3ucuqkta2v2tllzup,loop-loopr,17089494645,192514000,16896980645
terra1ay3gl5rmftydzx6jfne59t04qjfvct9whet4gm,loop-ust,94540960,94540000,960
terra14s4seej9lekd5gn3d6atszgqmkz23npw53vrfy,loop-ust,398756507,398756000,507
terra1rlepe77jvpssz8wrtvcqfsc97wzdph49u6mjj3,mine-ust,41061371,41000000,61371
terra1d5mlhvut57yxtg2y3x5l7s5s8x5z4w5rxmwn84,loop-ust,436748422,436748000,422
terra1hlrktpdvn0kuj29ldyykkuz75d5vatlskns5e9,loop-ust,24635725,24635000,725
terra1ddep6ml335l5mhzzseap2f3wlkzcsxy5p95r5d,loop-ust,2740260,2740000,260
terra14cwd53k9epprzd3qqt5g659y9fct4q8y942qg3,loop-loopr,670586367,670586000,367
terra1ua9en3zfzaxrxq29cardr3v8nrutdztym9ccqq,loop-ust,433988565,433988000,565
terra15hp2uxv55r0k60wpn2kyx08eu70h7aqj3c2g7f,luna-ust,51227953,51227000,953
terra18h5vpwk2c6xg4cjhlrgqjz8utnu3xzy94hyen5,loop-ust,1078752322,1078752000,322
terra1m07nhxys9pz5fmmgsd5x2q4l9zrerxnm0dmn0g,loop-ust,60907756,60907000,756
terra1zzqm94t0qerfc9l8vst7pvdvul60pvy4nvu8md,loop-ust,10384389,10384000,389
terra1nwudag2rtyj9y5j3tydl0yhfyczjy77aq8pc5h,spec-ust,48320467,48320000,467
terra1m4c9fmkq569q5du22fuasn9ygpr8ggglyjhsxx,loop-ust,31367600,31367000,600
terra1jkmuexwqsvp4n368756hs9pwve5776l2f8a3vr,mine-ust,864960162,864960000,162
terra1p0pph9phc7uxmjzlxft5z4zljw5l2rjnh8lyra,aust-ust,241012888,241012000,888
terra109dc4za59kqhd37euayeuuall80n9wlyy0ut2n,loopr-ust,23850665,23850000,665
terra1dmltsdxah5tzkwvcll2mq0e3ns67k7mqy6vsdr,loop-ust,96641041,96641000,41
terra1dg8vq7qm5tt9t95wu2r6pcdg8r66h2rym4u22p,loop-ust,20167995,20167000,995
terra1s7q2ftz7ne58tsh7f43ke2d0gczdz6cgdqzc5t,loop-ust,137416429,137416000,429
terra1mgughs5de2m70kmppf4wg4ata5qqts955l6s9m,loop-ust,8805415,8805000,415
terra1mzmgjjzc0jenwkwgfptl72xtnmqahq05qlt64q,bluna-luna,56841299,56841000,299
terra1w54wkd5kgw2swwt4djxy59mqwetk7mjxcrtlze,loop-ust,6977651,6977000,651
terra1tqq0gx4jj96nsewenwhngw7cgw63z5f2gvmsgs,loop-ust,13716858,13716000,858
terra1dgak5630smuxdjnpndwjjrzsu5x4k8rtganynf,loop-ust,82293902,82283000,10902
terra1x2sgdnwyjqw6dtsh247l86dc53vrwtkk0esgyq,loop-ust,47456672,47456000,672
terra1aetw93ee2pr48jntejzrgjv3ghzxldk3vlpdjq,dph-ust,50748180,50748000,180
terra1tk280apkxu7dryjqjxjxn49n3h56uwzlv464f4,dph-ust,650212674,650212000,674
terra1nq8rqhlreyjksupwmlj94efjfx8ped03qpgu9e,alte-ust,1659545573,1659545000,573
terra1czwvd8rrtq9pk5dvs403h3wwe8t7pfwln0mr09,stt-ust,31292962,31292000,962
terra1hy5wegs0htgcc0pg6zppf2kfuhpa5h4hmftcr9,loop-mir,31492074362,31492074000,362
terra1lqqn2k2jqlft27eswpj4qt5rxxlunlta04j077,loop-ust,796294580,796294000,580
terra1e7rmkjgpnn7a59npr2t3jzfxs34fnphrzrzca0,loop-mir,161485844,161485000,844
terra1dkhwjzwt7c00gcmggpf6682s28zvus96jccdas,loop-halo,19361322688,19361322000,688
terra1z2dud2wpfzd3nsv2jsgwuszxcr23j0wz3jksjc,stt-ust,4990020,4990000,20
terra17tmk4mtsc9jx6ffqzh7wv5x3r9u4parex3p7a5,loop-ust,1914362,1914000,362
terra1qz7l5hvyys8k9uhs4npurukpz9y0ecuydsdec7,mine-ust,789988036,789988000,36
terra1zlszngg35xmhzyjlzj8je52h3jdf6axstjptyl,mir-ust,74062505,74062000,505
terra1qnh29el3gwp7hada085pyyjuvxfjnzuhknwtam,bluna-luna,40066201,40066000,201
terra1zdzya5yg72kk9pl4q0kta8uc987mf7gzvmgz37,loop-ust,10249009,10249000,9
terra109j3nv7gm738ruefsgme68ptp507sga7q8zu6g,loop-ust,124038065,124038000,65
terra12jppx3d3mfgkw9sjfv6avlvtazy75qrfsk3hcn,anc-ust,38909505,38909000,505
terra1t44s70h8w53z7mpedkwa3ada66m4jpwlqk5ga5,alte-ust,17783707664,17783707000,664
terra1hujxda0kx4j8xz59p999m8n56drgyakcl7927t,loop-ust,25793527,25793000,527
terra15smqghaau5r7hd7tc82vgsmwk7as90exlvqqa9,loop-ust,469314024,469314000,24
terra1ap2shjm9dh6zyg8ml8tnfdjvptmxjsladv2gwv,loop-ust,7297143,7297000,143
terra1f3h97l504sm4eqyfdrxmw3qvpgw4rxw6h02rwv,loop-loopr,10875596004,10875596000,4
terra1kjsqvqr2h0ra5ukdjq3c0540y995cx59lum5u6,loop-ust,7955405,7955000,405
terra1m8xjggs9etx2j2s03kwhk72e2txfm9edclxfml,loop-loopr,3245189667,3245189000,667
terra1gp07lh5hr6zclchfqk6nt8rfn3uf6u370p0j23,loop-ust,85698917,85698000,917
terra16ne9xg6k8skvp259ezl30nctj3z8zjfd6y7dzt,bluna-luna,13464614,13464000,614
terra104y76pa2makag4x28rvh50umqd55lvnpx279xm,loopr-ust,315486656,315486000,656
terra1q6dcsnznx6c6ysg59v9n90kaplrv2zetl7dy7s,luna-ust,186031118,186031000,118
terra1vnvpetucvvxdg9m72v5nkwl2kvekw3zjyh5jey,mir-ust,48449612,48449000,612
terra1kljy3amj68sm3u7tu3c6l28h309nwnznkuxyf6,loop-ust,4995148,4995000,148
terra1hn0epnenzm37fzyxhx702vlnj854h87eyayvgu,loop-ust,87849120,87849000,120
terra1kznyy6tta8ju607m9k464me4pyps6wc8emjak9,loop-mine,5429716115,5429716000,115
terra1k86y2pedv6hzhtr5d7pgy7frsc27n5quc6tqyq,loop-ust,487766629,487700000,66629
terra126pzsnvyfms9jly5cgdj9vyj8mr0rd636aqz7n,luna-ust,6389940,6389000,940
terra1vlgdag75yenml9m7r4z9l9nqnvpnx3j3dk7cad,loop-ust,44086405,44086000,405
terra1qs6ray8hvc3aau47qgeskkgmacuh446y0vcfcv,loop-ust,7114742,7114000,742
terra1ytd2k4s4gc6xn8uymcqjcykhnqp0jq6x0j8k4g,bluna-luna,998878,998000,878
terra1zjkk5rzvdvpevt8ldhvq4l663sx9zphurgqqs6,loop-ust,191000058,191000000,58
terra1l0238rhy78sdpd6s2wmc7vg8uj383qvch4ryxg,loop-ust,21652536,21652000,536
terra17lhq5z2dqykntc62rx6slrskxtvs7lk7sfpl39,loop-ust,4473240,4473000,240
terra15jkqrc6yujngc893eaz0p62gn3n4wsxjkws77e,loop-ust,30532421,30532000,421
terra1j3w0pwct4auqvqz85jgk6fy04ez6gr2qrkgz30,aust-ust,4301767720,4301767000,720
terra1vhcfgv7hhrl53eamr02v69mge0vpzv6v4q2dqx,aust-ust,447585628,447585000,628
terra1atvjz0czwww83ftsv63ep3fhrudhlcvjfef4ll,loop-ust,2828450,2828000,450
terra1klxazgs7kmvsu8l0qzqzh9fhpfcqh9u34fmaqx,loop-mine,381388854,94002000,287386854
terra170r7v7tcmc408lz95fxgx28z65dt9e8v8deta8,loop-ust,10089859,10089000,859
terra1krd5nu6x3qvz2ce8s4xa7nllgr970ln9upf24z,luna-ust,544920654,363126000,181794654
terra1vghahnqdgzzexqeltewzyr0jpt580al40gm6sc,loop-ust,1882548,1882000,548
terra133vhzpfgx8r5mvq80jnlhz72wep2ejafzkxwat,stt-ust,18861856,18861000,856
terra1tlghnrajx364lmdcrqhxkpjp6605q6m59rkav5,mine-ust,61616065,61616000,65
terra1k7xyhq35cyxavzy703x5k88ptn208v2tgpc3vz,loop-loopr,130047701569,80183089000,49864612569
terra12ksldgkw455veemcvn0mm4g4ejuz65u4uyldtv,loop-anc,27159528,27159000,528
terra1prk0usgwc5s7ylagd8kld9mwy54lyjg9vpv47v,loop-ust,2898428,1518000,1380428
terra1za4nrr7sgw6y5lv0mklpmmz7l9zlzuekgar8qm,loop-ust,2143573,2143000,573
terra1q3zllgrtnyszt6s729plmvjmr3llfd7aqrz3uv,loop-loopr,146569588,146569000,588
terra10w49w9uysms7jm32w4jvxxklwrn29vm6f2kg8m,loop-ust,321111159,321111000,159
terra1zmld38gefr8g66nc399q949wlvypecdr0v7jp6,loop-ust,14479576,14479000,576
terra1uxnjp4u98ztqyqfk24hyfeaq4lh87kpe0azk2p,loop-ust,549318088,549318000,88
terra1dr2z7ds93rctlaxaz8jmxjdy3pugrp5k5a94ls,loop-ust,476458949,476458000,949
terra1el42vpfnc45mj22lkcp58gs8fj3mvuyx868e3n,loop-ust,34412857,34412000,857
terra1jm43hye4wpjuawvmuu2m2acdhxkqq79y0sy9kc,loop-ust,958014823,958014000,823
terra1gghp4pmqv22r0fjlracnuxz69qe5yaeujuytp6,loop-ust,1203453722,1203453000,722
terra1uqsv78jsz22y23yv6wysemvfey0g6r2ydpdhk2,loop-ust,16699908,16699000,908
terra1t5fvzdkv3jve5s3ueh9usd30xmsd7jca6ewlls,lota-ust,45930956,45930000,956
terra1s2wcddd8jsa4nvse8hq3dffjd072znl9vzm20e,aust-ust,2241649988,2241649000,988
terra14ldtrmmkgnlepqqtn56sutsg9mkj8cxptkl4n3,loop-ust,82474362,82474000,362
terra1hcn9dhrscl7c3sf2fet4s9ec7e6hen827q6sv5,aust-ust,448553849,448553000,849
terra1srgjarm2r8vu58rkw705an7n3yzew8lugz3k94,loop-loopr,47518739,47518000,739
terra14jf6kvgctuqwesw5zhu9wtmtnnuwzy3ahkn6mr,loop-ust,8281744,8281000,744
terra150v4wusx8pl4k6k43vymrq2fcxfug8sttqzqqr,loop-ust,4961848,4961000,848
terra1gzfkffsr6qjudzzuedlgqjggphvks44gxl97ww,loop-ust,24310297,24310000,297
terra1rtwlajewwvc2yp6zagdqlu9twgr43qjl6kxztz,loop-ust,56705304,56705000,304
terra12fddjwg5f06mcaqjlpevg2ddxm3g9mnlcauw5c,loop-anc,624868221,624868000,221
terra1vvehxagdl9tkn4qyh75n8m96rgjsrd00jy6nvf,loopr-ust,138455484,100000000,38455484
terra1mx34tupghjkffd3pnsu5lpeu3ut2k5p4hyw69l,loop-loopr,193311490,193311000,490
terra130znx0awxt5mmjvd59qh580a8df6drktc8xypt,loop-mir,154198887,154198000,887
terra164tlxyl72p7wy29mqung5s8d0zfeum3tx8ar9l,loop-ust,19237370,19237000,370
terra123hr5lh82xwm9tud07wuj8vg6er0e0tf2hj6kh,loop-ust,3087438,3087000,438
terra13jj2gkc4wsuv2clggqtn50aclhd2hm3r9f9g0d,loop-ust,2597207,2597000,207
terra1vrkf2q5wdzysjd9yudluy64tq8sh78s9x6az5v,loop-ust,15039104,15039000,104
terra1zpgvf0s5apt62jq4ysljq9spfv8vxyc6kgv88u,loop-ust,223300665,223300000,665
terra1ljhyy88c7epkz33mpq6s5msze7ts0js5nqzt4p,loop-ust,147713570,147713000,570
terra1zlszngg35xmhzyjlzj8je52h3jdf6axstjptyl,anc-ust,2322018611,2322018000,611
terra17w6qn5hvd92kxe2zmtn74s6626mp4ek7dncwgh,loop-ust,17761434,17761000,434
terra1a9528q7a5yd9fgtfz0qex20pdndjtdf43qn4jr,luna-aust,1727241513,1727241000,513
terra188lx8naxs9h7n2ql3mu9ppdy36f38angyx98gz,loop-mir,2225270679,639062000,1586208679
terra16cmcrap4c2j2d9j9h7609nma9ahxzeln6qnvzf,anc-ust,2380596957,2380596000,957
terra1dhlpclnwqz5ams4rpqh4xvcqgdxgw24ktcj5ve,loop-ust,10513990,10513000,990
terra1k9wk9xr9n0l3klamt8gt6hyttq0frczsj45555,loop-ust,13112298,13112000,298
terra10m46wakckuvs00m24qezy80hxt2xm27agv54sc,loop-anc,40125711,40125000,711
terra1l6nwemu5lz9hl9nsnthyt0ptqyddj0vkt0l77f,loop-ust,195262867,195262000,867
terra1tcckkl9rdue6ccdf99c730h9lgr56wpfgl8hg4,lota-ust,4890592,4890000,592
terra1w5yyp0nwkl3xajxawlsdx3u8j7sfe6gmehrdkg,anc-ust,10349253544,10349253000,544
terra1frlkvxxa76txt4z027pwufrskv5dvnzhly554n,dph-ust,385755429,385755000,429
terra1zjtjpfqmmz322tz74hm5ncw33da3wv9uagu4y0,loop-loopr,7886591559,7886591000,559
terra1qv8g3hh0g7mrkte740fxk50lsxpcfct859tlam,mine-ust,175851019,175851000,19
terra17lrjrktf2rdj9mqe846n8sgxj4wxc8tv6c5cjh,loopr-ust,6353360468,6353360000,468
terra1nd7f8sqarc2sd4ezdrt7l0jw0hmjmgzuwfztp3,loop-ust,1905455,1905000,455
terra18f45xj7s5afr0cjs0mcrgcegtpches23g0ppys,bluna-luna,3726215117,3726215000,117
terra18h3a33qcvjpmy3zuym7m00y0rxn7wvcutkmvmt,bluna-luna,2015264,2015000,264
terra18vcce5vky0vpwkeq8zq2jj0krccdnpmfzk84lt,loop-loopr,8721111554,8721111000,554
terra1fd5r63nr06a5eun9c4hgapuhwh6qysut8umwy0,loop-ust,36666857,36666000,857
terra1mc546xw4t93pq0q3urxfqju37wwawws7r0hxge,loop-ust,7263965,7263000,965
terra1pn60rrk4r3ktgwqfcpy979z96h33f7gqucv6xy,loop-ust,13893600,13893000,600
terra1j566uyxf0afkdljyngkhtn5umwav6707te4zev,luna-aust,912946153,341419000,571527153
terra1h3tykxwhrtzl9vm0c0gyrmfyd0ql68d9ddnh0d,loop-ust,16282804,16282000,804
terra1hm7djqgsm957y0zgn6kp7wtf5addgvujwj8m67,bluna-luna,29883800,29883000,800
terra1kg0qy2kz88nwh2ev5cx4mt2mvqyljrxe5vvks9,loop-mir,783237,783000,237
terra109qwwh780rw3ereu3rzr6k2v4dxgcp5346er78,bluna-luna,175594141,175594000,141
terra19t5kmq3stpn8kctn7r8r262hpn02tre3u6x44k,loop-ust,371469955,371469000,955
terra1dy8sa4jvw55lt979c2fkwe6vczes7g2wdpug9u,loop-loopr,26669617237,5548168000,21121449237
terra1kuv74w0jmlu4qu2tfdnzt04s5qxdw2625seslm,loopr-ust,17421233363,17421233000,363
terra1m0q0fzxz7tgr8f4uuz5eantdk9juxp3qdnx03g,loop-loopr,161562470,161562000,470
terra17whvwdghfzexk0wzhufmhhf89lrjzcyj3fzru6,anc-aust,23881990,23881000,990
terra1l8lqtn6696g3yndt5r97hdsx5qkwk0fnnpw8nc,loop-ust,30072796,30072000,796
terra1237a8r7qs8ewqwwyycn59tdq9zz2r0s3rlr5r7,dph-ust,1074673010,611892000,462781010
terra16mnsdnl65cxvvhvtltlc7rarm6r2wndp0fkgnw,loop-ust,82656036,82656000,36
terra1449ua3nqtq73a3z3qeyhm2wxy5q703np27n8pd,loop-ust,48845986,48845000,986
terra19x9jmrxenw5nqwvr0009fuapxrgflecpdqxdrc,loop-ust,16874856,16874000,856
terra1zne25ayyhj2mng29y8mjpr6mxu77j4szvu2kfv,mine-ust,398141443,398141000,443
terra19kpj7twpc96kgghgrqw3u2x8en6s8q7ngr3ty6,loop-ust,102076161,102076000,161
terra1gxr5msgalwdklmd46c6ncd8p7rxc9rhlej3tjg,lota-ust,1578781,1578000,781
terra1jkq5e3pkw5efrnpavefe2mms5s0qu0e6nf4r5w,loop-ust,57351598,57351000,598
terra15yzlaz8sf6c80lv0za8lsgmfzt24hr292zrr34,aust-ust,91303684,91303000,684
terra1nvqyw570lf53wl7m4dkj2yth4tywe0c0620sv7,loop-ust,290108609,290108000,609
terra13f6aeqhmtrmeflnkwaqyq3hgvp3yp0p5uf6u9y,loop-loopr,28645319920,22053491000,6591828920
terra1l2nnyq5skkkryj2h4r7dadwzsynq72um5gw6qg,lota-ust,19669290,19669000,290
terra1yywhdh257pzxd4egkfrnsp0rcl67gzahhy0nt7,loop-ust,528558532,528558000,532
terra1ne6dsyn48vajnukxq06zkuzjsc35j5ngcrhayl,bluna-luna,2016850,2016000,850
terra177943g9828alwqxayghj3vvwvqxpng7zf7tasj,loop-mir,28912422,28912000,422
terra1hg2lcthn7yzs6hu38prghgk420s883uctluya8,loop-ust,1113769299,1113769000,299
terra1qym4ec66ted2egg2g3gqg0my5st2akfmjwevnq,loop-ust,46961709,46961000,709
terra1a53lcrunnvna337pdppayxthxhe49taulpfa0q,loop-ust,16661074,16661000,74
terra1huyjr53rqja7sfcpqt7vzekk2czdnsp68jpp2c,luna-ust,16920698,16920000,698
terra1n7dalje8gsz0vvlp7k00glknll8zm90wffvnpz,loop-ust,9678988,9678000,988
terra1zsm0y87gz8r25rkem23jwcxwxuk4ke28j4m66l,loop-ust,22394002,22394000,2
terra1ty985x95y7ems753xqk4uhnzta46kh4t7nnj3j,loop-ust,5569954,5569000,954
terra1lsuswjrprac9mk8uspjhy8w7ffezh3573xgl5j,loop-anc,1274007928,1274007000,928
terra1hhucnupdx60atz2u4v0mwarypkjln95k00trsu,loop-ust,33810104,33810000,104
terra1nm02hjsn8t0cfl5hentcast6nuygyltsgahk6y,bluna-luna,696361,696300,61
terra19sd7cuu552tpyu4chsg6nvxgr0g9h6aftr9a6a,loop-ust,17737302,17737000,302
terra1eflnq4j7ltmm8gpwnwn076wzrn0y3p3jdezdqf,loop-ust,8083783,8083000,783
terra1xjna6dndycqrgvld2scpkc6gr2dcze0qvdww7x,loop-ust,12280430,12280000,430
terra1kuv74w0jmlu4qu2tfdnzt04s5qxdw2625seslm,loop-ust,8806091176,8806091000,176
terra1jchdd303pz429ytve53wvcazqkdrvz7an5q9dr,loop-anc,149677043,149677000,43
terra1srrr859cgtktj9nns4pl00gqym6cyt5269eza2,loop-loopr,83353408,83353000,408
terra1w30a062sah99csf6etdnr5zlqrha42jamrzzqy,loop-ust,4347404,4347000,404
terra13fzd5l4na9mw7y4xkg0au2332uqrqvz2s44fct,loop-ust,149242895,149242000,895
terra1s4fzl98vmhlauhda2rkl2wkagcmxmxka3g8kk7,loop-ust,39466934,39466000,934
terra1slamk6xx26y96p2zhxdszuvg48vd4es89wz6tk,loop-ust,22753450,22753000,450
terra1a3qemyxf2vmjyav46ljfzwzqdg3atel0euq590,loop-ust,4575467,4575000,467
terra1advsvqnje077rkmc5fez0vp3jzy2fzsgmspe2a,loop-ust,2147972,2147000,972
terra10cakat755cjhv647hqx5dx5r5xq8h5lhd4vlfk,loop-ust,309095677,309095000,677
terra1k7s5mcu8aejh26ttd6r45vg2pkypph6jqntprm,loop-ust,26676788,26676000,788
terra167w6x30fywvcqdw3t2egr2pueley97ntt8fepd,bluna-luna,50226870,50226000,870
terra1dke3w6dv35rwnrrrmdala47qv9dugytr44cest,bluna-luna,603398154,301699000,301699154
terra1xr0j66zkj405afu5e8jpeuanavtqy2waw89clj,twd-ust,394308330,394308000,330
terra12sml2jurmveq6cau06fx92njvjrcdjll8nm9qr,loop-anc,270170526,270170000,526
terra1hu3k34run2xshnfjwys48yg9235sagm86erjnv,loop-ust,337769254,162345000,175424254
terra17a8lruatqvffrkgna22raxf5xe2qm4ygn4jsg2,loop-loopr,2837457588,2837457000,588
terra14pwu2cm0ntnt4mm6ny0pje02n82ujjl3yfpdzx,loopr-ust,72265319,35000000,37265319
terra1ghg7v0pf3w38mq75qzccvjx8d478wgm8jj7q0k,loop-ust,36563615,36563000,615
terra12f34uzug6dhuyjyk6dxmgajnnp2efj0uj5ff6a,loop-ust,34061306,33561000,500306
terra1g8kj4fcekeqlqfpsnaf7h4v7256jcfkp807vvc,anc-ust,47720342,47720000,342
terra1j9nuv26vf4t84vds5d7u5s80htk4j07hadf7me,dph-ust,2646667711,2646667000,711
terra1vaertt8mrv053pwelww7gatxsr98qrtll5jka8,loop-anc,902247,902000,247
terra1l45aqcm2ly4krl98c7yrpr2ee63lwg7qqnd0f4,loop-ust,201540878,201540000,878
terra1h3pgxfctaj74gkpn7zje6y6yy9uuz36j6y524f,loop-ust,271228271,271228000,271
terra1mtza8vx5vxry87h73j64n9vhazayrlcwz0ffs9,loop-halo,727732102,727732000,102
terra1auue89awuavty7khm3u5ec4kpr4fzkchz278gz,loop-ust,690860886,690860000,886
terra1ly5dpwza6wzlnejyv3cmzggut8swv82cwgsscd,loop-ust,101483133,101483000,133
terra1wxr7lrjll5r8nllul6lp6gvkq77aw8nw62tcjn,alte-ust,1886658818,1886658000,818
terra1lryswp2t9p8v04vulgzg93c3tjwxvwau6746d2,loop-loopr,61548362,61548000,362
terra1nfc8fc57vcaymv4ka4tqx5gayzezwndy0xaj0g,loop-mir,1965487226,1965487000,226
terra1cr8gvqj86duhgfpvjs5x237v4wfsf0qykacsjx,anc-ust,2338718282,2338718000,282
terra1v22rv0q6eacyetp8klvcpsmxhft82ayex6kym7,loopr-ust,5386435173,5386435000,173
terra1fmlqg5m38juf9nfe5amuwjlqv8h84xqhsajk3s,anc-ust,140123086803,140123086000,803
terra1kdw0al0kff7d755y8dczpvpgdu7jv2ljm5cfyh,anc-ust,5638556,5638000,556
terra1rvngmgry4s9gd4fddlf00gu28tktec97c9gmzn,loop-ust,33319664,33319000,664
terra1jc4tm4jhfqmpuey2zw9jf2am78fpwlz96pk0x3,loop-ust,92612363,92612000,363
terra1juprr4hyaah9suxpevc047gzjahsku8e26axcr,loopr-ust,38078519,38078000,519
terra15crsv6s5u796av74x6479ndkn56gxqh5h3h0nx,loopr-ust,73934874,73934000,874
terra1qztncrvhm9v996u903mpeyvh3gpgntn5chtwtp,loop-ust,24846430,24846000,430
terra1qf8yyyh3fua6303d7yxntkrmemth8hwl9682nj,loop-ust,6573331,6573000,331
terra1kgqmlhwqn8stjexfc5s4trw57zh8uvw5h059cu,loop-ust,66780121,66780000,121
terra12900ua08xdd6rt2qtw2hpzwn5aka2920v8n2jc,loop-ust,16119635,16119000,635
terra1e04vxu7pxekhguuuuzyyrg22z95cwa3634dxvf,loop-ust,44782903,44782000,903
terra1jq6tcesf387d5fgr5p3w7a05wj5dlljth8kpqz,loop-ust,12737077,12737000,77
terra1wd25qqs5ag89s89lln2dev33lc8zd6c5hjw9hq,bluna-luna,20000680,20000000,680
terra1zcmjlz2j6ldka56v7n7as3y2dwd9k8cex8a77a,anc-aust,57820043,57820000,43
terra15l2dss2w39qp7ahlm9cf88km3lspstp5236w7p,loop-ust,736510564,736510000,564
terra1exqauxdu0acpvg4pxkr246aqq9lw2hyr0tpk50,loop-ust,783740238,783740000,238
terra1zfly4ru05ktuxdal3ltxd0zmw4napu6wd54l5y,loop-ust,234971205,234971000,205
terra1x8cvtzgz4gawtwqht4ntmz8elqhjsg53y5rw3r,loopr-ust,1716126835,1716126000,835
terra1gz3pjsc0wwld28swhdpcsmxzs9m2zudweq2q4f,anc-ust,33530231084,33530231000,84
terra1uzmlhflc38t67fpwqgxt8tq6q5t2rm6hsfp45m,loop-loopr,1631404009,724642000,906762009
terra1w6vzgaw8klpx7zwcjt2n0m8kx6dr4vjy47xnfa,loop-ust,88095996,88095000,996
terra1f8lj20clvlc2w2dwgd9dhptv4xm3a0mt677r7s,loop-aust,10480558183,10480558000,183
terra1xe9jx2cvet32rd4j0gq4wllgf6c3djh4z6ausu,luna-ust,16801942,16801000,942
terra1g3ejmmfe6jusdslg2h2adsrky8efjxr08hakyq,bluna-luna,34828081,34828000,81
terra1cya4rht2f9wya2m29n9p78wy64c26fwecakupx,loopr-ust,17945337,17945000,337
terra19ta0aazfntxkpd3kn6ptlgx5hq37mv36wewq3f,loop-ust,943232282,943232000,282
terra1efk4gerzguuecvv30yyj2lw6vdc7nhfpjtw0g6,loop-ust,2420951332,1229460000,1191491332
terra1w4v57je47f5wudrwt28gekg2zz9mkkwz5mms35,loop-ust,22771730,22771000,730
terra1v65td6jzm82xvjfp0s480zjtcjkt9u4ww6xhzp,loop-ust,5947196,5947000,196
terra1apmzp25rdeaklxs3m54jyaprnntlerj0aaatku,loop-luna,33702287,33702000,287
terra1p0mnmxgzmftynkym0n5t0fq3wv2mmzszpc0ejq,mir-ust,20692233,20692000,233
terra1uzge5enz5662hgxj4g04l0uqauyja8yvv5zu6k,loop-ust,2922736,2922000,736
terra1ulatfk73p5npu6lcvupg2attts2ecjr4rm3gna,loop-ust,640746945,640746000,945
terra19kwng4vs75a5xvjxtegu5t3vc7uwmps3wds5p9,loop-ust,5502529,5502000,529
terra1yh66hqu8e69gw29fjfhaw7wavnj00hh5s2pkks,loop-ust,126628457,126628000,457
terra1qk47tyfs88v847pagth5ngw6zv7ehrd42sgn4v,mine-ust,115430958683,115430958000,683
terra1tw92r0d597hwajdqc9gkkaru2snmgg06ecycg3,loop-aust,347661195,347661000,195
terra14564qfdhgjpusttsl7ga544nu9lrfx5hhghlhd,loop-ust,9744121,9744000,121
terra1lv8ffn2qp9wf8kglfqmmzdkvpvxzgu5vhphshn,loop-ust,29282290,29282000,290
terra1f8jnec7w34kk357c5x5e3mjd5nkufa2crkxap0,loop-ust,280982649,280982000,649
terra1deyxue29t6m2dlkmwmyekf3ftdm2c2dfyxx8nc,loop-ust,170874209,170874000,209
terra15kcdq7g63d8sa7g8049a3uhjzr40la2vzz8wdc,twd-ust,43386059694,43386059000,694
terra1n7nkxmr0glxvw36avf4qmk836qn0p0tjh0tmux,loop-ust,53498269,53498000,269
terra1t00s353ng7mcllue6a62xu8uufqtvu5ecx6h66,loop-ust,4732892,4732000,892
terra1a69kq0sh4gq0hmtpns8k3pahrt5a7550pjxne0,loop-ust,266079190,266079000,190
terra15fc2m9mdpcs3lxj9p4dsrcm7q602utvw9cdkd5,loop-aust,120384945,120384000,945
terra1ryvztk96qvjqm9lgnhjpqvrkwcf406lgppkwsc,loop-ust,35927363,35927000,363
terra1qnvg0rsyng6a9axay0yhwca8247kjmuc275rzf,loop-ust,37606431,37606000,431
terra1tluyekggnce4js7usrs0xk06528vg99ra09ae8,lota-ust,1507399126,1507399000,126
terra104pfjjkzw4mrjrgf58d5jk7prqkw6pjqxmxvdq,mir-ust,84406239,84406000,239
terra1vphcw0afxmc3y9upnzy2usa4uv3nunz6x8v4ff,loop-ust,48365655,48365000,655
terra127zyclke4d6x2uzj0j8pnrjxq65ry0qctv5hge,lota-ust,693617756,693617000,756
terra1v57zxtsq5c56ll4ncshhscxfhdty3yuzracyfu,loop-anc,113388219,113388000,219
terra19nu7u42kzst2haaufhep0yqt6mrvynlfc032xn,loop-ust,44731605,44731000,605
terra1jvaumztts2ltjvw498v5dgmg48nf4pl2gmfkf0,loop-ust,99629337,99629000,337
terra1rc6vh28rw8ptwykkugul5dsz9jjdfrz58agqlw,mir-ust,737832115,737832000,115
terra1wg796munzscxcumrt52gg568xdrnqv29renl6c,bluna-luna,20048243,20048000,243
terra1e9nf0alrl3fkju0c49h883ssryuh3gvlpelj25,loopr-ust,2558040124,2558040000,124
terra1yj9rqvap7d7tqeyasj69t2sz63l7qflfsvm406,loop-ust,317974489,317974000,489
terra1suzjjmkc8pl2zgw3c6p6jpegufsnvsmzetx6r3,anc-ust,1482570985,1482570000,985
terra1fs9lvmfca9qgsz67u3cr894nxua495lh35a4mr,mine-ust,127032604122,127032604000,122
terra1wzj6y064n9ryaa4dpnpkd0urgumrmz298ecvqf,loop-ust,8739606,8739000,606
terra1e7549wlryjzn656kvmujhmzlxf5l0ag2dkw3pn,aust-ust,628297241,628297000,241
terra1282sn8mj3ut6myyz57q0nef6jdk06kj69ekjfn,luna-aust,107901366,107901000,366
terra1ejtx8eszkvwx6u24y54eel6kydwnz4cu7vmwvg,loop-ust,9079441,9079000,441
terra195teqjgzgfdw9yrssllf8yq8jttrcl8ay005eh,loop-ust,24419522,24419000,522
terra1whadnfqhhq6m7pp30vq3t3x0qvv94xmmf7l6na,loop-ust,340128671,340128000,671
terra1yqt0vygzqflzp7xqeg4gmq7vevgzxwna6hs080,loop-ust,31963585,31963000,585
terra12l3xqsdvme7syaj63kjs7tj09gvgeszuprhg2c,mine-ust,9885440,9885000,440
terra1cxfd4yk5pm3ch2pt0pk6sm5jwa7vd39fgu4zr9,loop-loopr,1426995092,1103402000,323593092
terra1dyncteuu394fx282j32hdcux6ucmcvvldeq3cz,loop-ust,409365,409000,365
terra1ezkt4hxzkjmzttct5rnft980v4arrc60yqy35u,loopr-ust,164127863,164127000,863
terra16nyd2ttvz77nntzckukn0z3e45wwsyv6m26ket,loop-ust,43222289,43222000,289
terra1lvuq5v8qtxdj0qaec9f25jtg50vs66s9vyj26t,anc-ust,3494112416,3494112000,416
terra1j80cv58zfkn5mx2ctg7shgafyxe3252crkqksy,loop-ust,111462784,111462000,784
terra10fh4yugfcssjn0u9q75xvzun0uxa7a2a8n942p,loop-ust,95243594,95243000,594
terra1gjtjly5ac0rlxnmym3lg7f8vwpdzhtrazf25wy,loop-ust,20142294,20140000,2294
terra1xus9ydwl9tkjqtrs5sfrv3cs3mydttertgruw8,loop-luna,89945076,89945000,76
terra14w3sn5e07rzt6hvnfp2t7kuxe74l0e32jj3dfk,loop-loopr,3648312498,3648312000,498
terra15mzn3e3pe050tdskfgewdyvre6ktxrle27d6dm,bluna-luna,124837036,124837000,36
terra1mg8vkthgfya4zcl4m70fxqyzyjhxp23hse8vhg,loop-ust,830753682,830753000,682
terra1unlp42rd836ytwvaceqrc0dt8cz3yvy7rge3r6,loop-ust,48608890,48608000,890
terra17lpcuv6ssvqu5akyqh75j2zwfce6ucwws86qe0,loop-ust,9050815,9050000,815
terra1qd0k3le6vhnguyqw5yhq7js6qxdf65m8hqx0m0,loop-mine,928555245,447611000,480944245
terra1rjm4nys9kywcz9v0fss5g42v4gf8af6t9hsh5g,mir-ust,1890569404,1890569000,404
terra1z34jtm74a4ngea3rpxusmt4sqq8rlgcuwnt24w,loop-ust,1252589104,1252589000,104
terra1nsmqdtm0mg2g8zjfezgf6x6zznsrdr0l26q37w,loop-ust,12924373,12924000,373
terra1ed8d4wzrwfe5ssu4uh2w4px68mmap3r9f54lep,loop-loopr,1982897183,1982897000,183
terra15akttfdgpx6qwhqyqk0k9lyy6u9eq3g2q8vkl7,loop-ust,166270589,166270000,589
terra1fyk248m0lky3pqcxqcftt6fc0rdm4nc844ztzg,loopr-ust,65473235258,65473235000,258
terra1ysdha336ulycwt85zjrzccmyu69hfwy58xe4pj,loop-ust,260389504,260389000,504
terra1ttls62qfdt090wlhspw3fjl235np03swxushps,loopr-ust,53220529,53220000,529
terra1azl2f3p4mk3mj04g4snu8kygyhcm6hmvn34z5g,loop-ust,242139176,242139000,176
terra1clhy4svl55khh98dstr3d3q6agdkrt6ev642lr,loop-ust,941718,941000,718
terra13pcfa8fhm47c2f0efu9qxknkhhp8vpfre2v75e,loop-ust,8963899,8963000,899
terra1fysg8p67xyrm0wnw40hyelgm2h7x3c79e63dmt,spec-ust,2836162909,2836162000,909
terra13rxp5lpqwavs7rxjynafpkxgl4qfwcqamdnedt,loop-ust,75524335,75524000,335
terra10epul476m7wufraudp0rpxrfsy5kc9mzqanyt3,loop-mine,67346086,67346000,86
terra1vm4jgygsldzhnl0x99u2333tzyepahpegc9l0c,loop-ust,111886911,111886000,911
terra1ng0502688e9rsdwp4nl69vexetcy9l08g2xwtz,loop-ust,4988667,4988000,667
terra14l54fh6598g2sqc6cymem5uaz5s5aqdzxlch0r,loop-ust,1991076,1991000,76
terra1kcnt877kg3jw4mcupf43ju8dkxjj7uumhjn60c,loop-ust,81181127,81181000,127
terra1ee5yu0zgq9rfdnh45elmnzfl2zpe67wurzt8ws,loop-ust,4401986,4401000,986
terra1zrs7n49rsp4j0ws7wvl5q30cpd94nng3w5lx84,loop-ust,152765822,152765000,822
terra1mvcfp2c73jezlclk874e5eeudkztzsr82kduec,anc-ust,106558904,106558000,904
terra14rklcw90k72egefyuu4sy4ullwwec8s07ec5fl,dph-ust,3540638322,2514137000,1026501322
terra1sslqhet4wnng79cwx4urccnsfka6074y75j3zz,loop-ust,48583675,48583000,675
terra1qnmdk6dvezrw4mxrvjy7xy9fv4fa6wqha0xwv7,loop-ust,638465445,638465000,445
terra1hsuxrf0efgx2rqe5f3enqshz0hdn5e36l4zz8m,loopr-ust,49869656,49869000,656
terra1hq2xvn3gs7kc28ymq03803xz7xfwvjak6d8ula,loop-ust,102777920,102777000,920
terra18xp433xty2xmn6a32zpghk5medhxmt7v2q74df,loopr-ust,10806983,10806000,983
terra102ly9mfvdayyh4c3m54tkrcm4qzzwy6lcefsph,loop-ust,12084583,12084000,583
terra1cmtxhvyjc9v26n5dha4u80qsw2xgat75fget7h,stt-ust,85462345,85462000,345
terra1utdeapanx9r0qu3h6x9v57jzh504faf5p0whkd,mine-ust,1513220707,1513220000,707
terra1f5n7ykuaypptj0z2q4afgtfl9g2ccfw4wt5akq,loop-loopr,830875064,830875000,64
terra17wzr5y843lwq2phfp5na3rurw2jvpfrh6v2pva,bluna-luna,37743683,37743000,683
terra12yzuulznzhphk08mrccvuqxqj6x30uy7h9ganh,loop-ust,65452972,65452000,972
terra1wqhg865l42hzl6r46zy54r756hwz7vjl034qpf,loop-ust,12768231,12768000,231
terra1xmm835atvfduxp6ljk96e7s9jqkha73h3dldwd,loop-ust,4205537,4200000,5537
terra13p8ghfj7plmqptjnqazdzeydgr3t0vfg57rr2f,loop-ust,1631325,1631000,325
terra137ud42qdcx5s4s5njl9gs0nndk2y5zpz0ptnr7,loop-ust,1017640290,1017640000,290
terra1h50jux57hk3pw8u9psulhd4m063vnxdxam6fva,luna-ust,5323111,5323000,111
terra1h0cz6p35spw6wfh4wz0sqz0vkc4hp4c5fyfqpp,loop-ust,8432108,8432000,108
terra19l78e8ke6497vyv342x6ded2rxh0dqd96gvm2s,anc-ust,111419845,111419000,845
terra1hjqaz2078qzjwj7tt3j6x2eqfxrwz3wder3eqx,loopr-ust,224570833,81130000,143440833
terra15yfuxx53yrc6n2uezkwu0f9ytk0n2ync56pd8j,loop-lota,161691855,161691000,855
terra19l3cep0xs9jrmvhsf53fasmau8sfcfyghxldm9,aust-ust,515810045,515810000,45
terra1kmx0j8txyp3uhlrvgcvwekgrxuxs3e4pzw0cej,loop-ust,280204310,280204000,310
terra1rm33x3nszvvhp0cln6pnajca7uuqne3jq0fegw,loop-ust,95923,95000,923
terra1x0gsvuycc64vyf9gvmvz9yj78te5neqqszjrkv,loop-ust,22976081,22976000,81
terra1kmg32f623xj2kk4685rmea9yv4mcy78cs3mwe5,anc-ust,300659872,300659000,872
terra1qfjn5efk9cehs0fv7z3kc8zeuwxhs0pmup08v6,loop-ust,184889775,184889000,775
terra12vx8rhjvkvc0vte7jjrmdqghwz46hjpqsp4v92,bluna-luna,6492818,6492000,818
terra12g55sen7vvfwdtrlzpgrdtartmp643s6wzxetu,loopr-ust,1226161348,1226161000,348
terra1j5pz8j3twfuw4zzj64vmmmypztmjhht80cwjpg,loop-lota,6763536,6763000,536
terra19j3eunrd3d7d5t4gytzckgvcvsqwyvplfwyrxl,loop-loopr,724770339,724770000,339
terra1x5ereqje6x3nvd9sjzxl3773j3hv72qvs2w06a,loop-ust,250714229,250714000,229
terra1vgt3mjrtfe97vtancjlvjf3fa6522n786lys65,loop-ust,4269959,4269000,959
terra1l7wdyepjktjwegh6v8haqp082lkaaukp9wp5s0,loop-ust,23599865,23599000,865
terra1czka2eycealr9dnnwp8mdzevgj5v5xnseh4fu0,loop-aust,384846649,384846600,49
terra1929zpuflzgwfv3m094h5qstd2227p37f8asnnc,loopr-ust,109605417,109605000,417
terra1d0nkvam6v64em6urxgd0h6wfny07yfnmv7wjmc,loop-ust,324600189,324600000,189
terra1qum2q6d0n6zt0gl756gx7zdwwjf5tx6clf4pe6,loop-lota,159235714,159235000,714
terra18w9vl37504d842pm4fx72vr236przd0vsrdt93,loop-ust,97069469,97069000,469
terra1r6x8kell2d4zdpupjwvet6egeuzjz582w7dvjy,loop-ust,6565237,6565000,237
terra1wplfmtyxqvaj4al9gp2mue0uykztllwsmrm80e,dph-ust,108782522929,108782522000,929
terra1anc2qkdk8u3y4vz47g55xj5m0us6hgwh2fv862,loop-ust,8577572,8577000,572
terra10zrkqcg4ua6fesw7ceh883zmvqtrk5txvv89zq,aust-ust,27950516,27950000,516
terra17pavnnqyn43nkfvm6sf3fsk6j0chwk5jv4g808,anc-ust,324108982,324108000,982
terra1yph4guf98nzqyeauc62370u29xerre2gf0m2rz,loop-ust,232333688,232333000,688
terra1g76a2qv72l2tkm8qw8hyghe2vnxqk2xmnvzqs2,loop-ust,48655145,48655000,145
terra1v6y7vfg26fyzd3rkpf9fy9v7zrsnlg4khwjtay,loop-ust,105448785,105000000,448785
terra1j4q9a36zfd0yuggvnnfk9uydpzf99klyg3gcnf,loop-ust,85948815,85948000,815
terra1jeedm9gv02jy8nls9fjs9f8kpp5xj8h8lmv0g4,loop-ust,19701307,19701000,307
terra1ka73l5hfmqw3xsf6lgmn8rts2j03ekfv923qna,loop-ust,44123542,44123000,542
terra1yhwgvfeta9kh0dtgvj674jzxdjyhpaqfp9u5v8,loop-ust,8778449,8778000,449
terra1p452h5e6mvlwp7h93j3yqsvv9mufrc2sqh7ngs,loop-ust,28669709,28669000,709
terra1zdurulgsf9s0ntppn6j4029j7aftvvfgy9tjss,loop-ust,9547928,9547000,928
terra1lfmmc2xp2hmgyqdgwr9p8txxcyxvvr9mveywuf,luna-aust,41699185,41699000,185
terra1szx5plhh06wy4a74tslaf0vuy3vjgadgywyqlh,loop-halo,105804647,105804000,647
terra1fmfsxgfwdu5cf5lt2vp7krruar6qp9fag24x2j,loopr-ust,93961801,93961000,801
terra13g5llpddqkuu7qhtqujvlhz3dddtaak2sz850m,loop-ust,42913135,30000000,12913135
terra10tl2eag6kkzq8jhjd06f2ugsnds9kh04fztejd,loop-ust,1986049,1986000,49
terra1mj8gfuwelhcx594uuj77rc82pcruf8dhl5j6re,loop-ust,2493238,2493000,238
terra1544fhdcjuhuwzwxuf8drwxhr6t4sa9ak48u896,aust-ust,4002400260,4002400000,260
terra1nkv0xdph5caqjqnpqgkhm3c239ddze2dhn764n,loop-aust,65575453,65575000,453
terra1d7xwp3hweaa4g4vuf4wh2d7nwh9gw7rr6lquzj,loop-ust,9982923,9982000,923
terra1gggplpcqwmjwuga9vfxvj2pag74ctsz7fxav0v,loop-ust,14304095,14304000,95
terra12axq40xezakuam8nsxgykum3k3ya2p0dteq6q4,loop-ust,1313297666,1313297000,666
terra1kar09svj36kqc6ywulanwhvtdxg4efsuwdk9at,loop-ust,3999835,3999000,835
terra1qr29aku5sp7jk70jq7c0lnmvw56gmgcmke4nxk,loop-ust,34806504534,34806504000,534
terra1trztglxg7rlw5rkdg2pq73na0w0ne5e304kn97,spec-ust,308050119,308050000,119
terra1qak60xf3yudmsmz6ze9vea46enrf2tpg52qgjl,loop-ust,4834636,4834000,636
terra189nh0yrslrzx467kzvda02gwr537lj9yz4g3vl,loop-ust,251510249,251510000,249
terra1qwyw5jdsa46nmsjgmmagfkldvcjj9nuvxq22gy,spec-ust,4678071,4678000,71
terra1watf2ymfnuh8v994v94ff0yxe7uy2ngw22ha4w,loop-loopr,5853586446,5853586000,446
terra1uusu67kdm0unc2ymratq52ju5ld4d7p4m6fu6v,loop-ust,31976981,31976000,981
terra1v637kmuusnv0vf0lrpzd0lm2v698chshzwm2an,loop-anc,7739663,7739000,663
terra1n305vh608wjhfn0ncmz5zea642728qe35pdqpg,loop-loopr,8195387169,8194597000,790169
terra1jewn56kl9ykhgyd098ptqx4aamh9z8qy2aazt2,anc-ust,1893111501,1893111000,501
terra1rfp960pndcu664hxpgff0yrkcx6yvpcflhh37v,loop-ust,937645,937000,645
terra1ke5f2vpce3w7upj884sf0sk3ejl7qf7el6c8h3,loop-aust,4182307258,4182307000,258
terra1kucm6my2cejdennq0c6x8zksncvvkf8zz77tmz,loop-loopr,210430215677,7500000000,202930215677
terra154at6qtrsl2jzxce2uvt9af00jyfl9cgzk5au6,loop-ust,18601890,18601000,890
terra1jxcun3596e34cpw7dwjveewcee0e63xguzm86l,loop-ust,2228140471,2228140000,471
terra130mewcxge9p83jtvuz802rnhaxedwut9etuywe,alte-ust,29051635,29051000,635
terra1ue0v0kcs9p35mrv2et6m5t8sjvk8fah7rj4guu,loop-ust,3141453,3141000,453
terra17rtd4fhle3a8ejvsp75xsnl0sua85zcpszsqfa,loop-ust,2942317,2942000,317
terra18f6ry8eja94dwk8jnct508ycacjvugzmgx9g5w,loop-ust,4807756,4807000,756
terra17wxg56zmd340dltz63gsz2haa2gkmyarp6sfhv,dph-ust,912129793,912129000,793
terra12q8f8px877pdnsg8rue0fxdhk5p09wunmu3h4l,loopr-ust,1747998802,1747998000,802
terra1uy9t8wz70uslh5h0sg2m6003dlaja0x9vurnju,mine-ust,170808048,170808000,48
terra1t2q7sfx6c32nlapgj32utwzj0zcx4wzd3z49sd,loop-ust,17210715,17210000,715
terra14xsvr4l3w234p7asuaalw9vz25p26g8njm3u3m,loop-loopr,1501489387,1501489000,387
terra1jlsv5r29t02q8my82fh04acylkzf697xvnjeta,loop-ust,189759662,189759000,662
terra1ey4ysyy4gs9yd742adjm6dd40exxwdmsswf8ut,loop-ust,1695950812,1695950000,812
terra1qdzyh7sx6jg5xwgj34dwevgsgy2aqdxhv92f9s,mir-ust,916887592,916887000,592
terra143kcg4pnlsrpmtjmkkz9kxymxwh6xew4q5gz96,loop-ust,50956113,50956000,113
terra143kcg4pnlsrpmtjmkkz9kxymxwh6xew4q5gz96,spec-ust,39530034,39530000,34
terra150v4wusx8pl4k6k43vymrq2fcxfug8sttqzqqr,loop-loopr,70311364,70311000,364
terra16edjfjfjgy5gexqeqzgf4gc8vwhl5v72p2v4nn,loop-ust,15301260,9762000,5539260
terra12slh75sp5tg5tegvnvnutuh3fwj0ed8fksjnwj,loop-loopr,666388962,666388000,962
terra1ykfwndu6lghxzhytpzrt2wxmx57t7qdtljhl08,loop-ust,50365496,50365000,496
terra13yzs8zr5m9xh60mad5zd76fych4r056zu5s8kw,bluna-luna,15936212,15936000,212
terra1xqy3f9tpsp6v9n35795r0y53ttnrttjjnym5cy,loop-ust,204417726,204417000,726
terra1tm5wlztawxgkzmr7nrhfx5yff5n395xnr9jr7f,lota-ust,105463634,105463000,634
terra1wda7prarg6w93n2yjak78l783cjhds54ml0mpp,loop-ust,4270336520,4270336000,520
terra1h0jt2yslk887c6svnt3gda7zmpq4au5hnpaqjl,aust-ust,75345646,37814000,37531646
terra1j6vh2exuvmcrldjaerdt33qldjkvxy7r89e3tm,loop-ust,265939292,265939000,292
terra198kray3j3767k9lrzj4qw0wr7zjvsyx0ezgvrd,loop-ust,3925472,3925000,472
terra1ulzjc6xll028ull45lzrtda6d8q46stwdrl7vu,loop-loopr,108086041,108086000,41
terra1zpfl7hn2ymtn283d0r24zgmkn3ueq9mn7mdv23,loop-luna,765690988,765690000,988
terra1lm0uxh28y4jmaf9d9nj2j8wgljrukhh3mq3sqf,mir-ust,105155954,105155000,954
terra19cgvfvpaw7fy26jucpksua5nyhqadvpzvng2a8,loop-ust,347167510,347167000,510
terra12e98lr4kl86g48y394fxt9ygacnhvtmpwtj4qe,loop-ust,711012620,711012000,620
terra1nzfngu9fuzrm6uwknmwjxdqh40djffmse3q5hc,bluna-luna,1942388,971000,971388
terra14pq0mflqt8zzva3zf27n69c3ulw4ddtqerx82k,loop-ust,121210798,121210000,798
terra1x2ugfy524v0awudukpumfekh53c2qr0zw4a9na,loop-ust,3529449,3529000,449
terra1f3sfcd3mnp6gu339e9jfyqv93fr035pw3dr4hv,loop-ust,985026983,985026000,983
terra1xg9nu7c5aq02tunw7u4052ungd7tenclhnn4vp,loop-ust,75369060,75369000,60
terra1j3jvm8yqn2xra38zttmt79j3kmd6lj0zuj2pvr,loop-ust,18291695,18291000,695
terra1ldj88muw46vgme046379snz8h5l77c6ph9rtcl,loop-loopr,1845416626,1845416000,626
terra1xslqaxmf6qy23lpkxwpv5k3akajgfcsa4jq0vp,anc-ust,164154687,164154000,687
terra1rrkvkz9uj7cfkcqt4fyeyhlyexhvyuc2jt6svq,loop-ust,72421151,72421000,151
terra1yjrd7nrpe8zxfxz982csgyv8hw572gdck2tc6f,luna-ust,8652186,8652000,186
terra1clha4j4fu4f8lj3ah7kcygnjp6taf23garqerf,spec-ust,728116166,728116000,166
terra13h5447v9w70580mls6hy3peax6cjar8vfwx5sc,anc-ust,122609338,122609000,338
terra1znvlgw94y3ymstwve9ac98p7axh8zptxhngcfq,loop-ust,16946652,16946000,652
terra1pe9gxszyrmrqjfj5gngds672de93h6zf9pyf9t,aust-ust,896548524,896548000,524
terra1fesj2hnjt3xgzwf3hv0gjqzy5nag6a4hm8q3cx,loop-ust,47356666,47356000,666
terra1mlu9qn4a2vraln4futedqnnmnyzef9gjzzkhv5,loopr-ust,14378874,14378000,874
terra1z7h3uvq8nnvuqhj6naa039kexkrkudmpndecqj,anc-ust,18502094086,18502094000,86
terra1ys5ffl3cjcznde6kxsx89gfmr6e3jj9jcns9ka,loop-ust,5290305,5290000,305
terra1uj8lprc59a97q7veftcacw3u0kxxuhew7zlylz,loop-ust,3520129384,3520129000,384
terra1e00du0vfel3d43xtwq0yr02a5qeaz6szkf0jnt,loop-ust,8032334,8032000,334
terra148sndyjc7nmd4kqgz0ltjarnt5ry64ae48fdqk,loop-ust,9702752,9702000,752
terra17hqtmea2fahekjptprlhd0ecwpnqcvqgqayc9d,loop-loopr,22578256206,22578256000,206
terra1g0gwmfsa5nvgetdhxq0duykfdzevsgd0ulg942,aust-ust,22499071725,22499071000,725
terra15dm2v4d5ag3wpru5adprlxzathkaudyljz4kzz,loop-loopr,1427513048,1427513000,48
terra129caq97gtqrhmquhtvmlwpxlf3sryagjptkk9j,aust-ust,531807142,531807000,142
terra1gceelwcdjgfeefn3mxt8xljmxtmw8xzcwzlmec,loop-loopr,56344299,56344000,299
terra1uknz6kngwfr5mrhr2j2e9mjl3g687uldenhjhx,loop-ust,8084149,8084000,149
terra1ny955x975dpcnyajslyv7sek8yh7ycycj7ynfn,loop-loopr,13425552074,13425552000,74
terra1u3frr7x0rw8wc2dell6meuqfpgn7ju5j7exydw,luna-ust,60609324,60609000,324
terra1y00z4h8l7t3qt0cvjfe5k8q84mnmc55pa9vv88,loop-loopr,129631407,129631000,407
terra13t5q6rlyuqv6h5rzh26gym45yd6tu3064cnl0x,loop-ust,32136934,12652000,19484934
terra1ltvxgwzt28rcenccq8k42w0at07cjdjahjnm6t,loop-ust,1397794274,1397794000,274
terra1x8gl6lht978cqegfpj92nt85chtdwfykkfnff5,mir-ust,382035703,382035000,703
terra1zmdaqf8cj8p03e9eg5l7jme5wu38m3g952zfaa,loop-loopr,3389114792,3389114000,792
terra1wdaj5xc86ld3er5ktnmf36fj0n77cr0hdmm74c,loop-ust,50404204,50404000,204
terra1yfgqltvwpmwwphnrp99rz2ythlj8555gcg7qsy,luna-ust,318583161,318583000,161
terra1wtrvyzjr7c392pr8tg3se4jdr9cpt0jjfawhcm,bluna-luna,9961992,9961000,992
terra10cfruveudz0jg35p8ggm5j69ee5gd3fft46jlu,loop-ust,2124596,2124000,596
terra1het2qn8cyj6r8j6fn9aulde89x2rkvkkr83pqh,mine-ust,116341207,116341000,207
terra1dfysejsnl4p32sqyv7744ene6slcmeqlvjftnx,loop-ust,3633107,3633000,107
terra1e7wdrxne493zz8wnfjpyhpcl9k7umqk8jdqw27,loop-loopr,7485879608,7485879000,608
terra18ymr7sdlhwvm3ha6ctn060tz56t0qefaqa7qjt,spec-ust,13795281,13795000,281
terra10yy3exn2hcsqmxhpq6239p45lgmxpnufuh23xp,loop-ust,108699702,108699000,702
terra127ywe3zquvp4hee4zw3c8urnqk7uj3pv4hw2qr,loop-mine,208914274,208914000,274
terra1fu3s6x7h28sgjn78g2xaery9f5lztf6qxcaged,loop-ust,18515036,18515000,36
terra17rcvedtxudeenv28azwptd288l7qkkc2kf7nm9,loopr-ust,72895670,72895000,670
terra1648cnj6mxgww4ldcu2w25hwnt3p8r9rfswdemy,anc-ust,55348829,55348000,829
terra1cgg2epkaw9pquwst43zlhqvrd2dmgnqvx5xaqv,mir-ust,977104912,444502000,532602912
terra13yh2k26n9ff50c4v5mu58wwawepsaxy2lgs5l4,anc-ust,887915850,887915000,850
terra1z9c6sxhh5uv3nmmnvf709kqx5kztryzk0vfmwf,anc-ust,29299709,29299000,709
terra15eeave8j76msk73y2vhpqwv4kz8gqqur9v6gnl,loop-ust,45256994,45256000,994
terra1uangm0d8dh6zl5mpcazuwvwjq6n9j3w20m749t,mir-ust,2894797744,2894797000,744
terra19yslr5yvkxa6ralxhhdnl9v4dsnxfw3xeknlw3,loop-anc,36882935234,36882935000,234
terra1cy73w4hhry9h7jsqxtdy8980p6eg3vaf935ls5,loop-ust,1640100282,887505000,752595282
terra1tcpk2wtvhupggm9vt6m2n3d57khwg78dzrqxc2,aust-ust,4114967498,4114967000,498
terra1ynwxh7cp9artm3pyz36yteretfsdf247tsppw3,loop-luna,115978571,115978000,571
terra1n89t56nmx2csu20ul2rncg7tjwq4syu2mn7vxk,loop-ust,1733367456,1733367000,456
terra1qr29aku5sp7jk70jq7c0lnmvw56gmgcmke4nxk,mir-ust,31376393748,31376393000,748
terra1gp6l94yqmxnp8geafy4emvy9s8f4r0tdxw4ly5,loop-ust,830825806,830825000,806
terra1zdrghssxastng2leq0zjarypvx4juzm9zkn6wx,loop-loopr,4657789505,4657789000,505
terra1y9gatggal35hvvx75m27lxfc29xnrgg6kte9zl,loop-ust,16998215,16998000,215
terra1rtwlajewwvc2yp6zagdqlu9twgr43qjl6kxztz,loop-loopr,5617441084,5617441000,84
terra15rjazflcem34xcu32g0fu65qj59j2s9a2n8rhs,luna-aust,131002157,131002000,157
terra1m5kdxv60akt9yrqm5snju7j6kqvddl32xz27w5,loop-ust,11548126,11548000,126
terra1lqz0lfgeydg04hq5creq9086rhy43n0k5lmzfx,loop-ust,46262453,46262000,453
terra10uhcn7h4d8ecytqxujzrwr6qdwzs78yx48nayp,loop-ust,7260368,7260000,368
terra1vavpetmq9dkn54zm5vsgc5xhgk5ayy9rsvdn3t,loop-ust,681415392,681415000,392
terra1rv76we0l75erpw0t6a47xus65kcj2r7jyq6mcn,loop-loopr,3061517205,3061517000,205
terra1aq6q65yp6cpqymv878jr3u0pc08054sjg9d4qe,loop-ust,45329478,45329000,478
terra1wzhdt5h3ecrrqzrh9pu85gsny8j0fgs2u47qvy,loop-ust,2264907,2264000,907
terra13y0y6fwnz9x6y2rpaxe299vhlt9908hg75efgz,alte-ust,14011807,14011000,807
terra1za7qfulylnht0rx0f2v4nr266rgqtwtksjkefe,bluna-luna,1012775,1012000,775
terra1076s6fnsj2949df7wj8ru9v60dmy7ls9t2dmd9,loop-ust,36740226,36740000,226
terra1yfzxvztryrgrtsjtaljnrrq9kdrh3cnfnf9mp9,loop-ust,3193050,3193000,50
terra17t97lkww4evjpkr38q0yyzxxmdd8udpr6f8hq7,loop-ust,55442183,55442000,183
terra17vxe9xsrsvhj2q8q3xtwd3dye2fgfel4yw74ct,loop-ust,46180775,46180000,775
terra1cmtxhvyjc9v26n5dha4u80qsw2xgat75fget7h,loop-ust,735504810,735504000,810
terra1m4lk9zh5nn6mmy5tgvkkpvja6d9t2qwp90y22q,loop-ust,19714391,19714000,391
terra18fvpvng237axwgqmssddn787rlghfd3xqnd7wq,aust-ust,44703702,44703000,702
terra1vxq9m6xa2xlc6lqvlndlkzn0tdd2makh2ux8q8,bluna-luna,18759460,18759000,460
terra12xzs76w6nmw3wmwtryj0p8zc5fdn4gt3djzhym,loop-ust,183672071,183672000,71
terra1xhqhh7hdul930kuyvwpm4f0tdtm472avqjfcst,loop-ust,9118273,9118000,273
terra1me6ez75ftw0mynvvgtnvap0gxl7de0kna0fk77,loop-ust,16300954,16300000,954
terra163tsa9k990jhd8rxztmhk0tjs9wp2zjmvnsav3,loopr-ust,1940055816,1940055000,816
terra12mud6t9clq6y3havcxfqxg7mkr767c405k97lz,dph-ust,3255547583,3255547000,583
terra1n70zyc8wtlz8lmvttldsezaytqmkj0ll8h4yjs,loopr-ust,181076788,181076000,788
terra19vr49zklx59mgj5ax7numwmn3vaykdzfxqkqga,anc-aust,2615495891,2615495000,891
terra1gprv92sxk9jz5affd432g92kpukpszwpgdta04,loop-loopr,59783578113,59783578000,113
terra1sx4k35rq94rp8fysma52drzvg55rkm0443t7vy,luna-ust,21230019,10618000,10612019
terra130znx0awxt5mmjvd59qh580a8df6drktc8xypt,mir-ust,567099771,449302000,117797771
terra1wngwm820qwutlrdzk2sja8utygtqg5yn0qje8m,loop-ust,9787572,9787000,572
terra15pnkfgtawanmj3pv7s4884aygv7aympfpvjv2l,loop-ust,1921926,1921000,926
terra1nwudag2rtyj9y5j3tydl0yhfyczjy77aq8pc5h,luna-ust,20833740,20833000,740
terra1wj38m2qkm5mu2h3cge4wnrw9uujlva07j40cgv,mine-ust,1931927605,1931927000,605
terra1qr29aku5sp7jk70jq7c0lnmvw56gmgcmke4nxk,mine-ust,7830210229,7829000000,1210229
terra1k7av4k7llsydvswlrgm6ezrupe7dlnckp054ul,loop-ust,12406270306,12406000000,270306
terra1rm9crml9n58ex2eyuxx9wlnep8jgynnw38tptt,loop-ust,335632935,335632000,935
terra1tpny6gga3zllcs3wz4mxxasyv9dczxf63ehwcq,loop-ust,55709460,55709000,460
terra1t3mju0lznz25qvla3stp6dk3qm28pxtgqydscd,loop-ust,459194525,459194000,525
terra1qtgjdqa89d55favmklvfz9eceqk8czd03esl69,loop-ust,9232523,9232000,523
terra1g3hkdkysuuwdkqzzprjkvx894p3u70xe5sywwa,loop-ust,79145045,79145000,45
terra1wvsugzhszkstexl0v6fv86c9ryjy8xm6u9t2fk,alte-ust,7649700856,7649700000,856
terra1pwdhs9y7pug09v7xrllkqtdv05murqvr9kwg98,loop-ust,44431067,44431000,67
terra1fukk206dut4lc28x5ndyx7fdtd95cv0zyyzk6q,loopr-ust,115165951,115165000,951
terra1qswkhqrveyyfu06ncyx7rccrtxq3nupww7w74q,loop-ust,233767870,233767000,870
terra1mnde2mkh0qpezaca8pg43lq9j9wvfhxquttrfj,loop-anc,20485238,20485000,238
terra1fczsvlztvg50mjqa669qg0kffrp5zc3fug8fx9,loop-ust,25026764,25026000,764
terra1f68yk7v2yjdqmgq3lkdytjm7vn5palntlpxewn,loop-ust,3913473,3913000,473
terra1ntvjqg952aqlhtseeeyvgatufklxrs4txd2wsl,loop-ust,119710939,119710000,939
terra1guzlrejhmsdh8cqgm2flu8d5vfuccelvjujcj2,loop-ust,8063555,8063000,555
terra1hl43jve06zssu9czz0kep76y06vk48zd9973sw,loop-ust,755055867,755055000,867
terra1fksx4zpja8g6m9vjdvperlxd6qw6k20xwqk4ft,loopr-ust,31762682,31762000,682
terra1aj2x9394fy644w7s75gje82990p6rjqpw68v5a,luna-ust,149329,149000,329
terra1svnj6sfjt4jpqu4zyacjl68usm0g2zjny9s33t,loop-luna,359223033,359223000,33
terra13l0y8x0dl8layshmg8vp4yxtrlyldse495au9f,loop-ust,6452222,6452000,222
terra1u59sj9tfa39zxjsycjh64d57nn0re4mmurcn8u,loop-ust,16903852,16903000,852
terra140d68h05dh27qg668t9cg4e4sdltnwgxa7tp2e,loopr-ust,2040304789,2040304000,789
terra1qen3qjv5knms9uus96yj5gw5khkt34j8nt8s7w,loop-anc,410079482,410079000,482
terra1xvrrfufn23phrp7vn0ghzmw6ek3wk5atvk4w9s,loop-ust,7866199,7866000,199
terra1plzug9mwq42wktjj6yt9772r25meug09du9s2c,loop-ust,746933454,746933000,454
terra1qqj4zv0qrtzy4mzjdmad339nkd80gslhlv7p3m,mir-ust,114443600,114443000,600
terra1zeu9nyqsu5vkdz3wf6gu7txkr9lz8qcqy2qqju,mine-ust,9029318132,9029318000,132
terra107mqxphdql5d658tadscs3hv6hf5r7wndvjn5p,loop-ust,296789245,296789000,245
terra1c29cwrgqk5vpc36cdwqswu4fvcdu4ktxsppzkl,loop-ust,24937909,24937000,909
terra10h92mh3llqgazhfax6gfqgs89rsm2l3p52gak7,loop-ust,3234860,3234000,860
terra1wamncczts6fkq0wgztdxmf4umxpjl2ftm969a6,loop-ust,72969998,72969000,998
terra1z2czu8vu3ze896k28dknqnzj87fetevlvw9akf,loop-ust,266216155,266216000,155
terra1hwapfpynu0evhdvhnge6929eu0hrpj5pdyfzg4,luna-ust,40180546,40180000,546
terra1ej2tqvfyvvalkfn9t5j4ffy8kwv6ku4u2mldsj,loop-ust,4821752,4821000,752
terra1vxk900r28q8rkqqh0dfegavrqrh2yqg7hxd7pe,loop-ust,1552581,1552000,581
terra1spqvgeutd39sazzcs04ucgqdkxnd3azjy0pw45,loop-ust,3820441,3820000,441
terra1vmhmleq79quge3mhhtte0cltqvsm2h7jjecp8a,loop-ust,113368873,51635000,61733873
terra18ep7s4ravs4h4fhd3zv42a46t02kwhth2mvt4p,loop-ust,2032187,2032000,187
terra1phu0m8fd2mhrhw4p54qqsatmu5qh5n9rkhwrzn,loop-aust,881167233,881167000,233
terra1zz0hq5ys95zpt8g2m3mmskfgdxk9t0emw000j0,bluna-luna,99904793,99904000,793
terra1kxcexz8gtm3snut0cmd48wsse6es4zhl7ahgpm,dph-ust,45574352,45574000,352
terra1v8635czl3zxl0kep366wp7f2ywvnl5uwp3jvft,loop-loopr,12064490961,12064490000,961
terra130tmnwllvc0u620222umc67h0clehfp8f2skwh,loop-ust,10580313928,10580313000,928
terra1qaju5jwaq0kmcrgv44q4zfu39c2v2e3cz2jxl2,luna-aust,539149942,539149000,942
terra137ashlhktfruppreeqyskkh2tt3tkl8jj56g00,loop-ust,972485,972000,485
terra1t93sxnxsmtqvu6zpfknspjnnasfr4ekvmrrks4,loop-loopr,137713764309,71463000,137642301309
terra10c96qgyvx0lfjz279my37m98j53nfnhucw49m9,loop-ust,88578876,88578000,876
terra1qgqj2f2na0ktlcfdz06ne7w4lzu52x4tuh5qa3,luna-ust,13427541,13427000,541
terra1tcr8yujuy7wqnyp2hefrkpkrdjc4cxwpe8xl4y,loop-mine,810009151,810009000,151
terra1gtxdk0kw5ls0we6em6xrs7r06wqsvpdr8ez8r5,loop-ust,10876566,10876000,566
terra1mpfa4ltfl4d8xm2s2mh6kw2fcvxdkk6vmxfdg9,loop-ust,28675653,28675000,653
terra13ax77fyp2tzk9f8j7300m0wq2jnqcj7g6hg2ty,twd-ust,1984585198,1984585000,198
terra1ytl720fxgq4r85ljjp4kz7hq7gn2a66u7m4c45,loop-ust,8533628957,8533628000,957
terra1t84aptetq39u5sqyy0a3vt9v37ruvk3ttwzdlu,bluna-luna,11949556,11949000,556
terra1w7y2pngss8nryt7kkqae0tpvxd34tj69c5dsy5,loop-ust,9692999,9692000,999
terra1jql8yckr8vgjjkm8u2pw0s8e9ngjmen2q2rk7t,loop-ust,11647777773,11647777000,773
terra1dqeqeu3rsq344qvnzf0v3av4jk49k3rmyyj3tc,luna-ust,182398032,182398000,32
terra1lyeag3p2r4gvelhju6uszkq79p33h6h3d5kj3m,mir-ust,170144116,170144000,116
terra1z66y9672ulh5hhaa9t5nwhgra8retxn29wkcad,spec-ust,462265260,462265000,260
terra1fmlqg5m38juf9nfe5amuwjlqv8h84xqhsajk3s,loop-ust,268672472890,268672472000,890
terra1xtfw3wp5uygkm49rdlgp2p745gev4zfuf8f2lc,loop-ust,3221992195,3221992000,195
terra1ggu7kunqecncuwmv82xtq0t4e7t44we5getgqf,dph-ust,2761135,2761000,135
terra1v637kmuusnv0vf0lrpzd0lm2v698chshzwm2an,mir-ust,1298306,1298000,306
terra1p473c78yx9ffhuacksmrplmtmnerht99h47rnk,loop-ust,41119681,41119000,681
terra10lwmun98vpv9fuup2jnjvwp70a9778ra8tqjpm,mine-ust,2302788380,2302788000,380
terra1a7wz3fsul5exnaary759evja622lrp032e5clc,loop-ust,150391492,150391000,492
terra1l843h8a0x8at2v0tuz7hmhw0aydydqugqlvprq,loop-ust,23072801,23072000,801
terra1xf6uhnye8tu5uvra4r6z93jgtcy3s58vzrh0e4,loop-ust,30670262,30670000,262
terra123x3w3gwgmffss33ygywcjhktk4ay3fvjdxv9x,loop-ust,2297268,2297000,268
terra14jaen66smpxzlwfhm80xk53al6spdch2073syy,aust-ust,13485693455,13485693000,455
terra15fuqw7hfx2hr3yel6mhzah7ayqklracv5p2htl,aust-ust,53701973084,8948000,53693025084
terra182nvy05hdxzzw3hwf83taklcpjtp944hzkk6ww,loop-ust,10489633,10489000,633
terra1gy2czgl5av2p2k7fdcdqagaxh69et44pgsm8ek,loop-ust,1836538,1836000,538
terra1pmcus7jzsngvfkrc2rxf9ascd7naply0r3eevv,loop-luna,71005436,71005000,436
terra12p8kf00t8yk27clqmztgqxdpfpg4mhtmw9y8f6,loop-ust,10012052,10012000,52
terra1zf62hrgxze9hcqjuqjk8g9xufjzzkjpmv0whk0,loop-ust,109828759,109828000,759
terra1wh9a25sp83eq5cls8xc93qdm9wejz4c0m5vv3y,loop-ust,24969300,24969000,300
terra1rvzk9j4m3klvksshlvmwgufhx5qw4zv0xs52a4,anc-ust,85551501,85551000,501
terra1k77qmvnltqj9ket4zs2wrkvd3436xllurkpzym,loop-ust,15884759,15884000,759
terra1ndvqtnskhgv4p5fxrgc94sh99ff0dnq9mdyvsd,loop-ust,507648485,507648000,485
terra1kqye2xyz6adw7k2360cd7vn4ettkv9u3c0qj6f,loop-ust,5303471,5300000,3471
terra12wg6fxhmv695gd0qwu5pn48kyq7rzqf6dzym5l,loop-loopr,1422993550,1422993000,550
terra1m6dr572h3h29ttvzd4rj93c54lmml8xnyrz4xa,loop-lota,246375975,246375000,975
terra1nmn3vfhdhvkk9e9x6h2czp4ul55cvs2h8a5rw8,loop-ust,1898214372,1898214000,372
terra1qhhn6xumzg6rnnwhxnkw4uldep39yu7vle80cq,loop-mine,10587744,10587000,744
terra1k6zaq2gs2czyfyj7gjkv7jc7r0kd4wtgvf0wdn,twd-ust,293357684,293357000,684
terra189z4kmph7pvweq5u8835v4gkrhwt4pvl2zx3al,loop-ust,3870302,3870000,302
terra1yv64hr6pgy3m8hkgxp9ygnalg0qf3aqwkza45p,loopr-ust,32459172,32459000,172
terra1x52ehl7vln3y3z0kdl5h06ylgp9gp2stme5fmj,loop-ust,11324581,11324000,581
terra1dr97w388e6fp8rasep6x6tax7w568ydsfw37x3,loop-ust,5483510,5483000,510
terra13zkkd3nelprv9j8lhkh9qs6gfc3aw34m6uw6sl,mine-ust,735468847,735468000,847
terra1f7kkujqpjauhkv3yrna7zrvz8tk6d3dydw70tv,anc-ust,449502895,449502000,895
terra10nqhg0wupfk4fzftsch6zh82tx00dmgqpqaer6,loop-ust,4959886,4959000,886
terra15rqaek2uktp0v9a7cm5qfwvsk0pfvpe9c8rzlv,loop-ust,2490140,2490000,140
terra163s79lsyshez835nn2mq8lvpm53vxtenjhsuv2,loop-ust,8450067,8450000,67
terra1l4pzuvlrn4axre6fu3tk27hnvvj3kckxl4tsg3,luna-ust,473530,473000,530
terra1a0rhmqnqp3wfzcrax7yvpkvvthnmazqpw2mvgy,loop-ust,85541780,85540000,1780
terra1dwn4rfcuaypss7w66r4agupf8zvlajwjplfugf,loop-ust,94237961,94237000,961
terra1xq2uy89rgpj2u4dwg0xu0pk0fwsk0dj6nlgjuy,loop-ust,322065016,322065000,16
terra1y0eljafq4ucl4qglcxad0nfvxlky29ga4jem83,loop-ust,41813371,41813000,371
terra17v2084d0r4ft3ljxktenjk95pnl34dq8247ddm,loop-ust,8828065586,8828065000,586
terra1acyw8uw0snad9nt4mgygd6fg037lm8xp6pr2yz,loop-ust,17985804,17985000,804
terra1k4nvrqaww6sj47lcwsa0fwz860t3q4gk9ukfmr,loop-ust,5958896,5958000,896
terra1k8w50vht7vcs03jyja2tu0tta2ttmukt2wsuuq,loop-ust,5842986,5842000,986
terra19gmsstzdnwmyr5u7ya3fln9kezyf7e3p5wcmfd,loop-ust,32127693,32127000,693
terra1pcxpyv70ma3qhzfddy4cadvh2mq4q8gjlw88dl,loop-lota,1537318517,1537318000,517
terra1686jguvtg8tycqgjwe5qz9veruvrrvdjxft5xv,loop-ust,8840923568,416000000,8424923568
terra1jz472kcaq2vtef2w7h0fm88g6lh4ns3l6vnnww,loop-ust,903251,903000,251
terra1s8kgz0f0ssc2g20dujdkpugj6luznt9rmltyu4,loop-ust,53413054,53413000,54
terra1a8cz2wf47n2s5k0sc963ewgwz3y677h96enf3x,anc-ust,2868104060,2868104000,60
terra14mmjc85cegr7dnqhmzlnatm2q4rvz8772pnw38,loop-ust,7250253,7250000,253
terra18t3ylavfpjw7npxdjcrh3nu2auhjrr5jquzasf,loopr-ust,11211354413,11211354000,413
terra1uk8nxyx0rr3myt5j4fkr88g7z054a92sljqp8y,loop-ust,29434246,29434000,246
terra15dm2v4d5ag3wpru5adprlxzathkaudyljz4kzz,loop-mir,7453558,7453000,558
terra1gq9y7gmnt90prnzetsg95sghwz7e7wzvy3vp62,loop-ust,2654429,2654000,429
terra1zhjhuuu9zuptqyrjwc6vlspx8l9n5vq7rl9j6l,anc-ust,8619970675,8619970000,675
terra1uy78ruyxr39tpuz75w5fpe0u5vx39pxx5qq5h5,loop-ust,27407852,27407000,852
terra1202amn2am8swq8klgv3ryqeujf7pru7n98l7ng,loop-ust,23445608,23445000,608
terra1wu9elg987xxgp2x4fefljum6pmd0n09judqm5p,loop-mine,995274825,995274000,825
terra138axlnu6erfplkq0ppxxp75p4u93q7mser589p,mir-ust,146992483,146992000,483
terra16dddjrhxukvjr3nqn0yu3nq4sayrppgpkdxyd2,twd-ust,639058006,639058000,6
terra1ah2d26z0kxgqskh7yzwv0k462yzjd0ujwzsuuy,loop-loopr,3028959497,1372685000,1656274497
terra19zly5sekcpaykeczw886uwphedngzfx7q3pz6p,loop-anc,16701333,16701000,333
terra1vmc9xpmlfqxdqyne0y9rr6r22lhpvyr26hnl89,loop-ust,179623060,179623000,60
terra1jjd3h75japg77r23eefwg8td372jdxsupr7t2l,loop-ust,4217265,4217000,265
terra13vqlfe0lf6wukt0nxy49548af8eqxf02d3htap,spec-ust,5227325,5227000,325
terra1ke930n3yknamw33tftsan6t9tlrwt64kht7fdw,loop-ust,48913795,48913000,795
terra1380v000rspymwm7wagsrwg6pnfvw3lvmjd89fj,loop-loopr,6526983436,6526983000,436
terra1rxufkmpjhpl50uvczhqjssg8udk07gkrgh7e0d,loop-ust,290687023,290687000,23
terra1cjsaws8l88t99jw04h3ywsg8hrd78405pw9jay,anc-ust,87451682,87451000,682
terra17zw5rl6c60fzma26ezy86m69et02w4xdfthhps,loop-ust,13119555,13119000,555
terra1kyj6fsw8f0s77vzs3t9qna7vqczt6y679gvlf6,loop-anc,101544001,101544000,1
terra1fqndcev3p5hhd04ht8wh7u8ryr84wwc5qnwmpk,bluna-luna,906582,906000,582
terra12suq6dhrk7ujuxpmfr825ysygssmsswjd53y9e,loop-ust,4058191,4058000,191
terra1fx25ffvxnl6d7esdpef85uh7ysjpk4p5l7tkfj,loop-ust,52937654,52937000,654
terra10vp93nn374qpapuzjg60t0gncdwl6k6n05esjr,loop-ust,11139171,5750000,5389171
terra1g5lewfx2u2hguhhhqsc0hvnxk06pygr3lkrrnm,loop-luna,2533686335,2533686000,335
terra176czhktzhylrjrwcyed3z8t59yg5y9aaxm2srq,loop-ust,760291658,760291000,658
terra1h59hphet9gvdarr58twppla0qcln5g26w9dkyh,loop-ust,283384757,283384000,757
terra14vmn368r6sxrjc2ywh0u8pja7huh2v8f3zv94h,alte-ust,565113471,565113000,471
terra1pk4qf3kqpwr4xgj88ucexvdyrqypdtuv9xxn3h,loop-ust,72827209,72827000,209
terra16w04k270rf0gt8t2v7ar7uqp0x3t9x9za70tph,luna-ust,978786515,978786000,515
terra1lketgf35y7rkzy2f6ft66ljk9crt7snae7vhc3,loop-ust,120502283,120502000,283
terra1zxdj9vdvzmjf8uerhr757w4qhc8qdj4thl4tzx,loop-ust,186245715,186245000,715
terra1kuk8s6mgvd5y992anh206v26nl4r8yr8pzm9hr,loop-ust,16293609,16293000,609
terra1w9navjz5zzljlmwf5ncfk7erga850aht2k0czc,loop-ust,30537747,30537000,747
terra164l77z2wd73mnfq9ppmhf5yaut5uuh8zxf645a,loop-ust,119922403,119922000,403
terra1vgplj8uwv6ccc2w8fwj7va6cec6csxtcac625x,loop-ust,138439089,138439000,89
terra1l72xv27ez68v0swe9ha29txxgcple89dugyhre,anc-ust,2689661062448,2689661062000,448
terra1x64g7ctekp0638zapqh8susuhyx3f6sfv3z96z,loop-ust,18183956,18183000,956
terra1h84l7frjug4c0kgc4mvkn0yj6mjdz25lnedsz6,loop-ust,1248176558,1248176000,558
terra1sakee5fd6fdpcrpc3kwwy69x5vw6kleqp55j2z,luna-aust,206959802,206959000,802
terra1uxrz5ql82ft8fzwcjv73upttd8a3r8xqkt6v4n,loop-loopr,1807334519,1807334000,519
terra19yx2yc90gpt5sv6ekeay65dskdcfpatqwntref,loop-ust,424743077,424743000,77
terra17cyfd67kzxf5q653wmwajgumnkctfde8qua5z6,loop-mine,15831308,15831000,308
terra145clc845dahy7yjtxl9ru567kv0h2e4a56d0ls,loop-aust,394285295,394285000,295
terra10m46wakckuvs00m24qezy80hxt2xm27agv54sc,bluna-luna,818766,818000,766
terra1km6pe4t0s7fcmfhzxna7z70p73puujtpw6378c,bluna-luna,198823760,198823000,760
terra160lml094xruqkufvapdm6j3qph8ppkrjt2m4dd,twd-ust,3084430574,3084430000,574
terra1re0yunaydlcgdel864dmjgyq390cuflx6a65dq,loop-ust,628740701,628740000,701
terra100pesppvy4utsvalwxqlmfrm68rv0qek2pajsw,lota-ust,6194149,6194000,149
terra1qhz2r2dk8hl97dlrwe5aapqehn382qdgl6fe2c,loop-ust,224903353,224903000,353
terra199up46lqkczjfrxjrt4ztdcktcnn2hv8y5zw90,loopr-ust,219716660,219716000,660
terra1kjg629a47muxzq3qqvk3a9y29x7f90h4fvk4pw,loop-ust,9044959,9044000,959
terra1ml7vd8a3nagw4lsrd9svlvcffc95z83c79uakx,loop-ust,19842558,19842000,558
terra12w84exy5zvzexcexn2wm4e5tvu4xtg0u5ag74p,loopr-ust,6527601017,6527601000,17
terra1hzlwwdealynspekl33wst8lx45fm2uysfgjn3j,loop-ust,1432022292,1400554000,31468292
terra1lcgxgr9ls8fwrq4nnjlvh83zk7xcl9hv36sng3,loop-ust,7572785,7572000,785
terra1wdyr7zyf07stj2e0l29f0yl0n3kanurnzlnzc8,loop-ust,86288421,86288000,421
terra18ad26l2l36qy5y3d0ekp9mmc9wdn3mrsrrvtld,loop-ust,90800882,90800000,882
terra15rs5cqkvls0kdzjny02pkwm3px6gt5yqtz9a8a,loop-luna,7737866928,2500000000,5237866928
terra10tfghzr3td8hcmgn4nfyhnyzpnllt9edt8909q,loop-ust,9024536,9024000,536
terra15z26reafcjksqlykhlum6n9euexuqkxvxd4vzh,loop-ust,17518017,17518000,17
terra19wd29aerr6zz5tmy40qhqj7j75kjjf2hzfrn0j,loop-loopr,2207427873,2207427000,873
terra19ahvlxyhh4knfudy7kq3975cdmjqufun9sfe6z,loop-ust,565970487,565970000,487
terra10me8tt60w84lj50vuknezv0c98a25gy9ggduka,anc-ust,413266908,413266000,908
terra14azt27v0ktdsv394jje836wg2d6s68vzvvse9v,loop-ust,1829927082,917603000,912324082
terra1wv64xsyq44ny9yeq9ncfnfwty4yfsvemsasdmp,loop-loopr,23309141899,23309141000,899
terra1djwnx2wmtn3d5tjvh9eq9xvfmy6a7s8j0ppqaq,loopr-ust,12151189,12151000,189
terra15mrs4z88tr0yutl9d20jlawhw33g6857jh7w6l,loop-ust,108017526,108017000,526
terra174asatckexwma7hku4rwjfgx5y6gxfzp8x3g2s,luna-aust,693252718,693252000,718
terra1gv9e8k38qd8pedg3q579czs3d5gl58t8ltmzcn,loop-ust,8279887,8279000,887
terra162rdv5ma6l753fp5d7pfpf9f4ayr8yxdpewazd,loop-ust,10700714,10700000,714
terra1kjffls0uva7jwu35h77gl27j4w3zk0alxmahcx,luna-ust,10711329,10711000,329
terra13lhenxzg8gpmrt0rctkgje8hz78sv2pdzzlp0n,loop-aust,1266027378,1187983000,78044378
terra1ncvddg7msaec0tkeeaekrnn0gcxafwtvvz30yw,bluna-luna,5137846383,5137846000,383
terra1hgtaeegz50c23t3atw3t37dgur05cy9x2q6y74,loop-ust,1268312,1268000,312
terra1we732kt9tus8rzv44ngp320kp45uq04cpxzqa4,loop-ust,28475332,28475000,332
terra1c6xjs4h3wrugmkrv752arvxeyhmahxw66hqd2d,luna-ust,5972604095,5972604000,95
terra1w852k2kawpwqkuun05p8gp30q6u0zph63laef9,loop-ust,6555316,6555000,316
terra1rt4dhcjjjcmxqy2vnj3vjvqmlw76d5atdlr4s7,loop-ust,41756502,41756000,502
terra1nk0z85fzu6x84ccxwm8m63zshjhxq7evpeqcce,aust-ust,4081198970,2550748000,1530450970
terra1lshmhm6wdr9d460d0pt0jrq0r6jmx4tm68s6xs,loop-ust,10511255,10511000,255
terra193stf86m5x0ak35ke7kx959ts0jasxczkr0j29,loop-loopr,2007576867,989326000,1018250867
terra1v0g85znh9ntxz077yv0enrz55vhfylwx3py7cn,loop-ust,10249070,10249000,70
terra1wcgmsmyulyvnlkwacn89wq8sd5cf3pyszf4l5e,anc-aust,15105265930,15105265000,930
terra1kqhftcw464wvj6sn08q5q3ahs2empswr57pp3s,loop-ust,21943338,10000000,11943338
terra1d0j95x3kuwsqy8rzp5xd3j6enu3lw50e69xd2r,loopr-ust,150782424,150782000,424
terra1taszkjxln97jc9cufyj40yzhqfx7w390tgw6xd,loop-ust,219257743,10137000,209120743
terra1hq5xa4nj3ac9l2mcqqfnhe3lrq0m2k638llg8d,loop-mine,16540680387,16540680000,387
terra1deyxue29t6m2dlkmwmyekf3ftdm2c2dfyxx8nc,mir-ust,56305802,56305000,802
terra1klnk6avlwg0xzw5p2ml2a7sc9pksaxv6g808p6,loop-ust,23100396,23100000,396
terra1wkp75gfzjsqfqdq97lplf5tjsywt550p23jz55,loop-ust,56369400,56369000,400
terra1y27s6xz64e9wt5vgr2nfx2nvv687p3x0ttn6xn,aust-ust,865132853,865132000,853
terra1kpdv6cnyvfhrpmde6dtcu4j08m7waz4xsxc0gm,loop-halo,15737132353,15737132000,353
terra1lxc7kvk39yn7vsyaa5j28km53l6rr3904tpye8,loopr-ust,36010105,36010000,105
terra1kut2vh6t2afxwxkw0458rrzjfjsw0z2dwzg9qu,loop-loopr,2974890250,1637234000,1337656250
terra10nz6q455cs4rwgzq7rl630a893j53n4zd3605t,loop-ust,291325811,291325000,811
terra1vjzslagtres50rtqrzazj9ggwvwzwje3z4vja6,loop-ust,8868295,8868000,295
terra1e76vtwlz8kez5typc5r6n35sgdzcv6psz9wqg5,loop-ust,142337142,142337000,142
terra1ljhyy88c7epkz33mpq6s5msze7ts0js5nqzt4p,loop-lota,33672225,33672000,225
terra13z27h0v7qtz77rrnk5ve5wfyut0dx8c68d532w,loop-ust,5508568,5508000,568
terra109mjlzrgvtmllphfedm7v8wy7yvgr5e0zkukra,bluna-luna,158942,158000,942
terra14dx5gp4cchn048pvr8uugaxftlk309xczc9rd6,mine-ust,2666025009,2666025000,9
terra1tszr8s78nfm4huc940tzpxyyu5f2ffhuc9x6wc,loop-ust,12618258,12618000,258
terra1a20pshn3s3jq4da674dnmldtz00tq70xkp3fuv,loopr-ust,25300670,25300000,670
terra1vh63rmzcy9pyc0s9mmeumte7vz4wwp4mkh9x8t,loop-ust,11160358,11160000,358
terra1lelcfx70072d53a2rtxashky7cts05d0xcxlks,loop-ust,8040946,8040000,946
terra1xwj8e6t8sunwt0ws57agt6x4xqjzjz2vk5zgzp,loop-ust,9627782,9627000,782
terra18hyc5528xvt0vvuwxldfjvqucs70mn0gjm6zar,loop-ust,17551837,17551000,837
terra16u6k5m4nf06fuvqhme2yg4d7wmwq2fu6q7xh55,spec-ust,68303897,68303000,897
terra14qjrr8rd35qr6wf4edx8hge9tcgw7zunxhdk7u,loop-ust,19680797,19680000,797
terra1l5tv6degj2z03u0xccf95qe3sa2p4zezm5l3uq,loop-ust,957753441,957753000,441
terra12nnk8578uq5zle5q8t56ru9yx3lp4gl8uqupfz,stt-ust,69390757,69390000,757
terra15682c74v8k38gks006fll39k850tf9xaju9k9q,loop-ust,16206300,16206000,300
terra1dpyswv4h7k6twn4c2v6rx94c97h7u3vykmnlml,loop-ust,59824099,59824000,99
terra1ez07ceg6770xlwu2mlrxfu4fpyc6xal46vk5l4,loop-ust,82024367,82024000,367
terra1uj8lprc59a97q7veftcacw3u0kxxuhew7zlylz,loop-loopr,4115315924,4115315000,924
terra179vftwm6lsuzc4fzt58pecgelfvgag4wa28zy2,loop-ust,94166369,94166000,369
terra1k42pc4kt0227atraaxtnwkzd83sjj550zt26m3,anc-ust,347430289,347430000,289
terra1yprah498zg7dg79e5qvu3g763sm9lg8z23xjpm,loop-ust,26384580,26384000,580
terra1ek9ndx28wr0r3a5zrtk2uqa4gruv0l0fcnwjwt,loop-ust,1785687194,1785687000,194
terra1p0rvutvay4vnhqnrlw3g2jdqzkn4tky93mc0ke,loop-ust,830932847,830932000,847
terra1q3x3nv55xctrt4jx3w4ktmfmx3f82c0dhd04vk,bluna-luna,450511301,450511000,301
terra19emj7a28r85xr4yre8jl6f6gjevrj9l8muc0n9,luna-aust,201691670,201691000,670
terra18tz0zgf7ym87ulsgd0q5j9dwu7l8rx53yehd7c,loop-ust,216442266,216442200,66
terra17pssnheylxxvva6c7actzkxkzpcj2ju9ru475f,loop-ust,3997406,3997000,406
terra12xu4c3upwxgdxmw5khayra4nrewpc70vdagal5,loop-ust,11674683,11674000,683
terra1up4462z55q0wlmellptwegyw95z0z0shguuvyu,anc-ust,260268441,260268000,441
terra1c6ufqapzygtsmxxrzu53q6z5vmwf9x34m7sktk,stt-ust,7137869,7137000,869
terra10lywjh9z9acz3ts4uewdndkzw3jza0fj2a8yzr,anc-ust,142969964,142969000,964
terra1u7837p94uzw4sptmasfzyxdny0dww8emphggjp,loop-ust,7083168,7083000,168
terra1scwmrl27m8vd70wsfdncugdj7284savmwyl3yj,loop-ust,21367779,21367000,779
terra13lm20nwwcpxwdh6289ukl370ej5pu25mnzv3ym,anc-ust,14167360,14167000,360
terra15p6vlf47lteq936a5vawyw890nefmnm4vhkmrw,stt-ust,56330869,56330000,869
terra1zy72tgezq47zvqj63utj9v4znfhhtdqp0z68cr,loop-mine,1065977575,1065977000,575
terra1pqwu6n9p9mgqqf8fw6npzhjq4kz5djx6kdv287,anc-ust,20962641,20962000,641
terra1thxgvxky8tks00kwn44z4gaht2tvy6dejqux2j,loop-ust,902832731,902832000,731
terra16pcv5qmdg6ym2ce0xz93gfeyn9enmyt66xcc8m,loop-ust,57214803,57214000,803
terra1mhgmvdutddvahx965jfqk4k98kxppql046vc7r,loop-ust,24026957,24026000,957
terra1gdtsmjs3cjpr044e0d83mkcl8g4vdqje25ucrd,loop-loopr,496757367278,496757367000,278
terra1j5sdraprpjzpv554p30vcfe3cpcv6h6npgghg6,mir-ust,4077283932,4077283000,932
terra1ckkmyfsga6khqcl6sy9ncdxjs279ektx59py3c,loop-ust,79587027,79587000,27
terra13nxtkm3y6elyuapq5ceysz7smlqzdgljxr9lm9,loop-ust,128341134,128341000,134
terra1x66k53sz5h6d4uu9tdvuygx6m8aqnewr3352rq,aust-ust,133651676,133651000,676
terra17gfm20xrvjgjksyw2syej244q5lp38jjgllyc8,luna-aust,484634518,484634000,518
terra1y2cdnng6y76f4ayzuxvvga48u4hg6qsauzk6y6,loop-ust,129510216,129510000,216
terra1lkcucnk7uzywscxkdnl3yre9erq0404lum5ery,loop-ust,139515830,139515000,830
terra15pktcsks8r867jpmpp747vc74633wwcdkvkmzg,loop-ust,79167297,79167000,297
terra1xu86vl4660eza86s3levmpcqtlgl4ux6p2ksg6,loop-ust,60910305,60910000,305
terra1l7sv6akluxucsauqsgn6y5w5w83dkkev0y09g6,lota-ust,11842368,11842000,368
terra1uuzqtdrhsekrh7mv8tq7h22a5nr7epmydjm3cg,loopr-ust,1376877712,1376877000,712
terra1auazkjugcyfsw9v7vzlxd0jxxqkkzdtlsuw33d,loop-ust,5718428,5718000,428
terra1fcs2v6uplkhrfnjzquujunx7d5w29mk6w7vr37,aust-ust,54788702,54788000,702
terra1qy97ua2kp7d3crptm9739ut2ujs8vj2kmq9vdx,loop-ust,4719520,4719000,520
terra16uggyp78cn3x3f2h65lywawxp9pfn4kfnvysqp,loop-ust,14723576,14723000,576
terra12dcj6500k0yz5v7l037hgjchyx3ax622ww7gdx,loop-ust,17308087,17308000,87
terra1sz3tqa5hxh4nuec0j60ugt52a35af9wusndqns,loop-loopr,74376429,74376000,429
terra1h6nhy2sl7ltqjmz89l45pt28dkdamdlxlp30vr,loop-anc,55054769,55054000,769
terra1ujgvdeqy8w36slj9x4ntgjpwe0lr6cnhud57rf,twd-ust,27733491,27733000,491
terra1z2g830s9mr9e3leesum7jqxun7a8dzf5jec430,loop-loopr,4427254737,4427254000,737
terra1aqdp80kwthpyrxlkcn6ef5348yvudaxau5j5f5,loop-ust,698367955,698367000,955
terra1gcr7tcdxa3nawtper2xkzp8nkrwwjpvqr3at86,loopr-ust,67450429,67450000,429
terra14rklcw90k72egefyuu4sy4ullwwec8s07ec5fl,twd-ust,140727978,140727000,978
terra1k42pc4kt0227atraaxtnwkzd83sjj550zt26m3,twd-ust,89115916,89115000,916
terra1wl5pwf2jfpdvnxqs99fhdsk66rrrde0pw85cjq,loop-ust,17536793,17536000,793
terra17a45q0dk243ferzzvzm7cju4twv0rtrrlqs6m0,loop-ust,1374851,1374000,851
terra13f6aeqhmtrmeflnkwaqyq3hgvp3yp0p5uf6u9y,loop-ust,1012537855,1012537000,855
terra12mud6t9clq6y3havcxfqxg7mkr767c405k97lz,loop-ust,523703716,523703000,716
terra1esc434nf8elfezh28jxjqspvg9va947pv8f55g,anc-ust,56706583,56706000,583
terra1klxazgs7kmvsu8l0qzqzh9fhpfcqh9u34fmaqx,loop-wewbtc,8632101,8632000,101
terra1sy5cqq7n3un6s2y33ke87mjy7e6fx7el7wnrjs,loop-ust,1077681826,1077681000,826
terra19ktuuc2le3d95pag5dv9k6exzkynqesejfdxjq,loop-ust,2196349,2196000,349
terra16w04k270rf0gt8t2v7ar7uqp0x3t9x9za70tph,loop-ust,1207357516,1207357000,516
terra13cnvnkcn87ntywqvd345ep3aklffwycq3eetta,loop-luna,2197740499,2197740000,499
terra1uny3j2hzxtk5ggv3kle52vxag9m6m0r9rd6nsq,luna-ust,3408272,3408000,272
terra174g2mchny5qmrdqk3w3afzl2g7w7d3msxhas54,loop-ust,3615502538,3615502000,538
terra1vhdlf4skxgcexal7qwnpgcwkn0fpmqr05ajuud,loop-loopr,2824714735,1268327000,1556387735
terra1kgmtlk50adervqq00jmv8pydc2vgys73hvvvyv,loop-ust,62297143,62297000,143
terra1vkkucakksr0lnxv3mdhykle0sj0vwalfekmkkd,lota-ust,59605204,59605000,204
terra12kdhyehs7ttmt4rgc6zha0gqu0ly4y24kwu234,loop-loopr,12471598737,12471598000,737
terra1vqnz3njyf7v703pkf94fd5swjx4p5h0n2vgzfr,loop-ust,4203861,4203000,861
terra1dduh29vepyxjgk2eae8zuuyrlkfst8rmfgdt7t,loop-loopr,124356649,124356000,649
terra132klqrjk0mzg4f46j902ftehtnuqj5xt93rj3f,stt-ust,22777003,22777000,3
terra1nt0aqz790nm6wtr8xr53kglexddt29zvjx4q7w,loop-ust,7058063,7058000,63
terra1j949f8fw92kuvz504wnszuz49eewdye73q33e9,luna-ust,279901557,279901000,557
terra1qxsrl9vs7uer9q3juz626qv2lccajg0lpd58j2,loop-ust,168796459,168796000,459
terra162kt3ja8nwh7kr2ed67y054g42wqfs8ts7y4ee,loopr-ust,235277308,235277000,308
terra1m0mwvphfp7xf0rn58s6w86hh833fctvn56qvqt,loop-loopr,2359802595,2359802000,595
terra1hvw2mg4zwr6ejx4g3ygkg950ddxtuu5atlr978,stt-ust,863457572,863457000,572
terra1gwlm3yh5l3qstjfnyh26ze6rh46hjgjceyrwrt,loop-loopr,4691591659,4691591000,659
terra1uzmggtd9aqk2fegmpxfa4azaq8tt6qxwvm6qr0,loop-ust,308066858,308066000,858
terra1nd5f8ecg05w9hqlscwegdecsmw2ckae4fw4lg7,bluna-luna,2995954501,2995954000,501
terra1ghwj22cm7r08n3fux0lg7xvy9uc8z9s0y4uw92,aust-ust,6609368,6609000,368
terra19l7el67kx7g7gqfhwtt7zsjcsv300axwc7ghzk,loop-ust,54640912,54640000,912
terra1vghwgcyhsq4lhw5wmhthnj9028vy37v0y54xw0,loop-ust,2465849,2465000,849
terra1894n2ak0ngt0htyutg9r8ceukp5686rknenega,anc-ust,1163779709,1163779000,709
terra1fnzxzpwh9qyl3uv3dwl57gx2vy2ha2r99r0slr,loop-ust,202178248,202178000,248
terra13k26v8a647mfjktlc7gnvj8kdf20uqjunzwewd,loop-ust,80876757,80876000,757
terra1v9ezsja73azc6225wx0qvt3catjwrgqpczmka9,loop-ust,86941475,86941000,475
terra1v6lqsg9vv6eywehdgw83ymj3wtfckglr6u2lnw,loopr-ust,126355668,126355000,668
terra1js52c5hvpss7e66szp2d50a6gq72c4xqlf5pql,loop-ust,94562656,94562000,656
terra1rfd0fpdfmx9xhycs2vcljtq0qrn2u4kr9cyh9t,loop-ust,5491205,5491000,205
terra1lpfag8uf4cncvsu9a229a7rjt83x3nr3xr4mdw,anc-ust,418110655,418110000,655
terra1y5dszk3k7a9333uhyj4jrvkj0pvta3yp257z0k,loop-ust,120337264,120337000,264
terra15537kv55p8cme0nhjdy933tzndk5qk3zh7quvs,loop-ust,18874685,18874000,685
terra18c7386d7tz0a93vgqzkzc3gxryehq97m8schqt,loop-ust,42124191,42124000,191
terra1dhguukpxatk49u378kqlzgh390hn87krdmykvj,loopr-ust,578269043,578269000,43
terra1vrxdd3lkv7vf3hw4g5puajzusyngf0jetaf7fq,loop-ust,12962077,12962000,77
terra12kyuy4sqrjwxpq6z5qp4rn6qhh0hd8y23g49lv,mir-ust,2963721,2963000,721
terra109mjlzrgvtmllphfedm7v8wy7yvgr5e0zkukra,loop-ust,103623115,103623000,115
terra1zpgvf0s5apt62jq4ysljq9spfv8vxyc6kgv88u,loop-loopr,4777967707,4777967000,707
terra126epyapu5dgs3xuvmwk4mglvkqr5efs7y5ea7a,luna-ust,80573972,80573000,972
terra1rxz70flpqt4nmpyqwu86tuuk39rz0tfgnd9ajs,loop-ust,8858779,8858000,779
terra1fmwwuv4nnkqsstxkv9d7w9d580duqhmd9dh7pm,loop-loopr,135977651,135977000,651
terra1yx045lgnf0296lzh532sxzy5wq4d0l8jlmwkpp,loop-loopr,446400016,446400000,16
terra1urj69ssfxjgwhzp8u4k9ak7yr380rze5s5y6fj,loop-ust,9535497,9535000,497
terra1jhk48vq34zq2s2u8zuw2632utp8p5w3l6f3cga,loop-ust,44130511,44130000,511
terra1u67rs4ypy6xscn23t4ln3d598tcdpn473g03xj,loop-ust,13448524,13448000,524
terra1rtv7lpa8f5snwx88pdkdprndmyz2333ucxzh2s,loop-ust,24626757,24626000,757
terra108x9wu3r4wyljl69fl54xtenecgqe6a5a2j34c,luna-ust,47369104,47369000,104
terra136rmjldh8vh9udtmltlzpksyfl6axky4ynh3x2,loop-ust,427178414,427178000,414
terra185r6wzfda2d7t2varuy434586j9lx645rxpju3,loop-ust,160290876,160290000,876
terra14gen047t0qtpmert82mn5k22dyps4ehqps9u8j,loop-ust,9070555,9070000,555
terra1n682qg77uepjv93vmmypxrg588342sj2kvek39,loop-ust,871089807,871089000,807
terra1gds0kmwdw52mn43xrew7vvqm4l3w9fgl4k9dpr,loopr-ust,70753240,70753000,240
terra1v4emycy3amce68yvje5zadnl3xgrgkenyrvcyq,aust-ust,306433144,217159000,89274144
terra18c3gwl3pw5m49gr4vghjs55lcjjsgdkru8yexj,loop-ust,4478698,4478000,698
terra1ky6vqmhdeeznsmqhnpqc6nzqeljcftd3w4vxx7,luna-aust,33363124,33363000,124
terra1v9nnkynfhwjw2lzr7uqpz2vlrmq2sdk799wswe,loop-ust,644286869,315230000,329056869
terra187rpv9wsw0dnhtacq98q9hnk28cmuqy7lgrv0y,loop-ust,1499333183,1499333000,183
terra17fp4kpkanffndd7c8zps574ygy7hxshgqljv55,loopr-ust,131887190,131887000,190
terra1j6684s2zv2g6adru4d5t37pyqh2l9xaj6qc8kx,anc-aust,168055537,168055000,537
terra19y3vwqe54x7f42w9d6ymj0x2l5k33g7pprj5rn,loop-loopr,1269973773,1269973000,773
terra1p0m7lxsv3zxnugpavv6ud7fn9es8plwzuyggd2,loopr-ust,1141540664,1141540000,664
terra1nksttw4klhjsgj04r64pk89xsruz86pwav2dxy,loop-loopr,826251268,826251000,268
terra135amjq5wtrfhqvgk5pyk49k9ja32thaasgyugw,loop-loopr,3267610261,3267610000,261
terra17c0rnpkf5vgxmed0ycmlrg4f42zm2tdsz36ccs,loop-ust,2748837,2748000,837
terra1przpncwuh993x2s6ent6656py7yx0ep8n9nty9,loop-ust,98776067,98776000,67
terra17mjxcanhsh9tdt2kaaud2h0k2nypvkk3dvh437,loop-ust,424041415,424041000,415
terra12pm5d0hckn3k5pvy2w5p4yq6nehafqpdr4qkwz,loop-ust,8696211,8696000,211
terra1d5jgne000ya7mmqvjjm7rzs8ddd8n8vvpr4wrh,loop-ust,201696635,201696000,635
terra1uvujk0juekjwjf9hwzxuccqrghj5hha768gvp0,loop-ust,774301316,774301000,316
terra158ajgf53qjv8xavz68qc6puax6aaywuwfpxev2,loop-ust,2908791,2908000,791
terra16w04k270rf0gt8t2v7ar7uqp0x3t9x9za70tph,mir-ust,31204574736,31204574000,736
terra1scud09thnmvcwy48qp0958uftx2srap3gv4ln0,loop-ust,15083760,15083000,760
terra1n9l7p799tx2w66kv8tr3vej430zxc28tm99r2f,loop-ust,166008384,166008000,384
terra194gps2gl3nruyc8mtsl9ur3vucgmmr2fzlzv8c,loop-ust,3061370,3061000,370
terra1n0yp7g75zydgud3nux9act5eartrseahksxhzn,loop-ust,345810747,345810000,747
terra13edrja5mu3qnt9dyucyjh66w7kre3gsdgm03xs,anc-ust,178406231,178406000,231
terra1xwlhygssjl96kufnevlunazdt2uxe7asnyuxxq,loop-ust,16769815,16769000,815
terra12a08q4acqvj4vfz623uur6yfyy20c2shfxj3fx,loop-ust,15770642,15770000,642
terra10nyrjkyla0k3x98ze3tkaewdyl7w4ze0yedlu8,loopr-ust,18907952,18907000,952
terra1zp78jkhdhgmrngzv969tuu685v2w8w6w4m4ddk,loop-ust,12485682,12485000,682
terra104twfn3zcsk2fqe5ktkqkfly0asu8k7r6z9lzq,loopr-ust,131387796,131387000,796
terra1e4qffulhmgajndtnj708mxyd5usd2pppk43whe,loop-ust,51359599,51359000,599
terra1a3a0ahewutjz8a5ttg2q6sd28zq7u7c3mk02r9,mine-ust,1918709147,1918709000,147
terra1d0fh978www09a3y6ghn5u8ugxdpwsnrgf4zgad,loop-ust,92172916,92172000,916
terra1zqwrygcswdq49x5t67mlufnh6s79lpknrn485a,loop-ust,17153696,17153000,696
terra1jedpqrxar0qch9p6af86uldu2lj75urhkxmp4g,loop-ust,16543560,16543000,560
terra17wxxl93lczpxrz6ud036maajv5f5nmw5uh82vj,loop-ust,621519817,621519000,817
terra1crt2xlpe90g6mxzlu52k54jw4f5acu3yc587pr,loop-mine,39187027,39187000,27
terra1q4cfursvqr95p3xwq5pqffr3xxq8d0pckjdz8d,loop-loopr,456140391,456140000,391
terra12ldjjthdlcm0u5a29jfuaak8t0nyvn9lc5g3r3,loop-ust,115629818,57882000,57747818
terra14rhxm5szhwg3rdzq3yc46vpjhqfsfuupn92yfc,mir-ust,42583775,42583000,775
terra1xcj5gzl2xj5n85zndt5nqavu6fadqkhzs25g6d,loop-ust,32510378,32510000,378
terra1a0s8ya7rn524a77ppkpv58qs49fmgj0tejwugq,twd-ust,138196131,138196000,131
terra1vvk90jum7s5krnfdw6q055x4ghamy4l3d3dpj9,luna-ust,190926578,190926000,578
terra13v036rkzx3ez2c84qkjkal9aagvy0e0lwne4yk,loop-ust,15445321,15445000,321
terra1ae5gh4aflfv4fq6zpug2gjg67dn9reznwcgq2v,loop-ust,125430073,125430000,73
terra1t5z2mwql4uplc6gu4p5xjtg2fddxldq8203eqh,loop-ust,3743151,3743000,151
terra1zyxs3x8ugrc4rntj49s8tldg3w55cg6d08e8ua,loop-ust,2506716,2506000,716
terra1mjxrdua63kg09xrzv633308g93gcgzznyyczcf,loop-ust,93900959,93900000,959
terra12xdrtw0j4uvzmcnkla8spwzm4jv53gevuexfc7,loop-ust,103841944,103841000,944
terra1g809xkyxz0z7hqhpckss3qu6v4r9d4rupmll76,luna-ust,1333524925,1333524000,925
terra12herj7fmre5hg05cvdqu9w5kp2zt9zr5gsrng7,loop-ust,28776290,28776000,290
terra190saptvj0tkq53v343mtmm4m4cw9p8ykgtn3w4,loop-ust,409360578,409360000,578
terra14k4846780k07tcezgyd2d7jae8e7grp2ezf6yv,loop-ust,34610480,34610000,480
terra1ktu7sclq07cfh6sx5up3y2me7p8ky8m85jta97,loop-ust,80630993,80630000,993
terra1ax0mr30fwzn8nypq8090cuvljmv0vjql5vujcj,loop-ust,82482880,82482000,880
terra13w09rugtsmqaxwucnvm5xjh93s9cj6l2ra57pv,loop-loopr,24584496786,24584496000,786
terra1g5ntrj32fw3x2fzjzfmgyu3qw56ylxpccsnemh,loop-ust,87804610,87804000,610
terra1vaertt8mrv053pwelww7gatxsr98qrtll5jka8,mine-ust,8932130,8932000,130
terra1enn34c7szas8g2eeq52dfkckpce6hjhp7an4xe,loop-ust,489395874,489395000,874
terra1d8szu34h88y09hd3r9sqp89ujv58wgfhppx7pl,dph-ust,12461215,12461000,215
terra1smace6pdlmyx63qcyyp472pvgr0zed977dhd7n,loop-loopr,2157191411,2157191000,411
terra1t9yh953ly7wy59e0q0ftdt6qc9j523xffv7zfz,loop-ust,1774762039,1774762000,39
terra1yc82g75aa2ql45h03sgj6a99syuda4w4myw3de,alte-ust,2475422615,2475422000,615
terra1wgmtw082476lax4wh35xsvhsac4x4a9zgfkuwg,stt-ust,9939329,9939000,329
terra1zc05nx5q7n2x6pj29w8wmdzgc3y34sgqj8edmc,loop-ust,114047658,78152000,35895658
terra1pa4gmyl9ajwnrzr0753ex83cgwed7pul5tvldy,loop-lota,71363809,71363000,809
terra1t5y9lmy52ayphdrav5jvf89g97d779x060ya8h,loop-ust,22281678,22281000,678
terra10zq7888d34nddyepsywg89s945l7298s0t303z,anc-ust,137588803,137588000,803
terra1ujqdu807f5yd0fgn908ls6m70ne2hp2kh7e5cc,loop-ust,141165474,141165000,474
terra1yz8r2x9sz49agr4e7at6vss2fgflpvjsk3z430,loop-ust,15919689,15919000,689
terra1yvffysr8cq8zaxuuh0gnjleznghtzz4sx4ahud,loopr-ust,11926976,11926000,976
terra1xzdgdheaa967x79h2zjz0j5hmrhxleq5esncjl,loop-ust,11656625403,11656625000,403
terra1yka0z76apmu8aq74eknqjqeut92j4dngn95yxm,luna-ust,157092660,157092000,660
terra17gt7ek6pkzupnnhu2ajg5a2p9x774qscaz822r,spec-ust,182674439,182674000,439
terra1v0j5rn5fmskxlf6jrrhdx8pj2kp0204m4346dk,luna-ust,53307772,53307000,772
terra1trweetlzrmdx09nuuw70k83g6l3uwwcmaqpqfn,loop-ust,31870851,31870000,851
terra1a4mz3g5e0u26pknu3nyyh0wdqzfry4ucq64dqj,loop-anc,897025229,897025000,229
terra1q9j94p6zdqfz9t3sh8zkj3558zzwgjqrwj06l9,loop-wewbtc,87884313,87884000,313
terra1tm5wlztawxgkzmr7nrhfx5yff5n395xnr9jr7f,loop-mine,2148310937,2148310000,937
terra13xhsj4l8gx7t9s53mh5hnh8qnmzkpv54yu9ve2,loop-ust,4331813,4331000,813
terra1a354hedwkvnjapjd7ee8w2z3nsnm4eqzesd57d,loopr-ust,142187913,142187000,913
terra1d05wwq6kfuwm95jh7lzraf39amzqe4qpexsevv,loop-ust,623040679,623040000,679
terra1cw64hyyn3jd9sm5lqyp9p9668z44e367mfxl22,mir-ust,10589382,10589000,382
terra1lk2ec5aqf9vuxgv4an0jqq4ky2x9semaw8cqlr,loop-ust,90259354,90259000,354
terra1j9sy0z5klfpkduzfe3wjtrxgljmkg8gharhvy8,loop-ust,301736326,301736000,326
terra15upjsx6f9x6zveggrjh2ta3jpfya9a2824f0vn,loop-ust,919376,919000,376
terra1eehdm9smxg3g77u7tsamat7q7ahgjnhj06tlws,bluna-luna,32908981,32908000,981
terra1wyjrkw4nhrykfd9f2verj7yqepqxq8rsuzyeu8,anc-ust,205724113,205724000,113
terra170sp9lhr9689lhwxv7hud5qgz26zlxvvnrl6kf,loop-anc,870961461,870961000,461
terra1km3qctygpa6mcyj0ur5l69y44ad89wrucmenp0,loop-luna,17829348,17829000,348
terra1klxazgs7kmvsu8l0qzqzh9fhpfcqh9u34fmaqx,loopr-ust,15213446875,15213446000,875
terra1lxf2899c2467tx864k5w0hp3s8slralmvqurdf,luna-aust,23492851,23492000,851
terra1hqnm9ejjahadzqzakz7qdyq327wps3jl2uyte4,loop-ust,2304971,2304000,971
terra1uhts2frppzs5srl7ygxpdu7rrlgsfkjn3jeht7,loop-ust,162153832,162153000,832
terra1d97sgqhtgjn8zrhnufv66ahf9vaz9vg6ggeld9,stt-ust,1181514,1181000,514
terra1x8g4qj6sj7kleddhluxf8rdaqd6dqd3arw0yym,loop-ust,5401780,5401000,780
terra1c994z0m5a297qp53twy04lgjfft8q2925wfqdl,loop-ust,19869464,19869000,464
terra195nppr339l2h7sj8an3gd3ftyz7064zmvhm6hw,anc-ust,546994984,546994000,984
terra1880ac9vc9raa03jmdp75avy625ues4hw7fmxgj,loop-ust,15554680,15554000,680
terra1jxv9gx59xwk2hhusevr5keyjk7umpqeg70pnnd,loop-ust,416093296,416093000,296
terra1y7nq0calpglqunxsavw7f9c55cqxjzvcer8quq,loop-ust,36182126,36182000,126
terra1yl7a2neeqsyrh4kmgjks0nhwx34r68ttve038f,loop-ust,24133323,24133000,323
terra17es0r8xar347n02w4cv7qmjawl4g8jxjvldxhl,anc-ust,12008060546,12008060000,546
terra1ymjvk7htxuhlmxv280fskyelmt5xy978e6j75n,bluna-luna,5029671346,5029671000,346
terra1hlm5d0rvtdsx4alzylzgmq3902uz0fs933zgtu,loop-ust,56213605,56213000,605
terra1wef5hkwnuuzawycw4yq57lnpjw4j256pcjnxkg,luna-aust,2857901022,2857901000,22
terra1ngxzz5xf4k564l9v3yt622372ztm4mfzq2ywq6,loop-ust,4550444,4550000,444
terra134yyh2ledl3vt827a6ccc7eqy8g9p0752783rz,loop-ust,52363551,52363000,551
terra1hgnj3yzj89rapw5sysc3qgdz5nj8vnt08e89u2,loop-ust,134407023,134407000,23
terra1gnm63v8k870lc5n3wxndkzhcumzljx6ez4hvyh,loop-anc,10311925,10311000,925
terra1hgmrztg98fvhwp3m04eptulrg0mvkka822e9n9,loop-luna,656463486,656463000,486
terra1u8j37e8l82ucthx574njxmuyqane2y9h0ewwxf,luna-aust,1222138248,1222138000,248
terra1ddpqrelr2y897q838tgp2k97c5nrmly4vqpn5h,loop-loopr,8418756207,8418756000,207
terra1trqghew4escth66ns7snzjckmnwwxh3z392zpw,loop-lota,66071188,66071000,188
terra1tawx5e5hvhkrc545tq8k0j36zf5xz40dl5mlq5,lota-ust,46376584,37389000,8987584
terra1j8ckzlzlg02azj79w028u2ncrm5rtzktmcpgtt,loop-mine,3027210542,3027210000,542
terra1kegpq49e9f9r3rccdmcjta0dsp2x3tz5vqutcj,loop-ust,490647560,490647000,560
terra10jhal9rpn42nmfttc90zt8g979hzh2rfp5jyku,loop-ust,324139580,324139000,580
terra1fp9d2y6gt2qz6cm4wrv7drqemudnnu9wym7zyd,loop-ust,966736959,966736000,959
terra1fgj8v2pxgq8yaup2xqz3hlsf6fh9lpurpkf9jy,loop-ust,934361689,934361000,689
terra1efffu4szqr28tvylvwmesef8vxahg2uprthz4e,loop-ust,5708393,5708000,393
terra1mxhh5c3fexqtexddm88r9hcv90z5ypcq7keqrh,loop-ust,1780517,1780000,517
terra1g7kceflclftrdhu9esp7q24rrwqxl2y4zr60cc,loop-ust,430379927,430379000,927
terra1lcydu4499ylve2vsg534xznpefht3xevev93xy,bluna-luna,78796664,78796000,664
terra1v6qytczc3l0v6czhz6wyl0g3ma40ydp90u5d5g,loop-ust,562209096,562209000,96
terra1gzdax720gwh4jnjzp6j50ljp3a5pnplkeyg7u0,aust-ust,981128695,981128000,695
terra1m8lv6lsvfcchp6xnem6c3cd2gluu9rgtvrpeg7,loop-ust,287742270,287742000,270
terra1wakdhytjpu5eeq0l64jcc5v7mfcy265kuancrv,loop-ust,4247362,4247000,362
terra1q8hj599ckfug4y68k39jg0rvdk5z6nycfyjmes,loop-ust,810785324,810785000,324
terra1k0p5flc2ltw38xtc8xkq3ylum4g4s77ny38ne5,loop-mine,960063974,960063000,974
terra1zw546ez22a7da6a32jaappznjnd0tmk3zeh0k0,spec-ust,2869756214,2869756000,214
terra1lrwy5wz2jzjnqzaxe2a6zqfera57s7d39wwwaq,loop-ust,9320677,9320000,677
terra10h0cwe9apqrnjll0grud57zlz2l3va9cxrz4nx,loopr-ust,49764618,49764000,618
terra1x68juvr59vzf36p9fp6r6ckzf2wty5fkc2wyqh,aust-ust,423691409,423691000,409
terra1afs4rn4f2430a3asn24qnyu0ulh6lc4r0xc50a,loop-ust,36249602,36249000,602
terra1hrwcuyx8k6pendpxkmrr0s3yk65vcke6llq9gl,loop-ust,5325959,5325000,959
terra1nlc5h5t24u257fs7k0hdr4d2dykdd8vulj9pm0,loop-halo,1060365957,1060365000,957
terra1m5lttj0jaykt7e8h45cc3u8yp9hfe0vkdtpc2q,loop-ust,25619407,25619000,407
terra1jfpnxpjhs5s28he7u3r32dcyhl47353wghpkqr,dph-ust,180170610,180170000,610
terra1ps8huw6lx383fzslc74x0apkzly75e0h685qvp,loopr-ust,5794147893,5794147000,893
terra1tv2gwne9vtq9w2anfgv3xgp7qc6xs6lzwfpt6x,loop-ust,26074331,26074000,331
terra1gss827hcg87xg7tdfwmqv5w73e7hzvnm0zqy4t,loop-ust,31998186,31990000,8186
terra1rnwwe0z6juwm476fxptvadkwphclxw8kc3ka5k,bluna-luna,870075,870000,75
terra1v8635czl3zxl0kep366wp7f2ywvnl5uwp3jvft,bluna-luna,25052813,25052000,813
terra1c6xjs4h3wrugmkrv752arvxeyhmahxw66hqd2d,loop-ust,1134786172,1072187000,62599172
terra1gska4qqs5qpw22hydxa06hjrk33pa47jkdm39z,loop-ust,17941959,17941000,959
terra1dka64ss9v8hasjq88ys8gllyrvxcevkla08gcc,anc-ust,598087352,598087000,352
terra1xfsz20637lv3qn442mflag9zrs0ru8n4n3fz6x,luna-ust,22668005100,22668005000,100
terra1yuqtz4sxedpw4n9undn30g5gwxvh7jy6cmajrq,loop-ust,758892872,758892000,872
terra1379pcpmtw4squzyss9y4rfltmj2f4l6vud93fd,loop-ust,105095387,105095000,387
terra1q9h72f2v3rtn29s7rl5p0uzalrf29xcpan5mz9,luna-ust,38939513,38939000,513
terra1muueuspnlgcyjmkxww8urdqvpnsxquplypxufc,bluna-luna,163888347,152994000,10894347
terra1pwjf94z4swqk6lkqs75gmpujlcvhmu20g8ac5p,lota-ust,28865922,28865000,922
terra1j9lapuw83rsajqhq6wh5y9859tcfydxa09sa86,loop-ust,14670966,8919000,5751966
terra1nq8rqhlreyjksupwmlj94efjfx8ped03qpgu9e,loop-ust,968674412,968674000,412
terra19xn69hjh2jqjjz48us8q5svnwcmedh64ewcxa3,loop-ust,30362026,30362000,26
terra1jkyggy3zsvqreckufqvsqjchnpradl4vcxvygm,loop-ust,209822167,209822000,167
terra1agcrn9hufd5mp04g4rxmatkl98vk68jkdush9e,loop-ust,81852729,81852000,729
terra19n7s6apv2fu6swjklm434uadsl63almgkgfvgx,loop-loopr,4061160181,4061160000,181
terra13sa5zhy5w2upasszcx8hepy7g47f3p0vcy756c,stt-ust,114454912,114454000,912
terra1686jguvtg8tycqgjwe5qz9veruvrrvdjxft5xv,dph-ust,29583486946,4600000000,24983486946
terra1z4vlpnfw876qavlkz4gxfjzlsqag220wjactqj,loop-loopr,20319462066,20319462000,66
terra1gk9rlhaqy0mzx2v2xvf3hjmxg7dg6czugypce0,stt-ust,107911159,107911000,159
terra1zz4lemv95jjnwjjpup55xgtfft43vzwfhkxafw,kuji-ust,283470701,283470000,701
terra1erq4yhncpkm3ntqe2qk3xkckeqhm6xmvr5whhc,loop-loopr,12933912,12933000,912
terra130ashzl6ejsml875ncr56mdm7r860f4qarr20j,loop-ust,1849997,1849000,997
terra1934lk2mphu229ze7sdww3aq50l883myw25mj8t,loop-lota,398721959,172645000,226076959
terra1wlljeh5l7gz9ss9fwk9a6ju0j5dnn3uwxv6g87,loop-mine,6913601907,6913601000,907
terra178wrtqqpnrp9zzwmm0m7qfsdq6fyqq02ns80s6,loop-ust,9518366,9518000,366
terra1c2xq9z8vcayqeuerteq502twqwev29pyj5yzqv,mir-ust,28829892,28829000,892
terra1nnyg82fu069c4zzlw4vxzm3fgeng0qsg8wqvf0,loop-ust,4971032742,3978916000,992116742
terra1t38zyday79cu9dch6emfslfrcedvcjfd8rzrke,aust-ust,531766362,531766000,362
terra13lhenxzg8gpmrt0rctkgje8hz78sv2pdzzlp0n,anc-ust,150190680,150190000,680
terra1majp2grpa8g6cx5munmauxcccrsz8s4rypj56h,loop-ust,1828671748,1828671000,748
terra1aw4jwya040a33rzt6082hhgs0ux66hxzdvmfff,loopr-ust,504128087,504128000,87
terra19p0vtpkjgxkm9yw63agmhzghnwq92t8k9kmspm,loop-mine,1224547008,1224547000,8
terra17zhw8e22ekrjlzag9s35kqk7emmzpet77jmygn,luna-ust,3597859270,3597859000,270
terra1whun4c0ktgq3247lvesz8lu6xl34lypy5uea6j,loop-ust,788333396,788333000,396
terra1eql6m5prcptw2j6m8g3f024qtg7vzzsxrsc8z6,loop-ust,1999087,1999000,87
terra1hn9xufxhgjvu6dfxksdztzpz57d05w3afjjylv,dph-ust,3526651643,3526651000,643
terra1n85k8vdagxj6x0n0udwzqjyswl0jq5kp6rjnn0,loop-ust,24002043,24002000,43
terra13txhmldhv7tczdn9yj0ua4qqfusmm7xvpnsqdk,loop-ust,129668697,129668000,697
terra1473tgyxd3dnajfptszfpje2jh6a6c225mtlw0a,loop-ust,1803469,1803000,469
terra1r36tj2jetzp4dmaprdl4smq9tc326l2uy6fchp,loop-ust,27848071,27848000,71
terra18vzc8rheh5a3hq9mfukl39afkxqk6csf8j6yra,loop-ust,911924552,911924000,552
terra1tnf0s9psjpltre0fmhgqkvhh27mg42uqnfr5c2,loopr-ust,23528879,23528000,879
terra1wu9elg987xxgp2x4fefljum6pmd0n09judqm5p,loop-anc,525507348,525507000,348
terra1es9k748v8m4hrmmnd7wrn83aqkxkadcl3hp0h3,loop-ust,287819360,287819000,360
terra10p3v87cwdxnvz99xgq9enn29l43eqnhjxm9dlm,loop-lota,70506953,70506000,953
terra18vyh6mq58zdrgpdg7hay8m4yetqmy5yuxnhz8m,loopr-ust,17769410539,17769410000,539
terra1kq5kcddxfvc9xt3wpcd7dgzmtpshtpp0mwr5tf,loop-ust,103232933,103232000,933
terra1h5mecaclknmmmjs6zhz8ukvpcd2z2yk63eq2qr,lota-ust,801187,801000,187
terra1wcyn4tgd8tpzn6l2gqz5drrd99ppm4qqu36cwz,mir-ust,55649543,55649000,543
terra1z7lucmrnvr0357zkvmkmcazngqggc0c8jvsem5,loop-loopr,4038059920,4038059000,920
terra1c2dpx9lkvp27xuzss7gynqd7stsdte3m8p7rj5,loop-ust,359151482,359151000,482
terra1lmczej6n7kpkkh8tr8cnlct75vrd3khpm8krt3,loop-lota,16663486,16663000,486
terra1fhcdy77xwmrsa84j0g9rzhsjuy6r9eceg20spq,luna-ust,14785967,14785000,967
terra159ze2lx7my5yzd8yjzrz2crtxdrw2n4u08fd4m,loop-loopr,789286721,789286000,721
terra1qs8p9g3jgngghpq7mt5pzw2rgy34xzlcm0dwkn,loop-ust,24311669,24311000,669
terra1aun4fx4fhm5p9rw9vsv7y9lr50vy9zdu02l0xj,loopr-ust,33289634,33289000,634
terra1q2x4d7ury3hn3gaxjpatesy4ckd5nh6u7srj7u,loop-ust,187062951,187062000,951
terra17vcuqvjx6a0y2l67t6pfrsv85uw6pdcmnp8p2m,loop-ust,128914673,128914000,673
terra15v6zprt50y8498f99mmhe0dzmrehxznx8phjgt,loop-ust,1073695,1073000,695
terra1x2yxw8xdrfajjr37jz2ltdphnljcyn7exu4t0h,loop-lota,46935580,46935000,580
terra1csxd5pdh09clfnhevrmek7fl57l50jv47ak8r2,mine-ust,4043049439,4043049000,439
terra1u3frr7x0rw8wc2dell6meuqfpgn7ju5j7exydw,loop-ust,151467981,151467000,981
terra1hclf0hjudsanp8qluhtq5ksas8zlkpqx069mxh,loop-ust,19415201,19415000,201
terra1jqf2354hxh5jf5mzzpykqdgjss7y4wlnjzq7yt,loop-ust,18753992,18753000,992
terra14akqj905hrg3h8vcajjygsmchjyp6c2n4zhu9w,loop-ust,41826948,41826000,948
terra1hcnaze9ugtm95j20w2n3l97p8u5ynsmpajkytm,loop-ust,114851017,114851000,17
terra1m9sh0xchqz7f0ua4rc2v4n7su8utmjqlg4vrmn,loop-ust,9170623048,9170623000,48
terra19hzqmg3l36wjxj5cjdhgr34qq3l306pu258ncz,loop-luna,31775269,31775000,269
terra16dpsu2ws4ml37cgkt7jh9ug8zhc47afz430z3z,loop-loopr,140927641,140927000,641
terra14zqcc8zzrsustsh03l3xyhzman3tne5nhjyjjy,mine-ust,5980628558,5980628000,558
terra1gh8cm5vkmzcpmyks289a2kz5u5pk7dxh4k2klk,loopr-ust,315785743,315785000,743
terra1gemgelsa67ault6zkmsaydu6zfl2x0j7qrdq80,loop-ust,468802019,468802000,19
terra1wyajq7pnstzr9e0mggu5fzsgcalw9atlxkrj0l,loopr-ust,69785209,69785000,209
terra100lf7nknl9ncys4g234e6d80nue8ylkl0j9p2e,loopr-ust,74322222,74322000,222
terra1acc39mgwhhvw33da6qxdaj7lap62k9ls584e0t,loop-ust,4990855,4990000,855
terra1kwppcxznvydujtpvfjnj8jx2pu7s43uwtvylm8,loop-ust,458983688,458983000,688
terra122les0es7nexaqemnkcfhu3sjvschd7l5yfq7s,loop-ust,1610689263,1610689000,263
terra1w8eaz7dxeqdg442ljx9leladfsg3kaflunqwuh,loop-ust,364969216,364969000,216
terra1ud7nw6tkgcduqsdj7cmqt5lejcl3r5hnzpnpvk,loop-ust,249878563,249878000,563
terra1xr0j66zkj405afu5e8jpeuanavtqy2waw89clj,stt-ust,129419338,129419000,338
terra100zzzaygcj7mcq3mnef9lu6lxjpkffa8fn8tqz,loop-ust,1058592294,1058592000,294
terra16s778r9pf4zne79quxvnyzk2d3m3293wzyk9uy,loop-ust,22653461,22653000,461
terra1c994z0m5a297qp53twy04lgjfft8q2925wfqdl,loop-loopr,156775310,156775000,310
terra1frk3cz5a7csyzjww6732wflxnw5nxu6kjcxm6t,loop-ust,2780167474,2780167000,474
terra1eadhwht6ur6elrwrnpm72rr8pjc5k7p4mlsapr,loop-ust,45465579,45465000,579
terra17crhxhvuvwg9emfh03f0aent2ze5qnzgxscp36,wewbtc-ust,483013,483000,13
terra1xlh6h8whxccrrvzfc8eeregz7n3akeky8dgq5t,loop-ust,21620012,21620000,12
terra1wtjfazdwh7d6n5k844dxv4gaz8qlk80ep2qqn3,loop-ust,593333790,593333000,790
terra16rspv5rvta9znztw3ufw02sv8g78lg26havt3z,loop-ust,42835930,42835000,930
terra186y9jz34ekghuhgve4w0r76myelug9499lumgk,loop-loopr,18138653217,18138653000,217
terra13xedcsd3nasmsvmdkv83qee6lw9x25glnplec4,loop-ust,289543631,289543000,631
terra1m07nhxys9pz5fmmgsd5x2q4l9zrerxnm0dmn0g,loopr-ust,292612052,292612000,52
terra14aq992wdnyg64gzag7pv6ky46kjnakexdpe0ra,twd-ust,567820842,567820000,842
terra13zxh59w60tu8qj2e3u9cdyrgghz3u9ew4hv7nv,mir-ust,3753210069,3753210000,69
terra1tkzkt4sl2uemquh9rkv4ylpyykdvv7fc8rhra3,loop-mine,466692437,466692000,437
terra1umyzadzcm6s97hnhkzt9fruk87sq29nz5puduw,loop-ust,160847418,160847000,418
terra1l4mpnxhvrca26ge5mt4le7uh8yvcknv4ar42lq,loop-ust,235434202,235434000,202
terra1av2ynjcu82zhsq77wxpjw6n55ktg6tacz98vvs,loop-ust,201607865,201607000,865
terra1fsym9d9s2enw74l4ymddxz47aykrrlzr0a7y76,loop-ust,5496195,5496000,195
terra1est0hs03mcremstu4x2ns8sqp3cv4nwunxnmvk,twd-ust,11259341636,11259341000,636
terra1wnyd54qkw0wcs28h5wc008p92rug0shev7f3h4,loopr-ust,5718725,5718000,725
terra1trztglxg7rlw5rkdg2pq73na0w0ne5e304kn97,mir-ust,526547032,526547000,32
terra1quazlxnx9gzm8sqrktrm3g0k2wclqfpj73uft8,anc-ust,3841499087,3841499000,87
terra1a8kd03ga227wlnr4cal8fnrfyey58tdd5rqt2s,loop-ust,26763810,26763000,810
terra1jfwa5qzxrgkchh22zrgwdjx2eqgw2j9z09mr20,loopr-ust,84732815,84732000,815
terra1h5rw86p7qqf2z8wxjpecm2c6rmty89lezszyjf,loop-ust,2887452636,2827836000,59616636
terra1w45nmwkk8s4cnl5f4v3ycevusc302jc3jaeqx9,loop-ust,9149629,9149000,629
terra1v0rsf0spahsgkccmfu9h8mvysp6w8yrwpm57x5,bluna-luna,3485409,3485000,409
terra13fh6yyk6wz57lm4je8skenz5m2tuj6wcjfc9jt,loopr-ust,45786908,45786000,908
terra1sfympgzx3zwfuac7zma5a03nxquajrl97mnsxg,aust-ust,1415567173,1415567000,173
terra1u8h0hx5c9y2dltlgd790q5gu4c9umdxaqwrl36,loopr-ust,30644736,30644000,736
terra1k6zaq2gs2czyfyj7gjkv7jc7r0kd4wtgvf0wdn,loop-anc,4166214655,4166214000,655
terra1y5s2wsu02ky3huw7yx9rsrw9ty0dfx563eets5,loop-ust,55709303,55709000,303
terra1n38te0z35xtkpelt9qejld0l0y7gmm78cu2fc0,aust-ust,4185366230,4185366000,230
terra1lsclu930kukl7h9sckx6fhnfpv564wf4y9lq0y,loop-ust,16219438,16219000,438
terra1jw2c528xmk8t9hsatjn7xavsv4u04z2md2qler,loop-ust,11228316,11228000,316
terra1894n2ak0ngt0htyutg9r8ceukp5686rknenega,loop-ust,2282971882,2282971000,882
terra1v0zcfan2spfjgngx3q8l9glslzefcn8ta9sgkn,loopr-ust,68631669,30000000,38631669
terra1wxgl72zhfe6375u70hqtpvzqgtzpqr7yg2xkud,loop-ust,106249249,106249000,249
terra1j04my9mqnv34y30fvf6syedqwsee6kg26747f6,aust-ust,4472105083,4472105000,83
terra1dtgtnc5lvnrek7kg2ywg2eayw6vz9lvffep7g5,loop-ust,167743221,167743000,221
terra1vxe9zamlshaegzqjt8wscm6zkn6em022e44ev2,loopr-ust,24688788,24688000,788
terra1jgm5wjlxqn9zvuzzn3dwu3tddse3aylm3jzcm3,loop-ust,2854586,2854000,586
terra1dv4s2q9c7lnh4tgrkaruwxp75awz50yxa6aaw0,loop-ust,90846229,90846000,229
terra17cs65r7vx7v9j4zzpnc2g2cdzg6m0sxa4fap7z,aust-ust,23495677913,11656792000,11838885913
terra14e6yeqz9whgp6q88wxuln97l4v5yk2es3z07nv,loop-ust,39473811,39473000,811
terra1truecdmp2m0z3vu5trv6j57ercqrxltlllq363,anc-ust,492571784,492571000,784
terra17xzdwvv83kzjppju7c5qrafjzz8k5jxca3txr5,loop-ust,281402604,281402000,604
terra1vxwdlrjkxnlcu9uwqlujqwmefsrqlf63dy2zux,loop-ust,19606033,19606000,33
terra1ymjvk7htxuhlmxv280fskyelmt5xy978e6j75n,spec-ust,724566807,724566000,807
terra106qrf6cttac5secgqtufv3rlv8fy4d0pnhplsc,anc-ust,9665491,9665000,491
terra10gp5f68nkc53qtc5hrsszl60egguueh0e89v36,loop-ust,13984624,13984000,624
terra1efea06cm0ajtdwvede079pchg656x02em4y9ym,loop-ust,4236860,4236000,860
terra1cyj8la6e3q4mt0265erplv6z5fd5yxgjgw4qat,loop-ust,189798967,189798000,967
terra143nl3cv60s8uyyg4m3a5se5vphv0wct6mpcadk,loop-ust,101906621,101906000,621
terra1xw68ug3dd5w797ywnhlqclly8vm9mhk2lham37,loop-ust,46935605,46935000,605
terra10gzms3pr092w9xplceqjj7lgrmz0phf9u9rgvg,anc-ust,1006259868,1006259000,868
terra1kqczwtsrrveyhmcnj2nev4psxhcn4495gu3hks,loop-loopr,8962863953,8962863000,953
terra1wggutpa9wkvv5x649s4m0y2gru0l5vw4azluel,loop-ust,45500397,45500000,397
terra1qeyvmljk4y6hq4vsgas2xgjhugx7p8flsxhue4,loop-ust,5494264,5494000,264
terra1m7lj92zsahdhc966k5cqsh7l8mh9s70ra84ay9,loop-mine,462348542,462348000,542
terra1swuv2tasf5x4gk0j4cnlvzs6s9qw5qyrlus3d0,loop-ust,33871072,33871000,72
terra1tqz90mr7qh78zwzhx83wy65evzjsr7zs3x6mpa,loop-ust,852819183,852819000,183
terra13gt36ufq87907y4yv5ds0wclaj3fsjwq3ayuya,stt-ust,3018933,3018000,933
terra1c4t58zf3aecdvyfsdpyss234lal8zpklsluf2h,loop-ust,28318581,28318000,581
terra1lduyfy6edek6xavs76kuew9zptul5xt9jv6ql0,mir-ust,183544889,183544000,889
terra1ty54ax0yddy2wh2kqy2hp0m8ep4ccjgmhrnrvr,loop-ust,15501476,15501000,476
terra1dg5w5ap5zdzzv0sjp5xyzd0ece8gnrq5erqweu,loop-ust,11384678,11384000,678
terra1nuen4rr2hc74scw46u5qlzu93y57u07awl5pvv,loop-ust,116758176,116758000,176
terra1d4ll7nlyhzj044a930xhvz2un4arvj3wyk3xxg,loop-ust,621563290,621563000,290
terra17cndv2978pf9wcystakj0drgswafrh2hqt4ysz,loop-ust,156386799,156386000,799
terra1m3ftapwxq975rms0tvkwk3r9a06s5et0wn3a8e,loop-ust,9809123,9809000,123
terra1xxzp7xz0fych0f25nn3tfkw328s73mqdafynw3,luna-ust,1721459,1721000,459
terra1lx7dyxhmgmlfwrl3ldnsrgck5g4p2qcmw375y9,stt-ust,10452597,10452000,597
terra1le8sw2z454qvsr7yvk2w2f5yqyshfdnd2qmdu3,loop-anc,4471160,4471000,160
terra1v38stn5atd66cy78v4zqkevrz6zdlrspjru2r5,loop-loopr,37075610721,37075610000,721
terra1e65w6k9ryuamng7d7edrphpefzpyshjg8yhz92,loop-ust,8488074,8488000,74
terra15ktlakmvq8macneruypjkzpx4pggksjagvjmj4,loop-ust,713531526,713531000,526
terra18d4r9z8skvyv4hfja8plf2vee5d94r4yvnye7l,stt-ust,20541988,20541000,988
terra1dqeqeu3rsq344qvnzf0v3av4jk49k3rmyyj3tc,loop-ust,412260972,412260000,972
terra1mu6gx7ct654a37zyeyf4ks5lwl0czl4k9jzc5k,aust-ust,12041121236,12041121000,236
terra14da2dn4ve2p6z6hug6wdj5c08w29t6sxgsej98,loop-ust,62304091,62304000,91
terra1km6pe4t0s7fcmfhzxna7z70p73puujtpw6378c,mine-ust,4812598960,4812598000,960
terra157l2zzuxknf6qcxgx0eyjspcmr9wt8r7xygr48,loop-ust,40372453,40372000,453
terra1ls66fngg0kwssnegn76qzhd6cgl7fq7kufcu3k,loop-ust,144330373,144330000,373
terra1w0sz9gudfshu9rn6qyv2mea3cnr2vx965a2xw5,loop-ust,22486218,22486000,218
terra1wyltjgu53kgu9f6dn2z8nvp2w7zqk5m0k452zc,mir-ust,26518378,26518000,378
terra1j340jhwrklnjceu0wmp9w6r2ffdhp0wxs4qjks,loop-ust,12842944,12842000,944
terra19mpxesyg0uz34cxng5vmmyger34srx3fc0vstg,loop-ust,89871159,89871000,159
terra1cxqh750sa0uztgw7mrzn88quq5zk82kupagcgc,aust-ust,11381196590,11381196000,590
terra1wef5hkwnuuzawycw4yq57lnpjw4j256pcjnxkg,loop-aust,16591778351,16591778000,351
terra16v5ukpw8y6dzq8yndcet7txddr2e08xlwdpf5v,loop-ust,46764066,46764000,66
terra1x64fjzsjk5mjszsmsn6l59ksf4uvdpucm0vffw,anc-ust,938543787,938543000,787
terra1hmaffnlsqf85r4pp3882rawyuyrdwplu2h8fu2,loop-mir,39725564,39725000,564
terra1swlptz003n5pem4df67pr46ethe8kwms60rygf,loop-ust,89015574,89015000,574
terra1hgmrztg98fvhwp3m04eptulrg0mvkka822e9n9,loopr-ust,10114968879,10114968000,879
terra199wml65w3s9dw88q3yydg7n564cjz3hh9ly3q9,luna-ust,66200520,66200000,520
terra17h49wc65ewmsgwn9rhk3clp5lkn9xuc0a23ldy,bluna-luna,170456178,170456000,178
terra195s3mz4d2zv9gjlluq8cf0arerqlg5u4k4hfe4,luna-aust,261977328,261977000,328
terra17ds8z2k7k55hksuadxh2qzt5ed3wf0t2zggk0s,loop-ust,567995004,19984000,548011004
terra16zvh5chj8kwztct2x5lgzv77q53jl7laz239gs,mir-ust,72187469,72187000,469
terra1vkq0j3w8c3qnlq45uc27hdq7zes934tuvd9qvx,loop-ust,14492630,14492000,630
terra1xyy7c0263cn837cymfnanjhqhy6z5axy7m9x22,loop-lota,413436847,413436000,847
terra12dnta4lp9kx7yexer8xl0ym9psfupyyn69246u,loopr-ust,14393038,14393000,38
terra1rx33ghdq7lr9jff3wch02nu6jq65pym95yrqqa,mine-ust,457136686,457136000,686
terra1ne5wnhlhx857zmrm5fr9e6mgy5lv5uqppr8lym,loopr-ust,696582551,696582000,551
terra1ghvxr9dt3uzf2cntry736zu8956hvv22zr4gun,loop-ust,27405741,27405000,741
terra1ftm0a729rdeplquqjak5sjx44pc37n7fa40ehg,loop-ust,328002932,328002000,932
terra1s9p0p2a3ryarfevdw405vugnx9855h5phh65d0,loop-ust,7486295,7486000,295
terra10kwjcuc2ndmr754dfe0t3q3jtuplxn5n2w72xm,loop-ust,579311820,579311000,820
terra1rj37ymzcwegl35tx3m3mgcuaxwhkpdewq0rxcs,mine-ust,12185023124,12185023000,124
terra14uajy759k0l6rddhh5jhw6e0hn22kev9wu2lzp,dph-ust,29318410,29318000,410
terra1gy04wy6g4vu8a4n9rfs44rj5r7kd8p2dlxewyj,loop-ust,84920344,84920000,344
terra10qdt964netzczs5hv34nctqfd5vv5q6muf3mmr,anc-ust,1143845936,1143845000,936
terra1mx7hh8ptzyx9xtkdtuganrtce2h2tnk6zzefme,anc-ust,632945742,632945000,742
terra1f0y2dylt5nzfk9ahqrkm8ffdnfq56t0ucm4rjs,loop-luna,185019416,185019000,416
terra1nnsznls0ve5ddc9nv03r7naxpahr88hx5vhqdh,loop-loopr,119209277356,119209277000,356
terra1nxl0t4uvgvefkpq23q3wah5xc29pj272jjgrys,mir-ust,217168,217000,168
terra16z9rw9q4x3m67rsd4l9ulyym4g2a4lvvlett37,loop-ust,25740728,25740000,728
terra1tscq8tmkgjygm2uwhqvys9zzj9rud4qjgu2aa0,loop-ust,3082205,3082000,205
terra12fx2exq9sw0qazzlt4n9gpvmg6u7smmhcjgu9q,bluna-luna,30242921,30242000,921
terra1etm48whqf4vqy7n5c5d8vzm3f25stjlu7upm3r,loop-ust,401252947,401252000,947
terra1gr8ptdy0kl44zz4uzl3s3jf5ls0fcq699angmj,loop-ust,10325036,10325000,36
terra1aul0a0nnssf6zhr4vr4rqlpsjmswk9n494g3q5,luna-aust,1184047804,590957000,593090804
terra187rpv9wsw0dnhtacq98q9hnk28cmuqy7lgrv0y,loop-loopr,138846118950,138846118000,950
terra125qy977vjm68alm44an4tk3ar0faepm3qngwe3,loop-loopr,6034721634,6034721000,634
terra147wyc54drnndtn8z0pc03ge0ecmsx23wsfjs3l,mine-ust,1095659456,1095659000,456
terra1e4x3gl0nz78lgzxxh2t3k3h7wa47a3uwz3sj6k,loop-ust,177098779,177098000,779
terra1pp06rmwvngcfxwpf5xskl0kjxclcc6lj9y22py,loop-ust,1883634,1883000,634
terra130tmnwllvc0u620222umc67h0clehfp8f2skwh,loop-loopr,275618532486,275618532000,486
terra1us92clqs0yr3evtsyvq7cgvd7pvwm8qxcph88j,loopr-ust,1565617447,1565617000,447
terra15xnn5f8f6fszp5fz7yzvhy00mgsdvyd8nz0xjx,loop-loopr,3017209991,3017209000,991
terra1jl6892dp2tqau7h3lyy4ekd3jccgttupsjx9tp,loop-ust,28224290,28224000,290
terra1e8lan8h25yn865tqqqdqvz57pp54u0eelryryj,loop-halo,116930658,116930000,658
terra1paetxgszz48vmksdly6cqy9yd7s04z7mlw2uev,stt-ust,86470152,86470000,152
terra1fpqsw5yw7qmad9lxhnn9clgq78nlxeu90gp9g8,loop-ust,393780091,393780000,91
terra1ehp4ll48x9phx3gfuczkzpw7s2nym9c35n9yqf,loop-mir,347369654,347369000,654
terra10puch4xawtzqgvja36zxlve8qukfrlkkm8vkxj,loop-loopr,226530664,226530000,664
terra1nsq25qxfamjgunhnnxq5ycndsglxw0rjj0teg3,loop-ust,3788115,3788000,115
terra1j5857lxsljqp842rrshqtw5a8dcakyrtdteal0,loop-loopr,209250121339,209250121000,339
terra1w5zephkc2cvr8r4dktkxa6c7mkfz92e746wkye,loop-ust,27923572,27923000,572
terra1ysjpln7hap4km7u4q9g8xsyf0t4344q8kjxsth,loop-ust,8904164,8904000,164
terra1sjs6ylal0362hmsy5huv5gl8298pj3ksuqsntt,loop-ust,255467024,255467000,24
terra16pwh2rzc3ljkaas04ewtgt47vvze00l6yt87x0,bluna-luna,35479404,35479000,404
terra1q02t6x062xkm6e0e0m7kddntfdfplcryq4uw0j,luna-ust,532152415,532152000,415
terra1xqx9r9cavtg4y4yhl3lvfgwhyn4prz3hlxspqs,loop-ust,306746314,306746000,314
terra1l5v06uc7h2dd5jjpkqq279p57k4ar9q43gktrn,loop-ust,349233103,349233000,103
terra18cqee39gu7mwvxuu9e7rsny4lym5c7hq83fcaq,loop-ust,59526500,59526000,500
terra13rge4x2cjkgmwc9k27jat8a80sefe5q6nv665f,loop-ust,3190462,3180000,10462
terra1v7qvkgakw3gx8x0quepsrz29k327v5detw4khd,luna-ust,1283462649,1283462000,649
terra1asfd3wuc7t495k0hae0p9qj8dw0u747vzudaw8,loop-ust,235809720,235809000,720
terra1xewsshzn56nvdhym4h6hrj0j5k2372pj8azjh6,weweth-ust,155310,155000,310
terra1j5e5mqu0a8pcsnn22chettt9wjvmqqxmyjmh06,loopr-ust,50188846008,50188846000,8
terra1pu92t423k6mzqxzwh2lxjw38gn8rsgcrm8jr0j,loopr-ust,64551003,64551000,3
terra1wyqthhd4ux27cu3rzhg8vklcwjh2v3ay9xx5ud,mine-ust,5547178171,5547178000,171
terra1mjxqrnz7tcuvz9s94plv3df5yjjvpnznvsn9p2,loop-loopr,665693675,300000000,365693675
terra1qlqh287tvupdaxs5sgx9jy8swvgshpydd8yl5r,loop-ust,25948539,25948000,539
terra1y32xppv8t56lltq6cjur3w5h0tv0ucxfy9w4hk,loop-ust,428582322,428582000,322
terra1tzq6waajgcxrurrw2ujfqj54nz9zp6w930s500,loop-ust,23171952,23171000,952
terra1m5lttj0jaykt7e8h45cc3u8yp9hfe0vkdtpc2q,loopr-ust,193244710,193244000,710
terra1a8nxc5ck9rwl0nvcpjmuqrslzmnkqwz2ykvmxe,loop-ust,34030439,34030000,439
terra1wckpegm9r5n0uuwg7r8e8ztj42maddzfeseqc6,loop-ust,11041820,11041000,820
terra1nw6ymqwe9sm6pkz8xg9g67njqugy000fvxl4lr,loop-ust,9493207985,9493207000,985
terra13n6cxaf2e77hcxlk9y4hmjd5sjtvjujh3frt2w,loop-ust,3864403418,3864403000,418
terra129d033vck5mqq0pazcyrdhl6rylkhs2wr55x75,loop-ust,34708072,34708000,72
terra1hgmrztg98fvhwp3m04eptulrg0mvkka822e9n9,loop-lota,2789450878,2789450000,878
terra1fmx086nq5thck3l6p0jkth38cs86e3duq237tk,bluna-luna,4964942,4964000,942
terra1at8fungd8qxf39tgpr06yn8emgzuqrj604xxls,anc-ust,4803716357,4803716000,357
terra1tez9t9wx4h8nftgjd9mguj75fzfj4cu0rjs7ht,loop-aust,409845163,409845000,163
terra1lryswp2t9p8v04vulgzg93c3tjwxvwau6746d2,loop-lota,1157506,1157000,506
terra1859pg5nw7hfd87g36q349t23wkjvd50qhyeu5e,loop-ust,12119335,12119000,335
terra1truwaxrhnd8k93gvmp5gj4qahwadlnepzty4p4,aust-ust,917479091,917479000,91
terra1qg2a4uzntn0n6865ty3vzmkd27pdtjj2t96zlm,loop-aust,438682855,438682000,855
terra1qp4usvz3m4x4h7msw77ku9rlg9j58868j8pguh,luna-ust,2374716461,2374716000,461
terra13skjxa36a2678waqh2fl72gvehl4z5cau7yduu,loopr-ust,185389012,185389000,12
terra1zrkxslpm86ly0869w76gwh4deedxv9zmqlxf4l,loop-ust,13147041,13147000,41
terra1umz7727rnnyxyy0jkl83g94hdpyg9pv0v3jzd5,loop-ust,8381786,8381000,786
terra18wup0xwm5atth9leamw6fs6kxyeld54prh7e9m,loop-ust,100452597,100452000,597
terra1ndfyhzv5f87w525avk3lvlsd7dvlx4e58zp7x7,loop-ust,168448363,168448000,363
terra14dl74y6hfwtfrz9g60dgmjsmm7t4g2vkts67hz,loop-ust,343708262,291860000,51848262
terra1ynz3nlp72s0twn79amn0ju2jfgzuym86a2sq5x,bluna-luna,2422448,2422000,448
terra1hedgnx2uszmzmnf9hsmyr6detv0jup62n6nlpt,bluna-luna,3349404,3349000,404
terra15ztm2t3dfmukfddd6rnxmun40fk33d62l6wwcw,loop-ust,1447093349,1447093000,349
terra1tq7r46av085ycj4q7v0d9aa78kd396q98xn2ap,loopr-ust,2199265411,2199265000,411
terra1s39tmytvl90a4t44jm7zeuhut5h3a7hyyuka8z,bluna-luna,13529487,13529000,487
terra13glcuvtq09tt0n5g9tam9seat8v4h2eryqfxmp,aust-ust,4267125594,4267125000,594
terra1fe0ewctm7w4m3l63v7dtjd7lpq66zlum0732kn,loop-ust,53585959,53585000,959
terra1724z7dn2frgn0k0nwr88dzuljcyy8hq2q5htsu,lota-ust,82987845,82987000,845
terra1k2qypqen3xtg20sqwzhsqq6p3tsup54r86xh5k,stt-ust,118106797,118106000,797
terra135670r69pwfw7rc587qs3yh7rwg8tafcj4hfdw,loopr-ust,22985349,22985000,349
terra1ycea0dy4utt4jzk3acn5pcaa4dck3jcaw7589d,loop-ust,85040547,85040000,547
terra1zrpvtq4sruztxs927suc4yjv49caj39r83436w,mine-ust,490613697,490613000,697
terra1h5qs243yv5n3g7uq0z29z3s26uwmdw4x3u3sxj,twd-ust,5395805819,5395805000,819
terra1rq9vkv4hyeq4827hcat6dmz0r7q7pcgw79t2cj,loop-ust,228817691,228817000,691
terra158vrp9z7a9exettzc6d78nt8kedr3f0vv20rge,spec-ust,280853426,280853000,426
terra1jrz4t4h7g7aqjt207xnhmwfmuq9vaspuwv5msn,bluna-luna,200165123,200165000,123
terra1qr8x0p79r4t3mgqg2huqvrveu070vlydv2e6p4,stt-ust,4472513,4472000,513
terra1zge63dnsgatzw4v7m8wa7pkkzxw6zek7rz9v58,loop-ust,3562263,3562000,263
terra12hk6j3970944l2hlpycjqy5nw936wt6mu8ecuc,loop-ust,27523468,27523000,468
terra1zy288ey49djp8gaq9rcp92ceeca979smr5sexx,loop-ust,2705800,2705000,800
terra1858fevyz0juxhh0dhhnlfgylrzz6pyyudglet8,loop-ust,185594816,185594000,816
terra1a48yzvwwuv74uvm5jzs3j92y9nyhac2temjqmn,loop-ust,58561379,58561000,379
terra1wsprntq4vrpqgp2l9z6j86r8vd0g2p9twx9z0h,anc-ust,120503406,120503000,406
terra1tuhlnz5gvcstx6yl4eslqtnf0n84k2vnpme8fc,anc-ust,1135670411,1135670000,411
terra15u5hrvm35yhg363zrtvhzy8krxaeuajry929pw,loop-ust,101404760,101404000,760
terra1flapleqwvcdxuqcu4f6r3xswgq2z9wrjkvrese,loop-ust,27582775,27582000,775
terra18t5x4e2cahul7mvcd6l5gytdxqsqynmhxmzmkn,loop-ust,51384893,51384000,893
terra1up6rqvaj8uyw4rtymcrla2xm02kjg6xp6a9t3p,loop-ust,3314630252,3314630000,252
terra1wungehwcex0kut372g3kjvjerk8030d52zhq67,loop-ust,387923960,387923000,960
terra1pd8x9f80k37hfj5gpsp6veq2fsfp6fstxcgjls,loop-ust,74286551,74286000,551
terra10cwhys6wrzkzt05usc3yuutg3v3xnchfez88sr,loop-loopr,22293976025,22293976000,25
terra1q7uqx43v3562w66ugdr9nvm2252ftvdd39adf8,bluna-luna,18068451,4815000,13253451
terra1y9gatggal35hvvx75m27lxfc29xnrgg6kte9zl,loop-luna,3647853,3647000,853
terra1dutdc5rnrywrrnqc4n7wm2zaxslk6cmpv2260h,loop-ust,12934211,12934000,211
terra1ddjpxqj6gv6t6cdst2l39rqhxyclxwuaah7fav,loop-ust,4964485,4964000,485
terra15h5qsxpqfcldcm3jncwdhk65cm5wfv07lupslt,loop-ust,178958462,178958000,462
terra1xkvazjk65wsh0v2hex94kt5g4d3tm65z956ww3,loop-ust,4739487,2750000,1989487
terra10ukjf4wdtpggta7js8taqerfnmxntymumc5qy3,loop-ust,105113044,105113000,44
terra1kxkjfwqezktsq7nct7jz3ctllvgkeapj508x55,stt-ust,23471024,23471000,24
terra1kgmrp2rdwwxvjh7t8nxmr6gdzm6z7v6w259nvz,stt-ust,70367549,70367000,549
terra17dhpk7vyza64dklfh0z4y7urrdwxf6cehwzwwj,loop-ust,46430016,46430000,16
terra1n4vlcydf0wwra3gh0g0ff5u33x4g3a4d77y6hv,loop-ust,1478893066,739384000,739509066
terra1z9m5g55hgtuwwk3y279hxfapknd026lexvfnx4,loop-ust,3408100,1973000,1435100
terra1aeaz6k7m40at365klxn8pkt0pk2ul9tnpem7mr,loop-loopr,25957887819,25957887000,819
terra1pqqvn868dywcxa4yfwm0mgtfsvmyh8gnlggy4h,aust-ust,447942976,447942000,976
terra188nwmumfd7puk63yyer6204a0ncs40qjzq4mdw,loop-ust,85368226,85368000,226
terra1ls86dkvt98dj4qt4nu95t3hr34p7cgn38hjkuh,loop-ust,52798164,52798000,164
terra1lxc7kvk39yn7vsyaa5j28km53l6rr3904tpye8,loop-ust,18118723,18118000,723
terra1jcfvehj8rjn3fmuc6avzq4c0hleg85hxp6f0w9,loop-anc,56247158,56247000,158
terra1r3j6xus7swqu285rp9kajj2vmh9cx945q08sdf,loop-ust,8944530468,8944530000,468
terra1hu58nzcuzj3arl75lq94dns0pt269vgc945mag,luna-ust,342751520,342751000,520
terra1w2dfkfpxzldlzpu4eenax0982se68wzt0yw6q7,aust-ust,764477959,764477000,959
terra1ksxyrl5razp8ju0q0su9ym5rggaxzumdll2p4l,alte-ust,389386050,389386000,50
terra1phc7kqdfl7wtx576ljx47286vtp6dfq52djlq5,loop-ust,4324127,4324000,127
terra1zz8fl5t7czmvn0cgyyf4f87tl5hxzghpr2c3g7,loop-ust,81661098,81661000,98
terra1nvs88c45euqgzgsa8a4jvxspke03e85g44jceg,loop-loopr,113407793,113407000,793
terra1zlszngg35xmhzyjlzj8je52h3jdf6axstjptyl,lota-ust,198635888,198635000,888
terra1a5cah9rtjed62zqu0rlmhgklw4t2u5angnphmu,bluna-luna,441666,441000,666
terra1q52hfajytumzy834fr9s9h6lmxnxhrwg5kj09s,mine-ust,224078999,224078000,999
terra12j3wtau0fu88fvnarjwc9kvgel36cu66ku4vgz,loopr-ust,641272065,641272000,65
terra1ynfvr22snnmm3ykcfl08awd9gsd0c59acxgut2,loopr-ust,251216516591,251216516000,591
terra1zlxjh25qwq2kh90y89jg9mkjmta67c2vlyh5vz,loop-ust,433118017,433118000,17
terra1vlymyra6m4sju8gwmugj0f8htd98av2zxl5n4s,loop-ust,58933899,58933000,899
terra1fldssnp7z5an8csehxvu36cwjurgy54a0qgeg8,bluna-luna,2742017,712000,2030017
terra18lhxtjlmg4d7rftjtcewjcverzcem0vz55qj0z,loop-ust,26053579,13249000,12804579
terra1xu0vmla6qufrsn82erd5th9twtz9hnvw4sl8fd,loop-mir,17060661,17060000,661
terra1tp87q7x5pv2z4l3hkswkz8rhprlxj44mp4rpg3,luna-ust,39267021,39267000,21
terra1nzfmunmtpxr4a0ttpuepkj735ef0h2r3fky80l,loop-ust,4699952,4699000,952
terra1vr066cyaxum3t45x0f57z3g65zys5ptf5esdef,loop-ust,125443331,125443000,331
terra1v8lwwcdxy73cnlxp4j26wrj8vdh5t8hqw6d3tz,luna-aust,58849254,58849000,254
terra1ysjpln7hap4km7u4q9g8xsyf0t4344q8kjxsth,luna-aust,84223672,84223000,672
terra10sulqx67huhrfdj4tez3h26sf6qa5va3svqw3m,loop-ust,120140899,120140000,899
terra192795ae5wnzsgmmykkee5w58dxdczzmyxjeczj,loop-mir,140122448,140122000,448
terra1wmes3h95tqr03hx32qfw40exml6aeulp35shhj,loop-ust,10387224,10387000,224
terra1nu38pw3emk3jvcjkz4lszu2274zjpsvtls8v66,twd-ust,86092400,86092000,400
terra1ms24nn8r3lg75q0657juwdkqrqw4j2vywn82sd,loop-ust,27346553,27346000,553
terra17qereadhg8dhl98kh50c53wlv6x9zm9663qey2,loop-ust,14683582,14683000,582
terra1ks3r40ych7fct279mpskl492tj5vd8l6npj4zx,bluna-luna,7964443,7964000,443
terra1dhgj5jzsvcw20p968t4xg5xmqduy6g22t080yt,luna-aust,8308425,8308000,425
terra1gd9s6366cgkr3qp6xjuwtmj3w3tgukaz553h28,loop-aust,199796743,199796000,743
terra1tqk53ahk03l40nwrred9l6pj54crfdx3dzazlh,loop-ust,801920064,261920000,540000064
terra12edg32qj8lzcd29rv4h9uf3q8veppvhmnc26uv,loop-anc,4848611,4848000,611
terra1f4cca3h73yam2dym2q0xzckufnm50f4l5x7la2,loop-ust,208705260,208705000,260
terra1kznyy6tta8ju607m9k464me4pyps6wc8emjak9,loopr-ust,12168834845,12168834000,845
terra1sjrr98waprwl0cng4snp2shq40y9k4637lflce,loop-ust,83417132,83417000,132
terra1s93pnm54fgq5qkc8ztuzdkdxat5lxxj56epxjn,loop-ust,202743891,202743000,891
terra1x3sx5fuyzja2jt55hf2rdrcj706a7ptyz9k7cw,loop-ust,1799649,1799000,649
terra1hvw2mg4zwr6ejx4g3ygkg950ddxtuu5atlr978,anc-ust,1845095375,1845095000,375
terra1fjzl80lh9e22d5mrkgzt90kmyveuhuju0jnhpq,loop-ust,14080183,14080000,183
terra1s7t40mzl7yzsxkzhkprjd5w8snun2vu8g6sfr2,mir-ust,61029875,61029000,875
terra1e8gmmfuctfl4xwjp2zf4q9sfr3k0984vq9t3kf,loop-ust,127134176,127134000,176
terra15py09c6f8whnl2pe8zfspnas6zml8f32gtqmc8,loop-loopr,16177586152,16177586000,152
terra1s3579n3m3nmr3seslnmtgvxggm9pfkahv90qfp,luna-ust,164843054,164843000,54
terra17z5ddtp3r6qfua0aq28rkn8kkvfse2ux0ds2v0,loop-loopr,1665831032,1665831000,32
terra10hap3thww7wcuanufsuute5aa9qte2jac05833,alte-ust,174249047,174249000,47
terra19quhywxeqpfteqy8r26c5a4rch4zkaktm9308n,loop-ust,264932244,264932000,244
terra1dq272y6qcyc0jtxz79qls30uezgm5s202xjcu8,aust-ust,7235544683,7235544000,683
terra19knmxhx4p3m5ry8dnnwfstmygw9ncg42k750t3,loop-ust,12824653,12824000,653
terra1xtqztra33vuvc0djl0e3m6590uhudd3hdrchc0,loop-ust,7069139,6000000,1069139
terra1g05cw8rtyamyfe56cyxgx2eu5wephtutz968lm,loop-ust,50669748,50669000,748
terra17032j73537394cch86rrd7gya8zs7kmhg7m34u,loop-ust,129143066,129143000,66
terra1anjghvh6cs20dmn89sdfumjk0kt5py3l8m5dgd,luna-ust,308828459,308828000,459
terra1ea9jjsrq0vsp9949kk5q25mjctn5yawaxdheky,loopr-ust,764722609,764722000,609
terra1zyy9qh3f6tqgw4rjvq8c0whqnphuy5m6vjnn2q,loop-ust,55886130,55886000,130
terra1t00s353ng7mcllue6a62xu8uufqtvu5ecx6h66,loop-aust,8534800946,8534800000,946
terra1n535hmrt40h4n6tg5g35uvtsmpwlndjgl3lxtt,anc-ust,129489853,129489000,853
terra1hkd3esc263t737p5gzj5h9xhasdq2uugqp9v5d,anc-ust,1492940707,1492940000,707
terra1nwd9x08hhs9gm6rx5pucutj7hknt9e4kkzzfz4,loop-ust,226363743,226363000,743
terra1ljw94vq280pgmfg2f9lq9e2pcsdevf73psl8k4,spec-ust,447439939,447439000,939
terra1gyelxw92n0dus8py83ugxksxh2j6m3jacjk6uh,loop-loopr,3169931800,3169931000,800
terra1m8ur2xpjhvs2amknnjw7x4vl3m5z328wpgyp36,loopr-ust,186609555,186609000,555
terra1zzrhql30l2rcmpfxh9mdyfejw3c6qd543dheyh,loop-ust,138813849,138813000,849
terra1444svjq2cet7qxm0vja7wf3pkhcw9hw7v5xy3u,loop-ust,69908427,69908000,427
terra1a8meyyd9fc2f7uvyr3426cze37aml0053rjfx6,lota-ust,910025821,910025000,821
terra1kqj7mdcufl8kecpa67p4c0pzj55z5qf6a4xa3f,loop-ust,81027366,81027000,366
terra1qzd9a69tsjhf3usrhrjp3my89q7h7ja2kxvhvt,loop-ust,6985760,6985000,760
terra16rpxcvlg8t482t93uhx58cq4fxsrw6fc87q3u8,loop-ust,3172354,3172000,354
terra1mpg7gt69wzmmhv35hl2jmtt3lh06tv6q5a23ua,loop-ust,16016963,16016000,963
terra1f9eu46p4rumakwnvl0u84tck8a8rgm4z6s6kkk,loop-ust,612798565,612798000,565
terra1hdr9rjrlqkschempf0ktlx89yhlgm895zrycp3,loop-ust,1816172847,1816172000,847
terra1eftylqgyakz2m30fjlky53kneg2aaltnftwl6u,loop-ust,4899781,4899000,781
terra14unnkl4mjx9fc4kxqlpru74g02aztcygj37vx6,loop-ust,11822646,11822000,646
terra1wgj0jvpzmwchygwrrskfqc4yz9zxydnj574d6p,anc-ust,2494454509,2494454000,509
terra1xg3g65rslvqu7wpecmps6vpndtq5jz0a4mcskg,loop-anc,102624293,102624000,293
terra1u3frr7x0rw8wc2dell6meuqfpgn7ju5j7exydw,loop-loopr,16418801445,16418801000,445
terra1hqewa45jj2xxe9nhqltn8l32r8lrqx57jylw06,loop-ust,106461987,106461000,987
terra1l9umtpzaf63v459jzeusevpur9w55gpfxgw8q2,loop-ust,6381447,6381000,447
terra15xwsmwc0elma7g45pmy7gy87u72cp8nmf8sny7,loopr-ust,2914332497,2914332000,497
terra1rjwede6vr6ggej3jy3ddx0jcernvt0zy35snjt,loop-ust,244724537,244724000,537
terra1krcncq64x5vxfcmawakry2x4wyvcvys38xl3sv,loop-anc,11810996,11810000,996
terra1nc5dq2d3d97twhw2cvft2mjharm52jw4ucfjk2,anc-ust,2760828850,2760828000,850
terra1an6x2f5qxvep4q4vm9sw0l83sc9pfswrpqlwp0,loop-ust,810070029,417738000,392332029
terra1yhezs73wsq62yac424gqzn70l06d3tc3f8ec27,loop-ust,28586570,28586000,570
terra1jlcpxdcnqad4ejekf9h2tuztrexdl4cs3zxlj4,loop-ust,5293846,5293000,846
terra1yxfgvtq2f5q77du6mjll6kp27gn4cua72r4x55,aust-ust,3138364711,3138364000,711
terra1ucgs8h9cfjy4xyg7k9y2mke3k4t8q6dcp6ewt9,mir-ust,1133344,1133000,344
terra1ufd8arlhlt7jhzrmrgea8t2kfkmtl4edxd70uf,loop-ust,13135753,13135000,753
terra1y5ycm40367vxllwr36yx77mcd2rkraggj6agqx,mine-ust,90716069186,90716069000,186
terra1k4xhzwsmr6599cecm46sf9jepdg2whclqmv7jm,loop-ust,1914376361,1914376000,361
terra16sdeqgp7dswa5x6edcwsckumrgy4yjtmcdjl0q,loop-loopr,12159028586,12159028000,586
terra1l6hzaczrgyxqr5uchgy9wpx77nsfdc5tx5yfru,loop-ust,4013309,4013000,309
terra149fqhd07y3rl3unsgmy0y6z2gdd9pmzdz5hy5h,loop-ust,3939717,3939000,717
terra1nu249lecdgn6mj03v0wh2v23lzqlfhex3vjhwr,loop-ust,9266618,9066000,200618
terra1fgxrele7qqdf7j8mfr2lrwqfyjnsasxshprpzw,loop-ust,15867979,15867000,979
terra18r8u0lthrs85u7fejnx67p4m0u3val6ned32w5,anc-ust,12015399994,12015399000,994
terra1kwc5smrqmlhvgv80hm0vu97jjvsqapvq8njhs2,loop-ust,10516176,10516000,176
terra1ctlv2nqteeueh94mestyekve3umgsxq4r4emdw,loop-ust,9618805,9618000,805
terra16fkh4tlg3lvvyz5kkj55pq7m29yr27hzjx0n5j,loop-ust,187822298,187822000,298
terra1e2sj2z38p6hx93x3hyxjtqr3jrfe3k3urnzky5,loop-ust,35641515,35641000,515
terra1uudwswavmfgrhs40efq6ajw0s3hrr5455qpc5l,loop-ust,55339503,55339000,503
terra17ghq6wut8my69hglyucr52kvu6m7qnrl22et6m,anc-ust,16142821,16142000,821
terra1hxhwecr0qdmltdu839hce40vtfue4e4lxscx57,loop-ust,8912183,8912000,183
terra12v5rd08vceefj0jjxfapjgggmxrn45nqa9km5w,loop-ust,5302525,5302000,525
terra1gwtwkfr6kd2gu4dd87hc90fut3savmvj2q9fvl,luna-aust,880236286,880236000,286
terra1nha0fmm22mnvgp7dmqn98wt6xe2znd357jp8k2,kuji-ust,14223979,14223000,979
terra1cr8gvqj86duhgfpvjs5x237v4wfsf0qykacsjx,bluna-luna,13272410823,13272410000,823
terra1j78f2ly4jn5vvyf8kqsk2mq457q7pksuwe53rp,loop-ust,25937366,25937000,366
terra1j2dv35a8lv7g4h4qtkcnwlluyyfumqklkkjshg,loop-ust,14186998,14186000,998
terra1lvgxz8xvdktr5xzjv8nzpu0lwt3n8z30letfg0,loop-ust,209984270,209984000,270
terra1fy2g0s9fnmz0t05290hxjmn8xu3nlaaxenl79t,loop-ust,96812504,96812000,504
terra1ttyq9xa2zle0d2dgcy378zurpkxzs62fa43qg6,loop-ust,2069725620,1702365000,367360620
terra1gfw99g5zxpjr06a6vwahnmc8xt7nq5wmuqjj7r,spec-ust,46273608641,46273608000,641
terra1g285jly26f6nzv3d2sm64vyxmczg43myu64zld,loop-ust,3074989,3074000,989
terra18dlpjzjsclvraksxw6atnu99nk4hnmjg8xw82f,loop-loopr,695738770,300000000,395738770
terra1aan3z8m5g7avtp5k37rv3h2xtkpqpsf4a8vh6u,loop-ust,5234077,5234000,77
terra13ym3uyvvp6mpgs5gmh98fct9ueevugrnglldqt,bluna-luna,3576961,3576000,961
terra1w6htskvvewz36rkxda0cwx49he6l7zs68kha4y,loop-ust,8393525,8393000,525
terra1nu38pw3emk3jvcjkz4lszu2274zjpsvtls8v66,spec-ust,60312370,60312000,370
terra1kqdpfjy7yy28jzhc7xvjs32s2j9fvzm27vef9y,loop-ust,200044802,200044000,802
terra1jshd0xhkpta4gn6tm8lxma6xlkm4gdgrfd3ww5,loop-ust,175553456,175553000,456
terra1lk20anwh03y8v2ktqhdq7ecltwxs74cen5ljqj,loopr-ust,63977006,63977000,6
terra1auc729m02d8yeuln3enmuh4uhlcxaw95tzv6ww,loop-ust,8163577,8163000,577
terra1zn0j3mnfwuxd09kdv35ghmjvyzllvz4nx3g7wk,bluna-luna,1359798,1359000,798
terra1dldeddum9lc4s5zz6m8u9yaswsdhk0e6stn9as,loop-ust,1754262297,1754262000,297
terra1zhq3gs6gu0s9ye84wwrxjq8g9p9pnw02jz5dhk,loop-ust,7308025,7308000,25
terra1rxjqp0g8e7g0q628ptrkcsrzca3w3pzt5tg3xv,loop-mir,265938140,265938000,140
terra1zf6uv09yg9uw5tst87ntkvxpua2uhtm72dfay6,lota-ust,15124002,15124000,2
terra160lml094xruqkufvapdm6j3qph8ppkrjt2m4dd,loop-ust,24547701185,16524630000,8023071185
terra14mzd3lvcx64glel9768qm3daff7jx9plyv0lgp,aust-ust,8347936411,8347936000,411
terra18y6nhkejuu5at3d2dszfs64gkx7sxkff9mx78r,loop-luna,470699041,470699000,41
terra10ruxf7ye66wwaax5dgy7plcna7rxym6p3dudyg,twd-ust,1528623335,1528623000,335
terra1aerscre2ac47ce549la63wd2rd668a9avjdjyy,loop-loopr,479774183,479774000,183
terra12g55sen7vvfwdtrlzpgrdtartmp643s6wzxetu,loop-ust,104557422,104557000,422
terra12p66z9kw09qgkajrl404k5kwz54ur58myx5rtu,loop-ust,11064183,11064000,183
terra1nrpek6gny93kezejagkg70666w8s879pw2hl4r,loop-ust,16138443,16138000,443
terra1p4skxy0h4mylk9a7dr906n89xkustrfuzytulf,loop-ust,15715335,15715000,335
terra1n5qkeml3qw7h29e6uu0hyyds8k3eylw766565n,loop-ust,2109700,2109000,700
terra1u8u5p3fs70dks6u6qe48st5pqta9zehg7uj7u7,loop-mine,692705103,457329000,235376103
terra1s544802dqlpv4ehyy0nyyycarqpzu7tgpwavrl,loop-ust,137385810,137385000,810
terra1dq9xnwvvj6qajx7cj2uh8xs9f79ez4ucmgfu3v,loop-ust,52362839,52362000,839
terra1md6ckt2zr2xygagw7v0wf7epvjs3q7p7scpzsc,loop-ust,34479066,34479000,66
terra1mpkcuzd4qghh377954jrzp2hutzvvncc7yvjdy,loop-ust,16442007,16440000,2007
terra1fdrzf8ega84n7hex7y4ng3rr3jmwx6pueqdtas,loop-loopr,3625691352,2719269000,906422352
terra1gpvajnaqpw25622jqrrgal5zuxtt98drfl4g6w,loop-ust,2382542,2382000,542
terra18rkaqcuwpfcgtqkxclwtm26ld3tdhxwc6c7kwz,loop-ust,4914397,4914000,397
terra1av9p63fmkknlzv5r30zyynh9v3lz8w58m4da5p,loop-ust,8180379,8180000,379
terra1gjd8s46z2l0wxxms30wez73yuxuk4g39h8m7cp,anc-ust,1294264099,1294264000,99
terra18rup6zjr3gq2664m9u3dhkue3rdxlmq4fe8hd5,loop-ust,33067766,33067000,766
terra1k3amqp87l9dnn9py858u543stq2qhkjylfvkxn,loop-ust,24430666,24430000,666
terra19h4k7agcpn3nskn47yf97c93rgm385q9pum360,loop-ust,24618906,24618000,906
terra1gfkq44hgtua5jy0dumpuw407vcqgcce32qam2s,loop-ust,41471916,41471000,916
terra1f67gfrfd8s8kfqnmsjtnww9gjwsz93n2fk5h8s,loop-loopr,5212560402,5212560000,402
terra15egklh52q7c7z0yrpjcmj0kna0lml9afg4wtn8,loop-ust,191962483,191962000,483
terra143kcg4pnlsrpmtjmkkz9kxymxwh6xew4q5gz96,loop-mine,150820218,150820000,218
terra1yskqux3wx2ay7gwzsfk934vcslznyvk6nfn52s,anc-ust,260607259,260607000,259
terra1jruvqcygt4jmejf5c0vxhpr3rjm9fpj8kyg9np,anc-ust,53974697532,53974697000,532
terra1q6dcsnznx6c6ysg59v9n90kaplrv2zetl7dy7s,loop-ust,75092043,75092000,43
terra16x80mf5c9czu9hmp5jguaquzvh9fj5ckwzyww4,loop-ust,25332482,25332000,482
terra1hscz8kcn73q378lxxy4mrwzje5dz3gcf8qkzdg,anc-ust,49564106,49564000,106
terra1vdsjp5s82yre5lqpu7mnznekpjrefqmepkkqch,loop-ust,51561523,51561000,523
terra1dnczmk5jlvmuuxz5w9x58afjxymng7tcvsetg0,loop-ust,6519298,6519000,298
terra1c02yu0w298acfrrd7lx9lwcgv03c0963xgatd6,aust-ust,22434608,22434000,608
terra1pvl57vdmke62555407pcsc8u0huf20xhjt3x0l,loop-ust,2273007957,2273007000,957
terra1nlya8c5m3xd28t9m76hu602sfmuh3wqdxvrrx3,loop-ust,4875292,4875000,292
terra18fcfnpgf7cw7gklz30qyuj7hreekychuap3tl4,loop-ust,3080041,3080000,41
terra1dk2y66x6d4d8r34xzwgdfzd8a3ycf0y3k5d8cu,loop-ust,2818184,2818000,184
terra1ka5s79u9ld0szv6pk0d0sj64hck0x883y8s7gj,loopr-ust,116977963,116977000,963
terra1y2eq02e7wzxjjgm95ya76xp6tgkdywfhu3uxlx,loop-ust,9343105,9343000,105
terra1xs4m9l6nngxmddv872tr5pe9d8y0qww54naprz,anc-ust,15711933858,15711933000,858
terra1edchkz7jevm9ya36telekcfgwkzesaqru68nrh,loop-luna,18668944,18668000,944
terra10lywjh9z9acz3ts4uewdndkzw3jza0fj2a8yzr,bluna-luna,50763135,50763000,135
terra1vhfx6zupca3zuukslvg0d6t4nms72xycjmnawf,anc-ust,40359324,40359000,324
terra1ttrl027n2q27f7kmqsqqgkkg2wakjaamyd4mzd,anc-ust,5926071705,5926071000,705
terra1ewjuhz8c0a285frxf034qcmljlam9eg7s9q9g4,loopr-ust,3137459130,3137459000,130
terra158f4kqhkkq74udulswg5c6nwa8l0z70zcz0x5d,loop-ust,20036068,20036000,68
terra1wud7r0cfm2knxn26kmtah2wengwsaed4g503j5,loop-ust,14266950,14266000,950
terra1gvgx49z2t09yhva9mdf0laagccau7pkhnty8ny,loop-ust,449406127,449406000,127
terra1tjhrx4zva2ul9chujlcg4fa9d83hk9h99p47ra,aust-ust,197350960,197350000,960
terra19p7uuk6wwudf85hcq4dprgem874nxa8yatz7af,loop-aust,3081957312,3081957000,312
terra13ln5ljkpw0nfysjrg7p8wxyuynuv2rwduqly0v,loop-ust,2353701795,2353701000,795
terra1l698mjjy6x3wyzt8xxev54d0dvwn9gp6xr67zt,loop-ust,13225425,13225000,425
terra1vtgjc3g626nh7xm205jwvxg3sha6z78a2nn38p,loop-loopr,65236473129,65236473000,129
terra1f0q85nzdd9yau22r20athmhvdj7r2jzpjjpg0x,loop-loopr,56973574,56973000,574
terra1wn24qrsldzv0c5t80qzzu9mldxzv87mccc07cf,loop-ust,20231182,20231000,182
terra1amlnjtaw0ap7rslddjmy0wz6esmfu7l2h4an98,aust-ust,8909370777,8909370000,777
terra17su0pd72c27ssqymfkhaw9l3zc4emcaphf0wy0,loop-ust,14372604,14372000,604
terra1hrfeehxkpcp54d8s50denfm93qcpvvypk4lgxn,loop-ust,717481142,717481000,142
terra1h8ptn36cnm90kff583qtn844x60s8hc5nzf2gn,loop-anc,76531090,76531000,90
terra1l7fndc0danwut2dr0zv5sgand8sqypkvdvl4kl,loop-ust,18236668,18236000,668
terra1kgj2cy6lza4yjf6wc4p7da6k3quasyp3aj4k29,loop-ust,20177210,20177000,210
terra1q2xw5cc00z78h5r58upvlakdukx6vasxdavjyc,mir-ust,848687538,848687000,538
terra14k82vrt8sy5fgxu96n7zajpuchvpnem95xjkx7,loop-ust,1830286,1830000,286
terra1w4sl4y5chqmp7cluh5xpg7axcr40phhxx7ktx2,loop-loopr,255041715,255041000,715
terra1tu0lx26n8vjkpfjrjdyktnvt3wqfdtup65lyj5,loop-ust,526202342,526202000,342
terra10dvkq49t365grxgdlxnrv4q0mns8klav77x3tl,loop-ust,295683215,295683000,215
terra1y8gmh44c20jptujn2kfrm8luprjjr8gg5ll8nq,stt-ust,35702915,35702000,915
terra15v5hqfs7laavd7l40zhn2w5e7kffkjcv4c7ue8,loop-ust,1541852183,1541852000,183
terra1jv96el5u284hyn5tnwws9v5dvqf65rl0z069cu,stt-ust,3780580,3780000,580
terra1j8ku45c57jvxstjctruqp0gp5lah7dcxzd8vcs,loop-ust,36737511,36737000,511
terra1e8k27gh64sjyyt4hvm04ecavy7f0uf4s822ch5,aust-ust,892518419,892518000,419
terra1d97sgqhtgjn8zrhnufv66ahf9vaz9vg6ggeld9,loop-ust,7922130,7922000,130
terra1s0fdfgr7z49rnqru2zpz4tf9zjcnzar28yqtcf,loop-ust,249867332,249867000,332
terra1237a8r7qs8ewqwwyycn59tdq9zz2r0s3rlr5r7,loop-ust,201067148,201067000,148
terra1swpy5aexfa6f0hndujshc2j05kevghgg9ha3g3,loop-ust,49359870,49359000,870
terra1v2vu7my6rf96ph4seec5q6kx7uyrwt64enl593,loop-ust,308924256,308924000,256
terra1z6mpa4yqcvgxjsupj377fugjnktjzjttjryhvw,loop-loopr,42931863382,42931863000,382
terra16w8j9mk9lgk5zvcmade68h6uqyhletyv74jqzm,loop-ust,23321366,23321000,366
terra1u9pkryhxqvvm7t77tt2ce9fyqqvarhl8nnlg2k,loop-ust,51420852,51420000,852
terra1rkjkkc5vwcuuqsfvarhfv9cr0mfdzgyccsxv7h,loop-ust,48268083701,48268083000,701
terra1ypej66wasdzj5wn4zs6xg7jd4humeh68fwxq92,loop-ust,92117902,92117000,902
terra1hx4pxevmh2f8f3e78x3tm92hl9qxx707f3z7jk,loop-ust,419952471,419952000,471
terra1wg796munzscxcumrt52gg568xdrnqv29renl6c,luna-ust,162639568,162639000,568
terra1lu6tnzn6k3jlddd0hnaedgu92k6djn3nlh6ufp,bluna-luna,4102767,4102000,767
terra1j2nnfnkxk9d7jxz5d8halt2n3crnpslkktkkrr,loop-loopr,777649621,777649000,621
terra1dg29vp7jrwljaw3g0p5sqg9c9hwwag7d7aeq2n,loop-ust,85613454,85613000,454
terra14wyac9m9qnrt0sx2a77rfppvzzfx07t5w65wtq,bluna-luna,47953816041,47953816000,41
terra13uudctmtuvyjwzup9dfupnl7rnnejdsd50cfhn,stt-ust,1081974012,1081974000,12
terra1ey63n2mf77z8ajzk3rk6vsqqa6dvhvd24kufyc,loop-loopr,101911652586,101911652000,586
terra127k8gwsdn5am7enfeq5zhwctmpzvmqe9kjk45w,loop-ust,6619858,6500000,119858
terra1flmps4p33easmqlhr39tuumc3gxqac0l8wcfyr,bluna-luna,27985608,27985000,608
terra17wwpmv438w0u56qmqlftvqtdz4z4n0jge5msr0,loop-ust,22429287,22429000,287
terra19xugy5huqgg6mpvtqv67r0c7gelt8n38j42rn3,loop-ust,7945332,7945000,332
terra1tzhssm4zdaz9rcfyyeshkdvzpzqu9v7s4htt64,luna-aust,222663880,222663800,80
terra1w7kuyydzant8muf58hj6papv2qrvakmm0wts02,bluna-luna,22462255,22462000,255
terra1hz2jpnmferhmaqevfgtxjagat9rv3tey69n73m,loop-mir,102575162,102575000,162
terra1hw38j70xl7rlyktavgm3eyhnhcvz2xk2mvs5pq,loop-ust,237686417,237686000,417
terra1xdw702xuxfh4ve6lkuz2s545xsram8e6vn8d30,loop-ust,1785138,1785000,138
terra15vh6z4l2mhfu4886p6r456mym5ha5t99gje3rq,loop-mir,19783872,19783000,872
terra1lzwjy5u99n35yahdwgladr65lvkrkrpy6akh2q,aust-ust,7195519,7195000,519
terra1mz9kxlnfew2ywjet3s7k8p2up6ksgy8khmjvpm,loop-ust,4880099,4880000,99
terra1qdyls8ccv3llscqgegmy6vd55n2wjy32g77ynr,loop-ust,55535130,55535000,130
terra1ser6r9dxrg7q7u2mmlp8t44zq3z2gujnw5pzt2,loop-ust,65883934,65883000,934
terra1geajvjweyq6wug6mwhpyr0wh4xze7uvqvvnvsp,loop-ust,111856791,111856000,791
terra1clha4j4fu4f8lj3ah7kcygnjp6taf23garqerf,luna-ust,924164860,924164000,860
terra1vjga0w4fqc557aumr2sccum5hw38h2ukn024rw,loop-mir,32011701,32011000,701
terra1xretranum4kkr3wapvmra722ymrkmve90qjl8s,bluna-luna,35460082,35460000,82
terra1g8dr3949hza65n5zuv09gmt53wfljdawdeav8v,loop-ust,2556780093,2556780000,93
terra1r2zwes5e5w6xr5h3wj6lk53slrv0c5e9ahp4hm,weweth-ust,22310952,22310000,952
terra1jxl9hague5fcdfddl2apec9gcv02x5t7qq56g7,loop-ust,5942258,5942000,258
terra16wzuj6638hsg45zq4lu00gfddll52yfjrr7m5u,loop-ust,9696006,9696000,6
terra1f09rn2sn2hmwhe9lt35ukqwvszhm5rhxc782gd,loop-ust,155926334,155926000,334
terra1u0rktu40t2f2sk9tkqa9dyjql2x3gkvlyph8yl,loop-loopr,148209990,148209000,990
terra19amedfjlrznudyp8q2hq7m4tnlvj9qe808gwhe,loop-ust,23711465,23711000,465
terra1kedc0s065n8x0fump8ukqyrt7x99tj08yljza2,bluna-luna,147892640,147892000,640
terra1wjh66fswych2cjchuc50q5q248g8vlvy649fzj,loop-ust,26062861,26062000,861
terra1snrx583sy446705xpy52mlzjpk25adquh9ty39,loop-ust,1138266848,1138266000,848
terra1xw98r974ywtx7xsm98n96ymcl0u9sg4aa9jnlt,loop-ust,45556895,45556000,895
terra1wnxhzh8dhg3xz7uewd2a8umgz52jeuu07lvdk6,luna-ust,35292303,35292000,303
terra1pjpekwk89vd5kqcxu023nu59f82nurt5qk4ztt,loop-ust,32189558,32189000,558
terra1uny3j2hzxtk5ggv3kle52vxag9m6m0r9rd6nsq,alte-ust,15833263,15833000,263
terra1fhrvfad338asp0eufajf35f7cttn8gxk7qea8t,loop-ust,111968276,111968000,276
terra1gh8cm5vkmzcpmyks289a2kz5u5pk7dxh4k2klk,loop-loopr,102706377,102706000,377
terra1feff6vcskvnjkgye4xjdvkshkfg7ky2k0dv3l0,loop-ust,4408965,4408000,965
terra1vmdzwhmxctyw3jvq688gek4jj27wlyz4da7uzp,loop-luna,121809830,121809000,830
terra1j8jp4mhce6ppcm6av74wmnlutzvz8gyk4xalea,mir-ust,2092357130,2092357000,130
terra1sdwr6lafcm00vt9ggff44chwpsnpe0tr393kkm,loop-ust,1191881024,1191881000,24
terra155jjyzdskj3ke3fpsu5dr6gw39ktfjhx4fnxug,loop-ust,779378025,779378000,25
terra19wpu4xqt6k285yq2xwe0qzkvlf9skutz35za6m,loop-ust,33344480,33344000,480
terra1yjn36qcsrz6d0tkxwuw2tdy7tmk7y4k0stp3ac,loop-ust,79870269,79870000,269
terra1qrsf98ce0fwq6h3upxk59sl0l206w9kltdnfq9,mir-ust,9505536809,9505536000,809
terra1v2zjf6n7nn4zh34lhmpa25685v3uguejjn5nca,loop-loopr,2117633742,1475076000,642557742
terra1ahg20frtp4rndxsl9fkxz3y6nj36u4teqsmxwk,bluna-luna,69326445,69326000,445
terra1cassfalx2y6cmxug2dpq7wp8yz0a35tcayz9ct,loopr-ust,123813618,123813000,618
terra1rzqx23syyrcjfkcrvee935d86h46k5yeuqt7uy,loop-ust,23357767,23357000,767
terra1qgqmkzlxmwgvzvszg7pxgj9td7tu2guu90cyqe,loop-ust,23273910,23273000,910
terra1d7rhx6uk0u8ynvc2sehz5rc9nlr39mvkxx4d6c,loop-loopr,1657503920,1657503000,920
terra1gt7uy5gm9yl36wkpg0ugnzlnd2gtv7y70mg9dg,dph-ust,479531822,479531000,822
terra15964nh5mp4njwvuxkan3hfv34t2e08436dle4g,mir-ust,17415156,17415000,156
terra1kzwk6rul2mxweqc2xw88meqyttn6cjftjajt82,anc-ust,581298727,581298000,727
terra1v5nzpfq068rkuxu4lh43hul6ykvpw9cmtx5lvr,luna-aust,10150568,10150000,568
terra14sxvq2tea36fd60phv34tq6sxxskrkc70gw8d4,luna-aust,149684528,149684000,528
terra13r36l8qqdkctk857m73ce57d94ftz8sa625wcy,loop-ust,539732632,539732000,632
terra18shsy8s59dt453w8mjn458tfgjngwmwz65fc2w,loop-mine,3629474556,3629474000,556
terra1srzrwcd2vx4h2t5ujd6xsdyz8frndc8m3t6eaj,mine-ust,18473091463,18472000000,1091463
terra178jz3zmujjhc6zdrme9rn20z4p8vetkx46rk07,loopr-ust,95211873,95211000,873
terra1n29mph7j6dmerlra34xvh2rvar2q9mn0t4s393,aust-ust,4483628,4483000,628
terra1uud9ugmncxdek64vhldxs8gdr4emfexv6mfy5p,loop-ust,21218752,21218000,752
terra14g4k7ap2tmxs35zdg9rw6l5dpllfejd2vv897a,luna-ust,4604496081,4604496000,81
terra12pwq02s0mphhgxm2ntu7sc2lqyvte7pw05thj6,loop-ust,79178119,79178000,119
terra1l8rxplkk89w8up3zpm2c6ye8e5gjwg77uazula,dph-ust,104016418,104016000,418
terra1ypej66wasdzj5wn4zs6xg7jd4humeh68fwxq92,luna-ust,28040936,28040000,936
terra1gnft5ru0u80ts08vtld380vsj5dpggzsn7k76k,loop-ust,98014680,98014000,680
terra1x40njl70twuq9rwj356l7t974u8lyawnhu8u5t,loop-ust,67429753,67429000,753
terra1cg5375e52navkrzuxcszq7dld0hg4wkqewvmys,loop-mine,1331478724,1331478000,724
terra1vypmw8ylwhjxwur70xcv99ytnwg7gzalcpa0x6,loop-loopr,7590846303,7590846000,303
terra1h0u9n7r5mseddmlehppeuj4xaa6jsklakyv7s0,loop-ust,350733764,350733000,764
terra1us92clqs0yr3evtsyvq7cgvd7pvwm8qxcph88j,weweth-ust,6139795,6139000,795
terra1j485yt3dfgxvpqyfwtm6hw4f6q9vlku5qx0fc6,alte-ust,17531276,17531000,276
terra10zu4hdh6hzmym8r3pjhg5qlwzetf4ggelvrnrm,loop-ust,17130353,17130000,353
terra16n4ckxpezvewlghx7tqtjh0k94qkg82xgkqj4q,loop-ust,10489384,10489000,384
terra1dc7spd2c2m9wm2ckm3pw02n6e3lvrpkwr5d7vh,loop-ust,74004669,74004000,669
terra1a8cz2wf47n2s5k0sc963ewgwz3y677h96enf3x,loop-ust,12174709828,12174709000,828
terra1xy40mq7hkpw42cpxsjju63dg7rvea8x406texg,anc-ust,213806797,213806000,797
terra1a3vfsrxa0uruquyj2qxejf7zee229ehfyk7sq3,loop-loopr,2575459160,2575459000,160
terra1vmd9ssehzdw9mwx2sazmwu2tddgyaqcm0ykf9d,anc-ust,769527315,769527000,315
terra1n2e2z866kclcgj73wfys80a7rtvfq9ftts65gn,loopr-ust,159516553,159516000,553
terra102xf59qe03ghcq8zv7sx430yt2hstkz4jfktpw,loop-ust,11766153,11766000,153
terra1utwlkysm0ae36e36afrks736nsgeuwhxm727fc,mine-ust,836515486,836515000,486
terra1h42y3mzhn2dn2xg8zrplmrvkuhfxslrryqnqyz,loop-ust,124314880,124314000,880
terra1w2ufphsmesawd9fntwn60c856sedj2dr8gh88s,loop-ust,33846862,33846000,862
terra12y8r2rvyjhc370l2nd5uktmnkqfpwjgfqvx8gn,loop-ust,790196,790000,196
terra1vqecqjtgy5yg0v7j7vh7e9307u7e4kxjpamrdx,spec-ust,54587317,54587000,317
terra1kewh7zl66zps8pxhftk8pqja5kawt3nj7mpf0y,loopr-ust,28198090,28198000,90
terra13alvjhlpxp9fq54sj0g34j6mqf75zp7g97yw8d,loop-anc,20511888,20511000,888
terra1h8pl82kgz0fkt0a80ypy9yn4rhnyuehuv6fs0m,loopr-ust,104814057,104814000,57
terra1mjdgljedf34lp76hqysxm39t44tvpgyl3456e0,loopr-ust,962639263,962639000,263
terra1z7c93gdna6h7dhcd47e43yu2cch45k30gml4hq,loop-ust,14049235,14049000,235
terra12hynvmwrh32c2s8nec9jxz8dy0x2a2la8zhv0r,loop-ust,91120747,91120000,747
terra1cjkgqrsd8lwpll5qlgpz93av77c220dvw7m600,loop-ust,890082008,890082000,8
terra1r7ulwzuhp7h8hf5cqwheugvfm5pq4ahnd9m3lw,aust-ust,448385868,448385000,868
terra10wrs0tqm9jwwfjl7ps3x5p66rz9znd8zku2fm0,loop-ust,72438871,72438000,871
terra1vs9yvn4n429v0eqn0at0c93lqzag2e437j7faf,loop-loopr,52932719262,52932719000,262
terra1pwtndzynd3u2veatps8rfdnhkvc20yz2ajra97,loop-ust,27542423,27542000,423
terra1d8rkzd7rn0h27gar8l6n7p37fcr02dszchqeem,loop-ust,327288505,327288000,505
terra17hyn20rajptyp3q32dp9mr06lrkjlvvapkzpht,loop-luna,10805508,10805000,508
terra18lyz7ly288dpypyky5hn37yvnd00axuxymgrup,loop-ust,4104329,4104000,329
terra1vfp8kh5mars8z763s8x85ude0y9r0akqg6hgjv,aust-ust,815029023,815029000,23
terra1pjuxv3u4akau8y25c7d6q0p66k2naauzn0sf6p,loop-lota,4343863431,4343863000,431
terra1udjjh25rq57amwl0qpa2xjdflu3a87efw90gh6,luna-aust,410425970,410425000,970
terra1j2yy6m6zzfhpcaq7azd9fhm7dstm0gu6l6dh6m,loop-loopr,99824314415,99824314000,415
terra133qwzx9wt2cj8rq8jxcgcl7zr5v6y3ea4c8805,aust-ust,451061380,451061000,380
terra10x4gyv8edhkxt0myx4v8g4lz6835wsk2v2pw3s,loopr-ust,133141596,133141000,596
terra1nnyg82fu069c4zzlw4vxzm3fgeng0qsg8wqvf0,loopr-ust,11290055302,11290055000,302
terra1cm69g5mkg8qqeq96h09zvtdun4vww0lq2h5glx,loop-ust,1354224076,1354224000,76
terra1lys65lrmq72w3vf5gfux942622ma83d42827jd,loop-ust,5115666,5115000,666
terra1watf2ymfnuh8v994v94ff0yxe7uy2ngw22ha4w,loop-mine,143839033,143830000,9033
terra1nrms0pjaaagt33a6pxt28twy6rzj3ywvna2m4x,loopr-ust,232353057,232353000,57
terra1qr7z7ggpx9d04eszq2qe87alepl3mwfg63ht30,loop-ust,128041740,15000000,113041740
terra1stqe2xmj9ykjvugmcl8wqle2llx7fen6m7klrd,stt-ust,77700699,77700000,699
terra1pafm2s0klp5he43v808jd6e30mwp35xmm9zje9,anc-ust,56802653,56802000,653
terra138ugnqnxmd469u6pfx0dld3wug3q08ke6xgfk8,aust-ust,6296807074,6296807000,74
terra1en78vyplxa75tvhwk9axyq7essen4t09rcg6sf,loop-halo,747078142,747078000,142
terra1z66y9672ulh5hhaa9t5nwhgra8retxn29wkcad,stt-ust,26786192,26786000,192
terra1dhxau45eeekcs00tnrgp2ajej0v8u8uuzr3a4u,loopr-ust,133237029,133237000,29
terra1t50f9dpp85ws0gvcwm8lz3n7pm83srj2ajf02n,loop-ust,460639642,460639000,642
terra1jmz3el3m5dyfm2v09ag73rpks66tqrvfcv5h3d,bluna-luna,15190446,15190000,446
terra1v93ch6twj453wcjp7v67myqdqx4whxxu2ymh3e,loop-ust,31387506,31387000,506
terra15t0rq69kg9kck43nscfnx2wj2xu8rnyyypknzq,loop-anc,265200587,265200000,587
terra1ujgvdeqy8w36slj9x4ntgjpwe0lr6cnhud57rf,mir-ust,52367003,52367000,3
terra13mgrk2tluqlapcpq0tjf29wykuksf7rvw06gpr,anc-ust,27226987,27226000,987
terra1p7sxfvskgf4r78h70sh5hpe3lv53yt5957lmvl,loop-ust,6939973,6939000,973
terra1rjn58yf4fcwnrpphkkf7q69tk4zwhqnrrw9ae5,loop-ust,4591030,4591000,30
terra12sdcmpf5sfyfuz2n5xuf89p8du2wxeaskspdhh,loop-ust,14456522,14456000,522
terra1lrnak5x740vxjs8mxvzlnwqc3rvqhq2qg4jcs8,loop-loopr,366943714,366943000,714
terra1qe7f6hg7k82nx7rs7v79dhl239ug20aqnk6a25,anc-aust,69642401,69642000,401
terra15yfuxx53yrc6n2uezkwu0f9ytk0n2ync56pd8j,loop-luna,2301958,2301000,958
terra1u24ucfrwkzza3vplttg40xsmhlrmkgpax2vsrm,loop-ust,3528601,3528000,601
terra1xjank44mjndpanz8any3fjmw20nutmjplkmmqu,loop-ust,21279285,21279000,285
terra12fgr2d53g0enrkjc8ryevlzgtugvtp2hqhaxn6,loopr-ust,10518401,10518000,401
terra1l28pky07umychj0m4gmvpm2jzzehgw8argu0e3,luna-ust,32038230,32038000,230
terra1p93fv7vmq3ut5epk3at9djlrecdwhw90fwzyzr,loopr-ust,881659969,881659000,969
terra1w78p76638m0ar4czn4lt2n8gpd0ndduakwuj7j,loop-ust,240219090,240219000,90
terra1uxrdzwxwtah7vupqk9je7904xy4kesr95my0er,loop-ust,19971755,19971000,755
terra14n9kzssl56jwfgypcwetz326mjcve5nmgpwc4m,loopr-ust,960730055,960730000,55
terra1jgju56mn4x5e36e25cctpj252lplcmuk2kgluq,loop-loopr,155851310,155851000,310
terra1feur3ufavcwga2tdw2ympv72yah9xdq0zqdfs7,loop-ust,45207247,45207000,247
terra1aqffgdamura7llh0e44gmkv385uznsn9lt3078,loop-ust,778645,778000,645
terra1aeedytl0r8ds85rt488f24t2xv86tgz668pgl5,loop-ust,134637349,134637000,349
terra1n8e5fagmwkd3fat7gl2ywpt0vjp990rq7xmrga,loop-loopr,1142429956,320000000,822429956
terra1c8nkle9q005mvtrvsjrsnhqmg2mlzumtfzhhf5,loop-halo,1483194557,1483194000,557
terra1wjs8tzxe4a0g5tqmshlx8cc4yyd3j60m5lgy54,loop-ust,7600679,7600000,679
terra1333smm07l5us2663rel6wj6se0clmt05q3lcpj,loop-loopr,328684031,328684000,31
terra1e2vasvyn96nfmxr4mz8wy88nxxq49lw4ww66jh,loop-ust,23427086,23427000,86
terra1qgrge7l9guyhxn3h69ekm25tsksjy54rzzlv8q,luna-ust,80640116,80640000,116
terra1k00mzc8dp7y98xjqrgssnmgwwuxvgu6a8s5zgt,loop-ust,5965957,5965000,957
terra188kcdgl9q8fghsqgu88tevs0h3mg3svdwqahwl,anc-ust,13740033140,13740033000,140
terra1cw3nxwhqugqcsu9jghfkmxrqdcu2c4ltadpgnr,loop-ust,161266145,161266000,145
terra139645x7kry55ac6jwfntar07v0a24h037699sl,loop-luna,18319446,18319000,446
terra1uk8nxyx0rr3myt5j4fkr88g7z054a92sljqp8y,stt-ust,2264921,2264000,921
terra1w3f4frqg36zk4m7g23zs8h8pcnvaswtacfw5fs,loop-ust,24891113,24891000,113
terra1j67p3jr294lhv2fsfqc69awsenpdjw72k9dl2p,loop-ust,19645356,19645000,356
terra1052gwrzfpe49vemsv9j05va3jaug6x0fghepnr,stt-ust,22692993,22692000,993
terra14usxtpwzftg5u6ykps7ww7zp5xujwr7j88uny7,loopr-ust,144431,144000,431
terra16r0g6gxeqc7nndctxl2tr0xcu0xz3szgwgptze,loop-lota,231526647,231526000,647
terra1vv5d5zy0kqh5jppkj3fayf93frfprgfemzd3p2,stt-ust,34833582,34833000,582
terra154sgvc3ywrngjxvd5rhm7sgaagxtu58qd77s7d,loop-ust,51913087,51913000,87
terra1nxu3dvxl6lhjwwsu9v05vp2yulfh4lrj8yfllh,loop-ust,3209714,3209000,714
terra1dd567xgkvpqgsll5ke9mje0drhczkwmcsa7l2y,loop-ust,192003932,192003000,932
terra1kckc6d62n83j8v66jdaz5mzca9ljeu48t5ay72,aust-ust,7128622,7128000,622
terra1nffeln993j6lyzzwnzmxxuxav893aldngfp6v5,luna-aust,7785306,7785000,306
terra1pld5a44cyurpgp4ve4typd84d4m2v0nva32z7u,aust-ust,1949217871,1949217000,871
terra12ary6wfqz5j8czt4dvx3ex45puxtqv2z0ryng7,luna-aust,49987384,49987000,384
terra1anuu4a8q9x0tzn0fwf82egqhc9sc8j2kz0ms8a,loopr-ust,39529755,39500000,29755
terra1sm0p7gug459al3lwxdk0remmhlrmr464jxsq3d,anc-ust,32382790893,32382790000,893
terra1gdjaesww9ja35uekwh4ydeqn9ypv5xuazt8gmm,loop-ust,6661230,6661000,230
terra1y4mqhl9wgw4h7ltzvqgpj2lfy8pwku8j4x9549,loopr-ust,12439602,12439000,602
terra1lr4gu2xx6n2l3ezjnx585edcm0asxs583ea4ar,loop-ust,1456745072,1456745000,72
terra106f9a9fn6yq5uakvwy7mg5xs3kvye6xux5vcus,loop-ust,99262750,99262000,750
terra19ews5whqel4zff5mpa3s4vk7az7j0jv5ex6uav,loop-loopr,3039275936,3039275000,936
terra1sc5vyxj7sh0ck6djgllwcscg5mhnkeukua80sv,loop-ust,4309962,4309000,962
terra10xx46ahg4av6dy65vncwpn7vsc6v2c6nswjauy,loop-mir,5661223762,5661223000,762
terra1flnuwvchhvrllyyf6s85screc4k0jv9ax2qqpf,loop-ust,4682626,4682000,626
terra1v3r6h76emvrd6rn5a85d4yswyakjx5jzqa3z35,loop-ust,10381368,10381000,368
terra1w82l3xwf8jlys2sat4fudwf7r8q0ezph3ze209,loop-ust,53872704,53872000,704
terra1c67gvvhkgmrk6e2ktzwg6wr48xncf26d2s685a,loop-ust,8936567,8936000,567
terra1wxr7lrjll5r8nllul6lp6gvkq77aw8nw62tcjn,loopr-ust,13651466494,13651466000,494
terra1xzvqvft5zfd46qnyy0qzhseahsd824mtwcmdpw,luna-ust,1780129,1780000,129
terra1cv7h8q5t43rscey4lm0z7f8ypjstu2nj4pjt9d,loop-ust,117169108,15943000,101226108
terra15enqshan87t38ja3xzvqnj3hhfhghwtukw3v6x,mir-ust,341189264,341189000,264
terra1vedwt7ewq48vy5s8d0e78fkrvy04we7p807jdk,loop-ust,18964511,18964000,511
terra1j0u2uwpslwsenqrvh5fyxsnaku36zgr53pds49,loop-ust,11853549,11853000,549
terra1nthreue9claqy6yt87dldm9vr045uak6vg0cdd,loop-ust,96906087,96906000,87
terra128masd777sqw2uak3qhkvqnnlzxtvvegtku860,anc-ust,37323399,16694000,20629399
terra18mflaskq2ay0q5apka9n9uatg5yvxz47pkygrh,loop-ust,54208790,54208000,790
terra1snrpcavtmqfcgzazvdrehnw5tmxsar0nsjjt2l,dph-ust,1122335582,1122335000,582
terra17rlwe029e36m0vpgps73nzz73l4x3cskw6pq5a,mir-ust,1133590,1133000,590
terra1uvwgzlaka2j8z0arelmu6cwekm0gqnmdj65rwc,loop-anc,637984791,637984000,791
terra1c04klucadyaqmaylpjx0ucgv4dseqs9jqqd9fk,loop-ust,183052832,183052000,832
terra1luxv4qev5wf78pt3fyq9gad0cw07xy3c3eexh8,loop-anc,363782283,363782000,283
terra139y858h3rzkyspsrct8fs8nrmel23qptljq48z,loop-ust,309404326,309404000,326
terra1du6p3yczrvywwafhsxzlv65dy9nw2tvyf8zx0e,luna-ust,52713455,52713000,455
terra16d85alfweudl235aqen046rv9a8ws38m5sufj0,loop-ust,28433102,28433000,102
terra1hn9xufxhgjvu6dfxksdztzpz57d05w3afjjylv,lota-ust,119939595,119939000,595
terra1th95vjeahj9eaynxeh2d8zew5a0ft3k3f0xgn0,loop-ust,100047688,100047000,688
terra1npjhfp02znrq8rrssnu97clphuruxdhsqgjg6c,bluna-luna,1993608,1993000,608
terra1ser6r9dxrg7q7u2mmlp8t44zq3z2gujnw5pzt2,luna-ust,6868916,6868000,916
terra1nlc5h5t24u257fs7k0hdr4d2dykdd8vulj9pm0,bluna-luna,2500666,2500000,666
terra1ncd6m6dgj06nj3ruucju795lj2gak7k5r7rlzq,loop-ust,17060573,17060000,573
terra1csp2jwngccyl6w9nkdwex59a54vc2c6kf2rvha,loop-ust,17980388,17980000,388
terra16ljrjau9tvj9tlrlkecq5jsznpsgrdqj93q8xs,loop-ust,137181865,137181000,865
terra185mf2mw3dcp22nnx3djv89jlel4s5ykqxsmcl6,loop-loopr,33155462784,33155462000,784
terra1xx7geekau99mjxdcta435jvtjeaxfph3yu7hfh,loop-ust,14895341,14895000,341
terra156w0r4a9z57tpmccvg0u30jn4yjzk2y74a3px3,loopr-ust,301127452,50000000,251127452
terra13cmxr70hw2fhr39u5mwxvgadlzs94j9gtdtc5h,anc-ust,1960591,1960000,591
terra1yvnw0njtl2nhzysagtsya2p75wwqxzptzdk0ty,loop-ust,4420790,4420000,790
terra12hnrenmdrkpakzwfswnp7f8xc7ssrthlvzhgkz,loop-ust,8242530,8242000,530
terra109kjy26hf5sfn96w3sgt9mqayyl0hfw9kypkfd,loop-ust,165765730,165765000,730
terra1zjtjpfqmmz322tz74hm5ncw33da3wv9uagu4y0,loop-ust,132216886,132216000,886
terra1affcthhksd6pfwl238l5lvxtff80n07um4ya3c,anc-ust,210431524,210431000,524
terra15rr94cpjja2wzdqnwsyx8peew4ykqq5wn2nuda,loop-ust,90081563,90081000,563
terra1k3vh5ydxxpnwprgcx6fugy9sgefv2t6dh4tcla,bluna-luna,4961630,4961600,30
terra1c6kh0ar4h6x4g4232g4wekhkgwmd4m0ak5gn98,aust-ust,4663668481,4663668000,481
terra1l0w6037ur3e8wt7m9t5xfrewdyvpgexpdrlp2s,bluna-luna,10580649,10580000,649
terra1rm44ezptwvu3mkr0v9a2awc446vs0cl4ajgmj2,loop-ust,54954027,54954000,27
terra1pdnvgj0staslls3jmkt8w4drasyuy0hnmwktm9,loop-loopr,2506914900,1204951000,1301963900
terra1npq0k8kweuqc3arfshe9sjgfaluzn029dv4wx3,luna-ust,240025591,240025000,591
terra1e9khh2zwet2w29cmr4y30rje8c20wcs5ljlzm7,loop-ust,176494300,176494000,300
terra1j8fgmhklmd6uhuhgt6hhqxqjpjunml0sc7afpj,stt-ust,16471140,16471000,140
terra1hnzxcd46ygajl90s20surzuw4h490raacw7yvp,loop-ust,22564985,22564000,985
terra1le02d32dfkjj2r3dntrrgah95auuf772fxpnyt,loop-ust,25690140,25690000,140
terra1sm29ks3zm9zchehk29s274cenv6e4gjhzthqvw,dph-ust,5715035548,5715035000,548
terra12wqscdgwtavqvn4fjwy4mg527dx5fglyv8hxc2,loop-ust,82944110,82944000,110
terra1cec3xfwmuxce0qnaj7qur06y8ysv29h9y5cjjh,loop-ust,162919628,162919000,628
terra1z43ypm0ls53njn4stsrhk0lzdcfmq37cspzmjq,loop-mine,744878278,744878000,278
terra1m7zyw2gqwke0htuhyx5w7rtwaxnlxtvzpw3um2,loop-ust,29392470,29392000,470
terra1xmd0k3egylc9jmteymr0dk34rejavr3qnlm67x,loop-ust,20268112,20268000,112
terra1h7ngegn9vnkp4mx9k3zkv2ft4rllp7f6xdgc8h,loop-ust,1106386461,1106386000,461
terra1srlplp95ls38t6z5qmfka283tsla3npvkmxtwr,loop-mine,540358750,540358000,750
terra10xxq9s3vyydvmpdec9wyxemdfq8eypwhxgewu7,loop-ust,7978575,7978000,575
terra1w59mn4uyqdf6rj5a04g493rd3dm69q3y5mk6cv,bluna-luna,144601863,144601000,863
terra1ja0dp5pvm52630ngygt2y3428dks42q26xtr8m,aust-ust,231136018,231136000,18
terra1wpjw2chx8zakv70p79ksruecjqq2uwn03846ay,loop-loopr,73948945,73948000,945
terra1vs9yvn4n429v0eqn0at0c93lqzag2e437j7faf,loop-ust,76205563,76205000,563
terra1mqdv7ppyuf68mc7r0pdvfjs9vktjkjuwxq5lyc,loop-ust,4075590,4075000,590
terra12estc83fx9pzztfj962zem30s5wuvalj408wu5,luna-ust,5950201,5950000,201
terra1q4cpv69n9lqmxxwtdlhw3q8qw8q05pg44rj3mr,loop-ust,424082578,424082000,578
terra199ychwnvdfklmyjqhyccvhl26ch93h4llvvmd8,mir-ust,778269826,778269000,826
terra1vuch3xckgc9ld4ttmdk4rwpf087eew8am8yp4k,loop-ust,13529535,13529000,535
terra15urcvkukqt3anndmacxstaaydstetndr0wl0m4,loop-mine,373145563,373145000,563
terra15537kv55p8cme0nhjdy933tzndk5qk3zh7quvs,loopr-ust,31254891,31254000,891
terra1ych2p2t0lmlnxn5709ez09rw8nxm7m7zj9vk79,loop-ust,5477452,5477000,452
terra1yhevkeu6syg7cv703fmecxfyw2j8fr4rrsmjfc,loop-loopr,473728522,473728000,522
terra19n7s6apv2fu6swjklm434uadsl63almgkgfvgx,loop-mine,497651095,497651000,95
terra1vhs5y4dmc4dj6yz7gpum4ktmfpqdzttahdaxa4,loop-ust,215794726,215794000,726
terra1na92rw2j2zsv0xfrqn5rzkmpqjmwza0mprkyej,loop-loopr,685275650,685275000,650
terra1nffeln993j6lyzzwnzmxxuxav893aldngfp6v5,luna-ust,239431,239000,431
terra1sxa8875sqtzc5099wurey0rflraxgsjm73tttc,loop-ust,537036232,537036000,232
terra1c24jc8xzfynj55exh8ckzcalz087ratqvs6f5d,loop-ust,28096118,28096000,118
terra1kf2vr002a9348r89gwst68x6xsfaw4axy8k9x6,loop-ust,242434468,242434000,468
terra1fj40q0uhgzn3vndlfxtlcpe9wxf6p6jurcc5kz,loop-ust,23250173,23250000,173
terra1ymzp79yss96dvmsw7d0sseu99w8ujqzsn3qtas,loop-ust,237609313,237609000,313
terra1qn93rzsnfh0dwdkxmf8q6dtjr0uxv33klhlc5u,loop-ust,429137074,429137000,74
terra1kh0fdmp4zn05qdqjmn22uq4jv9v0zcxxzhkfw0,aust-ust,38454140635,38454140000,635
terra1c5ppmyr8fdspylexuhvlg4tnyt9wxzuu97sg5a,loop-ust,1788180688,1788180000,688
terra1j3wn36e9y0zwle9xwhqrz862y9xhewt9ltr6qa,loop-loopr,8073033997,8073033000,997
terra1t5gyjfv2zljdlx6ckaq5yd542m4j6uv3wzp79h,aust-ust,8940093535,8940093000,535
terra1846uuns62qawxrvtyx2nm0zdu8gfav8cnr3hav,loop-ust,8880608,8800000,80608
terra1v9gf2u67hcpkx0gj8f7venm6u6299gu5jplkh4,mir-ust,1760716521,1760716000,521
terra1m0l6gdnd6ta98tmewktzu4xrweynhkxq5uavm8,loop-ust,27091239,27091000,239
terra1qvnfevqfpjyy2cpsmrt6knr2tqaqy50vyx3h0l,bluna-luna,348141593,348141000,593
terra17au58h9jp6xk3f06yy4f44dnu6fv2fnpyvghxh,loop-ust,102495382,102495000,382
terra1466j536jz5e34zs3ad7u9yawgyw3sufu2cuejf,loop-loopr,1072874073,1072874000,73
terra1cmtxhvyjc9v26n5dha4u80qsw2xgat75fget7h,anc-ust,22645006,22645000,6
terra1q32v9wvsqva9ut02ke2q0jljl50wywkacrtzal,aust-ust,3534025118,3534025000,118
terra1ccvjznku4z6tlfmxarq2hlty48l43nvawklelt,aust-ust,500650279,500650000,279
terra139645x7kry55ac6jwfntar07v0a24h037699sl,loop-aust,234139893,234139000,893
terra15p3dutwfkpnm40ggkjjqz7uxjfcd2c5d2gnvaj,loop-mir,21807817,21807000,817
terra1cgjausy68h4wy05w9thausuv2q55wfr7n58gw3,loop-ust,22565567,22565000,567
terra1lk20anwh03y8v2ktqhdq7ecltwxs74cen5ljqj,loop-ust,37820172,37820000,172
terra1rzkje6v6x8h0wm39y3h80mmt257jc47x48z8ef,anc-ust,638007275,638007000,275
terra1dr609a42x8vs6m3ncvw0w03cr5xccqd6drr2mm,loop-ust,269029675,269029000,675
terra1myuvqslqznsw3sk87ldtr8dcaq4yvjvtyy9pjr,loop-ust,829546242,829546000,242
terra18fpe4vj39grk3fqu2vdakrtz97zuw8xva8hqtd,loop-anc,3439953,3439000,953
terra1jej0t7m3uz2l4m7zftqwyhmh4p4ygvyjxmrks8,loop-loopr,53067370738,53067370000,738
terra1ut8vdwqxetasdj90ggjpzrut2wzrfwtkzk2c2p,loop-ust,168980741,168980000,741
terra1qluu6qm0mju4st3lcvm5xmnraf7rx8yrzxy898,loop-ust,16691097,16691000,97
terra1u5nrz7ckmmjzrtyd5uve2ld5ht6yleq7xl2lu2,loop-ust,803340673,803340000,673
terra16vucys2rf4hrsdpf8fudg3dr2ly3gu0hukqqps,loop-ust,83647348,83640000,7348
terra1vf68js50lm7acl38ga998x0wzxwdpdtxvapns8,loop-ust,631717193,631717000,193
terra1aawffy3fj2dr6yjgeedtvkqwnvruye7ln3mq8m,loop-ust,9463113,9463000,113
terra1vc0yrd7dyf8fugqtmsjt6rkphrm8qs5u4qqflh,loop-ust,3219691,3219000,691
terra1x643m4vrmmwt9s3unqszncgm7glu9kdaaem8hp,loop-ust,274816493,274816000,493
terra1cy3zyh3575n46ra009fpvflehar5auzq387x9w,loop-ust,2883600,2883000,600
terra19guf8hyfahsrtp9sprmdm35r5za5q0k4tnqq00,loop-ust,29950627,29950000,627
terra1yv96g7xwux63hmj42vhwscejykkfjf84ywz05d,loop-ust,933213,933000,213
terra1s42rt57alzvpgud4th2l8rzqsm0nvhu522nd4e,loopr-ust,333351278,333351000,278
terra1ws9nd5z5mmt8l2pdgy8synd2a6d44tkn67cpq0,loop-ust,16763691,16763000,691
terra19f5pesculpsv57kjz3km2xhheqt7nf2x5xhgar,loopr-ust,13537507280,13537507000,280
terra1cjl9esyr6wng3d2tq3s22tdt4dggcfrjs3qwlq,loop-ust,4614645,4614000,645
terra1zycvuqdes6yq0ppffxrzymd8xlhsmtppun3akj,dph-ust,894059264,894059000,264
terra1s7hyd4j7euq928fx4dw4649qmgrcgvqn8g8szu,aust-ust,262372804,262372000,804
terra1ajqrxtvy2du4zy7ux729qxjnwhtfmwpzga6knq,loop-ust,1596205519,1596205000,519
terra1a0ug6xsm3s606avnx0dlt73kdp8epjq5pw35jz,loop-ust,16809115,16809000,115
terra1km6hmxa67d2nj7atvxeq5m4gqyufhucqgd37dg,loop-ust,5309453,5309000,453
terra1na5yht6l8cvu86h592pdnmtmsurfhacwf3lvec,loop-ust,14460531,14460000,531
terra1uvwgzlaka2j8z0arelmu6cwekm0gqnmdj65rwc,mir-ust,9359658,9359000,658
terra14zyxxcxsxfnfg043sm9vrd3yp0ufecuszzrkm8,loop-ust,33785799,33785000,799
terra128nh8u5vnf3refhadgj5lsuyhrgfrygm432u2r,anc-ust,198343310,198343000,310
terra1r44vpq5wrgjjr9de9tdtl49xv2743e9us6zhmz,anc-ust,18864829210,18864829000,210
terra1qat0qvxspq4427t42t4ka5hxd9dm9hsydqtl65,loop-ust,1634579,1634000,579
terra1x8kkutmy33h73k60l9xmvys7s53wsjnmg3kglp,bluna-luna,248030262,248030000,262
terra1tu0lx26n8vjkpfjrjdyktnvt3wqfdtup65lyj5,loopr-ust,1500462868,915470000,584992868
terra13pdsldr8mavfwdgkk6krru6xj6whnnpdeqcydc,loopr-ust,23545917,23545000,917
terra10je847xxf6krn2v63xtl3qys28rt8v2l57xvmz,loop-ust,8089957,8089000,957
terra1vxlgaw3jr6nqszq2fqyy465cvyvfdaspvylj58,aust-ust,536480688,536480000,688
terra1yewrfvm9ysh43p3rwqy9swj7sa4c5qef856a2k,loop-mir,12585276,12585000,276
terra1qznjtvctxr4s6rr3qnkvkyzmku25hke3selghz,alte-ust,101309137,101309000,137
terra16dpsu2ws4ml37cgkt7jh9ug8zhc47afz430z3z,loop-ust,34053322,34053000,322
terra19mrdt4akpaeejd7u5t462zrrwszd8z20737ynp,bluna-luna,123622508,123622000,508
terra1hkdv8nta526pkus3mvmslvhlxyv9lzdkqs3px5,loopr-ust,59053891,59053000,891
terra1e6ldfcsaf93wml2n04l4mdrftjqse7tv05nrsk,loop-ust,111996121,111996000,121
terra12kathclh66mgs5m2gffhgzyrdppj4plw3vrwck,loop-ust,129540660,129540000,660
terra1vwe477jm4gjw07xemuyknp2luhhrkya4uyqzx9,loop-ust,64378516,64378000,516
terra1hrz6vt3cven3juxmgepxsf8kkvqw8yzgenzygs,loop-ust,7559862,7559000,862
terra1jm09z7j2h308pqg7nxt22aj9uh8n0hzmrvt2eq,loop-ust,22969947,22969000,947
terra1mf6ya89wej7lwyqt627tp5833586fvsy8h77nr,mir-ust,148372291,148372000,291
terra1avj0p9wn6fjwhf9sg4k9uvgesxar3m9vln9md3,bluna-luna,85457365,85457000,365
terra1u59q2z35azqa8qez53sze87ky22wvaeawyphhh,loop-ust,14096769,14096000,769
terra1l7vr5qex092u34rf5rfdwk0egeujuwn3es3fsv,loop-ust,103710603,103710000,603
terra1xwg7tswlaa086jch67dmz6qxvylswvm9hpgszp,bluna-luna,3011762,3011000,762
terra1gprv92sxk9jz5affd432g92kpukpszwpgdta04,anc-aust,402684144,402684000,144
terra1kfcu5q8vamz693rf4agsjfskk3k5y9f8nm94fk,loop-ust,305434079,111998000,193436079
terra1gn4yemknvqpgvhen5sl5qv0zwrdfclmf4e7ekl,loopr-ust,1149008996,1149008000,996
terra1nd8mx6d6w8e7lml73a8574lwjc66ylfnd2cppv,loop-ust,13514830,13514000,830
terra1laywrqln3qt73hpnqevz7tycrkdmp5qdx3pj6y,loop-ust,95096020,95096000,20
terra1y7lumlu3596lf3hy8pusyvug5ywwyle98gmpef,loop-ust,18703895,18703000,895
terra1akh6t9xk6caacf8mdp33lgqfakv70v7hnn63hn,loopr-ust,80277706,80277000,706
terra1c340zzfhwc28favxtnh75cxgg8v65n9spceep5,loop-ust,4052555633,4052555000,633
terra16ptdxwhte3nllu029hjecd0ctccvqj9vwzazvw,anc-ust,1777571627,1777571000,627
terra1jtxaenfm67awk00jq37lfyc580f59wxhyaks7k,loop-ust,37581580,37581000,580
terra1v7qvkgakw3gx8x0quepsrz29k327v5detw4khd,mir-ust,1672228536,1035088000,637140536
terra1flksnssuk8sdkrr8328rlh4ppgw5jm53ully27,loopr-ust,644219587,644219000,587
terra10lwmun98vpv9fuup2jnjvwp70a9778ra8tqjpm,loop-ust,420942115,420942000,115
terra1a29aruscr3kxtlgt3qvceeywxrre7r4aekpty3,loop-ust,8997582,8997000,582
terra1u9dr3kdkmrk7u9xxvddlfn0vhxzmt94mkss5a7,loopr-ust,15811658,15811000,658
terra1kut2vh6t2afxwxkw0458rrzjfjsw0z2dwzg9qu,mir-ust,42979892,42979000,892
terra1eq45lzd0299wehcg8j38x3dyrelzqqjh6y6h6e,mine-ust,10280271970,10280271000,970
terra1274w69h0q0vkjzpjlqay3zax56vzdq66p2q0qq,bluna-luna,91968115,91968000,115
terra1q94268nnguhdper7ssylfczrgswzfk082cj29v,loop-luna,9870276,9870000,276
terra1c2jt5qagk3l5kva6ltd0kypvtgtzh95dzrduc3,loop-ust,704008053,704008000,53
terra1343vee0gqnaagczszejag69nrw6c9l7yvjtw37,bluna-luna,7214670,7214000,670
terra1d4lc8xvq6k5382ws7p2upjfztdmhqr378kdyqa,loop-ust,4279197333,4279197000,333
terra1k23k6h9ye2gk2l06muudupne8ugu76zxgmtcm9,mir-ust,320632852,320632000,852
terra1wxv4z3a5ztr3wsh2ppr8m8xjkej68pu2jhs63e,luna-ust,19231847,19231000,847
terra13cq45xys2cxlruaxze2xm6mw9v4yrr9zvpm3tt,loop-loopr,1942681881,1942681000,881
terra1p5dh4xfxh3x3v3fwstfx62cdj45hywcgywvtss,loopr-ust,4402001913,4402001000,913
terra13dj6ax9jzsuy07quh9l5p89padjrn6e0fk00n8,loop-mir,89291824,44743000,44548824
terra1wg7rdmlrxcwy90t0uv3v9xshukx9vp89qlzh6a,loop-ust,5211001,2000000,3211001
terra1qc6pas0prv0csvr6erxd08zznetk0mqjd5yva2,loop-loopr,252530599,252530000,599
terra1suzjjmkc8pl2zgw3c6p6jpegufsnvsmzetx6r3,mir-ust,546846409,546846000,409
terra126mnp6r7tu9hkl8r64c2jwlyjusl4d5eh03pjr,loop-ust,101905815,101905000,815
terra1hxmhgv0rl4rae76rsywrhy0s4trm8jl7z2wny6,loop-ust,6012893,6012000,893
terra18km638xde7rwk49nsmdmp20dazhv9cvv2wwyuk,loop-ust,4972285,4972000,285
terra1jkfdm727kt0u20crwac89smv8e2t4wc3qtknpk,loop-ust,12241948,12241000,948
terra1z93y0reemse5heraeld4kw6y5jxha5g03e435l,loop-ust,446034345,446034000,345
terra199pwxes0m99ja825tjkjahdux29rjeqkn3g36y,loop-ust,26225916,26225000,916
terra1ygux33yh52kg45kq9fvw7mngfhxzf8c3pztudd,loop-ust,108841150,108841000,150
terra13yh2k26n9ff50c4v5mu58wwawepsaxy2lgs5l4,dph-ust,3208896383,3208896000,383
terra1amlnjtaw0ap7rslddjmy0wz6esmfu7l2h4an98,luna-aust,2087035278,2087035000,278
terra1xd59asqpuhrdhzy27jj7lz944y3lf6y6zk3gc5,loop-loopr,1015479659,492751000,522728659
terra1ypn08slnu9cs49nwapcu4ldpndh96fh3xgy5tv,loop-ust,5491643,5491000,643
terra1dv4s2q9c7lnh4tgrkaruwxp75awz50yxa6aaw0,mir-ust,3325972,3325000,972
terra1fj4q5n5qy4v8s3z974232mu26x0l8ppg9wvu77,loop-ust,8820791,8820000,791
terra1k6zaq2gs2czyfyj7gjkv7jc7r0kd4wtgvf0wdn,mir-ust,12190976,12190000,976
terra1fwc5hllemycvc6ufj07hxc7cp2ph0kt6l8undw,loop-ust,942173530,942173000,530
terra13n6cxaf2e77hcxlk9y4hmjd5sjtvjujh3frt2w,loop-loopr,581085888430,581085888000,430
terra122pxpe66d3cn99y7ru6pvdgcmp4x9rnqq3g2g4,loop-ust,28612508,28612000,508
terra1y08v686ayv4dedmkmg3cq7j4dg6q6jrje2yal7,loop-loopr,36636619144,26443095000,10193524144
terra1crysrje5qyud2ahygmmjhfgned8emysz85yhm7,loop-ust,1599366,1599000,366
terra1a4xa55cttrx9ugwceyr9t4x9yalcdxt5s9rw9l,loop-ust,7931701,7931000,701
terra1p4ty0xe8jh9qn5ac9zner2r2p5qdt5ztqz3z3t,loop-ust,5135929,5135000,929
terra1dxfkqpcf0tac2zwqmkwfc97640wjy2duft8frh,luna-ust,151795,151000,795
terra13wt5v5k5vez9g5h8xexwdwa35ddvqfxsfznwr0,loopr-ust,2738924413,2738924000,413
terra1eqdkuaw2dywtllueh882hyxs9xqcurffka8ftp,loop-ust,97594434,97594000,434
terra12d5krpk9ntxl82mgzjc0rstlph2m7ft49x69fy,loop-ust,77613542,77613000,542
terra1sva0d0ndj6mzj9p0lqvfh7p2epn9zzehgwr480,mine-ust,7130520,7130000,520
terra124y8rdnugmzlg0n4nwah56630flptjxwelz5xx,loop-anc,11158050571,11158050000,571
terra17ref79a0lqc772ufjc527ztv9gfdld8qsc69ad,bluna-luna,837512,837000,512
terra1dcgaez8yjgactqveg8ksxs6r5u2l9jv4dm0nac,aust-ust,2855281132,2855281000,132
terra18k34w57tjyfvtj046cqcxm5lfklupc0l6gge9l,loop-ust,5048483,5048000,483
terra1txpdcnz505faaktmdtqsurvmdatuv6pu0dx098,stt-ust,1758205,1758000,205
terra1t5fvzdkv3jve5s3ueh9usd30xmsd7jca6ewlls,alte-ust,12825390,12825000,390
terra1g7dvv3jwf8jr570t795274nc9e9x4rs6m58vfw,loop-ust,7319469348,7319469000,348
terra1j3lctkctr4ynuhklx74kvpw7sapn6lqwvsa8pa,loop-ust,176487467,176487000,467
terra15jsf9tl98s709xy4zylx6cz9x9ggpppyw7m5yq,loopr-ust,10226219,10000000,226219
terra12fk6s7lyk9uhh0gzkkhl8r6c9sn0hrfzy5g920,loop-ust,12840030,12840000,30
terra1dzqptmuk3rwwmxmsv9c8kyrfrf0jlenylrglxp,loop-ust,12131113,12131000,113
terra15vh6z4l2mhfu4886p6r456mym5ha5t99gje3rq,loop-anc,22931773,22931000,773
terra143kcg4pnlsrpmtjmkkz9kxymxwh6xew4q5gz96,loop-anc,81041724,81041000,724
terra17l6wwu6xwqkedsl5h4dsmg2rl065260p28tjnn,loop-loopr,9551213580,9551213000,580
terra1vnepad2hvah8cqm6sdu4na7zzjccxd32fj6w35,loop-loopr,63230847471,54819449000,8411398471
terra1k9h078d0xhlv5q827s40lw39sng622y6xkem7y,loop-ust,274291835,274291000,835
terra19knljg7p8jtnkskw2pujj92exmu2fgf5kasdqg,loopr-ust,7576387992,7576387000,992
terra18jtyeafc2dngfzdkqgam0fzuatqxy0klg9n8c6,loopr-ust,1120806992,1120806000,992
terra1z7g9c9qpxyk098s05t5gkc0ffajzr3azltff8r,loop-ust,2788004017,2572944000,215060017
terra1l30h7z53s345h7vvxaswaaew0fvzc8w88f68u4,loop-loopr,2408748021,2408748000,21
terra1zkpmmhz0hqfm3nru72du0udkg4yy54q8c737g6,loop-ust,63473499,63473000,499
terra1dqfuh2r2249evp734cqd08z5sxjgsasuwds0mw,loop-ust,12608877,12608000,877
terra1wxr7lrjll5r8nllul6lp6gvkq77aw8nw62tcjn,loop-lota,1727850700,1727850000,700
terra10p32z9elt5jd35s946c7t7dex50za3yvywev5h,mir-ust,1133367,1133000,367
terra1rt72y0qdte4jjcaz7rfxl406xd03ushc7vktkh,loop-ust,9607623,9607000,623
terra177meyvq6m80evm32k4vc0r2vajwd00qzh3mfmu,loop-ust,38293648,38293000,648
terra1p89g8wnsp4wfmrewkhpk7qf3ce9chy493yv38n,loop-ust,1509599406,1509599000,406
terra1uk66srtljzk5taesluy3cgyhsyumfwwmu346f8,loop-ust,1984970,1984000,970
terra1ecl8rea872s7tjtslna23h2cxky8prerjjpvlt,bluna-luna,49773396,49773000,396
terra1gqmwmz0xraehwvhpnm0fycgzekzst63p85rfpc,aust-ust,716032012,230017600,486014412
terra1tw92r0d597hwajdqc9gkkaru2snmgg06ecycg3,twd-ust,95167427,95167000,427
terra1wnxhzh8dhg3xz7uewd2a8umgz52jeuu07lvdk6,loop-luna,40252790,40252000,790
terra1nxdwwrpfshdtj5mp4t6kam6wygcxtw3mv3lcm3,mine-ust,22967050409,22967050000,409
terra1086dg7vk06l5u5hfdu3h375qrrkpt24l97r684,loop-ust,15295433,15295000,433
terra1qyaulxj67qgm2d97wlnt9aw9fmmmlyvcfh3gkk,loop-ust,2879222,2879000,222
terra1tpdgzc7et5guq0xrrh7ypstvlt6yd8dqfr3rc5,loop-ust,14201395,14201000,395
terra1mkd5j67a65rkkxkwflqhf22zzypm48waju7quq,spec-ust,34725046,34725000,46
terra1e5z84dtng79rn8gsdw37rxnucx2gqwfg76l4pw,loop-ust,4881459,4881000,459
terra19g4wg68p052vyezqxsjuyxfhf8maz3jhamh0as,loop-ust,296760790,296760000,790
terra15fev8t4sf0e6qst2lx3x64adlhhz7826wwfzvg,loop-ust,14238407,14238000,407
terra1xys77afedghh79lftgmsudgl5q77z50u837qxd,loop-ust,49174661,49174000,661
terra1uf93dvet34qnx7ct7xy070mn9rgq2pmq7p66j8,loop-ust,21932170,21932000,170
terra16zz2s5wxsg7z04st3m7w3vynqpk7t0k0wgwmum,loopr-ust,1123537177,1123537000,177
terra1e9mq97fsd23mwk6uutuvpgpkj9lnrlwc2wjmg6,loop-ust,158751352,158751000,352
terra1er2nsdte5cv24nqurdcjepq6y0ck6rszhckewk,stt-ust,1196477231,1196477000,231
terra1kczepguc2m6f7562p76zshx8heaxu98etz49cc,loop-ust,11743972,11743000,972
terra1zq7pe5qtrq2049dd0dgfq8xxey3el9xwr373w0,aust-ust,637092774,637092000,774
terra1rl4llhtsx39jfc6g2l7v9872k6f7ylqzv473f0,loop-ust,10745315,10745000,315
terra1s9h6vg6e8pm5pxnpv85h2sqfqj99s7y8khx4mr,loop-ust,867410638,867410000,638
terra12fx2exq9sw0qazzlt4n9gpvmg6u7smmhcjgu9q,loop-anc,47474678029,47473885000,793029
terra1ndxpkuq5zkagwh2xvcx2wy2kuf2ay8vqn52pje,loop-ust,152406859,152406000,859
terra19yslr5yvkxa6ralxhhdnl9v4dsnxfw3xeknlw3,loopr-ust,253098775186,253098775000,186
terra1lys8rucgnzxx99gxaa7c2mddng7tdtuw6sfld2,loop-ust,99115983,99115000,983
terra1k5puzsa66zzmfja638ldmgj2vydttupxj6em96,loopr-ust,540852315,540852000,315
terra163xfa85hv0fffmaz3nmdtn0gh3dcx58c4cajxy,loop-loopr,2768218692,2768218000,692
terra1nffeln993j6lyzzwnzmxxuxav893aldngfp6v5,lota-ust,293824722,293824000,722
terra1u0eg43du3m5mxyn5wd70hfppd0ul62nxwr568m,loop-ust,2481378983,2481378000,983
terra1mupmm4yc9p6yhyhu0pad5ekxazy4uajkv88ady,loop-ust,8089845,8089000,845
terra1agnalsvh69hd3yl2mxjth5uq46claynhlt0utq,loop-ust,52483558,52483000,558
terra1rx33ghdq7lr9jff3wch02nu6jq65pym95yrqqa,anc-ust,38868188,38868000,188
terra1zulmelw4w9hgewt8zmd3jy7ynpwyyr2jrzjexg,loop-ust,10100764,10100000,764
terra1rc6vh28rw8ptwykkugul5dsz9jjdfrz58agqlw,loop-lota,712993791,712993000,791
terra1jx0mh2dzn7rgh4x0zesswy78l405ev9waff599,luna-aust,176801087,176801000,87
terra10znvewq707kmzxz3f08y856cey4ugyyaf5st52,loop-loopr,331748293,331748000,293
terra1clp0wlrxjpxjs960yz4ep0h433zckdjtcpjgpt,mir-ust,1073009187,1073009000,187
terra1evkwxye7pyh2m6y9pcgxeplay4x6wjsueme7ms,luna-ust,20267174,20267000,174
terra10j65xvdwmw287f8g7gf70n00drnacrmeqr9a3v,loop-ust,68860707,68860000,707
terra1eaz9enycayllqsk4x4suv3s6uuvhuym0q3hxef,loop-ust,217655812,217655000,812
terra1uf88m5k3wtulcdjr2u7xfqakyfmgexpmstumxd,loop-ust,48654495,48654000,495
terra14trxfd33s6egggyvvymqfssskxfzxdkcctq08s,stt-ust,13213896,13213000,896
terra1d7v5ht0w6yweu2rg2vmex3u9zqzk7n388tlk7w,loop-luna,11683453,11683000,453
terra1cswpqnsqn259lyqhne9kml20rus9m3tzs5hf0z,loop-loopr,707036195,707036000,195
terra15nw4yev0zlull8jrj5p9xxu30hvcqz99g4sqyc,spec-ust,31154999,31154000,999
terra10s9re7tzjzxcw0jh22g42grdw83z59z254gr3v,loop-ust,97179921,97179000,921
terra14wxz0t3e2zr5nx6qdjh9am2ma4pp6tl9xf453z,loop-ust,19728241,19728000,241
terra1yfgqltvwpmwwphnrp99rz2ythlj8555gcg7qsy,loop-loopr,17428787685,13522773000,3906014685
terra1e4skyt0jmecsewg7qsccmqsxfe3e8pdguw3ttg,loop-loopr,1104351476,1104351000,476
terra1cj99ktux4saf3gxtvu557er62luqrtuz97s70v,loop-ust,4473677,4473000,677
terra1c5p98c6ejtn4k04zas60tryer3mhq7l9wgqqzk,loop-ust,70343631,70343000,631
terra17cvgp8mvzc4tyv84rd6mxnud2375ardfndheuv,loop-ust,380236235,380236000,235
terra1dhguukpxatk49u378kqlzgh390hn87krdmykvj,loop-ust,214079911,214079000,911
terra1vcmjyvme0qvpx27ctsksp7tvq4u7sl00nhkn6n,loop-ust,17357132,17357000,132
terra1kcwydq0mg2k584jc08jn846gc4jh4dv42h82w5,loop-ust,5789021,5789000,21
terra1jz2xrqfhkndda6es5y8xpesdnahjensyhv3u4q,anc-ust,433463930,433463000,930
terra198096t86wvyg3f9fvfceqsuljh5czfd27vjtm7,loop-ust,84056955,84056000,955
terra1xmmyj4ecat7mn54t3e0sqfdckydzz4kj0akj5u,loop-loopr,299178557,299178000,557
terra1lg3lted6a4yf7vwlqhwcpqn42mckveqqvkyjfh,bluna-luna,2610504,2610000,504
terra14slg5zmt0jljscr6eekhrau3a0r0g02hc893m2,luna-ust,1362327498,1362327000,498
terra1j5l95khsa9zkeefqwxkl0alqfjq9lhjz947djq,loop-ust,541236174,541236000,174
terra13e5lq676peu379k0gprxul7aegf733yksav4we,loopr-ust,9520159900,9520159000,900
terra1punz8688erkz3gcll907pux9sn9j4hphahu08s,loopr-ust,84936291,84936000,291
terra1z3s4r63vs6azjazdzelfdfwus0nvq0ctxvk6vl,loop-ust,178306863,178306000,863
terra1ulnhdkn40dszx4h93hxgkatptt4e274zjgzsdf,bluna-luna,39992002,20085000,19907002
terra1h75taqnm8wxvafc0z0rwrwyklc7wcfsh2fdv6t,loop-ust,4709154,4709000,154
terra1y5fq4ypvuq7dulewfwaklkmgyp096m0jrrarya,loop-ust,1191752862,1191752000,862
terra132j8zt0cp38zwmzwraavjajzxw4drus2a6jefc,loop-ust,51376351,51376000,351
terra12w3zlvldw4pyxggg742rmq8xf6cgvdmhzhw2dk,loop-ust,5142377,5142000,377
terra1ece4teuw2w03yekcr5q0quxrz837mtk8ufu5uz,loop-ust,10235602,10235000,602
terra1vsaw9uxk8xfhptewsv023j2whehv36uhhzegll,loop-ust,59303756,59303000,756
terra1f0425lh6tqq06ddzufcevzwfe7ehflheys67zf,loop-ust,70820475,70820000,475
terra1p3asnxlx2zj9ts6pnv4mf4ztcpd6zplhv8gzdn,loop-ust,68577998,68577000,998
terra14wkfv3fs4xrr8te074mrc0uya82nma5xw0lhk0,loopr-ust,150774958,150774000,958
terra1cml5mmsdh674943psrlvsxva3qxrc4qapq8t33,stt-ust,1750380714,1750380000,714
terra15hf5tp9a5nhaaaq2uu7dpwfhq6pmuhl9ud5spu,loop-ust,31734410,31734000,410
terra1c2wfr77e3xgnzf2j0353qlakje9zwfx8g89mjx,bluna-luna,5992689,5992000,689
terra14kd57mdju79qzlzytefhmt85c2v2ldmddwdtj7,loop-ust,203734097,203734000,97
terra1z66y9672ulh5hhaa9t5nwhgra8retxn29wkcad,lota-ust,3179343768,3179343000,768
terra1733h6845exh5hu9zanry7nrqn8ncv00d76y4vh,loop-ust,27107371,27107000,371
terra1j600lvuj95ttcqgslmwzyquggagtw8ckzaqlzv,loop-ust,6761247,6761000,247
terra1vwkes0l5ed4095ws9qkyz7hl7phfq2p60jh64m,loop-ust,3582487913,3582487000,913
terra1vha8fearue9glaqlvr2qswcdj3tsztxznaunm3,loop-ust,13805360,13805000,360
terra1hkkjyugq54pd39qt2e5svwald0w3cq5nuyscxz,loopr-ust,36526393,36526000,393
terra1a4gr9aymn5szz5dw03cwjud8e9z2apk7ujvlum,loopr-ust,22135365,22135000,365
terra1hfaq89agrk2cfx42kxglafpjxp7w53wm2ue303,anc-ust,33567664,33567000,664
terra1vqecqjtgy5yg0v7j7vh7e9307u7e4kxjpamrdx,mir-ust,1347904508,1347904000,508
terra1fr20s9mz8ce5nu67je53c25zwe7269g6mf8zws,loop-ust,403466474,403466000,474
terra1f3syjwlqfnfur949tsz86dhtnkmpdduy565usc,anc-ust,12485270,12485000,270
terra1d4h8chny4p5lzmk0v3zfkksq246edj2zl9ttcz,bluna-luna,12771520,12771000,520
terra1h97f42lzcxkpvkut36n5ftmekr6mszg852zyaq,aust-ust,271933693,271933000,693
terra1rxrletacekn3aekaasvn5twzt4kq59xx03qjxf,anc-ust,7232552916,7232552000,916
terra19gvkcqyl9c7g9pa2kfp2pupjhl07dhapvhszer,loop-ust,2734751,2734000,751
terra1lys8rucgnzxx99gxaa7c2mddng7tdtuw6sfld2,loop-mine,58289496,58289000,496
terra1nj4yaxtc9aaghxq3el35px62tn78255878r54h,loop-ust,1043500350,1043500000,350
terra1xgltx20y6e90vgas0au8yc3d53940gc5wct2zg,loop-ust,16764680,16764000,680
terra1kjffls0uva7jwu35h77gl27j4w3zk0alxmahcx,bluna-luna,3978270,3978000,270
terra1ve0axkm7kxuuf2myrd3hpsplnpn6p4w2f2k3yz,aust-ust,1080093325,1080093000,325
terra1pnhedgt6k0n3qqqk9pr7lrn6xrywfmumdr5lj4,dph-ust,16778048712,16778048000,712
terra136hva9vnyspfyn20cnkgfe8s256w8wdazj32en,loop-ust,3730281,3730000,281
terra19l7t8g8cupdfh993f5ndlryyexkar2thljsy2p,loop-loopr,956357065,956357000,65
terra1v0tta8ex5dgaczpvxzu2wtt7pvxlmttqpsmrn6,loop-ust,11173428,11173000,428
terra1wlex0sffljvq26k8ae886rszxv6kafr7ppk746,loop-ust,3461547,3461000,547
terra1tsxdynzpcc9rw4rjewjja60vtlrjpnvr3zm3ja,loop-ust,30480117,30480000,117
terra19y3vwqe54x7f42w9d6ymj0x2l5k33g7pprj5rn,loop-ust,46498894,46498000,894
terra1qneeq60q0uaa47wr0yxy4yq5du3qe3cwqrxrul,loop-ust,85324087,85324000,87
terra1aqp2yeh8e42fsmm7dq5qhcusmn8lt5yss8vy65,loop-aust,402273968,402273000,968
terra1xlvjjk86vhdwkkalddttdgdqx0fnayzsnlaju2,loop-ust,27372412,27372000,412
terra16j4mr2dl6ehpfjdvksmwk67wz5mrtgc922cvy6,loop-ust,749563421,749563000,421
terra17thdtfzd5hjhr233p3sfndfyt72kn7nc0596sq,loop-ust,26924023,26924000,23
terra1exh5rem3lt4j04ssmu7e5jrswjfp2aekl2mtm9,loop-loopr,108391056,108391000,56
terra14k48tar5sr6akyuta6hkeers8hnrg8dt96vhdk,loop-ust,5906789,5906000,789
terra1g5lewfx2u2hguhhhqsc0hvnxk06pygr3lkrrnm,twd-ust,282640255,282640000,255
terra1mrkypn5j56yancjlyhfc8lxlp9llk6g0fg4xuv,bluna-luna,647643863,647643000,863
terra1fc2s5dy9zsfwgfeh25sgs23l0g0n4q282jgm5j,loop-luna,29018906,29018000,906
terra1pjuxv3u4akau8y25c7d6q0p66k2naauzn0sf6p,loop-ust,28121002749,17000000000,11121002749
terra1kznyy6tta8ju607m9k464me4pyps6wc8emjak9,loop-luna,27577508,27577000,508
terra1l8wlpc6c74e8h8eg99c3nkc4y679235lxtje20,anc-ust,706763259,541000000,165763259
terra138speaaajxaslvwndfxt2uptgpz5xxttr93n7t,loopr-ust,1454277559,1454277000,559
terra18ntlzg2g2cz5l4ksn3dzttn7x0jrlnxmwxyqce,loop-ust,14199390,12269000,1930390
terra10kmr23va9jn4zw8tkqfal7w6ng8wkgvwk3crpq,luna-ust,351299800,351299000,800
terra1cdw0hfj56wvm4laadmz79lxneuve6jmgwvghpw,loop-ust,351973038,351973000,38
terra1zehvwmq7hymv5r0vmw0hwhdw2fn02yhtkfkt58,loop-ust,4279084,4279000,84
terra1z07w2ghlqams8vtjl23kjlatst57scc305u7mu,loop-ust,62741405,62741000,405
terra1s9n3gzvfgvwx3q7ejr0qh4la0lk829qc0g4mux,twd-ust,110731112,110731000,112
terra19scgxr54cvrlntqt8ugmj0fvv9qmmtz2d99gze,loop-ust,173140597,173140000,597
terra1vvam78cq34katcnvskydkvqfeyehznuhrvw8wm,loop-ust,253061304,253061000,304
terra1a5jfh4m6kwtnsu8estjrs59lwwckq6r0l64mc7,aust-ust,8966003222,8966003000,222
terra1p6n8nzj4qqwmpph2g8hd3pqhzyuzpe5qlcqsfg,loop-ust,15848797,15848000,797
terra1r3rkwnpjtlztj4kskcfku7latzsv5g8turze66,loop-ust,41362520,41362000,520
terra1jlc7sshfuknyme9rx3kd72wcym8r2s5sf57vj4,loop-ust,138955149,138955000,149
terra14cwd53k9epprzd3qqt5g659y9fct4q8y942qg3,loop-ust,160236286,160236000,286
terra1jxmqhwj3lse322yh8t3jh3y9ghnuknl7fqsagg,loop-ust,15332580,15332000,580
terra1adt9xj463008nsgxg28jemsm0ecgk66v6evx54,loop-loopr,4085309392,4085309000,392
terra1tld3cmx65d7q55wd6077d9wwdxlhdqdnj0pukh,loop-ust,226460973,226460000,973
terra10fh4yugfcssjn0u9q75xvzun0uxa7a2a8n942p,loop-loopr,2261252679,2261252000,679
terra1u3prputlxv54yw9u45qh5khw4gkz9ykmt9s5vf,lota-ust,1581888433,1581888000,433
terra1ndxwpuxgqx4hqx2t6rd8xh7ju4he3e7gamxxz5,loop-ust,4551984,4551000,984
terra18kuytmvjramauw0up3e9fzwxmd3tcs2ndhtrv8,loop-ust,49849962,49849000,962
terra1u3wk4rs7uh0unvtkhq8fln4gm7ppcj9qyduyre,bluna-luna,2516626,2516000,626
terra1hxnstteljxrjql9laj2vc5e0m5qdufdl8hywlm,loop-ust,4039135,4039000,135
terra14r2nzpu8v9rd0yelf24vg47zmpxd56ngdsy9rr,mir-ust,394533816,394533000,816
terra1euxs4gz5s8t7lm0ep47dwejn2ky9p437nhmvmd,loop-ust,61084013,61084000,13
terra155qs5st94a5m9k9240lmjfzxes2tljzk5py7fs,loop-ust,41780173,41780000,173
terra1xy6lw2fjayf0xuuj9mphcfk5muql7fm9ndum8x,mine-ust,173582020,173582000,20
terra163gjxrd4l0v5eveg60rlrw74au9xxd7qnl6tuv,stt-ust,24608924,24608000,924
terra1z4372enan8n0kyneh5cqg7u2ydvwu24r8h87c9,loop-ust,428163931,428163000,931
terra1kut2vh6t2afxwxkw0458rrzjfjsw0z2dwzg9qu,mine-ust,124871005,124871000,5
terra1rjjzwn5wyjhzrrulmk7fh4wprt6xhrua6308am,loop-ust,9339497,9339000,497
terra1acu7jrspkwkvkacqd8w5hxtr6y9auu9qlnc45q,aust-ust,473562633,473562000,633
terra1ywmscszmvdn8y4qkm3x8pczk94f8q8atua0aqy,loop-ust,1010961,1010000,961
terra1vmq22gkl0r929g6txjakrc2k7nf7mtx6el7ute,loop-loopr,6820071439,3812824000,3007247439
terra1cw64hyyn3jd9sm5lqyp9p9668z44e367mfxl22,spec-ust,13518885,13518000,885
terra128w820rnh7q7nq4sr8k4c0qgfc5dtfn73whu7v,mine-ust,151096189,151096000,189
terra16w04k270rf0gt8t2v7ar7uqp0x3t9x9za70tph,anc-ust,11728681480,11728681000,480
terra1vca79fjt0n2mqegl9jctg32kcwhyp8zjq9lp6d,mine-ust,24415713,24415000,713
terra1qsa8stwy4rj9ej8ze2mr9k4l9ydmc8268ygv6z,loop-ust,26068446,26068000,446
terra10k8qjcqnd47sexzrlldaur0ng8d60rel74hqwd,aust-ust,4459709750,4459709000,750
terra1dslxty960uzuxtqd0t2szn3dlsjju4x69zzqwd,loop-ust,89168398,89168000,398
terra1skh0ff0aqcc6azc0f8v0ncr7s94yjkc25gddd6,loop-lota,6231553505,6231553000,505
terra10rh29tqn9fg2rlas52cglz0484jezerhqwdu82,loopr-ust,4140998232,2431506000,1709492232
terra1kqdpfjy7yy28jzhc7xvjs32s2j9fvzm27vef9y,loop-loopr,1039432118,162354000,877078118
terra1k86y2pedv6hzhtr5d7pgy7frsc27n5quc6tqyq,mir-ust,3419436,3400000,19436
terra1xvm4ak0c9llsfmshwhqaevfsstvktdtw0v6pcc,loop-ust,7085580,7085000,580
terra1dfqlz0xfycdtwqscjylts6vvfl8am8z9hp9qke,mir-ust,65312415,65312000,415
terra1r674q0deja98yya26vsn69re2nfv4lk2ff47xp,loopr-ust,36446363,36446000,363
terra1h0069w3pe7s5arj77w6f9f0vnzy4g4g8g6rycf,spec-ust,171951990,171951000,990
terra1z93y0reemse5heraeld4kw6y5jxha5g03e435l,loopr-ust,3891668419,3891668000,419
terra1chagkre39ltu3tl3zaguca9cwez2jy5hj3xpez,loop-ust,91940782,91940000,782
terra1rxk9rcnhzmcfkj4pn75sywpkpfvslzr2ge74ra,loop-ust,645117237,645117000,237
terra1pcxpyv70ma3qhzfddy4cadvh2mq4q8gjlw88dl,loop-ust,33265293057,16632474000,16632819057
terra1klfc4aguw0gjmqkfd5l4s3aaps5658f34ptq7a,loop-aust,156124441,156124000,441
terra1zqqpmepqxkjgl8fq5d5uemn0tlc5dqm8e9px7a,loopr-ust,92055641,92055000,641
terra1zq8wnmqedawy2wvrd89rmmt872df92237n4s9w,loop-ust,105932537,105932000,537
terra12wca9tn6eqmevd5pmx498ns7lt6n6mh4juczz4,loopr-ust,679094042,679094000,42
terra1u4vqyfw8pp6e77ltmqcdmydlst4ttcvpfcng3e,loop-loopr,282927727,282927000,727
terra1j5npf6z74aycu85epkgjsc3wpzf7nuv6xv7c2w,loop-ust,44216975,44216000,975
terra1j8jk59dawt49lkzm4kcvr0dn6g9r709f6sf3g4,loop-ust,19848137,19848000,137
terra1h03ywgnd87rgay2urz7e43u8cff9cu3l626gnu,bluna-luna,32268528,32268000,528
terra1aerscre2ac47ce549la63wd2rd668a9avjdjyy,loop-ust,32947584,32947000,584
terra15vxwdlxgy3wv7ye7wg4ywkdwt9nqqtfk9e88wt,loop-lota,9569109,9569000,109
terra17pc23n4m3qy3gwsv9zd34qpxrfafypz629lj78,loopr-ust,2326428350,2326428000,350
terra1cfcevu8vpl4yc3q6z5rwlch8thyssszn8mm4ec,loop-ust,10851289,10851000,289
terra1vx9x228wwxswktttjdyzv0s3g6kkyfms0j77te,loop-ust,1106494001,1106494000,1
terra1c6v3mu8v47p9kf5hcgfpxjlnq52ntduvn0d4u8,loop-mine,13888679,13888000,679
terra17kxt36g80mj7fzuvn3xeusfvp5lmpkkrrvpkmh,loop-ust,13558029,13558000,29
terra1e3vupx9zknv03aztewwxy6ueft4myetywqkdh4,loopr-ust,12178715319,12178715000,319
terra1mp5kel35j7tvxpqcatryay3x366f268n3ntd5t,loop-ust,10950258,10950000,258
terra10a2f3j3h08s093kegghd0q7w43l59eracjulk4,loop-ust,1905754,1905000,754
terra1ds79chlm9f6sn6k0sehdrr52e900vh2nl9kku3,loop-ust,3170866,3170000,866
terra1qw6f9z83zakd4wnfxgdydc2dfp659qjuq9qj47,loop-loopr,1028405779,1028405000,779
terra1ng89pjj78jlex6q8t4wmws962g87vmljym0d7h,loop-ust,57755657,57755000,657
terra1fsvfrvecapqk4kutc5tzsfjkqcperh5v8y0pcg,mine-ust,2841467956,2841467000,956
terra16fp7fqqj3464f4e0gzqn253p3g0au5z87dfvsk,loop-loopr,710740836,710740000,836
terra1fpwckrwftj73m4tzavumhajuyl6lq0rqqlrcpe,loop-ust,38708652,38708000,652
terra1uzmgyftcyuvgqxk54uhtrdcfj3ylelgdrjhydg,loop-ust,163107364,163107000,364
terra1a3y0kkpsyr8qje5ttv8k3ch2q6zwc0gyx9tapx,mine-ust,2189388750,2189388000,750
terra1r28r6gx489e9zalrsnczqx7y47st3yazaq9ja8,loop-mir,2292142956,784594000,1507548956
terra1n2j7ylpq5wjnl20unvfpv8vnyu4tg4pmsazjra,luna-ust,110854201,110854000,201
terra174csqu0sahfrar3fftaeykg38wwv5cc6xux97m,mine-ust,4349858553,4349858000,553
terra1qmtlqgdjskjan06zl36k7z3ptgguly3gll86nq,anc-ust,3144592528,3144592000,528
terra1l9z4qgfvt66tytmcsjs4mxkf45hvpphwtnd7ud,loop-ust,8585170,8585000,170
terra1egf3zqd3z467arxvax8r88h0kvn20an33l5azd,loop-ust,94903984,94903000,984
terra1njekzf98cy4gse2nq2jjrmt038wsvk2vtwzfrr,loopr-ust,6116788363,6116788000,363
terra1rn6uj7vvhczu9kljrccckj7gtr308lc3af3zsg,loop-ust,51860444,51860000,444
terra1rn958qdxpt447jh9ye8w6u2pyw5km09dsz4hjp,bluna-luna,52751071,52751000,71
terra1syhzx86xvyqyw2ww0w5lcgjdqjgeqgupk9kty2,loop-ust,175286178,175286000,178
terra199gzsd432fp8ty44672a6wd8vsggmnjerhv6qs,loop-ust,13231434,13231000,434
terra1l7r8t54uwa75cayu0zl94kp5fx4ru886kg5vd8,loop-ust,49162710,49162000,710
terra1mdh63el395vcmyvklnpu9cuq79k8jl0qf8q73p,luna-ust,16121141,16121000,141
terra1ljhrzufdk4lnd0getmgny4p2x3ahkprrm9m052,loop-ust,9057279,9057000,279
terra10yv26w9u8z6var8qznufd5t4hn5ha9ck3jnxyg,stt-ust,200089785,200089000,785
terra1wlnpqm2qyrdqrg504zkav2dpu8zpfucu9j73ly,loop-ust,42793838,42793000,838
terra1pmp5pn4jdaew0e2tryz373e8whac40esazmcma,aust-ust,4495577,4495000,577
terra1sspxcvnknpj40hgtg0m8gt5gzm550crujg2vz7,loop-ust,156058796,156000000,58796
terra1wrrq8ltsg8m8yr8ahdszmxh3vew9neunzvg7nm,loop-ust,8878937,8878000,937
terra16djlu5fnw04zxs52ctu9y4gddf3z7dt78wrzfr,loopr-ust,64773840,64773000,840
terra1f3sfcd3mnp6gu339e9jfyqv93fr035pw3dr4hv,loopr-ust,8529312055,8529312000,55
terra1eehfq5mnw2w409pgxz5xtzyj04pscjj7cffdqj,mir-ust,867259823,867259000,823
terra1zkg2d56hr6ppg3jtzyx60zx7qwum4ajdgewzqx,loopr-ust,551198346,551198000,346
terra150v4wusx8pl4k6k43vymrq2fcxfug8sttqzqqr,luna-ust,20606792,20606000,792
terra1w43merts6dvuaxu3xhyzy04tn4qwwuqkkggyxt,loop-ust,163058247,163058000,247
terra1pw7peeatp6z3cz3j008d3ws2lzcp8f7g7c8jc0,loop-ust,4833463,4833000,463
terra1z69t6qf3n5aenkg93uw3mws8vhae3yksxranw0,loop-ust,37241256,37241000,256
terra1wnzp9kdvnka9atrm35favfaxxcengnm8dkrvza,loop-ust,9782128,9782000,128
terra1ckmcumm59hdzmyw87xmfqkyfrjpzh0gz3x59le,mine-ust,2460532172,2460532000,172
terra1cjjxqasv3srppt46784q27evr84vpequtdtq2u,loop-ust,9454222,9454000,222
terra1z0kygtz5kfca900cp878u9g6rcswgt4mjearkl,loop-ust,26703384,26703000,384
terra1940l0nqy47y5hja69lwdluunmehu4z9ntkahex,loop-ust,22008722,22008000,722
terra1e3nvsylgplwl32h6p0mf8wnkdnnzersr7az8q9,loopr-ust,18122958,18122000,958
terra1722l9mhmpuqt5hsgtwaraf7av0vdf63mwyelsw,luna-aust,48900472,48900000,472
terra15kf8wyw3cc6p37qpmmjtacrammdmpkf3etfca4,bluna-ust,1182160,1182000,160
terra1rjjqw8me4yu5v5dry0p5xfrm4aafh9cvuhlvwe,loop-ust,38271414879,38271414000,879
terra1hppefqufuetxkyzhvrmw5p27kh3myyzrac6tn3,loopr-ust,104221229,104221000,229
terra17na2mw3htsqz8hkumf30m5weux5h75qck2cppe,loop-ust,17897729,17897000,729
terra1dayw3m2nypl622tajvrvs26ph3f9djt030t58m,anc-ust,1745834579,754504000,991330579
terra1luv47lksjyjxqesxej6av75mvrwzvxj5xluz5x,loopr-ust,31275689889,31275689000,889
terra1yxfgvtq2f5q77du6mjll6kp27gn4cua72r4x55,loop-ust,3334885862,3334885000,862
terra1nfw732e28qkv47jcsjewr6nf3caywzt65ew3e3,loop-ust,114529962,114529000,962
terra1ugv30trhlherg79vngsmuv0wq8xd07xy998qvr,mine-ust,366500760,366500000,760
terra1mghfncrl9pxw3c8mvphrafzg427xhu89nk5948,loop-ust,63179515,35275000,27904515
terra14783jqaapacrpsgjrvynnzhga66dkqndxv4u5z,luna-ust,197984109,116544000,81440109
terra1auef9hygpjlmuvmjzjczjg7ru6zrxl6w03deyp,loop-ust,1400260933,1400260000,933
terra1gwz20wfy4an7qvtd5r57p0knqsed2pyp8ntxj3,loop-loopr,7243639068,7243639000,68
terra10a8du3pvk3cwm5qv28acg7xafsetwz5rjav3x2,loop-ust,72673711,72673000,711
terra1xqrvp86up9xkwxxkxvad4fxlka4r7rrjkj96az,anc-ust,134329032,134329000,32
terra1pa0utppen23smex0q76ksnn04tf360g9ezgkum,loop-loopr,5098240683,5098240000,683
terra1p00ne4xkmerrurd0retnc47zzdh5tl5qe3em20,weweth-ust,21523912,21523000,912
terra1ketsnyyyzgmfy8ql4rptxmeezq5jzz44h5temr,loop-ust,35720390,35720000,390
terra1a7xk8ugla7heqwajexrgytd74yqn225ze9wdf5,loop-ust,929202458,929202000,458
terra1lnsec3pq42g30g5exq5vth5hznxm9m9pp8emt7,bluna-luna,1390898,1390000,898
terra1tsv8fsx7tkz4uacx2nsqyxpr3cqwc0swewlxqg,loop-ust,38119488,38119000,488
terra17eccdef2gvlu4pssxz976faxgfu5szyw00cw7t,loop-ust,8011796,8011000,796
terra1866v8rvk2eh8l29uwg2py2c5aq0le7jm3cn44w,loop-ust,8828275,8828000,275
terra1erlvaea2urcsvfw33kzfv5e6dpm9gsagyf82gx,loop-ust,120619925,120619000,925
terra1zcsj3slrulv9lpjnf0wvrej0e8dx8cydljf5mx,loopr-ust,634229455,209376000,424853455
terra16nza9qnu5nnr8rz445zrupn7dv796kt44thhpv,aust-ust,2036996205,2036996000,205
terra1nqtr2elcp5xsrr7e9g9uhzxd44uc884jn8qud8,luna-ust,36136020,36136000,20
terra1vn2a8he3lqcrvc0rw54aw2zqrjnwcrjjhxhwwq,loop-ust,566513387,566513000,387
terra1qyu7jqfaft3l5mfp6sx39gu8wut8rudymm0jpq,loop-ust,6155271,6155000,271
terra1rl9v94mhe86nzv8va5vphnd69xxgdqmfjkkwed,loop-loopr,78877373783,38627518000,40249855783
terra1nhepcjrhcv62r22l8jmwcyg2aytd9sqpyfwa5s,loop-ust,8601421,8601000,421
terra14795kpy0pvxw6zv5tklw4z04wnkjfe728jgmss,loopr-ust,21772193,21772000,193
terra1lxjepshx6nve2yjstyrkutsu9g7pf650v8heq7,loop-ust,10199785,10199000,785
terra1875xc43tnsvudy0f62telz0qdk3aym6g9a9hj2,loop-ust,4612126,4612000,126
terra1sqjgurzj2t5qsyrwp367mfvq3nvldca3qnz5fa,mine-ust,23763392,23763000,392
terra1rys2v4qrf0uenq4qz9a4p4rp9fk4zwv6h8wc2r,loop-ust,14734958,14734000,958
terra1f7kkujqpjauhkv3yrna7zrvz8tk6d3dydw70tv,mir-ust,4460774972,4460774000,972
terra1fjs9tz4ctjsr6p9q6xexlt5y58xskj5m7xy5xd,loop-loopr,818621827,818621000,827
terra1dxje3yfqdwflxkd4rqwz5mnsewduvnvwm9laax,loop-ust,94372495,94372000,495
terra1fmmry68j5l89tr2t82zev9cxgj8005e7zw68n8,loop-ust,197793203,197793000,203
terra1pc833carqx4aju380qdr7erzrt490letzq3s9x,loop-ust,78770443,78770000,443
terra1pd2w9ux6dssps33qqf45kmjz6egnta05s6ah4k,loopr-ust,942788970,942788000,970
terra1h6hc4hdnt0aks4hagtkf56rhe9r3qrkuxdu3d7,loop-ust,56322854,56322000,854
terra1ss3fcfzj3l23q0gkvmqn08w7ssta9ry2z72e88,luna-ust,7520191,7520000,191
terra1mdzuuvtnamjmc4pjd0554elxhazqqdfv325qal,loop-ust,72515987,72515000,987
terra1k86y2pedv6hzhtr5d7pgy7frsc27n5quc6tqyq,loopr-ust,22226938801,22226900000,38801
terra1gukw2cz5vdrl9yqugxwfv8vjpymffy6sp4qd8y,wewbtc-luna,6325493,6325000,493
terra1xsfg7hudv2ak8wdv70xcfkzj279xcf3amf6p9z,mir-ust,124029174,124029000,174
terra10pddf230xqr5ef2z9gy3kypern0dle4e67extv,loop-ust,22343890,22343000,890
terra16ha3wedm26psxmqx3u0lwe0tnnyl2pzv40ltzu,loop-ust,21614679,21614000,679
terra1mw5v26vqzwwc40dum7xm6ty3ayzkzw3qsj45hu,loop-ust,591637190,591637000,190
terra1wdagst6r8uw59ygjzvrn7w2tyrkatw6z426zm7,loop-ust,234121275,234121000,275
terra1mnkksyv50jgsy9vtgra2psyrv6w0gce4lpcjmz,loop-ust,31728738,31728000,738
terra10dpem6n72e9msugnjnkrzhafxck948wvpdhjpn,loop-loopr,8443095077,4229474000,4213621077
terra15m8xvcz77v7whhuxkyc6ucx0h025sd9un9v0nz,stt-ust,201675222,201675000,222
terra1l4rk9l9qdxsczkc4hfs2zmpn80fq4k2d58sn9f,loopr-ust,8412584,8412000,584
terra14pwu2cm0ntnt4mm6ny0pje02n82ujjl3yfpdzx,loop-ust,92094779,92094000,779
terra12fnsj4zsf8t072vwcx5e3q2qra6vpmx6wtg3ns,loop-mine,101344758,101344000,758
terra170p2cqjsar6397f0pcvlakwqmelak8n9x7csgj,loop-ust,1878918,1878000,918
terra128vcs80cgtfdzez5858ga0wjnry0xpn68cd54q,loop-ust,280850333,280850000,333
terra1cpv09zpfhtjh9tyngrk0q6m94ludtc7v0k6s4q,loop-loopr,1769250569,1769250000,569
terra1m59dmzwxd4nv32cydvnnz5qxz5a0re9jz727z0,anc-ust,195130603,195130000,603
terra16z525pkue0dt27t3gtjuxpsrx48zhmkevul4a3,aust-ust,89921932,89921000,932
terra1mpadfmz9lcxhcr2jaxyn0h3gnvcpttggu6q763,loop-ust,7553419,7553000,419
terra1w7reqzkwh6k8dlaq5he0y0wzhtlgnwnmtxfvlg,loop-ust,3513504,3513000,504
terra1jdsh20vnkwt6y53ulq84vpvq86g2amqxa09yu6,loop-ust,51526732,51526000,732
terra14n6079dfhgmc7sgxeyfyv2f29ta6l6cszvc6uw,loop-loopr,149603091,149603000,91
terra174fzaef3jpvnh2y82vpnst7wjwkg8ma0jp2nat,loop-ust,1082628545,1082628000,545
terra15cfmxhh2yneq8dkkaxr6r8g853h3uqj4uvqjv7,spec-ust,89966027,89966000,27
terra190wnzv2gswsete422xq8jzz6dz3py9e9vjkrmt,loop-loopr,5410801009,5410801000,9
terra18wvuhuzu007r02xl0w2nnadlpgju48ksherw6j,loop-ust,89058778,89058000,778
terra1hwaneldqyc3ud4ck0h2upwq3mskd6u7x6fp3a8,loopr-ust,54031068,54031000,68
terra1h6qc0942vjh3m76pc7cedd6r34w6cqy2fthwl8,loop-ust,30576957,30576000,957
terra1e9zqndtalkvda5qvjtwx7z85ulhanlr8yz4a4s,loop-anc,953982087,953982000,87
terra1ug6jg3e95csdvuj9zzrlpyf8t3aqekdy7z7d4j,loop-ust,26264687,26264000,687
terra1ycx4tr2xvz5rgrf6eat7l9ndntrwe4jaxnwy48,loop-ust,33456941,33456000,941
terra1h7zrw8ryhvfh29hyenr4l4w3hg26u6juuw55mf,mir-ust,1545545085,1545545000,85
terra12xgs0cdh5jl3exc9jf6kcr3cdpgnpt7udh8tnv,spec-ust,455494068,455494000,68
terra1a0s8ya7rn524a77ppkpv58qs49fmgj0tejwugq,loop-ust,203193899,203193000,899
terra1xgeyhs2xnvm6vn7903z2lz0k6c8suq2w280apq,loop-halo,311520425,311520000,425
terra126un7e0wrqdzt88rt58g5586wjwmjtc7xw5p2a,loop-ust,76364906,76364000,906
terra1wv64xsyq44ny9yeq9ncfnfwty4yfsvemsasdmp,loop-ust,405954107,405954000,107
terra1khy8d5xd4m9rr2xf8e39snpajskqj6zdkatejk,loop-ust,9023397,9023000,397
terra1s7u8rga9qnpqjvcggt2ma88kq3yqkptm9aet0a,loop-ust,164823518,164823000,518
terra13dvrq94skgqv00hgp29g6r3as35wh4mk4w3y5g,loopr-ust,653102843,653102000,843
terra1fmsjwsn62wr8vegj9zmznwv8wemzc83kghy9hm,loop-ust,5913311,5913000,311
terra1k86y2pedv6hzhtr5d7pgy7frsc27n5quc6tqyq,loop-loopr,2242879403,2242800000,79403
terra1cefsxmc2pxkxgqfpvgznx6nftmweccpr8l4z0u,mine-ust,1210231879,1210231000,879
terra15vall4majjxchcyq6nzr55svzccx4j5xej8vny,loop-ust,26261247,26261000,247
terra1hztdzh9jhdmts72qm47dyg7pzknkhn3xwgc0ey,loop-ust,1846878371,1846878000,371
terra1vmy7j7wx6c8k20a94lefqh63rew3s7uy7s4dkf,loop-anc,790024611,395012000,395012611
terra1x2zvfcnatv0ftum5qw7wtpkphgvj9symd53sr8,stt-ust,143538593,143538000,593
terra1pg0pdz83s7s2a70yz75jhhz9rdugw4q63f4yzl,loop-ust,945956,945000,956
terra10ummdvtmwt7clhvnp7lmag0zxdssrx6pht0dpg,loop-ust,102759905136,102759905000,136
terra1fnygk67qrqh9thwu0npuvu7wr34fmpvrq7vhla,loop-ust,459370319,459370000,319
terra1zpq4y5z9cp6v7uafsr86cz4qzv2ayvmk0l8zpe,loop-loopr,45108320,45108000,320
terra1u8w670g6e9xfjp8lfdjr7u4w3v598a5m5pr0es,loop-ust,3617116,3617000,116
terra1pa4gmyl9ajwnrzr0753ex83cgwed7pul5tvldy,luna-ust,51659293,51659000,293
terra1nnsznls0ve5ddc9nv03r7naxpahr88hx5vhqdh,loopr-ust,7694395038,7694395000,38
terra1lagq9lp2v2n4tct3a945ehnumkgkfrwt3ka72g,loop-ust,7594940939,382179000,7212761939
terra185k5m2n9vqdz4uqdp3y67jc84kwu4huk0nsl6v,loop-ust,4455484,4455000,484
terra1uy9t8wz70uslh5h0sg2m6003dlaja0x9vurnju,loop-ust,247190052,246190000,1000052
terra1uz9m7h4aryj04e878cm238a0qvssg6f3pjnmsg,loop-ust,11756170,11756000,170
terra1pfe3ld2nv92zn6tz6z0e42s38krqmkc25kw0mp,loop-ust,13470924,13470000,924
terra12ygc03wsm4t4e06t66v6ce3atrfgjn64uzsh7k,loop-ust,146305165,146305000,165
terra1wv40xcyrjsgdau60yamgqdeucvrpxa33t87jna,anc-aust,3740758,3740000,758
terra170e09edhu4gmyxxc799xjsexe25jjpj6zcdv0u,loop-loopr,1875554523,1184792000,690762523
terra1n6z0w0wse44dfzg58nu8safwx222c0klv92z0n,mine-ust,29043501,29043000,501
terra1ykgjqypxml5gj762awksfmpn7cpr267w6kk4la,loop-ust,62042951,62042000,951
terra1368rdzyr8cxyvp5uxc5htayr8u4q2q5tj4evxd,loop-ust,94083772,94083000,772
terra1tjcgzns66hvzghmg6s2yf67fzkn6c057t7r8rn,loop-ust,5361694,5361000,694
terra1pup87mqke65g8qljj3n9syxe0ta2ty6d932dl5,loop-ust,69610308,69610000,308
terra1c2wfr77e3xgnzf2j0353qlakje9zwfx8g89mjx,loop-loopr,25969651561,25969651000,561
terra147uxgtche0raru7dedst75a7lzx34ydqn5ayy3,luna-aust,109943216,109943000,216
terra1lphj20a5extd05l2agkwhn0npxxm29075sxz9z,luna-ust,2838572,2838000,572
terra1n0aj20qmt7tu58svsfe3wnhsh9ltqq6fdh82kz,loopr-ust,10436001,10436000,1
terra1w2vjr5fp4pf5lczlttcp2zm6nskdzt4cyqvqyn,loop-loopr,8276054643,8276054000,643
terra1h57xwqvws096q23map3s8dgne8dawj48c6hhzu,anc-ust,65734755,65734000,755
terra1mg90y64fkut3xkp3np0w64ngpma0xuzw06pgca,loop-ust,82547422,82547000,422
terra1egl9g8tpz9rfu5n5s6wspqfrm93psredn6l94g,loop-ust,1177013337,1177013000,337
terra19wcy3yvjcur49asxn9mzjaldaysmh9xlsp058e,loop-anc,716577074,716577000,74
terra1xwk5vzknyula2shhd6y9ltyl07e0pch3jtesgm,aust-ust,80364527,80364000,527
terra19yuphwnexym0shtu53af0hkm9fff9sl9dgz8hv,loop-ust,3056701,3056000,701
terra1gq5un65xlt3ru4t0l73m0wedmzjh9ffmr6g03g,loop-loopr,10476301756,10476301000,756
terra15m8tuuyezqzvaxm6uzggx0fjzw53hkmt9gy5zg,loop-ust,25761601,25761000,601
terra1q9mwsjtemgtljrv8pp6xflr2yy5txcpexpkga0,mir-ust,16508464,16508000,464
terra1z4cssl5mj2s9xdfnmwq2epvwfu57x4gms26x4a,loop-ust,89099832,89099000,832
terra15xwsmwc0elma7g45pmy7gy87u72cp8nmf8sny7,loop-ust,77199801,77199000,801
terra1vhmv8036jkt72fg2kpxl66u4dvgulqckjqqhd5,loop-ust,39017754,39017000,754
terra15hp2uxv55r0k60wpn2kyx08eu70h7aqj3c2g7f,twd-ust,46788217,46788000,217
terra1e6wsvrdg75mu7napdcnvcqq69ft46qw8pzgdqf,loop-ust,202598889,202598000,889
terra16xt2dkve0ehl3ac0se9vqkgcy0cr0qsdumqgxh,loop-ust,13449024,13449000,24
terra10u3pzakkdu0ua6sp46gks5pdzy3qnfg2m37hvl,luna-ust,3166486,3166000,486
terra1vest5pv7294kt0x6qyyxefpdgw2vzpzxrzfnpq,loop-ust,9080615,9080000,615
terra10f2cd55d9hpsuwne30jtxa5a8k0t2uvnxtgcat,loop-ust,1586774017,1586774000,17
terra1edyvczdpgjd3ld2pjyhljmknzndrv5ydmt5ts5,loop-ust,1237741164,1237741000,164
terra1yvg9eh0zm2k60ytmtmkn4g3nrxpwtfcvsd89eg,loop-ust,121291534,121291000,534
terra1435ka2lvql4hn882qpvml436ltrerhrj43m4dv,loop-ust,23002952,23002000,952
terra184249he977u7hg2ck7ac479e8l4v23gmftzmua,loop-lota,391636558,391636000,558
terra13dj6ax9jzsuy07quh9l5p89padjrn6e0fk00n8,loopr-ust,79746156,79746000,156
terra1wjgls3dv990zlkctv70zld470tcl5uv7de79tr,loop-ust,246768148,1000000,245768148
terra1hzyzys3s7s7xsls5gvsta3z3ylcy7fjcnpgmas,loopr-ust,857391249,857391000,249
terra1l6mynk58huhud4zrk2tnj9x4pp4zqxg9swg8nc,loop-ust,15057391,15057000,391
terra1r7lszjhd7vx9vqk8eww79jy4zm96mqht58l3vz,loop-ust,1640415,1640000,415
terra16a4mjama9kkwasgd8yck6j4tq9phfqaz0rpnl6,loop-ust,13027679,13027000,679
terra1u2eyjkfjmqkh7ffwxwm004zq9qhswv2rynsfcy,loop-ust,202651275,202651000,275
terra1ney59zyzw6dkrd8f60x7w0jm4eps6s5qv823t0,loop-loopr,1848937789,1848937000,789
terra1dsz5zapvdzfuvj8qrj708kc3jkugxkjl5vg2yt,mir-ust,247858271,247858000,271
terra1zesdh3ukyykcnpu4u9hjfthwk7rwjed4092j7j,loop-ust,217753206,217753000,206
terra108qs9hunprrc6dadnk0slcyue6lznc0z4458p4,loop-ust,48759141,48759000,141
terra1500xjhrr5snu97axvmksym4q3gsmjnm5p76yua,bluna-luna,30102556,30102000,556
terra1t00s353ng7mcllue6a62xu8uufqtvu5ecx6h66,loop-anc,1969403416,1969403000,416
terra1vmhjfa3gkdvx954upaa8wln0kp27ky6dxe883n,loop-ust,47637903,47637000,903
terra1qf8zmm929dx2a0jxxa2n428rgsh7ht4wpava7p,bluna-luna,387787,387000,787
terra17ref79a0lqc772ufjc527ztv9gfdld8qsc69ad,loop-halo,394283347,394283000,347
terra1dasszcavrdh4nqdf94day7jj9k7fcs0l9d76t5,loop-ust,293101398,293101000,398
terra1crks4043h59pgjdtcr3lrjcm4lpeczatxq0lr4,loop-mine,757130110,757130000,110
terra1p0jr6jjt4hn9pyr9mj82pkhtt05uj0y5up62zj,loopr-ust,5389729584,5389729000,584
terra1urwu0eadd5kp9ff0djfl946vq3cndav5mnfqtt,loop-ust,24262052,24262000,52
terra1r2xdju0yqzcm46drr880qflefx9r6yepc5uusq,loop-ust,17017971,17017000,971
terra19quhywxeqpfteqy8r26c5a4rch4zkaktm9308n,loop-aust,2467720399,2467720000,399
terra12sz5ezjf6nw633av80v0fm3twg6htl2hxpgznq,loop-ust,54050740,54050000,740
terra1x425j3g7dqn8xsazkhmv5y79wscyv0e34hq9qp,loop-ust,495417190,9059000,486358190
terra1t5fvzdkv3jve5s3ueh9usd30xmsd7jca6ewlls,anc-ust,57521610,57521000,610
terra1vvk90jum7s5krnfdw6q055x4ghamy4l3d3dpj9,loop-ust,3995149564,3995149000,564
terra14nycf8ryj6gu4hmfmnhtad4lpmjcpsphkyltp5,bluna-luna,1075334,1075000,334
terra1uqwsjcjm9dz9z2dfc9zu0aqlujfxt6qhdt7ks8,loop-ust,777960735,777960000,735
terra1wzpxwqceq6zk4ncxk56uyx39f04lvn4sfcq38j,loop-ust,187783336,187783000,336
terra1mydmwfysgg2k7hfgx99y5w07fzaekua8cnwsqt,aust-ust,143105841360,143105841000,360
terra1yed7wvpprkc2j79fnnsahaasnhpv6ypm3vwn4l,anc-ust,442117163,442117000,163
terra1h62yr26fy9vmpxl0ugqgrv88uvk80sy8z27usa,luna-ust,8770304065,8770304000,65
terra12hfuzmmtxc3h4jq0kxn5ezl6756paw5psnvsyj,aust-ust,459460186,459460000,186
terra1f47tt43hmhcfyj80luztfxy5g8zzjcujemmfay,loop-ust,915912,915000,912
terra10yp3yvnfarlnrv9jae778svgmupnwrrwexycu5,mine-ust,124002147,124002000,147
terra1zne25ayyhj2mng29y8mjpr6mxu77j4szvu2kfv,loop-ust,93853691,93853000,691
terra1gk7cmv7qna0hjx2ekfj3tqk02pm972jl4ct33c,loop-ust,140916045,140916000,45
terra1n5zpa8z4uaadj9wlufzulkvawjfl8gqgmek8ed,loop-ust,3166939,3166000,939
terra1srelfa0q7z2tqny927zfwazkhup8v5nacd8c5w,loop-ust,18875874,18875000,874
terra1pqqvn868dywcxa4yfwm0mgtfsvmyh8gnlggy4h,loop-loopr,96118107908,96118107000,908
terra1f5dnqp864mwcuunxl9n70rkfl8zqtwwkh5mdgy,loop-ust,13722529,13722000,529
terra1w37j62dxj0wcfwwl264surx3su2hkgfz7u7ld2,loop-ust,8713201,8713000,201
terra1w3t9c4c93apw8v286m02f26jhw9hqts72a4x0x,loop-ust,24766628,24760000,6628
terra1dew3pht05esev8qu0vq8ymg06sw2tygpwqqquu,loop-ust,117561969,117561000,969
terra13asn8uwdpw0gjtvcl833upd6qmst4hm948nch0,loop-ust,54032120,54032000,120
terra1ccqj26zumsdjc4zspcm7swgzctc0ghkpwcyruw,mine-ust,74984851,74984000,851
terra1g2t4y2e5697hu24e99h6afcvztcz32q4ay5yps,loop-ust,3257418,3257000,418
terra1tq7r46av085ycj4q7v0d9aa78kd396q98xn2ap,loop-ust,726642332,726642000,332
terra1rnq7ye4cam6vh33valm0ur9xwwncl3ee2yneke,anc-ust,338238501,338238000,501
terra1g0wvxl98ax9xh38qgvydmhsn2w92m0x535g7yd,loop-mine,290744705,290744000,705
terra189t7dgftsfq7gu9ffgrxms6txu50kjx3eldgfc,loop-ust,35009443,35009000,443
terra196k0yx38pnfhd9jnrzddyv3nnjf6np32u4pkht,loop-ust,16376380,16376000,380
terra1jaqv9j7e7y2sm33rsuc4zp9uctpw5zh63zmme6,loop-ust,130282333,130282000,333
terra1nuxlxnyxncdl8365cv7837ulxadmy4srjwen5m,anc-ust,174397670,174397000,670
terra1w54s37dq7fhhj5am8735ty8ccwj8nvtapdu7wc,loop-ust,70086627,70086000,627
terra1ldax5suwd70keaedczkevuf9l3cx235gfnexnh,loop-ust,58596252,58596000,252
terra1m8wpu3u0yvlecm7enwng6na6gc8j794sc3r77v,loop-ust,1014972117,1014972000,117
terra1tn7k6kmlk4kqw5p6s859q5w2utv5zfs9awxjz0,luna-aust,86855928,86855000,928
terra1aemzvmfxeu6dxxgcpqwgp3lqqfnmqmglhd6hu4,mir-ust,21188104,21188000,104
terra1daehcqjmq7c3hws4mc0hc723ratzzkp6h9r6t9,loop-ust,10247340,10247000,340
terra16hhnpkwp28arva6svxynlk20qgzspaskmwmpfv,loop-ust,3629264,3629000,264
terra1svvv88jtkhyqxcmcwyhn6snp4sk9s8c4y63py0,dph-ust,2490579338,2490579000,338
terra1cw8cx3malxax3t6ms7lv0msd8ntdmj5q6nqs54,loop-ust,17036016,17036000,16
terra142a2hlu03a446rnn8n69kfyngw7va2yhew6ve6,loop-ust,5349034,5349000,34
terra18sz8ekuhq7jjtexnlmjzhap09yg2zyrvj0y484,loopr-ust,5996543918,5996543000,918
terra1mc8evndchkgvm0gtn5fszyftsett3xh9cz7j8t,loop-ust,9666407,9666000,407
terra1x47theean2lqqayh6kelvqa3y45dempumrfr7z,loop-ust,138679234,138679000,234
terra17w4xnnfac67rkc0tek45erj3742ftdx6xu7kv8,loop-ust,9502545,9502000,545
terra12ma5wy7hm4lgc9ul7syhyvq42tthua7selr9wz,loop-ust,666936267,569738000,97198267
terra10mzmh4wrz436jflj6xgkh3e7qvqzh68mgkag2k,loop-ust,9515140,9515000,140
terra1l4kd9w2y8ykryepl8uf52x0gwxh5v9aapj28vw,loop-ust,52958261,52958000,261
terra1k86y2pedv6hzhtr5d7pgy7frsc27n5quc6tqyq,mine-ust,381714145,381700000,14145
terra192wju5a30dce8ktpydrxu6c0kafhn28kyjl45e,loop-ust,80341830,80341000,830
terra1qmfec3qenyy5fzuh44yq3yjd6w6z8lg6hp9k6a,loop-ust,2591715,2591000,715
terra1qgrm0lagxcz3zh0zswfcazpj07ey6ulp9ryqj5,loop-ust,33988906,33988000,906
terra152qkge2pqxygyyqy3z6k5ckk0s695dzmkcpvy9,loop-ust,2658823,2658000,823
terra1he78d708y4t3ggxp6xdg9syycelwamtrjxyxuw,loop-ust,190553603,190553000,603
terra18sakqgllnre90ncgx78u94pymznkemgq3gj9ug,loop-ust,55787282,55787000,282
terra1x8gj5tdlx5y9hvjkdlf35u3w5jpvpqyc6sdp69,loopr-ust,1122748976,1122748000,976
terra1d8dxw3ss5mvh7ajak4u7c0ay5ntfrun7k0esf3,loop-luna,940759584,940759000,584
terra1yvnlwzlg97l4m6mmkgpp74ymas8kkrgw92drds,aust-ust,18261794906,18261794000,906
terra1ykrcmxgdn4fzfnj8nplc95ycn56avj7wyh72v4,loop-ust,5506516,5506000,516
terra1wf8ztthcjthrhg4nq3egsl5e9k959g699qf0zs,loop-ust,2892442,2892000,442
terra1p9dywxx4c8r6ncuh7d3xpc0trgqsp9hpmq3uz6,loopr-ust,196342275,196342000,275
terra1szx5plhh06wy4a74tslaf0vuy3vjgadgywyqlh,loop-loopr,402461395,402461000,395
terra1xmvmqzs0azn5ads4t2ywtmr6xw0e04jelaym92,aust-ust,5367647922,2684487000,2683160922
terra19qlzylq6zxfwems6ped554zc22tn79dzd6a36m,loop-ust,35489613,35489000,613
terra1nwudag2rtyj9y5j3tydl0yhfyczjy77aq8pc5h,luna-aust,96061241,96061000,241
terra1w8w6ylk3j56xtuw33engssg8lg0n4ar54vxrsm,anc-ust,77628885,77628000,885
terra14lwx5ad5yh7he2wd4vyevluww44j08h4c3u4rd,loop-loopr,59311079,59311000,79
terra1v8yur64kn5dd7r3k7k7kpdspz3y70unkd8hzsl,loop-ust,18415151,18415000,151
terra1f3wm4j2tdacnsymtjh9yf3p38as9eh49k760yx,luna-aust,46351846,46351000,846
terra1s3huwhlpy076xunnp4agdvyrqc27sf7r05rpmd,loop-anc,714890308,714890000,308
terra1ew6824jrxkkqra87xl8t20ddrfq0hazu4hfwfx,loop-ust,31189059,31189000,59
terra17jw76x9gvvelq82l200stq00j4w9533makmh0u,loop-ust,1902588,1902000,588
terra1h7lswmdq6sfc5eujzf4jxe6jjmde488a3qpq3e,loop-lota,317328653,317328000,653
terra1kltet9l77mztu9xn2udxf28twt53d4py24fkk3,stt-ust,26119890,26119000,890
terra16jvy7qyuc4y0h7cad4292k7jxuru4xeq25wt9v,loop-lota,69133415,69133000,415
terra1f0jnkgdwykksmwh0nlqm6q4avj7h8vnr85j28y,loop-anc,60346441,60346000,441
terra1ukelhsz5spcsrqet3fnyxpqgv4epxsah7euja6,aust-ust,44760829244,44760829000,244
terra1th4vd3hncawrvh7ln3he4vg5483p3ge6k2trmr,loop-anc,1456829057,1456829000,57
terra1v70mjaf3u0y6rws2vv9q35mm3em3zskd0s73f9,loop-ust,8206135,8206000,135
terra1mj2q8tn03p5dq0xzad2hd2v3u234s2gj9vq5rp,aust-ust,12486461317,12486461000,317
terra1n33z883he7jw97pgj0gaq5fd2lhadcj3hsrvzc,loop-ust,9891483,9891000,483
terra1y7ccqfq7d8whul6984svyjpnajqdp700asduur,spec-ust,118370213,118370000,213
terra126pzsnvyfms9jly5cgdj9vyj8mr0rd636aqz7n,spec-ust,825749,825000,749
terra1ap9ws2ww2ukj3v7d9thfp342c2wqlpnsqnu9qn,luna-ust,4299351,4299000,351
terra1a0dt6rcr28s29wg7w9h5ryjrk3x7jehr8juqzx,stt-ust,9897198,9897000,198
terra14v7kh7xzj5eqkup9j7neh09wv94nsmwkmh5x7l,loop-loopr,10582866678,10582866000,678
terra1uxrz5ql82ft8fzwcjv73upttd8a3r8xqkt6v4n,anc-aust,6361761,6361000,761
terra1fhsy43de5wcja3n8whkjchkpfg44vp0qtsupsw,loop-ust,65622457,65622000,457
terra1vf0h77xezn4qm0ewjyxv4zd3wkjhejcqd9dvrj,loopr-ust,189776102,189776000,102
terra1dcske4n30e94em874evwxrdw85kh7mhfvd9z93,loop-ust,16192105,16192000,105
terra1sa8vyh05k2kq5qk6ampl48yhy8z6tmdqk357ra,loop-ust,26559108,26559000,108
terra1rfdvex98w9x24a6eq0uu64l0vlxzta9cm9ghw8,loop-ust,13901933,13901000,933
terra12u96604wwrql2u8220ad7q6rdjkmvu4vjqacat,loop-ust,8860429,8860000,429
terra1cygc8stxmfch43ug0m0p6cjga5au6eepg58lkl,anc-ust,191312191,191312000,191
terra1gkagt4gpgp6rsafqwwpgreq0arhsku78w0eh6f,loop-ust,97135657,97135000,657
terra1txwd0u2672z5qtjmuyn2fckla20s9ty67kvsdg,loop-ust,12806673,12806000,673
terra1chh4kdqk7kz8dhpa02v9fsqvyesyxfe7ra9sr8,loop-ust,876728076,876728000,76
terra1ddpqrelr2y897q838tgp2k97c5nrmly4vqpn5h,mine-ust,1209831406,1209831000,406
terra1vz6znz78lna92hsuqczk5zwr8yztv0kwafj7yf,loop-ust,569141700,200000000,369141700
terra1msdfvl2ut7nvpau7fygxqujaxxrvxv3988luv5,loop-loopr,9174507679,9174507000,679
terra1tmljhzd7mmf9hs2y7javl5m8lv6gmzdvj4y825,loop-ust,19308305,8085000,11223305
terra1t5fvzdkv3jve5s3ueh9usd30xmsd7jca6ewlls,spec-ust,14878183,14878000,183
terra125k7h4h4q6jnjn5yzzmkk9tww5tkm6ydxp29uu,luna-ust,457753,457000,753
terra1j566uyxf0afkdljyngkhtn5umwav6707te4zev,twd-ust,1153266326,1153266000,326
terra18x9c78r56zfy97ggr6m453mwcmqd7n84n3u7yp,loop-ust,8518730,8518000,730
terra12szcyadwgh80znwyks4xzlw8yyfh77skhsnm6z,loop-ust,81682685,81682000,685
terra1z8p8kptvq3tj0h5hpuhcta8f96vxrywzul299u,loop-ust,23578483,23578000,483
terra18cmqw2qs746qun9m5hunj52pywscu7ggmleg6w,loop-ust,77594640,77594000,640
terra1xmz4hsgyscjlygrxp0k0gfhpa44e4kqv9r2sz6,loop-loopr,229945607,229945000,607
terra1tdxp62pv2v6yhcu5xzegt2rhns9dtpugzvdexf,loop-ust,122951103,122951000,103
terra1hmax0l4aukwxdxrkuwl85dp5nl72ampjchn57j,loop-ust,428565133,428565000,133
terra1xnaj3w33evc5ew8gm9zhd0gwxm8dtgtwgfv0w6,loop-ust,56694502,56694000,502
terra1tuhlnz5gvcstx6yl4eslqtnf0n84k2vnpme8fc,loop-loopr,10848883968,10848883000,968
terra1dpp395pv9cnuw77wur5gehgzjfg68zdt8krmvr,loop-loopr,228844476,228844000,476
terra1remmevqh5ga54x48gdcg6vwgjwwrez00y982df,loop-ust,56464686,56464000,686
terra1ev4zww8gan5xvwnesdvfmzvgay8rgt4wq3ktfd,loop-ust,2007413,2007000,413
terra16e5che05qtsadaxzavvp98ydtqgeyz3s7qdmas,loop-ust,652743340,652743000,340
terra1ysjpln7hap4km7u4q9g8xsyf0t4344q8kjxsth,luna-ust,22700612,22700000,612
terra1x5dlctdy33k04pgyc68x9wglc6e4k6x0m32agv,loopr-ust,147469356,147469000,356
terra1r9mf7wrwprg76e8guyu3qp3avnuwdmx7lypl7y,loop-ust,165049806,165049000,806
terra1ccfn6zhnqap77yuk9lnckd0u2zaw0j08njwad9,loop-ust,22736067,22736000,67
terra1g243rluak4vncfek9mtux7scr4gejy7ls9433e,loopr-ust,16150326996,16150326000,996
terra13dj6ax9jzsuy07quh9l5p89padjrn6e0fk00n8,anc-ust,78012640,54158000,23854640
terra1g8f8vvrerxtg8f2uxtqgdkwjanpl4q6ftuarur,luna-ust,71852297,71852000,297
terra1k3qx8wpxt2ndhvw28wha4t8uahvxve2lv5kx8q,loop-ust,26502470,26502000,470
terra193faqfnlwy392exvwyuppgmr6cwt8q2vmg59fa,loop-ust,58953238,58953000,238
terra109hfs9nvq02f5ytzz7z7nmesneqlmprr2n03ky,loop-loopr,8528833725,8528833000,725
terra1vn2a8he3lqcrvc0rw54aw2zqrjnwcrjjhxhwwq,loopr-ust,62081283,62081000,283
terra1ndu6xwdf3r3ahfdzxxz3ldu0jynskmcp276hk2,loop-ust,66592605,66592000,605
terra1dk0env04s8g0sse0cz4ws238fe9h58z6rfkyl5,loop-ust,288824850,288824000,850
terra1gkjzjsepl50js0qzmyeeskj9u45zqen6vzfv27,aust-ust,1656083987,1656083000,987
terra19y5fkv2v88sgw4e90fplulesw3j602np40fn5x,stt-ust,959056430,959056000,430
terra1vynrs5zrdssmtwglw49v8zc47dqdnm84mkp39h,loop-ust,39122829,39122000,829
terra1kwhent5arzprsjg27ms2cxulhs2pfquxvfwlqe,loop-ust,215913854,215913000,854
terra1q67zzazyncfranrqfgfuuj08gfpe703z9xa6zu,loop-loopr,21517325,21517000,325
terra148hw8wsl52slpv2js4e50kzrnwrpfyfytdxgym,loop-ust,9090382,9090000,382
terra15rjfqhvglus2txr6xwqgjqqnez0sct9lx29qt6,loop-ust,7053941,4876000,2177941
terra1j9s48k3j50tl6qvsrc8sr0d9yvtln9423kyw2e,loopr-ust,13763513,13763000,513
terra1c6g6646ellqxlwnhqw6mk00748lva3qpnqvued,loopr-ust,179962859,179962000,859
terra1r44vpq5wrgjjr9de9tdtl49xv2743e9us6zhmz,loop-ust,2347856976,2347856000,976
terra1th6ag7cvylqw67pmfuehyrgy3ap78k8mtjak98,loopr-ust,97885247,97885000,247
terra18039w3jxct4dxkpv6r9s6zlga88nqpe8n634vs,loopr-ust,960233954,960233000,954
terra1v0zcfan2spfjgngx3q8l9glslzefcn8ta9sgkn,loop-ust,4861860,2000000,2861860
terra16rlty84v0ctqswv2mepyrpwsgs6q4wypqt5vsp,anc-ust,179679431,179679000,431
terra1xr6ysg3uvmuqcms9tkvlu60phnrewwf4u23lws,anc-ust,3988213261,3988213000,261
terra1mucte8vkxm2t5tjkn68y9s9ncwj0qry48us8ny,aust-ust,67216808159,67216808000,159
terra1ymxjy275hsu4z3zd58czzz5nsn6pyscvve4uj6,loop-ust,8240678,8240000,678
terra1ry9apr6shtev7zfv0j0pjuzrf2pycp48qdwd3q,loop-ust,2211712663,2211712000,663
terra1dxfkqpcf0tac2zwqmkwfc97640wjy2duft8frh,loop-ust,9111889,9111000,889
terra1m5uwguyltm042x6ydum974crnhx55d4qltd0fd,loop-ust,118958894,118958000,894
terra1822zyx96m9e5k8agrfndrjs36s02fhkzyjx7wr,loop-ust,9577983,9577000,983
terra1rvyjfcgdy6f96lp64s7h3dszdsxzcjvv60dr56,loop-ust,87261240,87261000,240
terra10667eqga3d0lwxmmdzw85tehvgdcau8a5eul0k,loop-ust,4955051,4955000,51
terra1p0mnmxgzmftynkym0n5t0fq3wv2mmzszpc0ejq,anc-ust,5069363,5069000,363
terra143zh9czcl7dqv6452c3nn4xp05jl78qm92gew4,loop-loopr,2469879422,2469879000,422
terra14ncvxzmf2e6cz8lrecnsl5e5dfw7e97fyp5f27,anc-ust,4525293,4525000,293
terra1m9cjeg46jlde8tdltfjzhwp680etxe5dt00tac,loop-ust,11885766,11885000,766
terra1hgpa2ugezh3ju4kct492kcagw5yxkt2xg8py9p,loopr-ust,28353596,28353000,596
terra15cfmxhh2yneq8dkkaxr6r8g853h3uqj4uvqjv7,loop-ust,139263601,139263000,601
terra1tegxu47r96khnx36n7vfytjnrm6y4qht0pr9rg,anc-ust,621570939,621570000,939
terra1kssw0kncrtawnaaw9fr5tyud7uvq5pzqhc668p,luna-ust,138148707,138148000,707
terra1a9lncxhuffffm2e8dmmdstr0s4pw9wg4d03qtc,loop-ust,36565062,17191000,19374062
terra1ppfarp7vfp2pnzfz9rh0yh4rgg4nelk4kvnj77,twd-ust,9504684151,9504684000,151
terra120a6q0rllluf7mfclptpdncsvkfaqntuna5h04,bluna-luna,4038006,4038000,6
terra1jmm8p7tucdspn7w6jn9pw8etx974j034c0hvgc,stt-ust,23801283,23801000,283
terra1a8gq359yvm3h39rrpv2ggxyp5zkzzhs4zfm8r5,anc-ust,5080977510,5080977000,510
terra1g9fltn735ea9s8jnvw8rvum63nnzp9762fwvlp,loop-ust,16125887,16125000,887
terra14wkfv3fs4xrr8te074mrc0uya82nma5xw0lhk0,loop-ust,11564570,11564000,570
terra1k39fz62jerndn7d2m22y48up27h0jg9krjeqts,luna-ust,88290886,88290000,886
terra1pfrgnqjgy3p07am5zulg8st9hj6hhpe47msat3,loop-ust,86217902,86217000,902
terra1lvhjpf5nlusuzptvmlce94rq4lz89mdjsudr8v,loop-ust,28429849,28429000,849
terra12fh4gw265ez3z8vf58x54ga0x9h3dq5pl4mcnf,bluna-luna,551983513,551983000,513
terra1xqwelhp2hwvkx9sg4hg8qj7q5cusczwle7z6sz,loop-ust,2644220751,2644220000,751
terra13rumnuycck9vcna8p4akz38wc069n5r3q9t4m8,loop-ust,27314418,27314000,418
terra15hlv0kdf8lmxmwgwcd32kn9ldxcf4rmadqq8cz,loop-ust,488951195,488951000,195
terra1ldvckq5tum79qx8nx0tr0g9nyt5086j5rrj3ud,loop-ust,32628360,32628000,360
terra1c26q0eqgm8xqsm8mzxgjrcxjgjpwxaadxnews5,loop-ust,4686734,4686000,734
terra1awtt4fjf7fjstgf3n4d2p6p6xx26sklrqemrh5,mir-ust,77528830,77528000,830
terra1d73sts94x5ukjl4z97ynqu809snxcqp47w48fe,loop-ust,47274845,47274000,845
terra1y8gmh44c20jptujn2kfrm8luprjjr8gg5ll8nq,loop-ust,8783488,8783000,488
terra1586hw3525xv3yhtjme7k6mj795rz5ezm7ze5l8,loop-ust,14315928,14315000,928
terra1ahpm84v3d7mrj2uz6xm9auy8tva455wlk5963u,loop-anc,22980841,22980000,841
terra12hjzrwvntaxndt2fwl3j0qyw7vqjr96d0j5qpr,loop-ust,555191986,444214000,110977986
terra1kegpq49e9f9r3rccdmcjta0dsp2x3tz5vqutcj,mine-ust,2031902065,2031902000,65
terra1k86y2pedv6hzhtr5d7pgy7frsc27n5quc6tqyq,alte-ust,258045529,258000000,45529
terra139tfn9y2wy90374zgxepdhvznevjprmxckf6m8,loop-ust,7943270,7943000,270
terra1tt7jy8jh4lzk3qs34mfh4txx24g64ywg7q33fw,aust-ust,6707183287,6707183000,287
terra1an5wehzgyaalcyju4grmu5kn9fmd3ptc35q2ql,loop-ust,646679908,646679000,908
terra197azch6uu0vf2529ce7rfg5ljey2pcda6388yr,loop-ust,27415426,27415000,426
terra12nskd9gvhq0y9k5w4tfadlarmwtur60urrwd08,loop-ust,951926598,951926000,598
terra1jl0jcndm55qmyhsc8euplat5kektjkv0fm6930,loop-ust,78034958,78034000,958
terra1dgek65ypnpmt6lrx44l68j79rzl4masyea79z3,mine-ust,11434815568,11434815000,568
terra1puxuszyrqs9gu447cxfle59zhkn7n58jstygqr,loop-ust,47748252,47748000,252
terra1uv8pxssz0yh50unxw9uuy9q2neqk8esmhudr63,loop-loopr,40193171557,40193171000,557
terra1fqhe5xz6vy97uxq6hndrmh7eyxr62yxnd6mhfs,loop-ust,145369681,145369000,681
terra1unp9cwwhq9y9k3d9alphtvp5qxykfp6afhtrpz,loopr-ust,401060541,401060000,541
terra1vaertt8mrv053pwelww7gatxsr98qrtll5jka8,loop-mine,88033929,88033000,929
terra1e3fdn4gsaqqz9m32e56232uxh32fhfqvk8vn89,loop-ust,90597270,90597000,270
terra137nay630zx2h8322mcw0q83men8twmmw62kn7u,bluna-luna,26917597,26917000,597
terra1u6r30yhxg0pccqjmg2mfjnktnth9tlwfm3vj5w,twd-ust,506278940,506278000,940
terra1q8atxdyjvsjx0eztcg2s36797tw6prgmlwf0aa,loop-ust,475786038,432000000,43786038
terra178f86yvlqztncdvfnj3y68eqvx68v5tmre3l93,loop-mine,564955606,564955000,606
terra1wtammswp4pdmaghxkzrywdxnx0l2ke98yv45se,loop-ust,57466549,57466000,549
terra1mmq2n0malqmneae2taj8kyzlscy7gc3mvt9l2x,loop-loopr,836689649,836689000,649
terra1x430wt9ndsznpljjcc3uygmz7n5awgh8qh4wgn,loop-ust,1799814,1799000,814
terra1nhusugn45u9w70tmqgfmu38e4xns2wgyjtxe4v,loop-ust,2469502946,2469502000,946
terra1rafd8gwnjrn69rt33stngv8zcph8kl7qackg26,loop-mine,8259517,8259000,517
terra17tythnva8zsjqu8gv537qaem62ylz9ppyhgj86,loop-ust,36442769,36442000,769
terra1r9d7fua9qvxuhjj9aznu2eeatd8f3uectprffr,mir-ust,528062363313,497135475000,30926888313
terra1ayz6ujgjsdqwhc0yf0v4laf2tsf93p2f98qcda,loop-ust,12179495,12179000,495
terra108d9kd4tn9p2t06x6uc82pvu5jl6r43z53uq3e,loop-ust,5817556,5817000,556
terra143zh9czcl7dqv6452c3nn4xp05jl78qm92gew4,loop-lota,98813286,98813000,286
terra1a73lvr9mh674ghy6xkzc8rr5y32v6al73tsfm4,loop-loopr,1265313856,1265313000,856
terra1wqxtwjyxqupnwczrpyqrx70qrkxfjq6jp59q79,loopr-ust,69652588,69652000,588
terra14mhy65y5vsmjfg88muyqxsqrwp3v0syllvtzv9,loop-ust,1642431,871000,771431
terra1xf2h9tdythx80wpl6p46wapx6nnv9yu2z7zzrm,loop-ust,214458778,214458000,778
terra1cz2ftggv0n72l9jk3d2gj327dmzae0jengwwwl,loop-ust,37922976,37922000,976
terra1gyn04u2aunx2nlzs24y7qt9t0x5az9ftsvq57m,mine-ust,38518615600,38518615000,600
terra1xlnkfy5kzqetzehffg28l7h59kltlqrue45v03,loop-ust,30437757,30437000,757
terra1u6r30yhxg0pccqjmg2mfjnktnth9tlwfm3vj5w,loop-ust,455508776,455508000,776
terra1wyz8ln9k35n89llyzlahy8y6zunpnuspk3dffk,loop-ust,262810401,262810000,401
terra136qq8y2s7y9us2a32k7n7q3zslg49ltwgnv3md,loop-ust,5363943,5363000,943
terra18sdthsmu8suvydda4ec8sdlkrnh943fal07mt4,loop-ust,778868744,350000000,428868744
terra1a0xmatfzeyper34ytvwskv4ahpsxhqdxsv47e9,anc-ust,150149462,150149000,462
terra1vw668vuta6t6dnjspe396kf884xpgvdh6k6jkt,aust-ust,119099576761,119099576000,761
terra1a56drw2f8aqy02te7qtz0df2lmd0puvl8ng25n,loop-ust,112262140,112262000,140
terra1xpr5jn6aekfwxzqfnr3hxe4vl7zpd7gx2sq0p2,loop-ust,14273144,14273000,144
terra1t2r86v69uxjlq8cj4lqq7fnh3ke037s97989me,loop-ust,25653438,25653000,438
terra1zd30et29tazp40k8jytlfl4k02v05fj6ka8zpu,loop-ust,14636812,14636000,812
terra1muqtj4a8xuxv6964vrmtg5r4ts02wjaqglmcnv,loop-ust,29829468,29829000,468
terra1r4qwm9fuah78tl8tzjkfj7acpf7wtsqy6zkkmg,loop-ust,178156229,28923000,149233229
terra14a4fqygkea4q5dxvcewm5l3euu0re0df5t0gur,loop-ust,54570769,54570000,769
terra1aetzqeaem0u0wl3rd2srvaajvh25etfddddhgs,loop-luna,60624781,60624000,781
terra1wpqeurrg8nhcx87d9vlhnvknc70sufune7knvp,loop-ust,3209052,3209000,52
terra1tgsds5sqkyr2skyx0mgghawgj6h6ly5yrc89hy,loop-ust,3570515,3570000,515
terra1t5688fq94sg4mpfzs2v06kmlw5rjkdeyqzq9xx,loop-ust,34111722968,34111722000,968
terra1z66y9672ulh5hhaa9t5nwhgra8retxn29wkcad,loop-ust,3360276502,3360276000,502
terra1ug4wqwj45yjt7lwwz79vqywrnjelwhnz9umxe5,loop-ust,8633174,8633000,174
terra1kku66ep6p6tj7m6pns26lt6l3zd79cj5vfyrpu,loop-aust,32019467528,32019467000,528
terra19wfgdk00g9lnwah9rlk8zuwk3ussp5qjqlmvjw,loop-loopr,121592626,121592000,626
terra10ja5cguysvsyza9zdd5zsvlwx0dwe9yr9le356,loop-ust,221853339,221853000,339
terra1sffx8xhyc6twldvspgeamhlxzrzzg3p7yvz54h,loop-luna,2018911698,2018911000,698
terra158rcu6yxr8thfpf84czw7gwyxtkzhmme2ew926,loop-ust,120092501,120092000,501
terra1y5yf37rpsnadrqc9dhvkdtx3zavpfq95naq7lc,anc-ust,92483100,92483000,100
terra1mm546vrfgvr8qnqgllkfxtf2kdww0j0mu33vuz,loop-ust,2781078989,2781078000,989
terra1madruer5vgvgef47ymdzz7l5uql8chmurwz0c5,loop-halo,733582384,733582000,384
terra1774tc3n4sw8y57fs6lpnxd0e4umnyps34cqhdl,bluna-luna,145704324,145704000,324
terra1mvq050we80vvmc7g4wsuywe92gzmalmkky9als,aust-ust,1148424233,1148424000,233
terra1qtuakg0f8cg7kc3pz988d02cnyu0r2u4zduq6u,loop-loopr,9451009675,9451009000,675
terra130hhw763j4mjck8x95tycts5f0k980cqtwd3yn,loop-ust,18047207,18047000,207
terra1rmu55qg22mgghct9736flc68zy60yss9hp6x4a,loop-ust,7483710,7483000,710
terra1jyj9kpae0ucy8gfpf0vy753v443l83lh6tj6fw,loop-ust,137046761,137046000,761
terra1cfqmsrwhf3qh4gae8x09pku5zu76423tvztjjd,loop-ust,72105937,72105000,937
terra1pnrrrqpry0hs7p0lwxfhv8dp3tgas2c28jv7yh,loop-loopr,2681880865,2681880000,865
terra1fshx0656mkmfytf20m5s3xdskzkf6xjvyv2e7e,loop-ust,14654647,14654000,647
terra17da8vdrw55r7g5sqy7wxwpaf5x5uvpygh3fsxe,loop-ust,3670141,3670000,141
terra16a945cwrh9f536p5v8jd5ka7sy6x0pjwu39wjs,loop-ust,3669852,3669000,852
terra1q9u6a2gh2y62sufq8m2c7x7tsln8svpyfd4l8j,aust-ust,20149842602,20149842000,602
terra1dp4e9zhhx9uurjcj63pv4addxwp00f0h9qtqu9,loop-ust,9936281,9936000,281
terra1k9aj0rh0ksdps96gg42k3365gnvht6wkchgt8t,loop-ust,21578859,21578000,859
terra1z9c6sxhh5uv3nmmnvf709kqx5kztryzk0vfmwf,mir-ust,2303330937,2303330000,937
terra1yshc4v7hw5y8rx0kqcyhew3dfahvm2n925rw40,loop-luna,15324622,15324000,622
terra1kzdlnv5cpwzqdp9nn68yqmlkd7nwrs9r7ea6ap,loop-ust,21935724,21935000,724
terra1jakcz78pngt9wvt3zqfc2y9hnfndznn6j8ccpt,loop-ust,19494148,19494000,148
terra1qrk2lqenm6n5l6p5a3vf6tts4xv7gfd67efq40,loop-ust,8712372,8712000,372
terra1d8egu080vm4f349we2efu9x3yh6407u299qaqe,loop-loopr,1882874482,1882874000,482
terra1rgy25cyclzvcgze5p5pcep5jmtzvrch8ephsz4,loop-ust,8995223,8995000,223
terra1fqah7qlwc58p2knq77wnnc0dwuqg0ts0u0yntv,bluna-luna,985427,985000,427
terra1eaqt39eul2xmnny337l2vx2pl2tlm5fxgzkx6m,loop-ust,86769881,86769000,881
terra17st3ylz44pxfqtgg2zqfvnnhwrjs23a009c9w7,loop-ust,1189037,1189000,37
terra1pupnwm4kpal9zh9470s2hlrvk97l9rv2dg8q90,aust-ust,34142968,34142000,968
terra16w2p2e38kclahwyxerqrajrlm54y5jjxfeplft,loop-ust,82452236,82452000,236
terra1dk4u9mvgeacaetvpnccxvdzkasgnzj395jr2yy,loop-ust,64672217,64672000,217
terra10z7ghmeemtczgmflcd745nxj5g2ff9nzxz3y7d,alte-ust,5548541392,5548541000,392
terra1t7mgjxtny4zjppsqmr2yg5099mfqt6wtr8fasl,stt-ust,100761965,100761000,965
terra1ywvpyr9xdj72edk7ulrzaddckypdyuhxurr7ek,spec-ust,95160768,95160000,768
terra1884yk7wc86amezwy8wu5gvm64f28492r07wlyh,loop-ust,914764593,883135000,31629593
terra15ntnnmxyndvnjudvkj5mfvnsy3lm7qrfsdt9y5,aust-ust,10719876084,10719876000,84
terra10reah606h3zxmv467suplnv7xhglgqfqd09zsh,loop-ust,18567297,18567000,297
terra16pj7ysulqjfnwc62srqkzxuyl0a6j792e7lvyt,loop-ust,33621581,33621000,581
terra1r7rue9ea8hs448mahyt0sgdrse3dr3ht829dwz,twd-ust,11473926,6166000,5307926
terra1ujgvdeqy8w36slj9x4ntgjpwe0lr6cnhud57rf,bluna-luna,13929438,13929000,438
terra1gxr5msgalwdklmd46c6ncd8p7rxc9rhlej3tjg,anc-ust,63450904,63450000,904
terra1plmrv9zprnjcq285c794p82y9q7t3j9st9027l,loop-ust,105298634,105298000,634
terra1l2nnyq5skkkryj2h4r7dadwzsynq72um5gw6qg,alte-ust,58872588,58872000,588
terra1yzjrmd8j6lspurlzwtwtt58mqlzp7m4y9exjw9,loop-ust,1234142,1234000,142
terra17cj0a5wj86qyx0xsz2ach9kn384dfyal0yeqcm,loop-ust,674878882,674878000,882
terra13sccg8w7ht06rkph09kzvefwr3t83zfekrynk0,loop-ust,102268812,102268000,812
terra1xy6lw2fjayf0xuuj9mphcfk5muql7fm9ndum8x,loop-ust,108142966,108142000,966
terra1hnhelec3mmxmn6uu6s3qdzdwdg09sdkevyu6w3,loop-ust,101358468,101358000,468
terra1vecc2navcz9pem830nvg73zpmgjzqgemghs6aw,loop-ust,44088797,44088000,797
terra1nkzmg7dlkhdqyecr5jn63l4xyqjhccz5cm28cn,loop-ust,101831732,101831000,732
terra15kcdq7g63d8sa7g8049a3uhjzr40la2vzz8wdc,alte-ust,23537550149,23537550000,149
terra1vaxfxrymgg4we7ettka64t7pcnp78w0rvhewd0,loop-ust,23673134,23673000,134
terra10sgracv98g7ulj7khqfgpafpfll93j9xvz8z3f,loop-ust,2367011,2367000,11
terra1evjrtw9w8r0w83zuc0r0f9getx3425kwhha9rq,loopr-ust,12682219,12680000,2219
terra1wfupg2y3n7lxfufflx50e4htp25ter4eh4tm96,loop-ust,41314847,41200000,114847
terra1cmzrzsamsq3ncxexqeml3jxapmft3629qndk74,loop-ust,91524077,91524000,77
terra1txt9e30k394rhmur27dlx2r72tdknwv3phrsu4,loop-ust,250568652,250568000,652
terra1yxwlhlv0yu9855p98yky8nkh2tkszq7t5yhc84,loop-ust,2808378,2808000,378
terra1ezzc2a3m0knjkvsqkv949jrj50dcxaw0sdgvej,loop-ust,24096880,24096000,880
terra1xmz4hsgyscjlygrxp0k0gfhpa44e4kqv9r2sz6,loop-ust,29932940,29932000,940
terra1vjc4eudryqsrvxxwr0gn2lacltxcrs4qtx4w5r,loop-ust,3049638,3049000,638
terra1t9n53psnfzvm6qwm4669vtwqc9suzmvt62zzg4,loop-ust,95494999,95494000,999
terra1amda783wgrw43yppfnw88pfvfd3mmrwrwyc09t,loop-ust,243638389,243638000,389
terra1xfsz20637lv3qn442mflag9zrs0ru8n4n3fz6x,loop-anc,29031815349,29031815000,349
terra1tt25sqpsp2zfgnw3uum0jgtdnlqcksw8kd3r7k,mine-ust,1654959,1654000,959
terra148l24r2d8cj8zzk6ageyajz3q6xgra7cxtc42a,loop-ust,105032346,105032000,346
terra1xmleuvne736nucnym0hg69h7av9jd6rptq2gl6,loop-luna,590594043,300745000,289849043
terra1exavcpam98yejl4ltzym80m5k7sxyyzh95sxas,alte-ust,590470584,590470000,584
terra18c9chdyeq5zgtskp2q2qtt8vfg3jjk5kupm7h4,loop-ust,202335472,202335000,472
terra1wszv74wek8uk2ndke52ru2dmn5wx62l625sw75,loop-ust,16038627,16038000,627
terra1muhk3uhwz5n57pkuq7p2ntj9wj7cnvanq8c4eq,anc-ust,149145659,149145000,659
terra1rwtldvwgnyeulq6079sq7cxx3khugdzulufl3s,loop-ust,8541126,8541000,126
terra18mk7gtjmghun7ctm0nf5hg0ds22chvu2quajl9,loop-ust,24889831,24889000,831
terra1qlm6y0txz0yyrkqhjpxzvxkevtkql3xk2w6u23,bluna-luna,130421000,65211000,65210000
terra19d66rjg7xmwt9sdy8wukh9p84qj66sgd5psc4z,loop-mine,6707035451,6707035000,451
terra15jqujx47qs7tcfgwh8p5tudaagk07j8yh6qt88,loopr-ust,721701795,721701000,795
terra1gt7uy5gm9yl36wkpg0ugnzlnd2gtv7y70mg9dg,loop-ust,82462710,82462000,710
terra1kr3ryjnja8zkkytx0j8hsxg2h67qfvtljgce7l,bluna-luna,15799724,15799000,724
terra18lmzl4c6uekkg7ya95r33vr0ducjlud2pp97zn,bluna-luna,29693545,29693000,545
terra1xv65u7qzumsga58lwf9qs9jqdrjx6z2hkjncat,loopr-ust,125810637,125810000,637
terra1wpjw2chx8zakv70p79ksruecjqq2uwn03846ay,loop-mine,1522204137,1522204000,137
terra1vvc0uv2hs4l062f7ser7q8jpml9wu4d0pdxvfs,loop-ust,250226909,124517000,125709909
terra1pqrgjl97hpsnwgu0dmsleh0hjy2yhwuwgj3l38,weweth-luna,74063,74000,63
terra1h47ha3d0h3f482r3gmefka3muklc4rzu3jxvcu,loop-ust,3530961,3530000,961
terra1l28pky07umychj0m4gmvpm2jzzehgw8argu0e3,weweth-ust,123907524,123907000,524
terra1xmja9vgns2cmwpg6w4sg4c9jtmp9tu7uedfknh,loop-ust,9092528,9092000,528
terra1rzq8l0ps4qtg3yn28xjjsw2d0ccecqrq0vdpy4,loop-anc,1347050245,1347050000,245
terra15p2gwtshgjqxeghxmkrdwnrn69eu2ccn6xzxhz,loop-ust,190105891,190105000,891
terra1nech6j8xv237ne9hya4t4fhvl3cx59faujfff0,mine-ust,405972782,405972000,782
terra19vuz7w3cxy5k0ae8mtp0tc4n7a4nz0mdy65qrd,anc-ust,19726660195,19726660000,195
terra1kh9e2474m38lf7uh69j2nwd2x2kgqym7yq6avr,mine-ust,3397877281,3397877000,281
terra1jhernq3v3r7v4ak638m4nkky3edvg5uavza9a3,loop-loopr,14447366323,14447366000,323
terra1frjezjwx6dnxaf7x4eafwt8jd36skua0kf08vr,loop-ust,292550,292000,550
terra1sfg72u04xh4yxs53wyhhvd239eyc55k9g7zsw9,loop-ust,5358034,5358000,34
terra1znfj6xxfnkpqf2d5j0ujmn4v52h5k3jvwtqu55,loop-ust,58216683,58216000,683
terra1hd7pkqmtfkj4mrjdc2kzewajkwzv20vnf5yuql,loop-mine,896063621,896063000,621
terra1cm3gudw33t4ekg66j29f06x2rqym8cwfynqhwu,loop-ust,272854243,272854000,243
terra16ch8f7s8aw0k66jl2kz3ygtrgy4lz0g6tqqt58,loop-ust,14287764,14287000,764
terra1ze4glkp4xe7afac9ely99fh46y2ymf3z3nvqvy,loop-ust,4335489,4335000,489
terra1f5yklucpl8mmxusf3ku683wkjh8leu2lwjglpl,anc-ust,101510424,101510000,424
terra1uprypaya3asm4nyqkfkn8szztzwygea75zsupx,loop-ust,12500470,12500000,470
terra1a354hedwkvnjapjd7ee8w2z3nsnm4eqzesd57d,loop-ust,17315953,17315000,953
terra15k7ls6m843u9maamu97ldq74xgka4d02zsu6qu,loop-ust,6223922,6223000,922
terra1je5a32dqtatwhxa8kychfl7hcey2d0z69984py,loop-ust,1272233501,1272233000,501
terra1zgzp2ddwt99vm824aytn2nmdg3uv0k8vhtt5m4,loop-ust,265776450,265776000,450
terra1uyf3grwyguqg5nt66d0rpgh2tmfxff6gcejrpu,loopr-ust,76165207,76165000,207
terra1ryh2vnj7dz0cewds2l0mlc2dd0ps6as06nrrnl,loop-ust,13740946,13740000,946
terra1sztj8fvv5qzrr3s589lt42ywtdfwq6w8fl7zlk,twd-ust,45103139,45103000,139
terra17zyy8zqej7wu5qgm83d52twfpc0aev5z5k59ah,loop-ust,8861013,8861000,13
terra10lywjh9z9acz3ts4uewdndkzw3jza0fj2a8yzr,loop-ust,79797663,79797000,663
terra1gjgqhe26tmgp0faxzpdyhycncy4tacrjjhee9q,loop-ust,336324169,336324000,169
terra19acgkagj5vrp7wrefe0knzvm3hp2z0fz69wawh,loop-luna,288421803,184904000,103517803
terra15z6q7qslqtzc23gcsg0yf7ppgmtj4m3suqzlaw,luna-ust,23720976,23720000,976
terra163nkfcy4q3dt9xy8de4593yuqd3jn8uth2epdm,bluna-luna,36785428,36785000,428
terra1td3un5aw56agxa8eka53n6qrrtzhhxvkn2s02t,loop-ust,15797860636,15797860000,636
terra12gjzterw8fxnkvtyx46c4uh5xalt2876me6zje,loop-loopr,243690240,243690000,240
terra12jaushq7ywkkvwvf2h39yp2untrg5cfy6d9q3p,loop-ust,13073830,13073000,830
terra1l7z7xy3l4k000l83cg7c3e86w4kcw4j6fyht4w,loop-loopr,18191670309,18191670000,309
terra1kgn7hathlhfnja2wfc349t4t7cxxv7yy4hn2yj,aust-ust,461004555,461004000,555
terra1377znyya6cc4rsmmxf6ujdmhskmk5kz6nfr277,loop-ust,7907308,7907000,308
terra190algrmdhd5we4puhmhuzed2ascfem4rsz74np,aust-ust,20616517417,896698000,19719819417
terra1upm70v44rrz5csvhaw7fwxtpllzgdfkcd7wwme,bluna-luna,18919648,18919000,648
terra15n9228ggxd6mz87athyjg8yuqr7r4fgcyvxtph,bluna-luna,4981896998,4981896000,998
terra1yx42clz0rdsz7twcl459wzc8p06h0qr3mx6ax9,loop-ust,37514321,37514000,321
terra14fl6vecjw38m0ln88smyk2tc4kl6mu8maldeqx,loop-ust,75142307,75142000,307
terra1s3huwhlpy076xunnp4agdvyrqc27sf7r05rpmd,loop-loopr,4190189996,4190189000,996
terra163845gs9d2wge3fp8nx5m0h0z04s20vceyrgzw,loopr-ust,4384503983,4384503000,983
terra1s3k2m6ykps02hrs39k3v9m60j5d5nve56pl34z,loop-ust,9766717,9766000,717
terra1frq9j9nj4ygxfgn0rnpcs2a3zlnwhln7ucmq7h,loop-ust,23283093,23283000,93
terra1v8lwwcdxy73cnlxp4j26wrj8vdh5t8hqw6d3tz,luna-ust,47738154,47738000,154
terra1qn6e7u479hw7saar94jze8p8j3f9jv44j6g4jl,loop-ust,7736187,7736000,187
terra1z96sqku5y3st5f9k5kppmf8w7rqahqx4asqfvq,loop-ust,1889250948,1889250000,948
terra1m4c9fmkq569q5du22fuasn9ygpr8ggglyjhsxx,loopr-ust,19818884,19818000,884
terra1freqtv8e0l8v0u6sgasj8alz4jjna8u28dntpa,luna-aust,420630895,420630800,95
terra1sjs6ylal0362hmsy5huv5gl8298pj3ksuqsntt,loop-loopr,2960466741,2116453000,844013741
terra1zy2usgrg4ywh7e3j8qychvxarp4y5shfzg3zfm,loop-ust,65603321,65603000,321
terra1rtthya3683d4h956ttnej24fx7atvk7z6696ck,mir-ust,40643055,40643000,55
terra10yhe0gxaq97ccqmgteggfqr9cl3dgckjjg6n5y,loop-lota,32643713,32643000,713
terra1vvehxagdl9tkn4qyh75n8m96rgjsrd00jy6nvf,loop-ust,11869753,8000000,3869753
terra1kdm950zkqf7nce7aywp65ratfwn39h6phv36mu,aust-ust,3042312340,3042312000,340
terra1rc5fv6u3pn8gtytva289ka2tv9ppaj28vz35qx,anc-ust,515945054,515945000,54
terra1xr0r3g0tt0z5zehx9xk5qmkzddj770au6hdfe8,mine-ust,5462468,5462000,468
terra12rd65vl8rsdkazxz6yf7c6y9z2eh4ktr3zkzqa,loop-ust,6402599181,6402599000,181
terra19f7spwqund45ttef2j4e7vx7k8mkjngcdh7xrx,loop-ust,13695804,13695000,804
terra1eaxk4vcafhr3947decm7zf4765wj9t4t3l0tvf,loop-ust,16538260,16538000,260
terra1lnf7qytuqky84hz6tncde2jm7yqru60g77rln4,loop-ust,1351803983,1351803000,983
terra13rj86q224nty4ms7rupqnm8q03jgmr3eq7n8es,loop-ust,40438123,40438000,123
terra1zwaqazu6h0a80z6q26w3myazttl5th3vw62ft2,loop-ust,10523520,10523000,520
terra1gyphz9hawzq3qedu8epex3xuzervrhfykgrhau,loop-ust,16413642,16413000,642
terra1jv4te8xwmtht06jwhdw3ds60fp6u30yy6wpxt5,loop-ust,11510201,11510000,201
terra16vphtkrjykadgu8pasrvk2qze34evrg5zcwjvu,loop-ust,210326802,210326000,802
terra1xtg8xja9tm9rvk0x0nakfax2yeyyaa9m4qvrf5,loop-ust,101427445,101427000,445
terra13p9raa4ar8vtq4tgneg4f6u8mycgzh4c904zt7,loop-ust,675865488,675865000,488
terra13y0y6fwnz9x6y2rpaxe299vhlt9908hg75efgz,loopr-ust,67757897,67757000,897
terra1ulnhdkn40dszx4h93hxgkatptt4e274zjgzsdf,aust-ust,4598913355,4598913000,355
terra1uvwgzlaka2j8z0arelmu6cwekm0gqnmdj65rwc,loop-ust,1097075446,1097075000,446
terra1w485tgqvl50dxrhxrhc7sqckjqahx6lensmhtg,loop-ust,2957276,2957000,276
terra1awrdvgxx9wtnpuh2y2ffgef7g5m2vf4jhay6t6,loop-ust,952058,952000,58
terra1tsmxe866x7qr4xj9mpatsjmfysul7wf2aqvzwh,loop-ust,1909365,1909000,365
terra12dqequ5pt9cq47znxszr86gaessd63zxqjelz9,loopr-ust,63548555,63548000,555
terra10ze2m6fmdm8qa4j0zuredm4xsc8gh0nnjpt7fm,loop-ust,4595604,4595000,604
terra1ma2nn74606wl96lhakuw0uhnmlp4veusgysh4n,loop-loopr,7743019,7743000,19
terra1vs2fv2rxuwnctsvqnlg24wgfg92dkmk0xyl83c,loop-ust,258511148,258511000,148
terra1kzsqgw2przt94q4hva5vmgp2jtdg6qarzdzfjp,loopr-ust,54907455,54907000,455
terra1y5c7zwhlagjvk04mqd54rdw3sdk83hvxjjf8d3,mine-ust,305501573364,305501573000,364
terra1ngpfxanarstaps7jyjkfjtyecwzjdhetg2cg54,loopr-ust,1307024603,1307000000,24603
terra1rv59z2qlmm96yf8wmess3zjdhdr8frl7kufm08,loopr-ust,852939377,852939000,377
terra1qjzcmvfr5wjy8qcahwkn6leghqfzfz5gjku7wy,aust-ust,45394590,45394000,590
terra1vvcs3jqm4lxzkps0g82ygclexdhk5038q0zckv,loop-ust,453082558,453082000,558
terra1jxq0n7v0f3umdw4ztln83rsrr3msu8vyt6u3lv,loop-ust,47810948,47810000,948
terra13czf0u33fg7uefrhs5tyva9hncw59v2r3xdee8,loop-ust,2895112,2895000,112
terra13q0lpcratyynrnv0q7upmyuxvu05dymm3ew5tz,loopr-ust,61129176,61129000,176
terra17r257evk5y8tr8zzznvngpz2tamk36qhv0l40g,loop-loopr,811159001,292118000,519041001
terra17ejjyfrrztpcertwz7xgjmtrme5w69fcqk56ys,loop-ust,7142174,7142000,174
terra17wwpmv438w0u56qmqlftvqtdz4z4n0jge5msr0,loopr-ust,2508110092,2508110000,92
terra1wrxlyevdqr5v75p03n4gd2fzhxzqnentpswyuw,loop-ust,8162115,8162000,115
terra1mje4hd9qnhfna2ncl2h95jjtg8yy7a3ycr2cj0,luna-aust,57440388,57440000,388
terra1zhsvjgkpmcc2rn7dc0elmncsm979ncvzral0t2,aust-ust,7144886360,7144886000,360
terra1r9h9wf7l7kggwv56jz2zcmezs9zr3q3j93fahc,loop-ust,14666597,14666000,597
terra1lsuswjrprac9mk8uspjhy8w7ffezh3573xgl5j,loop-ust,3244713819,3244713000,819
terra15pt5ng8k77cnyk3fd9spr6fld6a38nt88pv4nr,loop-ust,3957101440,3957101000,440
terra1uz0swpljety3htpwuwpehr8xutrqflelncahhg,luna-ust,25531581,25531000,581
terra1xe0tt2afzhadl0gvynv2h46kuy32aw0pysegc5,loop-ust,47287799,47287000,799
terra129n27wyfppnz5saz9yt3n4stm0gzwljmlqq59x,loop-ust,188654434,188654000,434
terra15udhgxrrlcyuklhfd4dta5x4rlve9t2qqun204,loop-ust,5641862,5641000,862
terra1xkg7t34ss5u4p3k56jrg2j9p8fpy6uaxvmhn6h,loop-ust,12230314,12230000,314
terra1pxcgay5mmek4vr0xljr7yqvc0hskrue2pcdfaj,luna-ust,81338951,81338000,951
terra1eg0775nz6sj74vnnmmma97j3yxes6qczuv7dux,loop-ust,10825178,10825000,178
terra1qmvmdafgvhjnvjns5wnry79fzkhj0z5xvmqpk3,loop-ust,15862137,15862000,137
terra1nc5dq2d3d97twhw2cvft2mjharm52jw4ucfjk2,loop-anc,5822317019,5822317000,19
terra1gy49qugz2hxcm5su2ckr0egkctp2hrfgtakykz,mir-ust,709008701,709008000,701
terra1tt4fse39sm443dxr9z80hl8ncjeqqkfzyanzud,mine-ust,42672162640,42672162000,640
terra1zw9rxtdm47rrqdmcmk7lrnxl0s5h2sengthfru,loop-ust,108641612,108641000,612
terra1v2t9c0je9np93yq6v3cq83pjnf2kh7mderttps,loop-ust,26920845,26920000,845
terra1wax7nveeam7d6ujkv688mgf35vudwe7e3383je,stt-ust,230605965,230605000,965
terra1f5a6xvkcs8967j9nfy4updluq92xdkldxfg4yz,loop-ust,25073599,25073000,599
terra12c4u3nw5ctx30dgpsc9cpvt9490ufapnwlzta6,loopr-ust,270306455,270306000,455
terra1vsm2ylq5nf9yky2yt5n7acgf729nlmdsun94ll,loop-luna,279535769,127432000,152103769
terra1uf57eayhpnkna2tnggg5yrcz5l762vyjt9ggt7,loop-ust,710779366,710779000,366
terra1jue4nwrxn3yakfmsldysh7s4n0l90xhaafuuse,loop-ust,408716712,408716000,712
terra1napc94jpsenft6zy3xtmd2jfplpz4axunhaeuj,mine-ust,329873820,329000000,873820
terra1z34jtm74a4ngea3rpxusmt4sqq8rlgcuwnt24w,loop-loopr,5314016100,5314016000,100
terra16e72dacdmvcxdtk7l7ve8hxrg4n8lcv0uq0pf6,loop-loopr,39579678781,39579678000,781
terra1w6vjdtc42rlr05m8r2a8uadumncqx4xj6sm0vg,loopr-ust,62165378,62165000,378
terra13z4gqmx89j7308a9fjv2c2rgpmphw0lurs2700,loop-ust,5199695,5199000,695
terra14y22r67kr7ev6yxltdcnm4allud0sa9wnyuenf,loop-ust,9496066,9496000,66
terra157m4vjnfgl8ujxghgkh0h8m9wneccjrj920gh8,loop-ust,7368250,7368000,250
terra19mrdt4akpaeejd7u5t462zrrwszd8z20737ynp,mine-ust,4049848069,4049848000,69
terra1y45nw2yqsmnnrf3augv0ersg5jd3f4zcx7cr52,loop-loopr,109499187,109499000,187
terra139645x7kry55ac6jwfntar07v0a24h037699sl,bluna-luna,138629,138000,629
terra18t2ug8pt0y4q2095ypjn7rjrss07y0uxfgnzyx,anc-ust,157259339,157259000,339
terra1ctzpc46kfsl4xlrn8rktrq2qdusc8xylykmag4,loop-loopr,3860312024,100700000,3759612024
terra1edt753mqgaehm69l7wu5t24j4uve6zu6tspg8z,bluna-ust,1407072053,1000000,1406072053
terra1pu95j4tw4zlum6uqgle0atelxhvml34334yk9j,loop-ust,56762774,56762000,774
terra1c6xjs4h3wrugmkrv752arvxeyhmahxw66hqd2d,anc-ust,1756129791,1756129000,791
terra189xpnvf3cpul7esfd2l7km2gqqq5d43qenajce,loop-ust,9442165,9000000,442165
terra1pd2w9ux6dssps33qqf45kmjz6egnta05s6ah4k,loop-ust,19492569,19492000,569
terra1rj7rrcs2f0qdj2z9k2pfcaz78tx9gygwseq2au,whmim-ust,2160162135,2160162000,135
terra1lapqklts0e6ynke08ltpngrwt2kv4z3dz627nv,bluna-ust,33411351,33411000,351
terra1c2wejkheex43y08arclf9w2m89t07un6z6c802,aust-ust,13603835448,13603835000,448
terra18r432p432lmh027mspmtqw7qvjemz3wsplzfkm,loop-loopr,346987393,346987000,393
terra15z6q7qslqtzc23gcsg0yf7ppgmtj4m3suqzlaw,loop-luna,90666930,90666000,930
terra1p322382hh856uerm6lmksm9jppxmclv56cy770,loop-ust,320104705,320104000,705
terra1x2z8a2md6etmjuvhn39wen0hthxz0lk0ycv6st,mine-ust,403378842,403378000,842
terra1jy96xjsaapcexn0dvdwpftrzfv22yupdgwrjqq,luna-ust,5195269,5195000,269
terra1l7dvwnavq2qqgrl9vdnj46s9nkg05lejecjanu,dph-ust,7675173559,7675173000,559
terra19knljg7p8jtnkskw2pujj92exmu2fgf5kasdqg,bluna-luna,26992531,26992000,531
terra1zur4vtzqv376m3gmh6cp6aw6wyhlpvwqkt20xs,loop-ust,154795004,154795000,4
terra1sj7f34xlvfclg6079qpsl2rqahhwhagyv4vvue,anc-ust,187771056,187771000,56
terra1ky399jwnpfmnn0dpj0wzkc26kp4eaj6vqlux0s,loop-mine,730891221,730891000,221
terra1fr20s9mz8ce5nu67je53c25zwe7269g6mf8zws,loopr-ust,1647357718,1647357000,718
terra1qdu9s02j8f22d8e2p7q3c4u5jknvutquw2z56j,loop-aust,262629587,262629000,587
terra1rra605rvyerp9jspe83y3un5hntd9lhkfcy9u8,loopr-ust,13951445,13951000,445
terra189ld86ej024g2l3yls5kahxjpx6e32da3a3ns7,aust-ust,29747271,29747000,271
terra1umkermkvx66llyn8cy0ncumnprvupl0mck8jty,loop-loopr,60296875821,60296875000,821
terra17a7002v839lkwdxvjrxqfk80s2n6qje2fz6r3v,loopr-ust,155621529,155621000,529
terra10qdt964netzczs5hv34nctqfd5vv5q6muf3mmr,mine-ust,3968077599,3968077000,599
terra1vu7hlp9w9k95tuxdlux3dva9ag0hk0xe3w2sqh,loop-ust,10354874,10354000,874
terra1cljwkmj8ssaj0qudszeqcfkhat26mv4amtmgvd,mine-ust,3777167,3777000,167
terra10f2cd55d9hpsuwne30jtxa5a8k0t2uvnxtgcat,anc-ust,1224345353,1224345000,353
terra1tlghnrajx364lmdcrqhxkpjp6605q6m59rkav5,anc-ust,14142308,14142000,308
terra155475gk67e04njugt3u0useka8rfs5v94znu0z,loop-halo,776515280,776515000,280
terra1kznyy6tta8ju607m9k464me4pyps6wc8emjak9,mine-ust,2923466771,2923466000,771
terra1jctdpqdfkgmffd030xjf2wu7l8vke2ygjmyjz3,loop-ust,147957728,147957000,728
terra15jgnxpr5rrf6tx0ffsz07m30pzv6nnf0ghfjl3,loop-ust,4021210145,3029610000,991600145
terra1ulahvw7qsxr4gu9ykqala7arjq4s0esf7hc9yk,loop-ust,117300678,117300000,678
terra1r4jedccahws54q5rs8sq2uvhapmy9k42qls58q,mir-ust,491571521,491571000,521
terra1tphgg6q0q2d03xrrgdmnl3ddpppudgnpn2wq06,loop-ust,10484845,10484000,845
terra1xhvns99dcrg4wu6pphgzepqm9rum2aq563pgwy,loop-ust,375818426,375818000,426
terra1p2k9efzfhkr5hqfht4uecsvyeet8xyn7ntujmr,loop-ust,32862816,32862000,816
terra15ujetdtgc3r760quv4gx5vkj7jyur6ltm8rwea,anc-ust,299290472,299290000,472
terra1y4r6fxn9yl4lyvy8hpwewhw3rzdzepvt7xjnf7,loop-ust,20060789,20060000,789
terra13s7t0alp92wxyrf2h5wx97xphahp42846l6dh3,loop-ust,77176137,77176000,137
terra19l4n2nn563zdg2rhqy0yjg3fm6hw22ntnzzmnk,anc-ust,450545698,450545000,698
terra1hkqljastk57syg3rcny4pra2v47a4sk4pezpys,mine-ust,7319162,7319000,162
terra1sahcj4tuml4gtm5spr7s09c0jfurhsnydg7ukj,loop-ust,10017467,10017000,467
terra1cwca4mwd7v8jecrsj3wdknxr6yrw8v6c4n23qj,loop-ust,7565408,7565000,408
terra15ycdsn55g2cal5pqwhwf55pw8y6pqqhq6xnjxu,stt-ust,45862687,45862000,687
terra1tgfl55sn03wam95zjglmkah3mlz6yl8dag0pyj,loop-ust,44114004,44114000,4
terra1dt7lgm309dkpqaj2kzzrkupwey3tucs43mrl5d,anc-ust,30184944,30184000,944
terra1u3daqt6frc5x9ven6w68wevkklx9vvfftg502p,loop-ust,1021992,1021000,992
terra19g4wg68p052vyezqxsjuyxfhf8maz3jhamh0as,anc-ust,216315166,216315000,166
terra1ah5hkf3afprw7pyftpynq5lggcccr3tmkgpltc,loopr-ust,2554820680,2554820000,680
terra1zsc289c6smfqfre8gkmgsrpndesz7zrtk2hrh4,lota-ust,65437016,65437000,16
terra1vmdzwhmxctyw3jvq688gek4jj27wlyz4da7uzp,luna-ust,27124105,27124000,105
terra1t3cxyxpjfecgu9fljy6r47t7j70wdq85d2nhlx,loopr-ust,6578573,6578000,573
terra1z84u7v4kvvkqx5et4t5ydn9ncjufezqgkekxqg,loop-ust,1425903666,1425903000,666
terra1r7rue9ea8hs448mahyt0sgdrse3dr3ht829dwz,loopr-ust,1069987255,1069987000,255
terra17ulgfq70fdy6z6tk8f20hjjryhauzx5qhzsyzw,loop-ust,70771204,70771000,204
terra1lqum20zwewm6v9h8w3hquscuxl85fc85k7d48x,loop-mir,253145435,253145000,435
terra12r0jdhgkscfk3f9ls9adaj5rapkawc3dja9cle,bluna-luna,8964554,8964000,554
terra19545yp0u59jj5zekcfpfx28d9hf6v55a2gsy04,mine-ust,125808646,125808000,646
terra149ezzqpvla7t7x2atu8k7aykay6zp86z404fc0,mine-ust,119792273,119792000,273
terra1s7tmey7rdjh7n5jz8qyqmramkxqms8r3tpdaqh,bluna-luna,6108255,6108000,255
terra1mv9nktq8z7wnh4zl25hm0v4lrsmpz2rv760c9w,loop-ust,445452159,222726000,222726159
terra1lwpedqt5scfjpz0fd0vuhqwdmmktmcuger4jxw,loop-ust,29569569,29569000,569
terra1j0sg0jtantq5d2hxu0zncageqv2tdd5z7a578n,loop-mir,74336516,74336000,516
terra1zkhlsd5mamyh09l64ehvl95u08kkg584rnrj3v,loop-ust,4264430,4264000,430
terra1j5mjg8vq76uh57avtmp5dzeder64mthkxqu5xq,loop-ust,5093125,5093000,125
terra1ygt4txjrvz4ynq2fjufv7sea9vqkr09v29jsnh,loop-ust,13540246,13540000,246
terra1j5857lxsljqp842rrshqtw5a8dcakyrtdteal0,loop-ust,20549977311,20549977000,311
terra17hwzvnxazzmg5kt27nqmhl4x3r78wjnt46hlkm,loop-ust,8268840,8268000,840
terra13yqwk7872vdauaq6mdhwhajkuq6jlhltmqhj2d,loop-ust,33628883,33000000,628883
terra1c5f0fqnn7cf03534gx3hpfr6qt9nv4w8z80v0c,alte-ust,13068680527,13068680000,527
terra1fg3wd75xhu4wwuqmtjq4ja7vhwsswzm2gljn22,loop-ust,24912955,24912000,955
terra12qw54vdpsvhhfwpvp6gkuy30aecp3cksrq60cp,lota-ust,7185375,7185000,375
terra1l82fc2q8aads2pj0melmsv8spcpe7er8zyh9gr,loop-ust,60660384,60660000,384
terra17yr80kpgnwkgcm3rghtwuzwz4cs72gm9khjvw6,loop-ust,2759136,2759000,136
terra1k6zaq2gs2czyfyj7gjkv7jc7r0kd4wtgvf0wdn,loopr-ust,344022656581,344022656000,581
terra1qs39v7m5c4s3qr9azwnvkcp43psqzsgmsnxer7,loop-ust,111200422,111200000,422
terra1m9tugdttpyy8ss8h9kag78k9q8xecny87f329v,loop-ust,41985065,41985000,65
terra1m9m88qxttvxashvtcv3lz5ts7yu7r7gf73gtmw,anc-ust,75125216,75125000,216
terra1hz8fzj55qdpa7y3u5890pzf06ekml6xudjmela,aust-ust,91760180,91760000,180
terra16hk6dy4n6le5rj3qlrhqrnmnf5hzase2yrxmuh,loop-ust,7847971,7847000,971
terra1lxc7kvk39yn7vsyaa5j28km53l6rr3904tpye8,luna-ust,1498198,1498000,198
terra15883wp9m9sk8mvxvvvgs7s65l62w9vm9pw2538,loopr-ust,973921618,973921000,618
terra1fpu6ff7qg30jajffenrprhygelun2vs0q8vjhr,loop-ust,8634500,8634000,500
terra1jcmrl9wc7tc0qcuty9c9kuvrkzek309wsmh0qq,anc-ust,117453685,117453000,685
terra1pq360ru6rr3q6jrappytw2e5wjfwyfq4g4txlk,loop-ust,163425288,163425000,288
terra1cswpqnsqn259lyqhne9kml20rus9m3tzs5hf0z,anc-ust,576259313,576259000,313
terra1yxfgvtq2f5q77du6mjll6kp27gn4cua72r4x55,lota-ust,93797214,93797000,214
terra197suf2z6jmmz0s7l0q2w40myj5ky4uem4dxala,loop-lota,193584206,193584000,206
terra1zkf83tpx3eqxuasvt3n2se4gz730es532pyekp,loop-ust,46690211,46690000,211
terra1369wgfu3cayrxq8wp05a0cqnna52fkt76tuzgd,loop-loopr,44752777,44752000,777
terra1898x3vxcl903clgr276gw5mdvszc75ycwj29qn,loop-loopr,12712600,12712000,600
terra1d960ss47vnm3m9ayzkz5whdxveuufc8hkx6kzs,mir-ust,10838504,10838000,504
terra1vm97e7rx56xexe3p556cwq25q0cnz4qm92k8ay,loop-ust,11716629,11716000,629
terra1eepkcf696z3qat0xmfu5ezt07dg4adu7gaquke,loop-ust,83098403,83098000,403
terra1866dqhxgrzzrcvu0x973sgq09nq076k3fxqjyv,bluna-luna,7925226,7925000,226
terra1ugax9r02zcly2577452twfn6vn4xf8pycu07tu,loop-ust,1820538,1820000,538
terra1yfgqltvwpmwwphnrp99rz2ythlj8555gcg7qsy,loop-anc,251483049,251483000,49
terra1f47mq0ff5x4n4y59efr4qyyw9xqjdgcstxjtkx,mir-ust,26991011,26991000,11
terra1w2twtwgq7lswg6y449fzduvsq3a4mycqp2a8pz,mine-ust,104606138,104606000,138
terra13s2rqs8k5j7nh8sza0ppquxvsjkhgffsvspjx9,mine-ust,1209701189,1209701000,189
terra1mzrpfpu5hrq7e4jhgathm9rtr3j2j92qsp3vc7,loop-ust,64322440,64322000,440
terra1pta65gn4mc5hxqz722eqjpp902nd6925myp9dm,mine-ust,106432937,106432000,937
terra10epul476m7wufraudp0rpxrfsy5kc9mzqanyt3,loop-ust,82823546365,82823546000,365
terra10lk26etger0s080ylglj2tq6q9g9e3k97rvcg9,loop-ust,39811180,39811000,180
terra1jtvpps8v22qvv3l9ymm3l48fspduudpq3833cm,loop-ust,1689942252,465573000,1224369252
terra1fkue76f8t74lq266suvhzex8ga3hn9reqdeygx,anc-ust,226876682,226876000,682
terra19lt8prm04nasl0f2znktnmrwuu96x02alyfsfa,loop-ust,144283910,144283000,910
terra1vrkf2q5wdzysjd9yudluy64tq8sh78s9x6az5v,luna-ust,28210284,28210000,284
terra1rgduu9qf2vdrjpu50mnchuasf5q0fu33fuvm80,loop-mine,1886063,1886000,63
terra1v8q24fv663v2l6w7kum8f3vfa4cagacudjkqnq,bluna-luna,47095172,47095000,172
terra1w0vt7s0lc2x2vnag6egy8v4z7p9r6uzsrnnwzv,mir-ust,18098887,18098000,887
terra1lx284mjuugnpvpxum9savz0ux9rq8lzuqv0fek,loop-ust,9058896,9058000,896
terra17wrhmnzpxv6ase7qpk5a0lj40r0zam384a6s2a,bluna-luna,418727956,418727000,956
terra1r86d47zqegcf36qy8g2acj226g36znppa7gp9e,loop-ust,14231522,14231000,522
terra1ujgvdeqy8w36slj9x4ntgjpwe0lr6cnhud57rf,anc-ust,14641881,14641000,881
terra15x94sjf4n0fmnqgkaydlplf2cgrmgxq9snjw6g,loop-ust,8496871,8496000,871
terra1vek7ls5w2m43lnq99p848497mtjz6ujw3l0r36,anc-ust,2775954258,2775954000,258
terra1jx7cvxg728wm2rmn20vghv0f6fxy7wd8t9x03u,anc-ust,107336944,107336000,944
terra1uz5g2v9ac92mgzpj7m4cdxrsahpgqjd4lct5u9,loop-ust,10689727,10689000,727
terra1tmxkg2sw8fx9nudsdpzhgpanyjvzwhjcyv6gjv,loop-ust,92321926,92321000,926
terra1gkx33fu5ygle56uvz7sz3f6wnhkqa7gn4d80m7,loop-ust,6465508,6465000,508
terra1cnxwnf4u8cdt23g5hc9zyyjuxmxt2pkwhyelj9,loop-ust,2248030647,2248030000,647
terra1txkpp9pay7ye2m4ge99ht496ka3d7llfs2hgpv,loop-ust,18606922,18606000,922
terra19pcxk40azxshzuk4z5kfcfa8z6r9qz409zjy5d,bluna-luna,128174017,128174000,17
terra1vgc4a9yzckaqpcurp3gemgrhzvgkn400jzu8xe,loop-ust,4419047,2835000,1584047
terra1h7xmtsnry2q3k43zzr25h8vg5rvh3pcq2k3p89,loop-ust,57065954,57065000,954
terra192tdr4phs7z3lztz8n5yrmu0pwqwxq6rjwmsr3,loop-ust,276375615,276375000,615
terra10dh3fv75t62pa05fu7nk4q8mwtqp3tqvan6fsd,loop-ust,45546317,45546000,317
terra10stgnh69whaaqnthlgyvx9he6lqzkrmgpthwzw,loop-ust,7609735,7609000,735
terra1n5xwfpqajh68grntwjvve350asc25dvxqt4m37,loop-ust,123908341,123908000,341
terra1xk2en6wfwfe272r0tyd3t50rc7d9j878pgehne,bluna-luna,1797610,1797000,610
terra13um8w62a6z3n6yhhs2svqc3h4h7gfrvl64k5z7,stt-ust,4108862,4108000,862
terra1ar8se3yven6vsjfhtrgv5np697rqyhkf4hv7en,loop-ust,2393784,2393000,784
terra19c7e686xxfu6dgug00jdu2y9kqqh5j8palvhht,aust-ust,18252774,9259000,8993774
terra10qrefwt8gtv0qhfqep47su9m76ggfy0pqpc4xr,loop-ust,7028592,7028000,592
terra1hgmrztg98fvhwp3m04eptulrg0mvkka822e9n9,loop-anc,856967776,856967000,776
terra1fhgzsl3me8k7j5kpnydyy204yrrsj7djmvsg5h,loop-ust,879508491,879508000,491
terra1pg0pdz83s7s2a70yz75jhhz9rdugw4q63f4yzl,loopr-ust,5419835,5419000,835
terra1vv59eqdn3ws4s4x2k3rfzzjlayp4fq8g2ywz4x,loop-ust,8916532,8916000,532
terra10rqd6gawn57s50z6k28kzzj3u9j787m7eatey8,loop-ust,102799961,102799000,961
terra1vl0uvmd9gr8t7nc27frumcltvx6ys3kf89pyus,loop-ust,243224312,243224000,312
terra16lufdwefaarckeupsvajy3kv5888ewkfdtrjaj,loop-ust,48757019,48757000,19
terra1l7fm4fqyley0vwsw289q5x5amxdfsg5jdntk8y,aust-ust,8966763305,8966763000,305
terra1e9nf0alrl3fkju0c49h883ssryuh3gvlpelj25,loop-ust,335829091,335829000,91
terra1z5uu3cqcg6ntacrfrxrlnwq0w78ll5ty77xl4q,bluna-luna,6382710,6382000,710
terra1xqx9r9cavtg4y4yhl3lvfgwhyn4prz3hlxspqs,loop-lota,77663345,77663000,345
terra1paetxgszz48vmksdly6cqy9yd7s04z7mlw2uev,luna-aust,38439308,38439000,308
terra1yqdejrz95eqn2s9jktyqswq7l9vtace5x66g55,loop-anc,1020914040,1020914000,40
terra1q2p83k8cqkvtt7vvw5elxwa40sle8krs4qg0ds,loop-ust,86747649,86747000,649
terra184rk3er4mq85ww559qupedl4mvjp5jh5rsdn26,loop-ust,54044064,54044000,64
terra15m8xvcz77v7whhuxkyc6ucx0h025sd9un9v0nz,loop-ust,586636456,586636000,456
terra1ccscznlwwlx0gzja5xk6lnzx4w732224hjdxlc,loop-loopr,55509599161,55509599000,161
terra1c60dcq57uc3l9t30tpujuwdh9rhxm4jgrjma87,loop-loopr,6896533315,6896533000,315
terra10h0cwe9apqrnjll0grud57zlz2l3va9cxrz4nx,loop-ust,970295204,970295000,204
terra10lcn3andatfahlnta3fa02w4zprfm7uey05sz4,luna-aust,192894658,192894000,658
terra1n94ywh7kwftsqmc4qw0dlrd335vwgkjfc65fxn,luna-ust,1990648,1990000,648
terra1q4aa4g2ywsdnadu5y6ln42yt5qkcs4hrtutklp,loopr-ust,125237085,125237000,85
terra17wrumllsm5ek0xdwna4kf03f70j0xekujtt2tq,loop-ust,126833608,126833000,608
terra1f25x7zfxqn86qeexplw6jj5nhspzsc2r3xv7y3,loop-ust,757522072,757522000,72
terra1t579wux757ejx86d697z3dvcmvfc8g5ewp3s0k,loopr-ust,11076281325,11076281000,325
terra1l775z2yeyp65drp0ypkguw3ymggav7pxrvwl96,loop-ust,49792198,49792000,198
terra1xy40mq7hkpw42cpxsjju63dg7rvea8x406texg,mir-ust,201733596,201733000,596
terra1nudkude54q0lkgs5u57uhvmkwad0sr4rcy7el4,mir-ust,5239523943,5239523000,943
terra1qyauk4az5deawqf2ys79vrvca66e0ddulmqegj,loop-ust,103162191,103160000,2191
terra173dfj83tzsdjfapqjj3jh44fzhqtwtzvhk7mcs,loopr-ust,554485782,554485000,782
terra1xlc9fdap7tkdxsr56g5z9m2d0ur6fhed84gd0n,loop-ust,7561766161,7561766000,161
terra1vh6ld70jk9x9xl36qqwsfc5m9w7ltgtlzn5t7n,bluna-luna,4931540,4931000,540
terra1d9ejykp00p2e27gcx3w7snyy49q2c2sasat864,loop-ust,167684468,167684000,468
terra1mhpj2vjpcf9vm760qwa0q8sg3hyky046gukmcv,loop-ust,362135742,362135000,742
terra1n7djk7su8vlju2ge2sje9nswxxnmxyy0m5fysh,loopr-ust,13760500,13760000,500
terra1glqq0fyuhec9rx8ggljn2lzjjv0dfppg4aq44q,loop-ust,6274223,6274000,223
terra1qrw8ttdzxkrv76s0qz5fn0lsmlgwyskdkzqky9,loop-ust,2515374,2515000,374
terra1ltvtphzmqkhuurc09n4s0a4teaujkyyfeyz60j,loop-loopr,1364534717,1364534000,717
terra1an6x2f5qxvep4q4vm9sw0l83sc9pfswrpqlwp0,loopr-ust,4587731181,4587731000,181
terra1pd8x9f80k37hfj5gpsp6veq2fsfp6fstxcgjls,stt-ust,23500371,23500000,371
terra18tlyxyjmq4eymty7d0uhxqxxzz54jm0r9zqxgn,aust-ust,51525663729,51525663000,729
terra1eqf425wkuz58rsjh9dlkqqfmwh66jjmumh92jt,loopr-ust,2611909174,1229450000,1382459174
terra18ryw9g3v70sqe422e563326jtrse4hq52mrqcv,loop-ust,3679488958,3679488000,958
terra12nzg8743ummhmnmvf70vn4a0r8g2ctudsk05lh,loop-ust,392924491,196462000,196462491
terra1wc8fxs4nrsd6xu2gpwx42s03kq5h5ayffnts5x,loopr-ust,13763513,13763000,513
terra1wavgjsgc6qd0qd57csrtda352pkskzn6vewg66,loop-ust,45879685,45879000,685
terra1qtuakg0f8cg7kc3pz988d02cnyu0r2u4zduq6u,loop-ust,7750249,7750000,249
terra1nkt96z84nd52zxc4thex5jlq4pcj5rem4kgzwg,loopr-ust,66857301,66857000,301
terra1nha0fmm22mnvgp7dmqn98wt6xe2znd357jp8k2,loop-ust,1198108,785000,413108
terra1n5a2z9u7jn4r720r07sr5uufmj9l9gju92n69g,loop-ust,778226578,778226000,578
terra1rdxzf8x77xjhcc3rsz58lptxtc7dm629kvc69t,loop-ust,2032581593,2032581000,593
terra1cqh4hyklqhaxsxy98wz2zd7qa7y4sdkmmmt48m,luna-ust,6365566,6365000,566
terra1p93fv7vmq3ut5epk3at9djlrecdwhw90fwzyzr,loop-ust,143135341,143135000,341
terra155scsckpl6e5d8qt5mg09j5nyn5c7a8xxha87h,loop-ust,561881398,561881000,398
terra1rh482lh8m6633q7datzqy4sp9xka93m9635qq8,loop-ust,5661575,5660000,1575
terra1k44u4naxzwwpkk7mtj47h5fel7yml7tm5wd77x,loopr-ust,58710206,58710000,206
terra1dylajzpthllzjg5z8vzjds0482ntc3s06leec8,loop-ust,23783650,23783000,650
terra1aqt0w5jrtd7d4h7vqref0n0wpdv4y679hyy76e,loopr-ust,79542491,79542000,491
terra10pn4ur9x9kpx3f3u2kz5naun46rt6vf6nvenu8,loop-ust,35305097,35305000,97
terra1luxv4qev5wf78pt3fyq9gad0cw07xy3c3eexh8,loop-ust,620121159,620121000,159
terra1v9kknnxg50ypwx62cckuq2x7keejrhfwx3sqm7,loop-ust,238229779,238229000,779
terra1jxh77mj8cgerekdky7w8zlj5ym237u8ukvxs80,loop-ust,710420081,710420000,81
terra1jx4nnkj0wrq7rpzj5xz2p4r7nkhz3mp85808q2,mir-ust,1003507680,1003507000,680
terra10ta7ww0uz5tgr63t7mtsnlnuwj39c5uxsaaqw0,loop-ust,18700663,18700000,663
terra1ec4zhutxmsdvxscn2a57qfqqqdnp4gjfyvymtp,alte-ust,33282884,33282000,884
terra12rc3kaz5tn5wwvsscwdllv2k0ganslcjj8qz9d,loop-ust,2545301,2545000,301
terra13lzf34zcetf530n8f6aps9tafudug48nlkcexu,loopr-ust,2163468869,2163468000,869
terra1l2cl6zeaz6k4a9237y7fvr0f480esycwfzgrlt,loop-ust,110948218,110948000,218
terra1vp7gf6evzypcgmg820e20fm9pxe6apslqeyw32,loop-ust,4396966511,4396966000,511
terra1zw5y9nxam9xwne72sz288eectpwywywll8f2tr,loop-ust,155914027,155914000,27
terra1wef5hkwnuuzawycw4yq57lnpjw4j256pcjnxkg,loop-halo,26044925771,26044925000,771
terra1xe9jx2cvet32rd4j0gq4wllgf6c3djh4z6ausu,mir-ust,24132415,24132000,415
terra1h2ychmvt9ax0p96j6fjm5lwp0wks3j8jd6uawp,loop-ust,4524716221,4524716000,221
terra1xlphqyzyapwyjrgre7jnz6qyyugnyn0ukm5zfx,loop-ust,9718538,9718000,538
terra1wc4u5fnkajdy6tljtzdcgfa85ej0v9939rm7jz,loop-ust,1504776,1504000,776
terra1jy96xjsaapcexn0dvdwpftrzfv22yupdgwrjqq,mine-ust,363835370,363830000,5370
terra1rnavzqexl526ke5vcf2su9nu248rpq43x55ukh,loop-anc,86641589,86641000,589
terra1jxafzws9t4x45jv0rwhmf26x26gkptg4uvqyuu,loop-ust,43745936,43745000,936
terra1ux29smgmu270gd9pgee0ea5tcdcyrve42tnj73,loop-ust,140631247,140631000,247
terra1l06k82revvjqlcqgg6m646k2ck29e8jumnh6ej,loop-anc,2258616,2258000,616
terra126fzl7250dt33jwwuc35hwcvca3tmg6zfpj7u9,loop-loopr,44024565974,16560012000,27464553974
terra1sffx8xhyc6twldvspgeamhlxzrzzg3p7yvz54h,loop-mir,5928465529,5928465000,529
terra17sdqlzcfhmgc8nc3pddaz436rvyr8667chftee,mine-ust,80516745,80516000,745
terra1u8rd690vlue7lw2cem6az0w0ee5h9hg6ax3gw0,anc-ust,477204428,477204000,428
terra1yka9eepm9fy8v39eh8dngudrh46v69lthjx7lw,loop-ust,13299398,13299000,398
terra1gcr7tcdxa3nawtper2xkzp8nkrwwjpvqr3at86,loop-ust,5707932,5707000,932
terra13d8xteqcrnu4wx0qd2kt2yzwnppy8r7fx4n432,loop-ust,197106104,197106000,104
terra1a03pcgwgxceurctp7c2epztdd66dyht04cwn6z,loop-ust,5200634983,5200634000,983
terra1v2876gjpf629u88pjaqh2altaq93tpdhrezdtg,spec-ust,317545723,317545000,723
terra136k64kffpagtvfsvw698uc6cgl6m46vvntqa8v,luna-ust,1348229,1348000,229
terra1g67y32fwp59d7j54upsj50hxaulya0nwtezg9e,loop-ust,29659661,29659000,661
terra1jm3arp8z957nv9vs5pyh56e273ppxhjpfs4gch,loop-ust,2052251,2052000,251
terra1n6z0w0wse44dfzg58nu8safwx222c0klv92z0n,loop-mine,1059649544,1059649000,544
terra1vskuk3676c65unqht66l84d04e9s2et67ezqgs,loop-loopr,246117955,246117000,955
terra1fqux2hp0n4k0e9ra2ytwgk23ftw00e0lk00ep0,loop-ust,5476183,5476000,183
terra1ppzntkku2qwqrjf3etc9s9pu677ntg78023604,loop-ust,1024560,1024000,560
terra1mhqjqqqa6dtu0lezz8udu4kg2vx6lxtyz5xpep,loop-ust,11542375,11542000,375
terra1anl3qapxz04t53vcl6trpkfu2hfujc3mxky2qa,loop-ust,107837957,107837000,957
terra1l5nlszrg650y3gqahzt353vt2u624vnxk299yj,loop-loopr,7975026472,5500000000,2475026472
terra1gy66uh87wz7e7c4ll2hc8x9et68u0vy4lzehy2,loop-ust,727991308,727991000,308
terra1em20lkl976zx5a0gu4qet4fj86wqq383spcern,loop-ust,190012399,190012000,399
terra1pdde5a3hmzhj5xxkekwv5vdzfywz7xqg2j7wu7,loop-ust,528661384,528661000,384
terra15xmu9s46axaelunaaa9ztnm4mtr3xn3fua829n,aust-ust,2895817554,2895817000,554
terra1amd9q3d8sa03l7qfqwdvvd9hjdtdtk2ejzqtlq,loop-ust,3218982,3218000,982
terra189ajcg2egg558flt43rvfhyn4yft6an5au4p2c,loop-ust,123650400,123650000,400
terra14rklcw90k72egefyuu4sy4ullwwec8s07ec5fl,loopr-ust,5776090955,5776090000,955
terra16y53jvm0gg40gng83w34avfh69369nsxkpgvc6,loop-ust,1050705660,678396000,372309660
terra1wda7prarg6w93n2yjak78l783cjhds54ml0mpp,anc-ust,23327624269,23327624000,269
terra1skr07zdxyg7a20v5pej06ayqmf86wfwc626xd6,loop-ust,6053134740,6053134000,740
terra1sps56dm6q8cwgj5n80keguy3avntfsurpmeur0,loop-ust,19350924,19350000,924
terra1wzsatrvuv4d60hktdvtzfqm6gytch2mldnjqvu,loop-ust,23349988,16343000,7006988
terra1z60l5sfm3yycvpsqehtqv8rmm4mv3yhahgy8mz,mir-ust,212619519,212619000,519
terra1737f6nn7c4vqmqgzlvu7hu0rk4mctkxnnxtc5r,mine-ust,207686933,207686000,933
terra1yrs7jll3mp05ww0cgyc43txv862cxpse27a4lf,dph-ust,1889317803,1889317000,803
terra1jxehmqfwlk3ll95trhy8a8eqf63573wfz0rxay,loop-ust,14088762,14088000,762
terra1fpf378yk69x78we5048aw8y2lcqe0w9rq53ahk,loop-mir,127410138,127410000,138
terra1nz5njfv8wkf2fcgdac2xwacd8xnmp7pzcafw3q,loop-ust,448863040,448863000,40
terra177fcfrmrxd7kthtqqjap2xl97chdktrknepc3k,loop-loopr,5344277995,2409401000,2934876995
terra1n2sg56hqxnwmg08speqlgvlra2jqk2k6qtj62d,twd-ust,88880865,88880000,865
terra1vtlxnwsand82dk5zd4qzkmxgnyecqy4qhwg3h3,loop-ust,32221148,32221000,148
terra1233wua0cxfzmxcutvxd4xu0k40pnvwx2pdktvh,anc-ust,1071397234,1071397000,234
terra1dkzyheeygpdq6ysfaj54r3psdenmuhchtjnrvx,mine-ust,1412393824,1412393000,824
terra1gjgt2vj4e26k9alc7fnkvtd9k4zcywq8q3247d,loop-ust,209814718,209814000,718
terra18t2825d85wfv4kcy53qjay87zaghzgr8xcj4xu,loopr-ust,67985435,67985000,435
terra1pq6ensdtqen8n4cagys4txvglpj7huqkkjdev8,loop-ust,9241038,9241000,38
terra18g9q6zj4gvfnqla098t86ytmr8fl55hz5agm6y,mir-ust,1032823,1032000,823
terra1f87ql8evzjgfpxnxc0eft3ms2l8r0lqgyrlwmk,aust-ust,266661565310,266661565000,310
terra1rj3v2jcdywrzw2jne3vps3d23hp777dcsxythf,loopr-ust,80968309,40000000,40968309
terra1z0mj5z7r4ysx3e2f34ylfyqhpxf066ylvazv8e,loop-ust,17481285,17481000,285
terra1qw6f9z83zakd4wnfxgdydc2dfp659qjuq9qj47,stt-ust,35259979,35259000,979
terra1emg4nzu8aauy6yt3zrrpf04cppg64x5hqcxtax,loop-lota,3177434873,3177434000,873
terra1fjupk7mn7q6m0ntee9thwe48e4nlaqy2ec3qfk,loop-ust,1829106,1829000,106
terra16y0ddkf34ddfz75swkcam3v737w3njrfjj3z3r,loop-ust,1459017209,630911000,828106209
terra12sdcmpf5sfyfuz2n5xuf89p8du2wxeaskspdhh,loop-loopr,264526855,264526000,855
terra1lxljenrykhdr7jtpndxpepukpm02zg084srdlf,loop-ust,52493471,52493000,471
terra1c90q3m9lkecwqhqwsx24fs55vy7fpq83u8f592,loop-ust,879909605,879909000,605
terra1zde8cw8v4l6g3p8q6j6zpa077ljhaa2k7f2t2j,loop-ust,251388640,251388000,640
terra140t6aes80hzwx270e6crhnlerf5xn2fakpj5tl,loop-ust,3807941151,2803997000,1003944151
terra1a4gr9aymn5szz5dw03cwjud8e9z2apk7ujvlum,loop-ust,8749631,8749000,631
terra1y6ls4lzpqlrccq8sgl6prwyz2tg7vj3dktjs52,loop-ust,18559142252,18559142000,252
terra1frr879gtcd4t30wu4jjhtx6dysy36n89v39563,loop-ust,13715175374,13715175000,374
terra1tmfe2fwrj93myk2kwds8x7pr0ztvdgppnlcz0v,loop-ust,1833000671,1833000000,671
terra12g6tjhzgl6847flpxdq8hnvwty5t6gv4yfcef6,loop-ust,39655301,39655000,301
terra1llttpm25zgdjusluw6gx0jzltnrv6dry9n5jx3,luna-ust,1207812350,1207812000,350
terra1w8qtpczlh3cc7zjmpggkqdgh7nldr9zhjh65a8,loop-ust,22321357,22321000,357
terra10m52fvxlx0jvchhdhf35fahccc3q90ya5yxfyt,loop-ust,9281626,9281000,626
terra1xjhepuqx5p0sjmmrfamm2g7fsalr6sr59nc42q,loop-ust,39598379,39598000,379
terra12sxrtp6rwmlyx622vmk8xe9vc9dm7hdjuyp6kg,luna-ust,251065671,251065000,671
terra1m659txkt2vt0gsfapr583qpkdmvy0sw5gh32an,loop-ust,880788636,880788000,636
terra1fu6kajzgu6yv7r0qmkussjfj3xx0arqw456ww0,loop-ust,16240529,16240000,529
terra16vpn9ee7mpf6wamfu0uqft5l0cenr0mlcv6l2c,loop-ust,348643058,348643000,58
terra1kqgpc5t0zt0js04ef0gayfhz2hm6ljxj2ynlpy,loop-ust,1222664965,1222664000,965
terra17ref79a0lqc772ufjc527ztv9gfdld8qsc69ad,twd-ust,13702838,13702000,838
terra1stxh6944fcfszrpr2xmjq2pphmdskvgjcg5g84,loop-ust,9091551,9091000,551
terra1ej86fal969z433sfkdcruu68hndj7agpp27yyy,loop-ust,1955049446,1955049000,446
terra1eqvt7cyuw89zv45365xlyjfspe8m042e8dlvwq,loopr-ust,1233646939,1233646000,939
terra1dnsmfgkxu68yary57svclhjtt4ypexrz2gp282,loop-ust,2863641,2863000,641
terra175awas0zkz53tsf9t3el3fkr3rmrjydtpy4u8v,loopr-ust,11614714,11614000,714
terra167ce0c0dq6whelve3f5qslzcpalpaqwmjkgtj2,loop-ust,4252901,4252000,901
terra1sztvv7vpc3wwqwfvhd4el3xkttkpnx57fz0z9y,whmim-ust,11711551673,11711551000,673
terra1vdsjp5s82yre5lqpu7mnznekpjrefqmepkkqch,mir-ust,46229792,46229000,792
terra1j9uq8jast6fpg3cjnpqnrcl708kaztjsctgfra,loop-mine,5368091,5368000,91
terra138q985nmfjjesurrcwqzr75m7kemfwjl9rkxcz,anc-ust,34052261,34052000,261
terra1x8xsm3xk39472r9vnjnn6dqjvr4t2nqatgkl44,anc-ust,27959098,27959000,98
terra1xs25wj2jwd3uv9dlzn6kffhjg3exce64kc0ee4,loop-ust,12525164,12525000,164
terra1qvhetl79hxxtnu2tj7nfhe9x4ta9fr992as354,loop-ust,65838840,25657000,40181840
terra1j485yt3dfgxvpqyfwtm6hw4f6q9vlku5qx0fc6,loopr-ust,5672300843,1879501000,3792799843
terra1n2sumzj8lmd8k65jty6cvfd8z4q2jf2xr502ev,loop-ust,7068871,7068000,871
terra1g6appfw62lykynfpg5xleh9ej28k859kgq7m93,loop-ust,6012455,6012000,455
terra1m0mwvphfp7xf0rn58s6w86hh833fctvn56qvqt,loop-ust,102038823,102038000,823
terra12srj2muesraynsdy2a88pkjpgku9tajrnvm7zg,loop-ust,1844365243,1844365000,243
terra1wnmvh8fpyx0pdqyq0qjuzqlzw58g3rxrtymese,loop-ust,17699763,8718000,8981763
terra1wldeu4mtvh326vfgpzxkzpzczf0y96hllndaw6,loop-ust,38207015,38207000,15
terra18t3ylavfpjw7npxdjcrh3nu2auhjrr5jquzasf,mir-ust,634728420,317364000,317364420
terra137hp88fqkx0vanpzz0terxlffjy2nwl5dha7v5,loop-ust,150461817,150461000,817
terra1s3uf9f37mmatgjkue0gzvc8pe3uchhu5ptzupk,loop-ust,8425628,8425000,628
terra15uqlyc3f4yd4w2nr4598c5rukevd6y08v4rlfj,loop-ust,2298894207,2298894000,207
terra14fxg6uknucnq65nrczcyqjxvsqslfsp2d9w2cl,loop-ust,194680303,194680000,303
terra1qct8zzudefduc247xusjse2vjv030rana6neet,luna-ust,20630857,20630000,857
terra1x7atmtzrqtmdqnc5nsd3rwamv92r2k0j2wy9wu,loop-loopr,3075522869,3075522000,869
terra1m4axpkdw7cmykjfk00kpp047dpy650dc95dvvm,loopr-ust,34138940,34138000,940
terra1c3aw623rajh0cu9r4q8smwjn76sj4v446jawj9,luna-ust,8240484,8240000,484
terra1lz23xdkx7c67q7h6cxc7sgneyjyk34t3k7jfv6,loop-mir,11091608,11091000,608
terra18vyh6mq58zdrgpdg7hay8m4yetqmy5yuxnhz8m,loop-ust,4991078499,4991078000,499
terra1zesdh3ukyykcnpu4u9hjfthwk7rwjed4092j7j,loop-loopr,8758294924,2456520000,6301774924
terra1q6l790p3gc947ha90vsyc3sc5u3p5gg9qxydq8,loop-ust,165834061,165834000,61
terra1rev2hfar8zljvslj8jr85pmyk4m99pmvcggfch,loopr-ust,243616794,243616000,794
terra1fydkkvczkng3k40x38e69s3yv07sky566usn9m,loop-ust,10342544,10342000,544
terra1dyvqx4xxyc0kf02tt7eru04jd6v6dgjcpqw37n,loop-ust,249293173,249293000,173
terra10g7w03an9udvhqjcme07vql5rcneq3emv45lqw,loop-ust,2732420676,2732420000,676
terra1pqfgjclj9gywtaj39p2mr90q2hlm9xglt5wq8c,mir-ust,1787956,1787000,956
terra1gmsmxtkkjgsqe428xtm0tendxpjfmkd8lvfd6f,lota-ust,41196992,41196000,992
terra1nc9f26a08n8u5ghw0w65fffmsgl9ymfj8kp80d,loopr-ust,69197645,69197000,645
terra1af8whd76zggun2u3rxejhwtqmderh22xupfdjk,loopr-ust,56702943,56702000,943
terra1969jc3pcfl3yg7njnkgeduqsapghpcsfvexqfy,loop-lota,207687424,207687000,424
terra1ttrl027n2q27f7kmqsqqgkkg2wakjaamyd4mzd,loop-ust,565392588,565392000,588
terra14zkgnktk8deuqulmcljvpjn893kxcwvsenkuvy,loop-loopr,25215750211,25215750000,211
terra19zfh4xqw4v46k6ff6gn7m67aga8naescvah4t7,mir-ust,151812877,151812000,877
terra1flf6peq42ask6v3d5p5v9hnzpa9mpz8s2nhf6l,loop-ust,16812377,16812000,377
terra1v5t5rl94u36lju8q38x0uk5m2u725nlrpk87rg,loop-ust,98303811,98303000,811
terra1jjhsvmj0d3y9mu058awtma0j3u57nglhwea6yj,loop-ust,8577729,8577000,729
terra1mrjtj6sc3lsq4uucsyq96jjgqrs727kh5z00ef,mine-ust,8193571,8193000,571
terra16lufdwefaarckeupsvajy3kv5888ewkfdtrjaj,loopr-ust,33419728541,33419728000,541
terra1y897caw73cq529vdh50vlpqw8ygxfhpcd9ea42,spec-ust,111371500,111371000,500
terra1yprah498zg7dg79e5qvu3g763sm9lg8z23xjpm,loop-lota,23494087,23494000,87
terra1k8r39zs2gzx9mht7ukpmqq3x0l92766ytg6tyx,loop-ust,20042841,10541000,9501841
terra1hvw2mg4zwr6ejx4g3ygkg950ddxtuu5atlr978,mine-ust,902742346,902742000,346
terra1kd9u3r2rmfht769cchnqfu5ydmnccul7ugx2ur,loop-ust,23411983,14660000,8751983
terra15rwa3e7pwh56cw5ausuks7lmkwn32njg0l4x7w,loop-ust,7264087,7264000,87
terra19px8nrmmqn0dk5pnnumhp2gegeqy4ez39hq7m2,loop-ust,329689904,329689000,904
terra19j2qczgxgm65j9a22zrjc7zu5djn9ec3m0nu7k,loop-loopr,1035318522,1035318000,522
terra1mjenz9e4szysgwyagmye5qrkln0nnugq2j3wku,loop-ust,9830807,9830000,807
terra1gd7pmzgawgcg27d8cfcu43qvvxdrexgc94nl60,loop-ust,3039535,3039000,535
terra14y7xvtrc3q8wc22mrq449f46tpy5m4ujej9ylj,anc-ust,6489911,6489000,911
terra1vek7ls5w2m43lnq99p848497mtjz6ujw3l0r36,loop-loopr,2461154263,2461154000,263
terra1k9gkm5ppr0clskuwu4u5fa8nt3w9dtx6xxdxsy,anc-ust,479730164,479730000,164
terra1q999jnfylug03wq6gzy6kxmpyeqsprglpfklmw,loop-ust,48819149,47000000,1819149
terra10alspcwkpkwf5g9hyl8hq40uuxjjzuxj4dgltd,loop-ust,23760089,23760000,89
terra14cr064mf024aj4gpm6qcrgjtvrvkwml0zq74nv,loop-ust,26571322,26571000,322
terra1ng0z5yfd9eqksae89x5rxddxd7hlkm0muhptyl,aust-ust,79417206,79417000,206
terra1nkv0xdph5caqjqnpqgkhm3c239ddze2dhn764n,loop-ust,133925340,133925000,340
terra1qkk4n8pgkadysgxtedm87v825x8yxuq3tu7lky,aust-ust,1551680134,776115000,775565134
terra17ev8cd3rhyw96wj5xxru7a9043y848tjhf6p35,loop-ust,19148635,19148000,635
terra1a3pq4t3nzc3pr46tp5ux63sfxj4hpq8uktm6hc,loop-loopr,703446090,545783000,157663090
terra1wquy9hmqafyhfq7h9yhpwksc5fcke0hykm4lkx,loop-ust,84473861,84473000,861
terra17l6wwu6xwqkedsl5h4dsmg2rl065260p28tjnn,twd-ust,30912359,30912000,359
terra1uhpgu54ae9nydghknq3dc2ryupumds2q48kv89,loop-ust,659019197,659019000,197
terra1whhz3fnhea77998xwdngjxzwn93tfehk7rcj6f,loopr-ust,3379138332,3379138000,332
terra1gath0vyk37xgl0e97jqm2l54pj98h50je53wvt,loop-ust,13709106,13709000,106
terra10yhe0gxaq97ccqmgteggfqr9cl3dgckjjg6n5y,loop-luna,22660815,22660000,815
terra1a65lw7j03s043guqkk27gpdlua8n6lwpuwl69z,loop-ust,2749278,2749000,278
terra1jxwm22kaw8un2078g0v8dsrf74t952qqfflc8z,loop-ust,117569117,117569000,117
terra12f53ud40r09j5wpq68vdd7hcawecr7u32xynls,loop-ust,3708472873,557071000,3151401873
terra1y248g4caftzarjtcftrkrudtv0lsw99dlc8h5l,aust-ust,6694600391,6694600000,391
terra1xghelmvqr8j0n7ycm66nsjm33r0s2gvtf8xvy8,loop-ust,75480446,75480000,446
terra1yaeqmxhumh3uty949nnzv6h0cpxv3hyysam2yp,mine-ust,33923710066,33923710000,66
terra1g9lgux98jzqv0ueglmwy6clzard4cpq6efj8jw,loopr-ust,43200528,43200000,528
terra1xjmw0atlxk57slt4eym60d7t9gu8eww89kdvyf,loop-ust,195249445,195249000,445
terra1s7rc9xjrgxd7ugsq7ncmlmcwqdrx3h389lj75e,loop-ust,1431415356,1431415000,356
terra13z27h0v7qtz77rrnk5ve5wfyut0dx8c68d532w,loopr-ust,35824154,35824000,154
terra134yyh2ledl3vt827a6ccc7eqy8g9p0752783rz,mir-ust,11597249,11597000,249
terra1q4a26wldwvztnzevpvp7zfkn6d8rmtnl34a6xq,loop-kuji,276415088,276415000,88
terra1wtffru20g9x8hdn5f8wnvxqz4slsg9xfu24k02,spec-ust,253877550,253877000,550
terra1v4emycy3amce68yvje5zadnl3xgrgkenyrvcyq,bluna-luna,5990493,1000000,4990493
terra10p3v87cwdxnvz99xgq9enn29l43eqnhjxm9dlm,spec-ust,33198940,33198000,940
terra1tyfszw39tl7p8gva5f93kt5069vkxdkfz4lccs,loop-ust,371490887,371490000,887
terra1zu5duvs9yewyp4ajk2ucsux89hzfuh73j9ds4x,loop-ust,16458078,16458000,78
terra1efk4gerzguuecvv30yyj2lw6vdc7nhfpjtw0g6,luna-ust,1427446326,1427446000,326
terra13sq3zm8gt329cvtq48s89krl0z32wwq3gwz7cm,anc-ust,154072779,154072000,779
terra1xd59asqpuhrdhzy27jj7lz944y3lf6y6zk3gc5,loop-ust,152194518,152194000,518
terra1sslqhet4wnng79cwx4urccnsfka6074y75j3zz,mir-ust,6095069,6095000,69
terra1k662f8rurd43ah3fjc62xpf76fk74uhpence0v,loopr-ust,9140630319,9140630000,319
terra19n7s6apv2fu6swjklm434uadsl63almgkgfvgx,loop-lota,5590132344,5590132000,344
terra13j89qd9wknrnrfz8p22xrtw57tf8ndcj3dqll9,loop-ust,33931673,33931000,673
terra1lyx8ymj9sghx753e8h4aujld3yf7eywt4end0n,aust-ust,806241068,806241000,68
terra1jhjwv4w2evg5ffjpare2zckc6u7tch7rgwqxcd,loop-ust,3969101,3969000,101
terra1zp9c2yn9zn967qfsy5y0yvus393mnn59s5hmap,aust-ust,26860019387,26860019000,387
terra1cugzud7d07txea8zj067nulgrt6uy3acunhy6h,loop-loopr,13031441350,13031441000,350
terra1pe4shmnd9v87xrsqc24wl3995dhvr2sfa6adjg,loop-ust,88868537,88868000,537
terra1gfw99g5zxpjr06a6vwahnmc8xt7nq5wmuqjj7r,mine-ust,59285320330,59285320000,330
terra1t5fvzdkv3jve5s3ueh9usd30xmsd7jca6ewlls,loopr-ust,2319824480,2319824000,480
terra1ah5hkf3afprw7pyftpynq5lggcccr3tmkgpltc,loop-loopr,14180658827,14180658000,827
terra1xzzap9h809zzw8fm0qjqnme3yt4j64xv072x28,loop-mir,1290705731,1290705000,731
terra1my3r2y2whqrddzn88g6jwa70pdw8qglgfy2mxf,loop-ust,137205086,137205000,86
terra1rjm4nys9kywcz9v0fss5g42v4gf8af6t9hsh5g,loop-ust,1385962323,1385962000,323
terra1xn29dul03rdxqls9pduz3khth50acx6u0ra78v,loop-ust,66890497,66890000,497
terra1wdvnm9xe4v7xvattdwcfrhuf05khkq4yz26xh7,loop-ust,91375530,91370000,5530
terra1vkq0j3w8c3qnlq45uc27hdq7zes934tuvd9qvx,aust-ust,218597084,218597000,84
terra1srzrwcd2vx4h2t5ujd6xsdyz8frndc8m3t6eaj,mir-ust,11798233608,11797000000,1233608
terra1e79nktagss0dvvgdwpj2xyta6epua4hwkl6kkx,loop-ust,4775338,4775000,338
terra1en78vyplxa75tvhwk9axyq7essen4t09rcg6sf,loop-loopr,43134905103,43134905000,103
terra15mxfnkcdapud8tu6ulz88n72luyv827mgpcc6e,loop-ust,110677717,110677000,717
terra1rvkhgqn89e2uwm7308pnrkr698x0z5malya505,loop-mine,3087829730,3087829000,730
terra1efkfdtf9tpsxjx39648ry8awjwvhg4smeucnca,mir-ust,237692796,237692000,796
terra1ma8jqefkrkuym96hg60qhsmty9c8ffn8fkjlpy,loop-ust,436107964,436107000,964
terra1dal6zuqn8k58tv3ztks7tmxpghwrs59gwt3ack,loopr-ust,565241816,565241000,816
terra1qsslcjjmh6z4t7y223tsd5vnz2dtj8xh8zrxx5,loop-ust,95361677,88000000,7361677
terra1zmg8akqmt3zdtwvym0etptw3fu46q2dn5ly2t8,loop-ust,20072012,20072000,12
terra1jstccmy3n4qp4j07uczwjwuarrvxyp54s8y69a,loop-ust,57250943,57250000,943
terra1rv76we0l75erpw0t6a47xus65kcj2r7jyq6mcn,stt-ust,426652383,426652000,383
terra14a565ma6e5c5p5as4hldan86wyrzdcx2ghzhvs,loop-ust,25995302,25995000,302
terra14lxa9f97ea4cvjm3655j3jzrhxp5j7eqnxw6jf,loop-ust,298994765,298994000,765
terra15scc0l9843uutw09rujgjepdd6gmkwa0humje5,loop-ust,4772378,4772000,378
terra1dl0wnpmnwn9ssgm7dmzxzeg956r7u26l7ggxze,loop-ust,9229350,9229000,350
terra1j8ku45c57jvxstjctruqp0gp5lah7dcxzd8vcs,loop-mine,131588741,131588000,741
terra1yq83lur0zhh2mrk9dd3d7mrm37e7g8skacyfws,luna-aust,2182512,2182000,512
terra10cwhys6wrzkzt05usc3yuutg3v3xnchfez88sr,luna-ust,164707395,81607000,83100395
terra1079ugqxknr5ykgk3cddmzenptsxhfelfmng49g,loop-ust,19689107,19689000,107
terra1rt9303jmg2wyrv0rty0v8d7ec7qq2k4vv86kmv,loop-luna,378548215,378548000,215
terra10c96qgyvx0lfjz279my37m98j53nfnhucw49m9,dph-ust,659912043,659912000,43
terra1ny28q6r0s7eusp2p4p0y862fr25f3jtkhl2hch,aust-ust,494534207,494534000,207
terra1tdsu7z2q4pv3kqrss4ls8uz0ydpxdyd3xvrc0f,loop-ust,5549133,5549000,133
terra1u7fd9tckqpdnxx3rpumw842pz3r2p3tdrgk337,loop-ust,12641300,12641000,300
terra18tn8jyppvn2rzgqz4y94apxk3wpfd2f7llgmck,loop-ust,2840606,2840000,606
terra1vw69djlj8ykzlrcddr68gq0ct7qluk5kk6zenk,loop-ust,59442504,59442000,504
terra1qc60xckxhv3clnc2td7pzxxy0vhzsxlzuh7egk,loop-ust,57985030,27596000,30389030
terra1dcr4nxptpvn6eg245sz08sn9ahmpte60pelu8h,loop-ust,6629991,4851000,1778991
terra16jrqwt40f7ku3nxg8xqjqlww702xtvtm5g6pnq,loop-mine,305343089,305343000,89
terra1g5lewfx2u2hguhhhqsc0hvnxk06pygr3lkrrnm,luna-aust,999566673,999566000,673
terra1hr3uu60hst5qqd0ktycs3rqlt6e4v6vvg0rxqe,aust-ust,3585145583,3585145000,583
terra1x2g65hlwvejlm5k6d60t2jmanrnad8cvstdhg6,loop-halo,12806908103,12806908000,103
terra1yslkf52jg7nq0jvd7vcca66f6d9zl72zwkemk9,loop-ust,179940371,179940000,371
terra1c6etmr0c0xfddgkxfqgekxdfhhz4n9zawyplj2,spec-ust,64089088,64089000,88
terra1ggu7kunqecncuwmv82xtq0t4e7t44we5getgqf,loop-ust,8114223,8114000,223
terra1lr4gu2xx6n2l3ezjnx585edcm0asxs583ea4ar,luna-ust,101065854,101065000,854
terra1lnf7qytuqky84hz6tncde2jm7yqru60g77rln4,loop-loopr,120697038712,120697038000,712
terra1tcwjzm05rauqvu9z0wz9s5sqnf0pyle7uuckkc,loop-ust,23779111,23779000,111
terra13um8w62a6z3n6yhhs2svqc3h4h7gfrvl64k5z7,spec-ust,37049877,37049000,877
terra1yed7wvpprkc2j79fnnsahaasnhpv6ypm3vwn4l,mine-ust,1533727549,1533727000,549
terra1xaq7u777jqytxqvwt3stsfh0nzmxa297kexelv,mir-ust,62126077,62126000,77
terra177fcfrmrxd7kthtqqjap2xl97chdktrknepc3k,loop-ust,101948386,101948000,386
terra1ppksc8mwdjzdg6mkde8kr2mr3qud64vs0ec5ma,loop-ust,312722900,312722000,900
terra1q6cfqx7tgxnuh555l3qyqa3ayv3we85jxv62j5,loop-loopr,99639911,99639000,911
terra1wg08zgt45wgjh0mpkc66ywufc6ef68u4d08qfn,loop-ust,1383264738,1383264000,738
terra1km7zue95rljgn6qpm6ulsznl4quql6md2qncwl,loop-ust,5674620,5674000,620
terra1cwa2mm9tmmm3uxkqqa50lfmzmeap9a24j30nml,mir-ust,6899248462,875392000,6023856462
terra13cvt2ulzdn03tg6dz9jlp3vnwlh2z3qa3c3skx,anc-ust,350500798,350500000,798
terra122jkawalqj72ay5hlc6tzh4h2hzjck54p7u9km,loop-ust,34705923,34705000,923
terra1zumv6y09mzmlyz0lqdyjr0jw6cfeztvu0lj2je,loop-ust,5047363,5047000,363
terra1qyauk4az5deawqf2ys79vrvca66e0ddulmqegj,loopr-ust,1484354201,1484000000,354201
terra1vhcfgv7hhrl53eamr02v69mge0vpzv6v4q2dqx,loop-ust,99229826,99229000,826
terra1pzzy8ccj3ff6mwuxatadvrrscugurfynvmzpgk,loop-ust,26828911,26828000,911
terra1kewh7zl66zps8pxhftk8pqja5kawt3nj7mpf0y,loop-ust,9236509,9236000,509
terra1zc4luaxkxwfqpmkcueex09nwlqge8m0d0wznq2,loop-ust,146553050,146553000,50
terra1vegaljz0dh9ud3qlrld544f4rlhe5snpaqdqtk,dph-ust,3266297711,3266297000,711
terra1dsea8f7pv3g6kulc04lg4lz9q56ahdqtll8pax,spec-ust,1335857065,1335857000,65
terra19hykxrd0ysf0qhgc4t86z0taq9jvnse2crsxfy,loop-ust,4513494,4513000,494
terra18ma7xr0zhqxejtdrxffktan0ct3gujyzat4nnu,loopr-ust,199286479,199286000,479
terra18tznek6zzxswss0gguuuq44ngrm2ewqplj5mht,mine-ust,889202590,889202000,590
terra1867n23kgsn8amq0fl565lxhnnnm6sq9jz770jc,loop-ust,9915426,9915000,426
terra1hpe5hgu45ad0nvrcl6qakuu75lgyjhqepe25vy,loop-ust,878961099,878961000,99
terra1nn20cvvwuwqgwj2kwgz0xjr0403rz8ehhywp4y,twd-ust,730475279,730475000,279
terra10yej99x9yp5rv4wa4v3l628fy40rmqte53qw46,loop-ust,25570853,25570000,853
terra1s2vfv9xpng4xetpaptn2ftuu6aw0vzcpa3exyc,stt-ust,183952469,183952000,469
terra1kgzlexah69gdxes98t5lwdzp3hpy76cdmxk7rx,loop-ust,1823522048,1189078000,634444048
terra1c6g6646ellqxlwnhqw6mk00748lva3qpnqvued,loop-ust,75595140,75595000,140
terra1uv9d4zpr2z4ysj6dstmmhhext46ddtqu42wl7y,dph-ust,438783680,305082000,133701680
terra1c2j44hhj3a5mt84x7mhp0tq27qj5jdpp0ujql6,loop-ust,44558834,44558000,834
terra12ksldgkw455veemcvn0mm4g4ejuz65u4uyldtv,loop-loopr,9935240174,9935240000,174
terra1jrrcqa60zldnm8k5vm5uq5sp5dratmfrdff8y5,loop-loopr,627044537,627044000,537
terra1r9ps3cpklzc9xfteqaspct457nzljywpq74ycd,loop-ust,219676017,219676000,17
terra180yaxe9fq54x84smc5weku2qpcynvmuyq8af7k,bluna-luna,757654529,55012000,702642529
terra1taqcj5ksuyqmnkgw2pnarz2wqfhju03x3lc7ae,anc-aust,133897776,133897000,776
terra187s98v05cv0rlj24tmk0ex49rfg8tdfd36cpsn,loop-loopr,21787091192,21787091000,192
terra13ngj352k76dwq8mp7p5fe8795tyd2lsn0gyhsl,loop-luna,27898649,27898000,649
terra1f8g5agg3pse3gnz3uvh2lmfnke0v302ulk9rqz,loop-ust,9938600,9938000,600
terra1n9y0e6q8l27ur2vfhfv9dhlulcp6ayutgzgt2g,loop-ust,1427628,1427000,628
terra1jcancvtm5rraw4n3wmhscjqmh29l82k9s74hwq,wewbtc-ust,517406,516000,1406
terra1nn4sv889whzfwy2uscg299z6kuwewz20ndyljt,bluna-luna,15983863,15983000,863
terra1duke9mwxlscreu70jqzsjhugxzrlc4y9svey6g,spec-ust,367571558,367571000,558
terra1kf0nf5a3c5274e0au37xmujl0qyxvn8nrrljs3,loop-ust,58395982,58395000,982
terra1rfpa99jk73nzcx8pead08ps55vu9lf5uusn62h,loopr-ust,831097090,831097000,90
terra1aws5z4tfpkk0yyej0ugupwezxelr2y9tlz0gze,loop-ust,15185689,15185000,689
terra17yuz8x2fwtzdv75n75xwwlgeclnsnhvyfhc5xe,loop-ust,884727928,685492000,199235928
terra1hscz8kcn73q378lxxy4mrwzje5dz3gcf8qkzdg,loop-ust,31953404,31953000,404
terra1aj6c35mh7sj6s7zkk347rrd6we4q7nmqvn2kex,loop-luna,136553126,136553000,126
terra1s2wcddd8jsa4nvse8hq3dffjd072znl9vzm20e,anc-ust,552630678,552630000,678
terra1fshg059whct2pycs9sk9kwte93hg4g2z222gmu,loop-ust,34932285,200,34932085
terra1u52xf6php600a3fakgeeh879m590tvwqw5f6ml,loop-loopr,42375707,42375000,707
terra1y6lj3r2njaqzxlfd0mjqp4gm3hncmdrqzjcp0k,loop-ust,7296321,7296000,321
terra1jecumv54vxkdt90aw2k29tpyall3rz3qat3czx,anc-ust,4414164,4414000,164
terra1963zpjm0e0a07q7eg3k8ujgycwzeyt0nwsz0u8,loop-ust,425913649,425913000,649
terra1tagm6cm9y07y2xnrqx4dd62va20vcqpkvpx384,loop-ust,16365349,16365000,349
terra1zlpfs6meyl9rvhsc6eyjwpulqpvn90y0uyud58,loop-ust,138963810,138000000,963810
terra177gzxdjyq33w2we8rzjcx5w7j84xwgp5kxkxls,loopr-ust,61883269,61883000,269
terra1xh039snuserf9flzvzmh030uqeule8v3hkejy0,loop-ust,139526662,139526000,662
terra1rvt2cutu3m0xhnq7h2spcm5qt0zyqr8c5ggkpk,loopr-ust,6749799573,6749799000,573
terra1czk6ltagzalplnemy7ptlccr800vjwrqjzva94,loop-ust,352749612,352749000,612
terra1h25nldxvfhvzx9qgvgna5zmqyp33p7kr9k0au9,aust-ust,4487023,4487000,23
terra1h8ptn36cnm90kff583qtn844x60s8hc5nzf2gn,luna-ust,37921702,37921000,702
terra1u6d5p3l8gmtdyrwgrcqmds24avpwlpfrfqwcem,loop-ust,52849789,52849000,789
terra1q4aa4g2ywsdnadu5y6ln42yt5qkcs4hrtutklp,loop-ust,25335335,25335000,335
terra1ur5m35n8qerux77mtd2mw73zqqsxth64vvrrc3,loop-ust,44286286,44286000,286
terra17c0rnpkf5vgxmed0ycmlrg4f42zm2tdsz36ccs,stt-ust,213904,213000,904
terra18dt73psr5fen2j047t8gezvlydqafdy0pf9f9d,luna-ust,1274532303,1274532000,303
terra1tm5wlztawxgkzmr7nrhfx5yff5n395xnr9jr7f,loop-lota,495345734,79641000,415704734
terra1ykpcjzhnxqzttkrrnfanmxz092quea4my2sqq7,luna-ust,284844293,284844000,293
terra1ql02v3agt4znh4km2y0vzd4vklyhd8a8j37qys,loop-ust,36750939,36750000,939
terra1vwkes0l5ed4095ws9qkyz7hl7phfq2p60jh64m,loop-luna,366953679,366953000,679
terra1sqf5jtvx54tx4fr2lstqta4qlx6va2vvpezyte,loop-ust,767051358,767051000,358
terra13l0cmym3da406uvr3un8t9tfz0gs9wsl33dt77,loop-ust,33504649,33504000,649
terra103vut6832lm7frwyuf8g0he20mv5v5r39t2glc,luna-aust,739789959,739789000,959
terra15jgnxpr5rrf6tx0ffsz07m30pzv6nnf0ghfjl3,loop-lota,213655179,213655000,179
terra1x3jea99wc2gn573khp6mhwwj5759qgv3xxjca2,luna-ust,1466444,1466000,444
terra1t40tad333u0jy2lxq9ssmuf4qvyq9ym02t3wxy,loop-ust,7890104,7890000,104
terra1cuxlxavx04627nrawz4rlfytd9yk5t63acmaa2,loop-ust,278246262,278246000,262
terra1kvmd8e22tpersyhjxd5nnf2tvnf5jhge60vwd0,loop-loopr,51407027,51407000,27
terra18q2ef4gucume3zdw6kjulmj5yuxxrj8ykcdfae,loop-ust,18750734,18750000,734
terra18ewka82jfsqf9lft382pth2apltxlcuhhxjny8,loop-ust,6162315,6162000,315
terra1qrsf98ce0fwq6h3upxk59sl0l206w9kltdnfq9,loop-loopr,123666412790,123666412000,790
terra18lw94xpdryypezcvu8xkq2ljkhzlwlkxqahcsu,bluna-luna,202233332,202233000,332
terra1xdn5um6j0slek2h8hw83tnzz22uhhevq9v7alj,loop-ust,35195013,35195000,13
terra1gg4jhxquxllqt9sc7gpz2yh93clrqr7fp58uak,loop-loopr,13734964082,13734964000,82
terra1cp63h9axvxzex4m08sr4ak35n76acllkngglg0,mine-ust,9086170234,9086170000,234
terra12aawp2gmtmer9nkhyrugsdnujhm8yhgnu2pm5e,loop-ust,909989801,909989000,801
terra1wxc4ufxg48h56kqhaaegzljjmup53rjxj70y5t,loop-ust,32929786,32929000,786
terra1476vpmeav70xtguphq6r6n57dwh3czqvgsxrrt,loop-ust,39871616,39871000,616
terra15x2vjhg08qfq5lgsh042mrhe7y3tjxd27yhpmn,anc-ust,309449331,309449000,331
terra1w245udy030eumrcs9v4wqulz2aqpaarcx8s6x8,loop-ust,897164786,897164000,786
terra1uy05q23jh7lgf9lg3df82r5clvw96lm72k470l,loop-ust,7146830,7146000,830
terra1ulared23yej72xrfegu0md9cqkal2q4cz3rgc0,loop-ust,35549517,35549000,517
terra130kt60mlg3l24ph5lew2dxc2c0qy2juaaq8p69,loop-ust,1738489470,1738489000,470
terra1jel4hd5fql36v785hywqpj88ztenppfqjv4ng4,anc-ust,384586460,384586000,460
terra1gp8jwdspps0vr80ma2vsgm0alycz390v8jt57u,loop-ust,25016509,25016000,509
terra1mg0qcwl6ye25dthll5n7hepqdl26elc4yrun0z,loop-ust,183642612,183642000,612
terra1e5pkymea4jlcmnzvrycc97jfhdzcvpd3rl6k4t,loopr-ust,23655265397,23655265000,397
terra1gw829nhgvh32rf5entf4a6yza3cwt4ptnvymx3,loop-ust,1391255,1391000,255
terra1reywet5gnerddwfjcrr234l87ufpt4y67vx7r3,loop-loopr,4520451711,2185910000,2334541711
terra1cu9ee6x69uzuvefvytl484qr5rqzp7zfd9x9rq,loop-ust,5550444,5550000,444
terra1h3jt9zgff89g3lwflprmnz0kqz3xv0w4v2jexy,loop-ust,894654593,894654000,593
terra175uue3ztzdemameswa7dpu60asrauzc8u08kmn,loop-ust,883146868,883146000,868
terra1lv73kdqqk6awgx8qwt8hgwxw8v8kpx0p9nsl2q,loop-luna,1988568,1988000,568
terra1f7kkujqpjauhkv3yrna7zrvz8tk6d3dydw70tv,loop-ust,132321814981,100373287000,31948527981
terra1qaju5jwaq0kmcrgv44q4zfu39c2v2e3cz2jxl2,loop-loopr,3314177463,3314177000,463
terra1hj8sf0z7upl2u5g0dj2gqnfkj858eay7hfwdn0,loop-loopr,344303336,344303000,336
terra1alq6jp8pevd3q2j5tyxm69p0ta7qf0rgfyg2kg,anc-ust,63305748,63305000,748
terra1724z7dn2frgn0k0nwr88dzuljcyy8hq2q5htsu,loop-ust,16194850,16194000,850
terra19xglhafjaatq6xus972l78c2szhjy22z2zxcje,loop-ust,406350660,406350000,660
terra1rvzk9j4m3klvksshlvmwgufhx5qw4zv0xs52a4,spec-ust,88334113,88334000,113
terra1qdzyh7sx6jg5xwgj34dwevgsgy2aqdxhv92f9s,mine-ust,2127091730,2127091000,730
terra1dw5q5ve3w9yfktjr5rv20g3z7jau405zt4nygu,loop-ust,18744874,18744000,874
terra1f4jpj82g6d9xvm5a4hjrwvqnejptwhgfwjpx6v,loop-ust,3007639337,3007639000,337
terra1zwnspsklju7qdey6tyj96exrg2e2tsjd803tz7,loop-ust,36439890,36439000,890
terra179gpef0224tffq0nhuekw98zp5xsjf7q6zneeh,loop-ust,8537869,8537000,869
terra1chth6wwzd5jcrwy0392ued5je63kfectll53vs,loop-ust,10031446,10031000,446
terra13mh2frm44z6ctmccka634vtsxx4dc966k596ut,loop-loopr,123268940,123268000,940
terra1l5m68ysuuyafqgtexpwg9dae9ldgnjee3usctk,anc-ust,1115440612,1115440000,612
terra1ecmjjquyl6yuphmtz34tl97g7am95g8mzwkh0x,loop-ust,10785565,10785000,565
terra1se6h9nz5czhh86mg4agvwr7788llaxlfteyxs8,loop-ust,19362130,19362000,130
terra1zxz08j4qy2pl4f7mfk4tle7lvnk00jckr6k20w,loop-ust,7317400852,7317400000,852
terra1k98uunhlf5d350km8eflzvhncc32pmfwd6j8sr,bluna-luna,7953332,3976000,3977332
terra16fjd7tlaxkstfs53sx9hsurxhlv84ssmmcx3uy,loopr-ust,149235112,149235000,112
terra1h9w259s2x0x00fjvkd88aadlf30nskzphjehve,loop-ust,204870748,204870000,748
terra1vca79fjt0n2mqegl9jctg32kcwhyp8zjq9lp6d,loop-ust,17716840,17716000,840
terra12fx2exq9sw0qazzlt4n9gpvmg6u7smmhcjgu9q,loop-luna,1758760532,1758760000,532
terra1357sncwgrz2eway700u7uls4vzgurrrlxcw4y3,loop-ust,25334402,25334000,402
terra12vl25cm5gygsts3h5q8lpzs07ev645sz3pj003,loop-halo,17866578,17866000,578
terra1huxw99qrdvy0czaaqtv2w0928765f3rnkwu9sq,loop-ust,9667713,9667000,713
terra143jx32gpjeqclh334cz0ltqwc3znaedmjgy035,loop-ust,41669002,20742000,20927002
terra1un9fectjnfl95l5lu0x2mvs88vkk7en34h3e0v,loopr-ust,307071331,307071000,331
terra1dg66744llzxj66kns76usk6wtg2y27wy20nu9f,loop-mir,708616670,708616000,670
terra1h4s2cqemma63rmheazdy2yq44q03m9pphpfj3m,loop-lota,35656956,35656000,956
terra15duf9j2p25nyaptp3mhl0efvl6q0a7t84c56xg,loop-ust,20026821,20026000,821
terra1lzrtrhxevh8wj49s70tvw4hjtcnnx8tdtwzfxr,loop-ust,91466042,91466000,42
terra1z83th5e2flnchacahufp23rl8lqugvtmgkpx47,loop-ust,6662596,6662000,596
terra1yu8xy8uaas7pcsvrupjx2ugpzq5tk9vrd867wm,loop-ust,75019966,75019000,966
terra1hu2h7d9rlzk2u9qhgspgp800zhh3t9vv6w4mdl,aust-ust,134340067,134340000,67
terra1026hc5zj3jrsxhzc206gek6cthpgcre6z0enn5,loop-ust,151754693,151754000,693
terra1dkjp86eurcvgpets9qggrdxq3yg8lhlnwrw3s5,loop-ust,130226081,130226000,81
terra1k0kfxn3u3x3kr8l3c03a7hln4cs5cptgj5xujw,loop-ust,16021051,16021000,51
terra1pq6ensdtqen8n4cagys4txvglpj7huqkkjdev8,loop-loopr,213047564,213047000,564
terra12vqy5ldjnee693yvy53qjjyvhsu94w0u7smp70,loop-ust,7190552,7190000,552
terra1ujq9helygypu9ucxzx66ltp6m2w8u8u8qu00s8,loop-ust,2795204,2795000,204
terra15hw89vfyxx5t4686m9cggmaz7qp0ktw5q7zhur,mir-ust,722242399,722242000,399
terra1qul5ytsge8gfxu5kk8tfddrqt08u32phpc7uwu,loop-ust,10318149,10318000,149
terra19yj6aatshhwakrekrqjc2e62429wwn34fy407d,loopr-ust,1217160349,670538000,546622349
terra1mvvz99nvz2mfgnyh7wrd44rhf5cm2leq5adx2x,bluna-luna,20158639,20158000,639
terra1286hvndvngy70hn24q9xta4nh4zxp6rphpc4a7,loop-anc,16786702,16786000,702
terra1huwn7h6nat93ltdx04vyjhlhh0xd6cxaalyfza,loop-ust,26947356,26947000,356
terra1hqdj9kmvw6tjx7daw8s9sq4gtj0smaatt0ru4t,loopr-ust,15648694,15648000,694
terra12kgrndemhfhlp9d7ars5e2wdazwmku3s3jls3m,anc-ust,34551620,34551000,620
terra16a8f5fxkekk8decfphdmazmew4zhskrrl0nzjj,loop-ust,81388465,81388000,465
terra19xv2x8swmk28rtfhyxa585t2zucsslgmq5vfdv,loop-ust,445856150,445856000,150
terra14gen047t0qtpmert82mn5k22dyps4ehqps9u8j,mine-ust,22016263,22016000,263
terra1cp63h9axvxzex4m08sr4ak35n76acllkngglg0,loop-ust,246093474,246093000,474
terra18llcuden36v47889clmrvn3rlrkh7dcedxapud,loop-loopr,3133404250,3133404000,250
terra1dvqk5q6x8pd4hxx7hyvyhl6w8rya2am5sav7j8,loop-ust,4188175,4188000,175
terra1j5yu2shvtdkeyq26j7l6cknnkqdhcfdsc6y5qd,loopr-ust,501836090,501836000,90
terra1zkpmmhz0hqfm3nru72du0udkg4yy54q8c737g6,luna-ust,558648086,558648000,86
terra1trp2ery3xxn7qsj66zgscpf9n2w8edttu8kd3t,anc-aust,1419454346,1419454000,346
terra1np7gtmk4sezlpk5evr8r9ureaq6aw0ekle635u,loop-anc,188054050,188054000,50
terra1dg5w5ap5zdzzv0sjp5xyzd0ece8gnrq5erqweu,loopr-ust,153696292,153696000,292
terra1gdlu44lavyjsgfms9c305xltlxr8z7f440exhq,loop-ust,19603657,16000000,3603657
terra14y7yw9sutflfw75ukhs5st9xfq9el6vfpp3k9t,mir-ust,504729523,504729000,523
terra1c6kh0ar4h6x4g4232g4wekhkgwmd4m0ak5gn98,loop-ust,686610537,686610000,537
terra1cef5fqm990c9nhqjd4wplgwzqmzfhqyyaplaf9,loop-ust,96846058,96846000,58
terra1r5r95xe7804ae7pgws8t8tfcz9rvp2luct93g8,loop-ust,4861076,3063000,1798076
terra1dasszcavrdh4nqdf94day7jj9k7fcs0l9d76t5,mir-ust,126657047,63709000,62948047
terra1psv8uxh9u8kt70f2qnvx8yvh5ddh5uk09u9z3f,loop-ust,118018059,118018000,59
terra1xgyggs2ufdcljktfr5kyf4gfwv4uvkwvuktp0k,loop-ust,335347590,335347000,590
terra1sqf5jtvx54tx4fr2lstqta4qlx6va2vvpezyte,loop-mir,134502115,134502000,115
terra1ppw4ganu2vdqm6s0l3qc2t0rtacpgplwq6827g,loop-ust,23503261,23503000,261
terra18pnwpge7mjqpzrr4u8wslt0cy6futqgly7j89f,stt-ust,41107025,41107000,25
terra1vd8fvhlrnrvnddtnafqry777q8t8w932jk3g7w,loop-luna,5567001,5567000,1
terra154k0ng9ruewl5zrhy2dtnl55l2pncjutm7eud2,mine-ust,1173321646,577330000,595991646
terra10eyxd6p98dtlryzuplmj44d59mc05usuy8ya9v,loop-ust,81351250,81351000,250
terra1qk47tyfs88v847pagth5ngw6zv7ehrd42sgn4v,loop-ust,6515999007,6515999000,7
terra1hmv67js0nde3y3gsn4yj7taeehwaef7spfguy0,loopr-ust,63631831,63631000,831
terra1s6jwh9gjw5ju4t4cqcantd9w0qun6vjvfer20y,loop-ust,19650093,19650000,93
terra15n0znvnn4h26ylqvmcu5ee8c0dfvtkf474p6jd,loop-loopr,14418735,8767000,5651735
terra17z5dngaaqmdj6qmmsdqjdkg664d72rptu7ypkz,mine-ust,2380266209,2380266000,209
terra1kpernfkpv097ras3l045dy53nrk29z5xqnxx82,loopr-ust,133915329,133915000,329
terra1mqzvdk42f69x52gwzttdsdgq33stj8z8gakwwv,loop-ust,10455088,10455000,88
terra1gm00gwgl05ws6ztat3xgr7z78u0dq88tsfjsyu,loop-ust,66488963,66488000,963
terra1aaavrrdq9wju7mgr8ld5rmsfr2j3qmgu8wkejv,bluna-luna,1496497,1496000,497
terra1xhl6qz3rdswhyumqn4prdz4h3eexrpz3zlp5pc,loop-ust,23105329,23000000,105329
terra1934lk2mphu229ze7sdww3aq50l883myw25mj8t,loop-mine,1188337488,745412000,442925488
terra1qdu9s02j8f22d8e2p7q3c4u5jknvutquw2z56j,loop-loopr,628427555670,116500467000,511927088670
terra1hv6sjgslyuex6e5tf36c9q79mlqrgwvptt0g5x,loop-ust,27724956,27724000,956
terra1fskyh2nla69xp0fws2dtd8d6zqrt5w5vg96jjy,loop-ust,24538752,24538000,752
terra1j8n9hzamwckxuvlrv9ydarenq4nllg4d8hvkvk,twd-ust,5820621822,5820621000,822
terra17yuhst4h5dq43s8fwmqma7852nfh4f2sd4q9rc,dph-ust,2672639241,2672639000,241
terra1k902t6r700nwg2j9vmqy72magvx220scw9clhf,lota-ust,31461696,31461000,696
terra1sw3h7k8kp7fhskwutv3yxfz3h7ym4esrplxe5e,loop-ust,21162301,21162000,301
terra1gvl5qz6czy49jpla2wdrdh8a3jztwzdvnkh5fh,loopr-ust,1248850903,1248850000,903
terra1uxrz5ql82ft8fzwcjv73upttd8a3r8xqkt6v4n,anc-ust,403369456,403369000,456
terra1k2pa7wla3ffwa74fu2ca7d3s0y9whtgftlc4yt,loop-ust,1026720,1026000,720
terra1ddpew78gh94eqf4up76pzltec3k6mc678al65t,loopr-ust,13751267,13751000,267
terra1wd0f9vzxmrnrlwff0dc058ykh52wup8sfyr0nk,loop-ust,2615536,2615000,536
terra1zsc289c6smfqfre8gkmgsrpndesz7zrtk2hrh4,loop-lota,128444418,128444000,418
terra1dxm28elakv279yvz8nnmm95ha6fn060y43ytg3,loop-ust,1795703,1795000,703
terra1x2hk3jlhraus8k7x3rk9y7gdvce0qhw88d6lkq,loop-ust,18546163,18546000,163
terra1tyct4jl24wc7rju5gl8gzrykhx38pulx70s47r,loop-ust,162340388,162340000,388
terra197dcxqxzy79aejnz00df7u5jn9ecs0uwqh0vux,luna-ust,1232114949,1232114000,949
terra18y6nhkejuu5at3d2dszfs64gkx7sxkff9mx78r,loop-lota,140760590,140760000,590
terra1qr29aku5sp7jk70jq7c0lnmvw56gmgcmke4nxk,twd-ust,6332574455,6332574000,455
terra1lxhxjpmd9kx9h9eecmthygtdm9q44pucgdwvqa,loop-ust,812626374,812626000,374
terra1gdtsmjs3cjpr044e0d83mkcl8g4vdqje25ucrd,mir-ust,1514182653,1514182000,653
terra18nsjajcch7f308kxma9f200c5s4zh32gug77nt,loop-ust,131442738,131442000,738
terra1ll70kjxm5at2ld665f4lugk8xchpld9gv8fdxn,loop-ust,51117656,51117000,656
terra13saq5qm4m6fsfprwx6ey7mapschh9aft5my8cl,loop-ust,249879578,249879000,578
terra1vjx80y0094v98jzd0ncgtwzm5jm7yjaf7wgqh4,bluna-luna,5127609,5127000,609
terra138mgc3p3zdyczl3lqanwp8w3s6wwgcl38un4vr,loop-ust,157304484,157304000,484
terra168f75xc8swceeyrs6ggau4nghqhdmeqckednzx,aust-ust,11659034433,11659034000,433
terra1crt2xlpe90g6mxzlu52k54jw4f5acu3yc587pr,mine-ust,39098446,39098000,446
terra1c8tjhqktcmzymhpmcahr385sqhyd9vf8mhp2hm,loop-loopr,1490069856,1490069000,856
terra1ngjmkrwq6rcsrzzw2ywwk9n8n3k9d6te9ee9lm,loop-loopr,228182520,228182000,520
terra1trul2xrvkfe92d0t6x9edh58shky79zs8ud00z,loop-loopr,181381060,181381000,60
terra150v4wusx8pl4k6k43vymrq2fcxfug8sttqzqqr,loopr-ust,55571242,55571000,242
terra1gasxjhkvkz6wanydh2f7yqf0j3qv2pm88cykr2,loop-ust,1059659,1059000,659
terra1u8c342fe2g8jksp2d3t2gwqdqag9yp9lgfagaa,loopr-ust,900329183,476465000,423864183
terra12ffckqutl7ta0skt6ggx63h5fdmdcc34ee6wyd,loop-ust,199536047,199536000,47
terra1ykdzt6cadx5f8jw2fuedxtfe7ztkn0mmk2l4sp,aust-ust,4602581563,4602581000,563
terra15gzq5gaw79v527mcwc5fy5e6n4r4p6dhunlvy8,luna-aust,308170685,308170000,685
terra18982r05gp9h6rgkww9q56aptwne84ehyl8cl66,mine-ust,87455327,87455000,327
terra10mp7j0w29sqkm52fuvruh528dj6xfxca3gmzr9,loop-ust,456995,456000,995
terra1493wfpmh5cfqtmu8dhdsep2h0npnfmkuzd45hn,loop-ust,18897283,18897000,283
terra1z3ntmgf9ltdsq96ek6sr4sru58pr4hfly7avsa,loop-ust,10396994,10396000,994
terra1ynkngrgv9kful6e6w4cll6kdkgj8eutuk3qhek,loopr-ust,7737920696,7737920000,696
terra1gh23ng2r7y8kfz3game5cst4pm80qmpdq93s4v,loop-ust,322829506,322829000,506
terra13634uj3jc8cjgjgw8urw7k04gqmclre5sx3azn,loop-ust,68341866,68341000,866
terra1c4a0dk67l5ljkmt8y0scam9ytxhahcnga4dqh9,loop-ust,119723361,119723000,361
terra19p8n0t37sl4qk60nqc268z0zzwa0k8wg3f2zzz,loop-ust,97842448,97842000,448
terra1frxagv3nv52g2fc0yxwc8ndxn6w9qymyx6fptf,loop-loopr,41818061932,41818061000,932
terra14lqwx0jahmsfjhg7urs9z4et2fhp8rk2c62sek,bluna-luna,2040975,2040900,75
terra1xglutdmqtyp59wny0kwgdp8yxemvj42s7ptfkl,loop-ust,1094527,1094000,527
terra1l9886s72uzqp5ea0drs4njzg28h8s0d5q9ek5v,aust-ust,918243690,918243000,690
terra1p6nm82xnaddlceu5zk8a7hz0laahfq0szll0hz,loop-ust,584711040,334711000,250000040
terra1qyynpqwgxng58ppm0rg8t8gp74uhggnkf2x5je,loop-ust,15793524,15793000,524
terra1j0wv4gv9atshts2ejur7kx5qzzm8uacnwwn93q,loop-ust,19226856,19226000,856
terra18hymawh5p04ml8ad9nzhu66qjj6s38p0deltv9,loop-ust,1954135265,389850000,1564285265
terra1jfpnxpjhs5s28he7u3r32dcyhl47353wghpkqr,luna-ust,77686621,77686000,621
terra1vpy6v9ha87d4zt0h3ucycfe37c3jeeu2pkdzrk,lota-ust,46610694,46610000,694
terra1ssql2m63qw9tlxzw25att9xhj0ehm7gaw90ckt,loop-ust,129145115,129145000,115
terra16x0wvdp4rda0cmhceejw6hzcg5qsng0jz0usrf,loop-ust,3510655327,3424860000,85795327
terra1uvrquw050egvwztt8vnxwd5dw5rqpcfd2e7gy6,loop-ust,12781188,12781000,188
terra1cljwkmj8ssaj0qudszeqcfkhat26mv4amtmgvd,loop-ust,14653453,14653000,453
terra1x9jh7pl623jaj8dlt4q53mpmv5mv5nlpzdpxfs,loop-ust,81080975,81080000,975
terra1x36dtyx58q84aulkhswe4q60s53wj35vurczft,loop-ust,3939638381,3939638000,381
terra1ndr0xeqeysczhny57nrq547vz89wmp7gnwdkem,aust-ust,920811394,920811000,394
terra1wg796munzscxcumrt52gg568xdrnqv29renl6c,loop-ust,1178288803,1178288000,803
terra1pngy57dn9hktu4sksxekxlgt7vp9matdda0az3,bluna-luna,20061243,20061000,243
terra1uxrz5ql82ft8fzwcjv73upttd8a3r8xqkt6v4n,loop-anc,508258276,508258000,276
terra1h8ptn36cnm90kff583qtn844x60s8hc5nzf2gn,loop-luna,190453636,190453000,636
terra1s25yzhzay4axg0mhuuccyarcd9znpuulpkr7ur,loop-ust,1763619,1763000,619
terra1k254ndzav7f64uv4w3lnkr2ugaw8fxf2s5vdgc,loop-ust,9346417,9346000,417
terra123hc3m5hdmplk88hzgq6ppl66t6czmcqjknfun,loop-ust,117272650,117272000,650
terra1rm9crml9n58ex2eyuxx9wlnep8jgynnw38tptt,luna-ust,8130171,8130000,171
terra1w54wkd5kgw2swwt4djxy59mqwetk7mjxcrtlze,mine-ust,2481765,2481000,765
terra1fg50r4kgsmpm9z7jeaw50m8klng565xxmu5w3q,loop-ust,19029943,19029000,943
terra1dkdlhq4age0qpl5xcmdxmgnsddwd6wv77h3s47,loop-ust,43257433,43257000,433
terra15rjazflcem34xcu32g0fu65qj59j2s9a2n8rhs,bluna-luna,692738308,692738000,308
terra10v0ftfvuara0pv5zr4t7lcvugk2frzn5g33z5p,loop-ust,94802988,94802000,988
terra1f44m6ylrufl3k0ge8txrzjxnmwg9dv4sw52ynt,luna-ust,1878195364,1878195000,364
terra1gkchs6p8wqaz9rutfnqc3hx0qnh2mwkra6tzfz,loop-ust,500358340,500358000,340
terra1lt6z6y2t097dpscu2x8nf057jdc4phl890lkt6,loop-mir,69314180,69314000,180
terra1jz2xrqfhkndda6es5y8xpesdnahjensyhv3u4q,stt-ust,30058716,30058000,716
terra1gn4yemknvqpgvhen5sl5qv0zwrdfclmf4e7ekl,loop-ust,241845651,241845000,651
terra1380v000rspymwm7wagsrwg6pnfvw3lvmjd89fj,loop-lota,196856179,196856000,179
terra13zf6gkq0xfwq0ep4glfvn6cfg7dkx56mw2u575,stt-ust,499234425,499234000,425
terra19qah0gmlm823swxvf5ddwx37ca37fffp8t4x7s,loop-aust,1029230131,1029230000,131
terra1ygvu95h3vwmz473sztvwgwva4t882hgaq8q5tp,loop-ust,15531649,15531000,649
terra1gq95fz3g2vdfnps5gtgge65cf2p2swzp7fdwng,bluna-luna,100633511,100633000,511
terra132hjemsrp4906k2kylvnr5xzf6sdkalnm8ljlm,mir-ust,111231588,111231000,588
terra1u7e78dxhyhu580cs5hd0wlgh9cfqpp2s2p0t0p,stt-ust,469501212,469501000,212
terra1u8j37e8l82ucthx574njxmuyqane2y9h0ewwxf,loop-anc,10724189486,2099182000,8625007486
terra1sm29ks3zm9zchehk29s274cenv6e4gjhzthqvw,loop-ust,490509681,490509000,681
terra1he0lswg04epvdqajz48r225k0gat5g5wwmr9tu,loop-ust,16864792,16864000,792
terra1umyzadzcm6s97hnhkzt9fruk87sq29nz5puduw,kuji-aust,796487525,541085000,255402525
terra1fq7nkvfsq846yz7yl3uyq5envuy9wlsjj8jp0p,aust-ust,89436680,89436000,680
terra1xme6szye5qunqpqfgltgkqljuhnc0p3hm55ynx,bluna-luna,60356845,60356000,845
terra172at5vpx50pprx2n48jwaz3jv0kelyx0trwff5,aust-ust,89483342,89483000,342
terra1aehve3w03vn8y2jxr3s3def4j6ta6gfy0dx927,loop-ust,108878954,108878000,954
terra1ne2nvjzkjxpjazwl2vmvur63ssxxwvdr4luezq,loop-ust,35543676,35543000,676
terra1cn833lrf6p9e9yygq9qzlfjej6epx8rlar2t93,loop-ust,39317219,39317000,219
terra18h5etjehzqxsnt4wl6v92dwj5pzunpx7h6klsf,anc-ust,213292631,213292000,631
terra17xtn5m2agv43e4ng689asrjh86y4435alwkd5t,loop-ust,3211600,3211000,600
terra1zfmft47s56mzd29z5jdaykkdfsu6n54q7lz2v2,loop-ust,49816644,49800000,16644
terra19apv35ct3ye344sy2wpjzy07s4txx3f3fuwpsm,loop-ust,11033862,11033000,862
terra1s8qjggdfxhxgxc3vxc7jhrnz9wpktqdgn9tp2c,loop-loopr,73384596,73384000,596
terra1f5ytn5rzt2mqxavq6y8gyprww940elvd5la3vw,loop-ust,180448019,180448000,19
terra16t6nlq8ymxc6lfla8du3slesy6uw8jwxlgx9gr,loop-ust,10187748,10187000,748
terra1fzw4cxmdmjd7vfqq7fjm2w50pce37warn5hu9h,bluna-luna,133977806,133977000,806
terra1vwzu8ax0apk2s50nvh8hec7u8wa2qgdqrdc8mr,loop-ust,9190867,9190000,867
terra17sw3jex8r62xy7u4am6naxcnvx44n29tygj8ss,loop-ust,21384169,21384000,169
terra1dedcwr9nj2am6jmhvp6klnl0w7lc025tpek4hy,loop-ust,624715106,624715000,106
terra1sa9vhlfdh5hzry2q2m9as9m2hwnr722ew040ws,loop-ust,7589593869,7589593000,869
terra15v5hqfs7laavd7l40zhn2w5e7kffkjcv4c7ue8,mir-ust,859760442,859760000,442
terra185yya4frgtxklhrvfl0e3ndlps9g7dk0le5233,loop-ust,15213347,15213000,347
terra15enqshan87t38ja3xzvqnj3hhfhghwtukw3v6x,loop-ust,415512333,415512000,333
terra1du29mznrn7n3e7xhl2vn7pdz9ueluyclaqhy9f,loop-loopr,289427180,142929000,146498180
terra15lc4nj2hc96rxj3lqeyjuey29hg9g9q4j8jcee,loop-ust,4303216,4303000,216
terra1njekzf98cy4gse2nq2jjrmt038wsvk2vtwzfrr,loop-ust,2277735900,2277735000,900
terra1tjw5k9e6lmw8ktauxdvv47eh3pnk0c0k0td7m8,loop-ust,209893210,209893000,210
terra16368d3daadw66wk583j5erg7juqgfglnmqlujq,loop-ust,2657133306,2657133000,306
terra15yfuxx53yrc6n2uezkwu0f9ytk0n2ync56pd8j,twd-ust,115927213,115927000,213
terra17cf3ftylj399p9axgxj0xjsft6gzwl4memge4p,loop-loopr,7017017927,893497000,6123520927
terra1mdlj7yn00ue86u33jpppysku8l2p3t5nflx8pd,spec-ust,75230755,75230000,755
terra18qzlczrqn8xhc0t4skqr4k5vyyzgvfw3f5r6af,loop-ust,1211184647,1211184000,647
terra18un3wj68w35xwr0p680hxax6jw4mf6j88jgf7u,loop-ust,1866595,1866000,595
terra1a03pcgwgxceurctp7c2epztdd66dyht04cwn6z,mine-ust,11493221718,11493221000,718
terra1yemf2zpx5kgu0udfp3tvd2uwztfv08utpjklsn,alte-ust,24768698,24768000,698
terra1uhrcymle3u9f9qwnw0h4p35tav3p5794pq22u7,loop-anc,8750652011,8750652000,11
terra1dmltsdxah5tzkwvcll2mq0e3ns67k7mqy6vsdr,loop-mine,229477347,229477000,347
terra1drujhl9wfemk6s05aw39pxt2j7tvr2m4q6q8qu,loop-ust,52636227,52636000,227
terra15jca7l5stj9npkvn2asexd7nydahsntc4ppls5,loop-ust,150108387,150108000,387
terra1yjjwmt8p6kdnxjgtsaemf0ct7qy366ev4tt8qq,loop-ust,27342507,27342000,507
terra1w28j9la43cd4mr50xm7y0xvwu9ryxnms3gzcs9,loopr-ust,412782474,412782000,474
terra1g5gnjaljxs5pt0fzcjkuesxva62prt2v3hk260,loop-loopr,75580147128,75580147000,128
terra169uhawam77rapf09rlngwff4mt6rqg046jv4ua,loop-loopr,465228968,465228000,968
terra1fgxrele7qqdf7j8mfr2lrwqfyjnsasxshprpzw,loopr-ust,170042212,170042000,212
terra1h7xez5tcvdaxyl3gv6mwn2yphmyfreks8akp8h,loop-ust,36788249,36788000,249
terra1c52l2cxxcltsu8z4qqjc33lyt78efc85zhcfhk,loop-ust,237097772,237097000,772
terra1czwvd8rrtq9pk5dvs403h3wwe8t7pfwln0mr09,loop-anc,341017686,341017000,686
terra1fvjfvx2gtwtym6knsxxv86p3llhrnzjg2yylkr,loop-anc,267223714,120728000,146495714
terra1paqhfv0vz5p58f6mywa6f90qetw2w3ytkhuwyz,loop-ust,9830166,9830000,166
terra1jd4m5c0l57xkzues8zqunwm9943f8xft6up0ew,loop-ust,15963113,15963000,113
terra1dcqtdfvy05jrat42a9rpzdpa0ee2esjue7s6tt,loop-ust,36744475,36744000,475
terra1wp3t0k3rn4aerlay6z68dxpr8qveac0qjntm8e,mine-ust,119323800,119323000,800
terra1f3986sddfpqsgttvnjj8uunr08csl3v56zvh89,mir-ust,27051833,27051000,833
terra1kqyvp63sjsze8st8msutcj8hup69ytd4ct8s0u,loopr-ust,708390154,708390000,154
terra1vetsphh3znvyh6ws4m8ycv9ncj8npdwe7vmm42,loop-ust,231580493,231580000,493
terra1kxyfgm38ex9g9tfq5atl5mrq9gaktygqjn2d9q,loop-ust,4369647,4369000,647
terra14kj75a2hjs4glqmpt2xx45gdkdksyt8vmleffg,loop-mine,45774086,45774000,86
terra19hjmw0j22wgx3f3dksp84ae87lfa4fju79mtsy,bluna-luna,50473441,50473000,441
terra19r53wx9ujedqldwemkv30hzkr6yhn6s7z5gcmc,loop-ust,1294892746,1294892000,746
terra1nw5c3hc3t3up7hkxajx4p73rdfksaq2unns75n,whmim-ust,629102968,169830000,459272968
terra12r6hsn9fa5x9zzx3quw5zvlqt3kqenj9907lkz,stt-ust,486050824,486050000,824
terra103vut6832lm7frwyuf8g0he20mv5v5r39t2glc,loop-loopr,17995192512,8875701000,9119491512
terra10lde52rfw9l26ykl0eng3grpqwnj34nj8y05lk,loop-ust,9023441,9023000,441
terra13et4vh6u30awed480jxaex6zp4unupzszsh080,loop-ust,28980376,28980000,376
terra1te92f59m4aemaaauh2qt6q6g62355ekltc0c2v,luna-ust,521260691,521260000,691
terra1x2vsepsrkn6y2alvppd8mgw09jeku3l9ye4w79,aust-ust,573029921650,573029921000,650
terra1q0wuqy59ee2lh6prwspzjrf7g8hhdvj0fzp6n7,luna-ust,42601237,42601000,237
terra17nm3jg3xph7dkl5v2q30hfg0e2npw9zx8p46mp,loop-ust,4018879,4018000,879
terra1kvwzgv54lj0avcwv3xjjrgzcw558a7v7fgdepd,loop-ust,77311539,77311000,539
terra1f4ljkyzp9puzzsvlg652s2ypklfpewheeqc2t9,loop-ust,13788038,13788000,38
terra10xx46ahg4av6dy65vncwpn7vsc6v2c6nswjauy,mine-ust,114126707448,114126707000,448
terra1ttls62qfdt090wlhspw3fjl235np03swxushps,loop-ust,26145946,26145000,946
terra1c8nkle9q005mvtrvsjrsnhqmg2mlzumtfzhhf5,loop-loopr,844920166,844920000,166
terra12jg0napfxl85jukg94u5j5s7a84ucrcmt3dp9v,loop-luna,16214627,16214000,627
terra1sdmw6lyuc0tmqm55kxexpr9j7m0gdzlw4ygl2d,luna-aust,293581486,293581000,486
terra16fh6p4guwksr9ajmm2x37nn837q5zkdn30vw6j,loop-ust,44065603,44065000,603
terra19zly5sekcpaykeczw886uwphedngzfx7q3pz6p,bluna-luna,2260379,2260000,379
terra1e5pqx84vfk7a52d4lrdvm0cknhj8mukz40x3ne,loop-ust,99259831,99259000,831
terra12zu0pd5hq64kzwlr0t8mn5dqh90qwtzzcajch8,loop-ust,111180256,111180000,256
terra16yu7zcjt7n7l5gsl0c75pwnhpnmv0rgwsktw8q,loop-ust,15443662,6000000,9443662
terra1nsa6fjvy6yf5gr4ddp2rhpqkgqkdjwzg0j5te2,loop-ust,1115132286,1115132000,286
terra1xj6uav33aqzmfykhrqv47cz87v6ljykrtw7vd7,loop-ust,43743771,43743000,771
terra1nqm6mckgz85cmqw63cklr8tzz77xmks3jqhvtf,aust-ust,1123940435,1123940000,435
terra1cu44vdn32e5vv3lf0zqrnvmeva9nrt2nxhdrzj,loop-ust,180635036,180635000,36
terra1a7094yzta2dt3w0kuux5v38dm2d9vtzcp6w5wu,loop-ust,65664536,65664000,536
terra1m9w96mmq34u92m5l78wyyusexl52r0g5w9ts9k,loop-ust,1476087,1476000,87
terra1p5jx4yhhuzam58nf6a0sd0uvu9zs0yqafmrh02,loop-ust,44763566,44763000,566
terra17wx287juup445gz7r0zqpdcpe22hcua86yyv4k,anc-ust,190286307,190286000,307
terra1uy8z24vl49z760twhhrzsf0w8yy7wjtp3uymex,loop-ust,108089584,108089000,584
terra1jw4cxcvaf2drx3qr97tn258kx4hnhglff7qhcc,loop-ust,1212821743,1212821000,743
terra120ndvmup55vvcwvmsuxy4h4lv9dmgs9hklkudk,loop-ust,7636151791,7636151000,791
terra1ulzjc6xll028ull45lzrtda6d8q46stwdrl7vu,alte-ust,3151410,3151000,410
terra155475gk67e04njugt3u0useka8rfs5v94znu0z,luna-ust,74367762,74367000,762
terra1dfdwauslzlvvac6ggte8tu42a8ag3uv72hjprk,loop-ust,5088575,5088000,575
terra1plf8x2q5nckvshf2fhsgm6yqzusakkrf4nfmta,loopr-ust,27874101,27874000,101
terra14qms6w5lfsju42tluxj2frt02g5n0p32r99dum,loopr-ust,33665784,33665000,784
terra1jcu9gc5pmzk83fn2du5makmrn27ahw26qqu7aj,loop-ust,12659669,12659000,669
terra17lv7wc05hkecnmcyqm56htjfs3yycw87u6cs70,loop-ust,2207208,2207000,208
terra1vkty2n9ramcu4e6j4nuqnzqdz3vk4wd64ty7a8,aust-ust,1665258394,1665258000,394
terra1rjzwc4hq2at4jec6rrctrmgv9lqwu6euzlvhju,loop-loopr,199966742841,199966742000,841
terra1tw8vdfjz3zdqm4ded3xukf4g9crhr7nqw657fv,bluna-luna,111326324,111326000,324
terra1alpwqnntrljvslcprr8drrww2yekp77n7hncwz,loopr-ust,128534980,128534000,980
terra15jq7tf7mv3vqskevd0x8ygh75x6j00cmlz85r6,loop-ust,5613510,5613000,510
terra194q9sg3ne9wprd9dh2qa7qnl4pwyu77p5knefa,loop-loopr,8915492604,8915492000,604
terra1zgtrdx6tvr4kag7neyrvnjhsgfk9dknkt2h4h9,anc-ust,2638424,2638000,424
terra18aaf0huf8pxv06k0cwmrakswp06aq9zq2aw50j,loop-ust,15322654,15322000,654
terra1hwapfpynu0evhdvhnge6929eu0hrpj5pdyfzg4,loop-ust,565396694,565396000,694
terra1cjynyzpf84salywjnn0sueqr5vfyucsyyyudc0,loop-loopr,168316739,168316000,739
terra1252u8yqheu83n4xcdtvt6vt34q68uh2us385de,loopr-ust,720301410,720301000,410
terra1j9v2hxt46fan3xwv74mxmqpgd6cdgl0t6jan9t,luna-aust,639142201,639142000,201
terra193se0kmwv3ma25x97k4gcdm7x2xhkdgxqfuev7,aust-ust,448382782308,448382782000,308
terra1xyaax8v25u8d60j6dm59cqfaprqxsru4dj3hw7,aust-ust,6657497904,6657497000,904
terra1g39wsglpsuetqr2alsgpmk6mdtm8g465ty0sq9,loop-ust,199750013,199750000,13
terra12j3wtau0fu88fvnarjwc9kvgel36cu66ku4vgz,loop-loopr,1473597301,1473597000,301
terra1n4kmnup678z2fye9empfxnu40c970ytntskag5,loop-ust,124379274,124379000,274
terra12ca3npchsxgsmxuzwqr9vy257zh4ej9t9emjj3,loop-ust,193491458,193491000,458
terra1983t8wa6hkv4f9crd5m6ksq83l5efe8raycyfn,loop-ust,62033281236,62033281000,236
terra15akwqknsdy37rtrwknnt9c002c240lv8trckhw,loop-ust,198765885,198765000,885
terra1escn9sv2n634mt8w6gvmvg2g4zyfeswl43g282,luna-aust,2322106527,2322106000,527
terra10qgf63ne7s45gr8jjrgvyfu7vx5nmxp4a49gp2,stt-ust,22591002,22591000,2
terra1rgf3pgerh0ywr598m722yqyaq2s4v57umxdwku,loop-ust,4567316,4567000,316
terra13mmtk2kpnrxmvr32kk8tlnerz45dazjaa6wpgz,loop-ust,142485601,142485000,601
terra1pky0ctsyz8fl0st4mukjupexx0q5c7qwhy4xld,stt-ust,2599483065,2599483000,65
terra1lxkrqap2epaqycpnwyl7ylnvxvkmnskl6fj4af,twd-ust,2146086150,2146086000,150
terra19598trwtg4vqtlrndaxhwwpuyrqppvm0zh033y,loopr-ust,12091281,12091000,281
terra1jg8ml4tzmsvcwwjwnm7j4xhz7md37p4u3qvac7,mine-ust,12429675,12429000,675
terra1nrc52mw2509jrm4062kmhzcz3lvsge9fdh9vyp,loop-loopr,1230189935,1230189000,935
terra1js6rwd7zete2r7fzz78kc43ua5xvg9ddv85695,mine-ust,1053963291,1053963000,291
terra1rc6vh28rw8ptwykkugul5dsz9jjdfrz58agqlw,anc-aust,701705543,701705000,543
terra1snqt59uh8nt4sa0zfs4jxql63hqf9nawjcjgkh,bluna-luna,19489777,10148000,9341777
terra1zcpp20havczvjsjewpj8zq0tfjdzstm8xkv2m6,loop-ust,283998071,283998000,71
terra1kl5vmflc5nk8x440376w3lc6s6ktsn77d788qc,loop-ust,4241823,4241000,823
terra1sum9e6d6vxsg0yq62axn3hm8nptvwyy0dw8e08,loop-ust,99822156,99822000,156
terra1uuusx3axnc8s95f36z3uk3ywtslwz5khqne6q8,mir-ust,344844643,344844000,643
terra1xcquq8l7wfq7qjwyg4tkp05njss93cspeq8q8j,loop-ust,3685754,3685000,754
terra17p8cqvdz0jwndhjjhqfgmp7007kjzqnae4tx7n,loop-ust,30867478,30867000,478
terra1vfukasuycvh3zhaudd364v8extwpunrchysgw8,loop-aust,182024955,182024000,955
terra1tr20cx047qfhgh39ppklwgve2vj0e4qh6df5pc,loop-ust,508336974,508336000,974
terra1jvrllu5j4sgefp8d9te7aurgd58l8uv20flu4l,loop-loopr,37203121120,37203121000,120
terra1v0mttp9ymea682rkkk0v890ch6yrr5cptc2rfk,loop-ust,4687629,4687000,629
terra1sj85ym4pe2pttd00nyedp32qdephpz2kx2kxs2,loop-ust,3320179046,3320179000,46
terra1g54judmwt5psfsmfggssguxfeguhgarzm9gxt7,loop-ust,83232244,83232000,244
terra14fxar744m7lwkzg6vkr458tum7av9zv88hgat0,aust-ust,9375760151,9375760000,151
terra1a4v5a6pfddtvyqrpvdc8udc6mvwp4zqrgxnuvp,loop-ust,4555756,4555000,756
terra1rhapwhpwcxaxrpph89htgaps0yw363lrcfzuzh,loop-ust,20928054205,20928054000,205
terra1rfy5thjcw5uhez8cv6wu0verzr6xjjf7frms53,loop-ust,35317614,35317000,614
terra1en78vyplxa75tvhwk9axyq7essen4t09rcg6sf,loop-ust,2541015600,2541015000,600
terra1wqph3g6qpfnhg6j824d3sfr32vya7vrhukcqxy,spec-ust,46603551,46603000,551
terra19scgxr54cvrlntqt8ugmj0fvv9qmmtz2d99gze,alte-ust,906617822,906617000,822
terra18pecc0nnptjj3sgf0kv7cphrej35d5e3zuwxtk,spec-ust,2036647,2036000,647
terra1ez7gjk0pqtxww77ecnnv02gkr9m6pc5p4zsqce,loop-ust,8193780,8193000,780
terra1975j38tg4m9d4w3fnd95jg2w8s2dn8rt58kty9,loop-ust,1192371,1192000,371
terra1u59q2z35azqa8qez53sze87ky22wvaeawyphhh,luna-ust,40240115,40240000,115
terra16q8an5rhxdrwp5m5gclu3mgyweya69vzxeuvqw,bluna-luna,38941107,38941000,107
terra14h4377du0jyh6aerkl7wadrdv63z3gtmyvjtfm,loop-anc,116938152,116938000,152
terra1eh8fk8y3pzmelsntzkg9esvu6xy4emkf63agkh,loop-ust,11744661,11744000,661
terra15uqvzy4nuul3wwry7rn9l7mmk96p05pk80r72u,loop-ust,10023317,10000000,23317
terra1k7kqua2xxn4j6vct03rxh2hequgtd8arlnq9vq,loop-ust,39179130,39179000,130
terra10wu4k96zh8hez9nuyn2mk575kyz0yjn34s28m2,luna-ust,680418060,680418000,60
terra1unjfc789ms3shmqwl97ktm90qjxm20axgcnptq,loop-ust,17740268,17740000,268
terra12lzg85snj2crrftgrekc7raddf24zwvl0mfumu,loop-ust,7565367,7565000,367
terra1cpcz9q6q9w8n5jzks6fpuvv86ena6p0szu5w86,loop-ust,213175847,213175000,847
terra1342keye5vj3sr8asnwxfft8q4ky064x2srxukz,loop-ust,28221122,28221000,122
terra1648cnj6mxgww4ldcu2w25hwnt3p8r9rfswdemy,loop-ust,54811517,23491000,31320517
terra1nwudag2rtyj9y5j3tydl0yhfyczjy77aq8pc5h,dph-ust,361755033,361755000,33
terra1cqgj70vt27n9sjsgcv4cwx4qgejcddjw4ysex4,loop-ust,78534009,78534000,9
terra1fnsz7ph3fp9exv9zcdy79ms6h5pjw53kzx4nr2,loop-ust,179599921,179599000,921
terra1cknhng7nqlpwpmtvr046ndfnxcdqhu65hnw962,loop-luna,45903205,45903000,205
terra13ufm2eyl7dyj084v6a7larvfzlkgfjk8uquxct,aust-ust,26841082062,8952423000,17888659062
terra1ycqh02fnq78e22hlp6u6kktsswd8w83d2a342p,loopr-ust,2485285349,2485285000,349
terra1srzrwcd2vx4h2t5ujd6xsdyz8frndc8m3t6eaj,twd-ust,7300930634,7300000000,930634
terra1nrp5tj8me6u4xujdcg7n6est8d4l6kle722z57,loop-ust,34961216,34961000,216
terra1h43l8dfsh50um75w8tz4dnxwx8ak0jj72zrdl9,loop-ust,4889125,4889000,125
terra1v3damfm0ym9vdhe3crlqnrqfcesu24k6y5qp8n,loop-ust,38263843,38263000,843
terra1d3mleya0e40cfthu4eehfzgna0tcvy22qjpdf5,loop-ust,16889605,16889000,605
terra1uxqjv6469qvnz4x0x5qfk38tqvr6pt7gw5muw0,loop-ust,266819501,266819000,501
terra1we7su8vn0nw7mjetuqekakawcuewlrlkkwvq99,loop-ust,480868236,480868000,236
terra1v0j5rn5fmskxlf6jrrhdx8pj2kp0204m4346dk,loop-anc,83158893,83158000,893
terra127j0gecfeyuqmx0c97ye7v5ukwqa9enptwrfu8,mine-ust,8233775675,8233775000,675
terra1fklptlzca6tw6pcwuqkrwnzumgdq7frygyu7ge,loop-ust,3670535211,1322759000,2347776211
terra1r5l5rerk8g5xk5k0ztpvessvfrywcv3n8fcrap,loop-ust,41053708,41053000,708
terra1qgqj2f2na0ktlcfdz06ne7w4lzu52x4tuh5qa3,loop-ust,98119956,98119000,956
terra1cezu8ggafwrwgcplychag23zwrguasclcgc495,loop-ust,17189803,17189000,803
terra1fwvpwm6rt70jv43ma39kglscnry8g0zpys8v7y,loop-luna,160495324,160495000,324
terra15pktcsks8r867jpmpp747vc74633wwcdkvkmzg,loop-anc,69765050,69765000,50
terra1krdrew50cmx6rkd5c6wp76fppsrzr67dj7c7cx,loop-loopr,12907004,12907000,4
terra1gk5yxyasrl4q8y02ndzsqnlp2kwl3dn6zw83mv,loop-ust,15868065,15868000,65
terra1w6fzakkqug79m8f89untdrrvh4pt798chr2mqu,loop-ust,111625049,111625000,49
terra1gh9axuvnvya995fjumkjj2tjdfe5ku036s7vzl,aust-ust,98084091,98084000,91
terra1394qu4q5t206y6n0qs62u23sw2j22np7qedq8q,twd-ust,435882662,435882000,662
terra1vtujlrpv325elzzrny8f4cf9ypgfm6aj8fav0a,loop-ust,1220056,1220000,56
terra1cg6x8xpmckqr4tex4r03f06ds5ax49l4m58nqk,loop-luna,347204065,212404000,134800065
terra12fvr8qfnch57k22370dzhllhtqe723nf8hfhen,loop-ust,46189389,46189000,389
terra14run40exzxnu0gmqmquffvzelsdmajgr32kjue,bluna-luna,54903224,54903000,224
terra1edchkz7jevm9ya36telekcfgwkzesaqru68nrh,loop-halo,532667301,532667000,301
terra1wp8caxfwdenk54c6jmrks6g8vatkxyk2ja3mem,loop-ust,11302840,11302000,840
terra1mt8w52c269g4fuhljz2mus72huwvklh9kjv4a5,loop-ust,124903771,124903000,771
terra1jsuy4k50kxagmnh7uewy5ezmg0wamsutq6zj6y,loop-ust,9561443,9561000,443
terra1qwhxxzcugjstdcwgyuqukehdnhlpsk00adf9dw,anc-ust,291242141,291242000,141
terra192kpmd7u6lcpssfjf4948j9rny3g379jdjs73q,loop-ust,801790532,801790000,532
terra13n49u4czja3rm3vk2g8lnj30uam9vmrrcwk9wz,loop-ust,102828895,102828000,895
terra1e88l99nsyuk4g2644a97ll9qm6fdshqg6zk7p7,loop-ust,100598522,63159000,37439522
terra1t2dp4hldplc7mz5s2ldan737mv5ukw962qlmkk,loop-ust,50326956,50326000,956
terra1nrxvdam0vf57a4zjw37gz38cu5mu30j5s90ap6,aust-ust,11587964395,5356995000,6230969395
terra1s5fpxez8dwa4rjuxr4cxyeuv4dkspmmcxgarzg,loop-ust,134763684,134763000,684
terra12fnsj4zsf8t072vwcx5e3q2qra6vpmx6wtg3ns,loop-ust,155729403,155729000,403
terra1ccqj26zumsdjc4zspcm7swgzctc0ghkpwcyruw,anc-ust,6734296,6734000,296
terra18jesp4qykj7r06g8u540cs6aesalfff3jlmrac,loop-mir,326835057,326835000,57
terra12hk0cnz89a6wt98pqqwge89syuwecpv0hwpyax,loop-ust,14891568,14891000,568
terra1w5jl60vdwdnqkcu2wph9ykeuulgcsr8vv0fgfv,loop-luna,71004598,71004000,598
terra1nwnv7glufm99p4dcf00dtq64tdml7r60w8e500,aust-ust,29550402877,29550402000,877
terra1z7c93gdna6h7dhcd47e43yu2cch45k30gml4hq,anc-ust,31603367,31603000,367
terra15dexnv9k4dyyjwst8eyms62w7pplrcyrmh5quj,loopr-ust,183329543,183329000,543
terra1yrgvq4zy7rqje53yeekhfrlvyrejwerktu9anv,loop-ust,144170795,144170000,795
terra1m6dr572h3h29ttvzd4rj93c54lmml8xnyrz4xa,loop-mine,2049652596,2049652000,596
terra1wnjza5clsz5cuj8upy9esa6qflugkl7mpwl4ad,loop-ust,10645359,10645000,359
terra10f8r5czdrcfd7q8a9z8srf3zs4rmvkjguq3sxw,loop-aust,982090209,982090200,9
terra13vxc5ywlqpk5k3lzrsv3fwv3wz3q2gtmvzkhp8,loop-anc,42863331,42863000,331
terra1ucwvkqnh7erud4h9cezn7pggufe7j02rl2hsqr,loop-loopr,110673618,110673000,618
terra1t65rw6q6fum7v6lx94qpt5mngrzfnlf6ntaddq,mine-ust,19410493726,19410493000,726
terra1g549lpxdnvdesn7ckrp06ul5xfghlgum5pvss4,loop-loopr,95795124,95795000,124
terra1rm9crml9n58ex2eyuxx9wlnep8jgynnw38tptt,spec-ust,26545884,26545000,884
terra1qh63k4j3gvttvrrjd8e0swru8jcgcymgv9p7w2,loop-mine,52927815,52927000,815
terra1tv2gwne9vtq9w2anfgv3xgp7qc6xs6lzwfpt6x,mir-ust,78529756,78529000,756
terra1sj3pwxxyf8qllr5u2shkl5vpmgg242nckhq2jl,loop-lota,482091966,482091000,966
terra1fzsss2l2kh066rlvu9mnsn2v0tnksdel3vnk7l,loop-loopr,392190860695,392190860000,695
terra1jruvqcygt4jmejf5c0vxhpr3rjm9fpj8kyg9np,loop-loopr,86118040640,86118040000,640
terra1zey2umu93djjvr32903cgecvu0cas8aygh5e7n,loop-loopr,470161020,470161000,20
terra1m6x8ydl7madx7jtgs3hq4h5u6e7d7fuuadytz8,loopr-ust,585780922,585780000,922
terra1hawrpf8e5pek588ezpp22tf3dqqjkpgmhfcxsz,loop-ust,5397310,5397000,310
terra1753jwuaf7svz64d20mp8c36y53c6sztqhfdpqt,loop-ust,1444276644,1444276000,644
terra10rh29tqn9fg2rlas52cglz0484jezerhqwdu82,loop-loopr,8818917537,8818917000,537
terra1x7r0n675p2r76dn2w3d32n4cyxhvsujgsurnva,loop-ust,4525650,4500000,25650
terra14zcjx9gj7lmj7kyw0uxcdeedm72ry4vk8tx2p2,anc-ust,194143900,194143000,900
terra17n33wuqmwhfpgq25djcwx4fcs0x56z0529466e,loop-ust,81555713,81555000,713
terra1nqzs6mnr8j46v7zlg9myc7wt26rcc7dfppj2yq,loop-ust,53038467,53038000,467
terra1phmvesr9u49wnn9hs3e6aw0ttdgcf5x5clpt0l,loop-ust,38901436,38901000,436
terra1qytkzp0xczq4zq75ks5fswgs7rrj9v4kfzk7lx,loop-ust,106573436,106573000,436
terra1htpvhsvgqcfxvkuh5pzg6tuuy2uuyrw0tmmmwc,loop-ust,1437608062,1437608000,62
terra1na0hvv7uqdg3gv6d2v0m2lkqewp27mt6fcd4n8,loop-ust,79234845,79234000,845
terra17mlxvsk09xf664t50ychzq0g4pxfk0dl0af0d6,loop-ust,20731145,20731000,145
terra15y6dzy2g6m8s3zw2nqtqy5cmusqh7tdkktru7v,loop-ust,12252884,12252000,884
terra1737f6nn7c4vqmqgzlvu7hu0rk4mctkxnnxtc5r,loop-ust,355179349,355179000,349
terra1p8huf789q6tjjjl00sn2l8znu244wculx9a4m3,loop-ust,317739269,317739000,269
terra10la3a9cn0t0p6cv9xyuc93fcy58u3c2l46srvr,loop-anc,192220490,192220000,490
terra10ne04fzyzg9tr9g35l2n02a4p5a5u0a0ze0s2e,mine-ust,119606036,119606000,36
terra1s9n3gzvfgvwx3q7ejr0qh4la0lk829qc0g4mux,loop-loopr,15558233148,15558233000,148
terra1l2hlvsp83dv2up5tv6s7f5rgsc97rhpkg6zd36,loop-ust,352977447,352977000,447
terra14zu46kpxhsgjdjrv97dagxljcnrzscskftytft,loop-ust,46335151,46335000,151
terra1n3d8unzvj2m7gunjyx6q60tuvc6pyrsqvf0sww,loop-mine,4594277553,4594277000,553
terra1cg6x8xpmckqr4tex4r03f06ds5ax49l4m58nqk,mir-ust,715931910,715931000,910
terra12cpzrj4z644nz0z9txscrdhyqxd9awzv6zrazv,loop-ust,24564677,24564000,677
terra1pem370ymj8h3smuzwd7tqsy5pxhjp34dwku2zk,anc-ust,52110695,52110000,695
terra1kqwdh9drawukdeet9dyjpxegqmthqdlwrzgfyh,loop-ust,36040971,36040000,971
terra1lxjkdemv68wun6ndtvwzl3rrhd4gagrkmapruy,loop-ust,282345904,282345000,904
terra1skgvu34klgr5lwpxsu6rtfmhvjaz4ahuxahml0,loop-ust,84682581,84682000,581
terra1fsexa94vaa6e45k2499weajrknp8hfwgf2mjtl,loop-loopr,3214605048,3214605000,48
terra1n5xf6tdj4ladqwl9cqlu9yd5k8t3kexc3avwkm,loop-ust,184423836,184423000,836
terra1e5yzu9ql9fgr56hgs84zhr6vzz3eg8eh0rr0t9,aust-ust,523528465,523528000,465
terra1jq4ppza0ywaatl0s9u4a5a8rnd7qkflnr73eqq,aust-ust,267691259,267691000,259
terra1xm3yzl4yunk78ay9kcxyf2puvmpwppaz9rcz29,anc-ust,630206513,630206000,513
terra1npq0k8kweuqc3arfshe9sjgfaluzn029dv4wx3,loop-anc,1600921319,1600921000,319
terra1tmtcg2d86nnsz9cyw8uvqk47e2m5a7s00ulpj4,loopr-ust,12153390,12153000,390
terra1lftra4mw6flxwctdk394s4euwejl30gzdhm205,loop-ust,9255640,9000000,255640
terra1nt0aqz790nm6wtr8xr53kglexddt29zvjx4q7w,loopr-ust,80341652,80341000,652
terra1ll2eu2c4flmh8vkyq90tzj0arllug0sn4n2ypa,loop-ust,891835093,891830000,5093
terra1d77030hrhqej0mfne6ncjzklwhj45pk9jddh6r,loop-ust,199932650,199932000,650
terra1x6xycze3m3khah8fjndll53xfj6h22uxjksv6f,loopr-ust,38073143,38073000,143
terra1563u0tzpc9lzchecrc2twgthhexzlzz98y5sgd,loop-ust,8514336,8514000,336
terra1s96u37h7phrjd6h0fd9ajdhna9ea029ye9xgc2,loop-ust,9021648,9021000,648
terra14q7sdar7y76mcve424sqmesjjyrwdrrvye5f8m,loop-ust,2386485,2386000,485
terra150tyyj0yts8a6dr998rjqqpma4a98ut6j2rpv0,loop-ust,93356574,93356000,574
terra1hcf7z3wq9ccdyk2zlc5z2e8de7dfpspqepppwc,loop-ust,1497925776,1497925000,776
terra15cna6ccy88ld4hpzzsjr7xwwlsy6h430wmayj4,luna-aust,35541297,35541000,297
terra1wyzxzcevcmrpkfcghl4dksmgkrpf44sjxwpgwp,loop-ust,318242999,318242000,999
terra1kdzng0khkllgc0wk7ym24r3sgklhg8y5yn08jt,dph-ust,2538770552,2538770000,552
terra13cn0yvd4huyhd4u5xp2qp9uqdk5l8wmm90tu7l,loop-ust,131920962,32980000,98940962
terra1nuxlxnyxncdl8365cv7837ulxadmy4srjwen5m,twd-ust,6130424725,1061902000,5068522725
terra1txr2ewcv4hhhxwrjdyy4e0ea9juay4hnfz30zs,loop-mine,202170593,202170000,593
terra1v5668ul6vgqy823pafyjpzaj88tpuk9vxx49xh,loop-ust,295242098,295242000,98
terra1ykme3v376w7mvagkrt20lnuhj85wlrwr2ydrat,loop-ust,14320550,14320000,550
terra12quuh830hy0fsppjtue6xrlfuj7dt9ulg39h5q,loop-ust,1475788,1475000,788
terra1py3vp234sy8p9dn5cr3fre2z877pcyrgcghxhn,mine-ust,760425282,760425000,282
terra106rjq2ef9znef3ta70dpgv8zrxhg307rm3lenc,loop-ust,535345030,535345000,30
terra134qx8fntjhn8clq68qw45uvev0rdvajv0n9ath,loop-ust,3783918,3783000,918
terra1vetsphh3znvyh6ws4m8ycv9ncj8npdwe7vmm42,mine-ust,11840543399,11840543000,399
terra1038yc9zqcukakwa8ma6rvn5ud92srtlwx77292,loopr-ust,720098586,720098000,586
terra1hx38rvvcfw0se36dadujgur39yjrflktt0l06a,loopr-ust,5017795820,5017795000,820
terra1fmhu85jht57e0sd9d4u8wk2w8rvwdmz9gu7m7a,loop-ust,556763043,556763000,43
terra1vy9dkernemzq654c6ykwj866gzgx8jnyq74jd0,anc-ust,44486967,44486000,967
terra1pdapkg8tjhmtmx4u3x2487vckrvujyca4nxt5u,loop-ust,6177332,6000000,177332
terra1x2cup750e7y25cd5ulek89nfu87kthc7vkkcsd,mine-ust,7482380,7482000,380
terra1q6dgsh9meyvkc8s2uj65njmtksrzkdmh9zjn54,mir-ust,210546933,210546000,933
terra10kedcyttxskycy77xr9legjq7yu7whs4f836ey,luna-ust,2543042970,2543042000,970
terra180qcexmqj2p5efyn7f3vzvqq8euq28te7lpnf7,loop-ust,92538868,92000000,538868
terra192dwkk8lhcdl3ea5xkxltcw3ljd3ur9w0qdarc,loop-ust,6933372,6933000,372
terra12q2g98rc3f6zdx2chc7tmw3v9mpywsu3hy9jh9,loopr-ust,22538932,22538000,932
terra1nzcyrku9j7vngzjyqkq0ydl8qcqjd4egclfrf7,loopr-ust,29168830,29168000,830
terra17pvhctumd9eeczra5ytwxzfkh5dqdr8r0d4l64,loop-ust,6251521,6251000,521
terra10ja5cguysvsyza9zdd5zsvlwx0dwe9yr9le356,mine-ust,79301802069,79301802000,69
terra1997dswkl2t3tpmqxhat52cyyz9ssw8pamgq4mr,bluna-luna,6507974,6507000,974
terra1dxjsejvagrycrktc8sa4ra5kg2h4tf7y2zha04,loop-loopr,496088979649,496088979000,649
terra1cg6kk2vd038ux8kwtl4ucjdgtt06pkwhzu3ywd,anc-ust,1356563058,1356563000,58
terra1vk03gp6jfczxuf8m427q06ppmz38s3pzu6pveg,loopr-ust,11522025,11522000,25
terra1us62qvng9rwjtmw0dg2y06ndsxmcdv477dhdfd,loop-ust,51690171,51690000,171
terra1htamemw7aqgwju3hgwv7j2vrxcgjt7eygar786,loop-ust,114832086,114832000,86
terra1ukk5r6pm678s9vw4v62020rwwlncjmmkpfykzn,loop-ust,110850314,110850000,314
terra1jakdz8v0hweqvqkt9yf88yyvzw4qd6y596s6gn,stt-ust,224653887,224653000,887
terra1z9mpdx6xr2vul6jdmjhexahuw24g6y0wa9nnv0,loop-ust,2893217242,2893217000,242
terra1jfwf8xyj02xdt4hkprdhpslmeec35un89klv86,loop-ust,98845688,98845000,688
terra16e72dacdmvcxdtk7l7ve8hxrg4n8lcv0uq0pf6,loop-ust,3761290790,3761290000,790
terra1r8va4zkka0a20kf98pd4x3t60ajg2m9t0ppxrg,twd-ust,11058802,11058000,802
terra1ag449xakvj78hvyzws42l7gf9tzen8fk0sv7cc,loop-anc,2795996875,2795996000,875
terra147hwdpss5au4v8e2cnvxwzpl67p27ctueeyzdh,loop-loopr,28898953158,28898953000,158
terra18cqee39gu7mwvxuu9e7rsny4lym5c7hq83fcaq,twd-ust,37106709,37106000,709
terra1j394x8xpprcx4fxg29wzuqx37zlvqhtc227w8u,loop-ust,52876594,52876000,594
terra1kgjtf96jza3cghyya7g8mkdynnls946ljzp57g,loop-ust,7083002,7083000,2
terra1nvpqw84a0nlecqta2mrp6jtz95u3cl9a7ajasq,loop-ust,30112560,30112000,560
terra146smxctaxdahuvuzw8cuj85hum6jqecsff05hm,loop-ust,314076873,314076000,873
terra1p03d2sz3pz05fgjpznvwd0zz5436qgqdm98850,loop-loopr,1346716955,1346643000,73955
terra12ksldgkw455veemcvn0mm4g4ejuz65u4uyldtv,dph-ust,1288865401,49809000,1239056401
terra1wyzxzcevcmrpkfcghl4dksmgkrpf44sjxwpgwp,loopr-ust,24876853,24876000,853
terra1nhfgwvgszth947fzjtnch4shmzxn4zwxec5la5,loopr-ust,27847564,27847000,564
terra13lmh7zyl4rtvvxyx9tszwfv4efsmfz7ad4rz2q,loop-ust,390881121,390881000,121
terra1ky399jwnpfmnn0dpj0wzkc26kp4eaj6vqlux0s,loop-ust,154917116,154917000,116
terra1wv40xcyrjsgdau60yamgqdeucvrpxa33t87jna,loop-ust,21521523,21521000,523
terra19f4uf0ee3262lj238z2ufnwwueqlysdeynkrd2,loop-ust,116017109,116017000,109
terra1s7uk952d7amm94fyj5jqta4yu42wntsx5uf550,loop-ust,428671351,428671000,351
terra1xwp709fcm7q9mtjrr0rn6h84qh60389a2wwlau,loop-ust,8328007,8328000,7
terra1clha4j4fu4f8lj3ah7kcygnjp6taf23garqerf,loopr-ust,5311589564,5311589000,564
terra1u3wk4rs7uh0unvtkhq8fln4gm7ppcj9qyduyre,anc-ust,108153797,108153000,797
terra1m0fgdgsuwf2jsd32su0rmg9ne843ant8zn0zrl,mine-ust,16210334319,16210334000,319
terra16lczq54u899vre70rjcyt6t964wfwc5dkzr5hm,loopr-ust,58749641,58749000,641
terra1cgm2mxkm68la9fsfp364gtcnws94jvlv560v4c,loop-ust,17430908,17430000,908
terra1qknyrxdhs8372nad8fssepgzlfyjk34677u2rq,loop-ust,9647028038,9647028000,38
terra1gay2szmgzgjt03dh2jvvnu503zg554a3ky5agg,loop-ust,498874126,498874000,126
terra13gj682j3cft88n7cqp9tpj2eqrpxl54469sf5p,loop-ust,19365865,19365000,865
terra1apn3k7nalu4r9z8lrmryl8jxy2d36uqhddq3dp,loop-loopr,2413172025,1168309000,1244863025
terra149fqhd07y3rl3unsgmy0y6z2gdd9pmzdz5hy5h,luna-ust,754136,754000,136
terra1aul0a0nnssf6zhr4vr4rqlpsjmswk9n494g3q5,loop-aust,129848228,129848000,228
terra1e08d2uk2npyv7xg0pz9zhjtvnle3sl5yhxdflt,bluna-luna,1188706,1188000,706
terra10pddf230xqr5ef2z9gy3kypern0dle4e67extv,loopr-ust,127893630,127893000,630
terra1l4xvnnf4yfm70awcy8r5drzj6wwlhy3x84tgy4,loop-ust,210356155,182206000,28150155
terra16hn8zdme4e74xw9lw79dv63fampgdk58cjstly,loop-ust,283083359,283083000,359
terra197dr4022yh72xck2sgv22vvy26urqg33x938n4,loop-ust,34455914,34455000,914
terra1zexq89cv8gxursusa82uy2x2kdf2zaztf9udyt,alte-ust,33170254,33170000,254
terra1g3mrrj7pyukylk5puw767vd0m78fnazjhzxxx3,loop-ust,4537970,4537000,970
terra16huvrjy4fl29smmrsk865kf9avjcjplu7lrrkx,aust-ust,152472130,152472000,130
terra1msml7hp0470mk9v79q360wkpyfwsdd6fdvp7zu,loop-ust,5661648,5661000,648
terra146yfy3aw88rxx5vvcm8rlddgj7vysreurpz2uc,spec-ust,49662663,49662000,663
terra17mlupn9y9q4fsh2dtvl9p79xp8lw390h7fthts,loop-ust,14249537,14249000,537
terra19ta96ykgmh7jck9hhflu5xe66gz0mdjq2qhf7z,loop-ust,2383808,2383000,808
terra1vx6e3py0s0md6keg4cqhsg4hcnkh9m3d2pmzs0,loop-ust,12340704724,12340704000,724
terra1f06k0npvmrp5upjxhh0myezgcvca8df7n93pc9,loop-loopr,377524184,377524000,184
terra1tahs8nwczgyl6hunlxfsl5z3gt3h9f9qmmlx34,loop-ust,169127217,169127000,217
terra1xuasn8a03qzrukju7xsks0dlkat6cjwnlm5u7u,loop-ust,1681446,1681000,446
terra19zmpd80lxp44k3z8wtxvd6fe05z3lscpm766wa,loop-ust,418400360,418400000,360
terra1tqqmz0typzae7nknzszpvad9j4ads5rcklfamn,loop-ust,150055542,150055000,542
terra1gux3r5kxtzsgpah8q36869l8w55tydfsm85z5l,loopr-ust,55185021,55185000,21
terra10zf5kapnqephp36dpnx5nn224u0usp3l90ww4n,loop-ust,84320502,84320000,502
terra1g06wv4vcg98qufefgy9dmwp2mw82znfjdfqap6,loop-ust,209277720,209277000,720
terra1z6mpa4yqcvgxjsupj377fugjnktjzjttjryhvw,loopr-ust,16593506564,16593506000,564
terra1sk5hahj2a7yhxlrsjxd2hnfqvhdm633rra883c,luna-ust,654017,654000,17
terra19jr8c2ljqamxqzgcaxcv5vxfrxserezkn3z8gd,loop-ust,50599621,50599000,621
terra14t9aqmrvyu37jk9g0c4fpyacywufx7z6kgyhrc,loop-ust,21549040862,21549040000,862
terra1ku3nrcw644fcch7a3ggc8r28k6a906exz79gl7,luna-ust,428464158,216601000,211863158
terra1n7zq6hk8lp8f3pd3vf48yp88nst5c58w3f3zsz,loop-ust,21110729,21110000,729
terra1r67mhzju4sn544x32k2gy34hezm7hy7ey86mzv,loop-ust,831431,831000,431
terra1cef5fqm990c9nhqjd4wplgwzqmzfhqyyaplaf9,loop-mine,837553287,837553000,287
terra1tcd8v7aay7zc8s7psmnzaaykg3e6d0gvh4jwus,mine-ust,372047619,372047000,619
terra1w7m98y6agg32q3gke8793d0lc2hf7r0qkj86mz,loop-ust,57542608,57542000,608
terra1afulm428c99pz5l96dwxt7zg6m2v0g3qkn098s,loop-ust,15941585,15941000,585
terra1prfp8sws4yk94uc5ylemxduakh20la4vk4f42w,loop-ust,771190207,771190000,207
terra14040pmrq2m82wf5mq70l8h78mutpkupne7wt74,bluna-luna,27866606,27866000,606
terra1zdr6qx9fw47l8smzvxs5qfkj8aa55lmjp2lwgh,loop-ust,115970345,115970000,345
terra1eq73n0u8kgzks84ztuatpvm7et8693cjwezj2r,loop-loopr,129300256803,64650125000,64650131803
terra1vghwgcyhsq4lhw5wmhthnj9028vy37v0y54xw0,loopr-ust,15363016,15363000,16
terra1q2gwg4wtzv7xzylrseuxcv7pujq7f2yj9v42c2,luna-ust,7837599,7837000,599
terra1qpsrppcrjdem6tgjq58z2xcwvrv6mv0kxm7ej2,stt-ust,4170046,4170000,46
terra1m4vvdk8y8ekc3pquv57atspqhjwfffrm30v4zu,mine-ust,2074673127,2074673000,127
terra1fay9k4t85p4w7gdd2nhrf42epwtez6r6kkhk4u,loop-ust,10684565,10684000,565
terra1f4x297j37pdgqqszhyszh6yhg5tjh6j8c5u3qy,anc-ust,296291001,296291000,1
terra12kyuy4sqrjwxpq6z5qp4rn6qhh0hd8y23g49lv,loop-ust,133433621,133433000,621
terra1l4ac6lmhgfhqa9r3v0ry0te9j29ekf605j0h54,loop-ust,390900053,390900000,53
terra1hs0sru4j2qd7fydq2d47xckmde5llxt68kjdal,loop-ust,1425061,1425000,61
terra10snk30ktc3dswrsu364yheup007u0elnd0s4gs,loop-ust,4790428,4790000,428
terra1utju5qfl7j5vrn4wmukgs53h2muk7wenkrppjm,loop-ust,4023333,1887000,2136333
terra14tknsfn62sfhtkjnk6tl9hx9zg762n9n0s3ujw,loop-ust,2026622,2026000,622
terra18e7wuvpj9pz2yehstgunzmfx94rdkvx6t6gjg7,loop-ust,35721990,35721000,990
terra16r5w8ftylyugv47wxt7ctr43aefnhnepwqfv5p,loop-ust,17827509,17827000,509
terra147smfu7ajzffhv57rh92g7zaqdvgdutvdufusr,anc-ust,1584780461,1584780000,461
terra1276k76w57hgxrrly6dn59jptt4drq5zj7lzz8n,loop-ust,11856122,11856000,122
terra1vx6e3py0s0md6keg4cqhsg4hcnkh9m3d2pmzs0,loop-aust,2037424777,2037424000,777
terra1dj6gk04h20axukajp58zja4ctpm943v9lz6kev,bluna-luna,19262071,19262000,71
terra16fwhjefgg8sdq5a8s9jzgfg25rkpsrnvjhuf2w,anc-ust,1399489152,1399489000,152
terra1r0jqler8tdqtqp7hr3htav58r9s85xksmmjgqs,loopr-ust,658871166,658871000,166
terra1d52kywmjjefcjghpau2kt2pql3u2u2nxxvl3xd,loop-ust,231449446,231449000,446
terra1d5ejclw9cyry6ua60yh64ljyzxfme80kvpv648,loop-ust,8796855,8796000,855
terra15c5mpf84hsqvnqkv4anrlj5twv86x7ln3828xk,loop-ust,85163784,85163000,784
terra1c47av9uwd20m9n8x5an2fttam26darj6lggdex,loop-ust,1002443,1002000,443
terra1utwlkysm0ae36e36afrks736nsgeuwhxm727fc,loop-ust,149347075,149347000,75
terra1t4jtgjru0lankyhx3ahm8prwjxytaeafj2rldh,loop-ust,146635256,146635000,256
terra1hu97phr47p6ejvnphct3xh2uk5jrfylxjxyw5r,loop-ust,39623518,39623000,518
terra1gp07lh5hr6zclchfqk6nt8rfn3uf6u370p0j23,bluna-luna,1619494,1619000,494
terra1469nnkjsp5aavs29c8jzc85l999p6rc5y7v506,loop-ust,11944566,11944000,566
terra1fdypyh4088ltwfg5t6zgk02lvf9ytwm6t2tzlr,loop-luna,2706520,2030000,676520
terra1dyrjft27ry0tud7vxsy0ck4hsww909mqh5lras,loop-ust,164318024,164318000,24
terra13gdqk7fwc2kmgg6ck7lrhhdpg3zkgylaus38cd,loop-mine,137584571,137584000,571
terra12353tzs0gj0km3qy7nmyfmejqj93eddfpa3rj0,loop-ust,8471933,8471000,933
terra184d97kgkh9n0zzulnkk2h68dm4neam85nvfcfa,loop-ust,677717088,677717000,88
terra1q32v9wvsqva9ut02ke2q0jljl50wywkacrtzal,loop-loopr,10088403367,10088403000,367
terra1z02yeq7jyqy4wxl2vseqeuqq35a0pas0q3zutt,loop-ust,224345512,224345000,512
terra1zphfcr68gfv8jr9h75fdyzsyneytl7sh4pgwft,loop-ust,13626542,13626000,542
terra1538s7d7hqe92z87kqf7j7v062enfzt3w0985n4,loop-loopr,119077321,119077000,321
terra1aqplfam0gz7cv8rm5e4scqcd7z3phyl7cjjlg2,loop-ust,20248026,20248000,26
terra1g7k5ee5z9fmkzhhdx69g76025qpdn47kl3e43m,loop-loopr,75941699073,75941699000,73
terra17yvmvcm7perd5qw6jlft0pn6qdnphheg4tr909,loopr-ust,567856566,567856000,566
terra1su9eezuavy8g9meurwns94236en6aug8mqymwe,twd-ust,417402858,417402000,858
terra1ngh50yj9ckntfcea36rux0zu7mph24758ah63w,stt-ust,113274865,113274000,865
terra1pducj35sawa8204d8hz5wmasdeqj2zqwjpzeez,loop-ust,44116102,44116000,102
terra1n6rv6dq6qmqj52k2c0m02qh98y8r6gelcgngjv,loopr-ust,12153510,12150000,3510
terra1wfla9k8n74qrlfvrtshcudy6u3qkhc6sklz9x3,loop-ust,96626367,96626000,367
terra1rynv0gcjfyyqfsh090prsy0ztkvyazawp3a02w,loop-ust,1636278809,815053000,821225809
terra1sfdfmlnjf4srxrw5psxc082ffc3wdqvepwfz5s,alte-ust,25259930,25259000,930
terra19zly5sekcpaykeczw886uwphedngzfx7q3pz6p,twd-ust,39113209,39113000,209
terra10xkx8u688q9lh5z0cmau7mundv2kuuc0wyhwh3,mir-ust,2671426,2671000,426
terra1ddphpav5k234yh36ket5qdkdxjm3q2jkur88ck,loop-ust,4094872539,4094872000,539
terra1m4ulrac8wccup6vyvmxrgp60eggpl0gh4dl249,bluna-luna,83521372,83521000,372
terra14valxp38d0ma578rdcrqfyxake34ct6dr585sf,loopr-ust,4627180539,4627180000,539
terra1eyagta9vy3tvzlyhnpqpjydxj3h7k5r3zxx9v3,loop-mir,369109965,369109000,965
terra1ddflu2fzufy4aqx44wf6n8ecg6m2eym2q903u4,loop-ust,11332016,11332000,16
terra1j8j5nm7ta333vay76rmzq9vwhcassnzxq2qkda,loop-ust,1475528,1475000,528
terra10wrs0tqm9jwwfjl7ps3x5p66rz9znd8zku2fm0,dph-ust,6352890,6352000,890
terra1dt323z9h6dmfe202j4krd6u3eeh4kexamc7kj5,loop-ust,3383523,3383000,523
terra1j2u06wt6ac36ma4mz95h4x4s0jtepplw543vhm,anc-ust,59659511,26457000,33202511
terra14a0herwmyav98rgtryqdjlw0evmsyt5x7nsr33,loop-loopr,405706205,405706000,205
terra1wugpzjzny33vj3tx6xzluz76qmzw5dm02wf39m,loop-ust,33691703,33691000,703
terra1vedwt7ewq48vy5s8d0e78fkrvy04we7p807jdk,loop-loopr,16656363,16656000,363
terra1lwp54ejc92z5vynecdjpxvaucxsy2gqf9pppwz,aust-ust,60244001,60244000,1
terra1xqx9r9cavtg4y4yhl3lvfgwhyn4prz3hlxspqs,loop-loopr,1468168895,1468168000,895
terra16h2yszqgjlm7j550sh97yh8sj9krkhnkfqkast,loopr-ust,2020676532,2020676000,532
terra1sayvvm0tvnk4plw25s8jnkdfz55f4utvpweapd,loop-ust,15178908,15178000,908
terra1kqllvjqhu8sns74mz5k5xyvq5pn84lpenhqv0d,loop-ust,46897113,46897000,113
terra13hfsd5r9ew686qwqqfh7fstutgf0dpa3euwr4z,loop-ust,46459620,46459000,620
terra18w87csj67zk026npa2qqgcjw0l9q2ueemscp95,lota-ust,9548722,9548000,722
terra1s40rwnt4rzvpd3u3j5sgrr8zqgcdxnn3et9ux9,loop-ust,23330137,23330000,137
terra15djv5gga8utkt4cpa7eawszu9da5rlasr0fuwh,luna-ust,13907584,13907000,584
terra1u48tnacssh8wtmsrqc2a6j8ylyu438vgyfmhqc,loop-loopr,2437745923,2437745000,923
terra1xcvunp6f2yl4np7s7ttsx9zmxlzqmjtjzzw5jq,loopr-ust,46208111,46208000,111
terra18lyur8rqya96r0w7nvr92fmylz0s645ccnxlsr,loop-ust,9492813,9492000,813
terra185m3nuxvruycc4zu5a8e047yn8ckzzwxq7uvq4,dph-ust,49514582386,49514582000,386
terra15g8du63udjwvgxwk06wzfckxql3pyy04mg3mmf,loop-ust,10112356,10112000,356
terra103qss8c0vel5qw9zynmjvrr6d62j44w492ez74,loop-loopr,2473952050,2473952000,50
terra1r2p5y74lxdmxhz27n02x7sl887hcmk8c9js8d9,loopr-ust,1557757269,1557757000,269
terra156qe4jxmtw5fcne0gds2659rd2flvw9443fdaw,loop-ust,173791174,173791000,174
terra1wll9sf77qlyjcdlhu330cwjm8a6fxn3jjldg86,loop-ust,21844512,21844000,512
terra1d7sz9wfce04w7e4876f3wqd7dykfsjaqxjj6ee,loop-ust,5320704,5320000,704
terra15kcdq7g63d8sa7g8049a3uhjzr40la2vzz8wdc,loop-ust,38000583590,38000583000,590
terra13zgjpjggzqeacd9h5dkxh4f8zw7z252m3qpazw,aust-ust,675110735,675110000,735
terra1d54u6s9t7mgmagnjn38w5l8laal799fd47nl3v,loop-ust,850593480,850593000,480
terra1rqh6e8jj7c0txs420a3g4sylf7l9jnqtpm4kp5,loop-ust,22305239,22305000,239
terra16x5qepzwrlk700h2nghq55ea5dwt6nm0689ced,loop-loopr,104440318,104440000,318
terra1r7rue9ea8hs448mahyt0sgdrse3dr3ht829dwz,loop-loopr,805480451,805480000,451
terra1w28j9la43cd4mr50xm7y0xvwu9ryxnms3gzcs9,loop-loopr,487667354,487667000,354
terra1r4gcahl7u0zeqaj60eta9juqnnzjyfgmsdvhdt,loopr-ust,201923807,201000000,923807
terra1ha77zm90xn74q4zcwh5k9gr8w0xh5cspz2ma3a,loop-ust,39461512,39461000,512
terra10km5ukfg8cvcxpjf0xckct80f3y6yqn9ty4nmm,mine-ust,322715740,322715000,740
terra1qgljkdy2pxadyd63p8yetmd0x48ch7dc7vukea,loop-ust,538724478,538724000,478
terra1mhg7hk9e2vly3y0qmr7c8374h7ve3cxrc7nyjt,loop-ust,96985364,96985000,364
terra1pxdmseu6j7l87r53lxdeq6nkxhsg6vvje6t70g,loop-ust,232708273,232708000,273
terra1mfyrrpl4qvm9046wxretw2fn27gsg8rlg8vvac,loop-ust,204050571,204050000,571
terra1hswxy7arayd5hzs8779jkgs7zy6d76p9pmqtgv,loop-ust,34515222,34510000,5222
terra18vgkelcvp8a9z5g37r9enqh2q2fgsdqwsmvk5j,aust-ust,42555257226,42555257000,226
terra1sjcsc5th2jcmkzulejex6htgrc9239mz6535er,bluna-luna,483939517,483939000,517
terra1esjuurmzq3qjellzjfru8w8rrvq6h46ffknely,anc-aust,156917788,79343000,77574788
terra12pyu44xvgwjas84t6wlw7pgqxlvg83lxjwn8my,luna-ust,83490497,83490000,497
terra1pkx0lhp5xar8amswy7fq9wwht85pxn4kz4lkwr,loop-ust,58993797,58993000,797
terra1h3duklp2j3kmsk0gnw84487rgj82vjqs5f9h80,loop-ust,974701,974000,701
terra10umck2p0j6p9j4pdkg0ypfhgvsgdhaqarhcxul,loop-ust,178282306,178282000,306
terra1369wgfu3cayrxq8wp05a0cqnna52fkt76tuzgd,loopr-ust,41987765,41987000,765
terra1ymjdxt7ghuw0d3jmaa49fl6j0jak9y8wy3haqq,loop-ust,6663649,6663000,649
terra19mw6yghqrjpj9a5jfwmt5cz4x28vq54dmd7ht9,loop-ust,21417191,21417000,191
terra16nc34mq57qvxraz4uktqf98hgcj2rnvn4pfk9z,loop-ust,145755138,145755000,138
terra1g6hq4fnsy30v3ltlqz6agn3wnhdczxz0ncn4hw,loop-ust,75437809,37687000,37750809
terra1qd0k3le6vhnguyqw5yhq7js6qxdf65m8hqx0m0,loop-lota,1481539334,135620000,1345919334
terra1ky399jwnpfmnn0dpj0wzkc26kp4eaj6vqlux0s,wewbtc-luna,2726387,2726000,387
terra148xyyxvd6yw3h3czh9uxa3am5730dj4h7yxkmp,loop-luna,3201819,3201000,819
terra13v89r9dwg59vujl02kpxzc0dffgsm86cn2xd7s,loopr-ust,85813232,85813000,232
terra15kf8wyw3cc6p37qpmmjtacrammdmpkf3etfca4,loopr-ust,340364616,137670000,202694616
terra1r78n5km5nn330g20j7zrgd6h4m6mdw8pm8mw7z,loop-ust,8487542,8487000,542
terra1ly84k2tafww9eg7pf9f36ualx35qz909gkst9e,loop-ust,9106442,9106000,442
terra1k402rq3jjd5r7dguju9kg3tqlfzkauekd903as,loop-ust,24324149,24324000,149
terra1z3s4r63vs6azjazdzelfdfwus0nvq0ctxvk6vl,stt-ust,128332654,128332000,654
terra1pj75q6n0wcl8c8ufw2ptke5nhkfdy5atxnns53,loop-ust,48627031,48627000,31
terra1clp0wlrxjpxjs960yz4ep0h433zckdjtcpjgpt,luna-ust,49905639,49905000,639
terra18cpehtntr6kawy63ju8v0nhphmxv66m6y3splu,loopr-ust,138871435,138800000,71435
terra186dugdthm5nnmlljz3d8lrmjud0eg9z7mwymzh,anc-aust,149974298,149974000,298
terra1n7frgys8cf2c7vmvuchtr43t0rv54634g2rxzs,mine-ust,1942245,1942000,245
terra1q32v9wvsqva9ut02ke2q0jljl50wywkacrtzal,mine-ust,3306429940,3306429000,940
terra17xzdwvv83kzjppju7c5qrafjzz8k5jxca3txr5,mine-ust,3706964927,2427053000,1279911927
terra17u3gzfy2n7scm04r6zcxfmtlgqygrawpzv4jwp,loop-loopr,5851740291,5851740000,291
terra1myjkjp2t0en2etzq3fm4rzfa9yecjlr2tgul65,loop-ust,1550503534,1550503000,534
terra10gau5kpaej2jljkusjue50aphpc2nrhea49lq7,loop-ust,3799041,3799000,41
terra17jglltd90w0l5jaswn4wc3tm55xhqj0ejxqf4x,loop-ust,9612861,9612000,861
terra1rck8szlc3dewpwza6xcvyymzsw2w402pq80d26,mir-ust,2924010,2924000,10
terra1kpu8e770mqzmsh2tpn7p8rxhmg90eqzsvcey0r,aust-ust,178515411,178515000,411
terra10evvr2n5twfmscyskuz5gzu6yep9pqy0lkzk75,loop-luna,76921517,76921000,517
terra1enkh0d4wadk5e2enp9rgjntnh8pj5gnazlgfug,loop-ust,15961564,15961000,564
terra1929zpuflzgwfv3m094h5qstd2227p37f8asnnc,anc-ust,12235762,12235000,762
terra13qh84ddsemmnskx6jzzpm4plzvwcdjd04pdqhr,aust-ust,33137030924,33137030000,924
terra1xg67lvqj50w3xn3aah488fnaf4xwmllfjr59e8,bluna-luna,16549625,16549000,625
terra1aetw93ee2pr48jntejzrgjv3ghzxldk3vlpdjq,alte-ust,22906557,22906000,557
terra1a0qts2095e3k5h84nrpj00dqkzfhhhqa33qnpl,loop-ust,261864347,261864000,347
terra1gaqmx68ndx74hznc9fnfq3vrs3syaj8djqq2u2,loop-ust,4181202102,4181202000,102
terra1hhchj94dzn3yaxmvk4atd3rnfycly3cswwa4nu,loop-loopr,10432694770,10432694000,770
terra15y2tz3js8pc5522q3wh249gwtj26a5qx9ym578,loop-loopr,713987670,713987000,670
terra1pwmtw2j0k69eum5gr430x9uxpwr2fct7ezv8ze,loop-ust,10774332904,10774332000,904
terra14jaen66smpxzlwfhm80xk53al6spdch2073syy,anc-ust,1352923002,1352923000,2
terra1n4r7t9sazaprkjct6q9qht9fkge5e2zx48v6yd,luna-aust,51664250,51664000,250
terra1hhaa9h7dzh8jdjvl23lhxr279tv3s7s8smkvr9,loop-ust,1350135819,1350135000,819
terra1ql93653ylg6h3u0fg2grxx84z5vutgcdhegncq,loop-ust,189872863,189872000,863
terra100tdcvvqyzs5y6rrfkvw8g28sv88sdc34pfymj,loop-ust,1863464,1863000,464
terra12z6ufedftende2fekjwhyzysvllmjpq93wy9ar,loop-ust,10146532,10146000,532
terra1nhfukt0t6slet46m7cw05a2wmt07rz3ml6scly,loop-ust,40137151,40000000,137151
terra1u4ysa73tkxv8p30er6kpy4c7whndgga46gtg38,twd-ust,636011235,636011000,235
terra13um8w62a6z3n6yhhs2svqc3h4h7gfrvl64k5z7,anc-ust,364376310,364376000,310
terra1hhchj94dzn3yaxmvk4atd3rnfycly3cswwa4nu,stt-ust,65028020,65028000,20
terra1ws9nd5z5mmt8l2pdgy8synd2a6d44tkn67cpq0,anc-ust,18391449,18391000,449
terra10vtrn65y20zru92x7veamvfvxjsy9g2337mzfr,mir-ust,301295264,301295000,264
terra16sdeqgp7dswa5x6edcwsckumrgy4yjtmcdjl0q,weweth-luna,3280442,3280000,442
terra1freqtv8e0l8v0u6sgasj8alz4jjna8u28dntpa,anc-aust,275112396,275112300,96
terra189zhwmvvdzvzqd0nw25a99nnvf9552up6dmq9z,loop-ust,88944157,88944000,157
terra1vm83yjy29mt4snj846xscdmwvgq90wjnx4j7rc,loop-ust,3685024,3685000,24
terra1km2qw9yuglhgd5qknsfwrnyvdjetmx555rvhqg,loop-ust,5360938,5360000,938
terra1uxrz5ql82ft8fzwcjv73upttd8a3r8xqkt6v4n,twd-ust,122734663,122734000,663
terra1rccr67f2ahjg84jwdaeluyeyxj05enwkm5hzza,loop-ust,1388149125,995770000,392379125
terra1gd9s6366cgkr3qp6xjuwtmj3w3tgukaz553h28,loop-halo,866192154,866192000,154
terra12wp4l3amxkery6gzs8yjj2xg45p34mf5w2mxe7,loop-ust,27524202,27524000,202
terra1u4valynwm7xzpxfjmfyqe5x7m92zkvn7ux7nup,loop-ust,15748085,15748000,85
terra1dc9ac2g82ey3vauwk4xzwc3kxz7sz0g28x4q73,loop-ust,204641469,204641000,469
terra1sfctepp4jhru6xr4atwqv7sykt34x05mc70d0m,loop-loopr,35556838604,35556838000,604
terra1uvujk0juekjwjf9hwzxuccqrghj5hha768gvp0,mine-ust,373114854,373114000,854
terra17qdug8jncuw2ersxytga6k2qv8clr6l392z6aj,loop-ust,8924087,8924000,87
terra14nycf8ryj6gu4hmfmnhtad4lpmjcpsphkyltp5,loop-loopr,2662312632,2662312000,632
terra1qh58ncetrcz72cq6phxka0qqlf6h8am6swwyg9,loop-ust,254928844,254928000,844
terra12uxklc0rjyl8th787gcvhpaafm4qjj6wuv4rv2,loop-ust,65400621,65400000,621
terra1h8ptn36cnm90kff583qtn844x60s8hc5nzf2gn,anc-ust,29777001,29777000,1
terra1vv5d5zy0kqh5jppkj3fayf93frfprgfemzd3p2,luna-ust,260270997,260270000,997
terra14nfav9qdmtz643wk0x02xddvtsdxmz7ln453rw,loop-ust,23952398,23952000,398
terra1uycp6aqch0rftfqquhuvejkkaaw25t0c6st5jh,loop-ust,378900605,378900000,605
terra1nee2qqaq9kvzeqpv4ckwa9fxtpnl2kt6n47vzq,loop-ust,93247747,93247000,747
terra19lddrtayzgukf5vxdc3mcvhdgmz20vpse39j5d,loop-ust,44515935,44515000,935
terra1pycx3x9c7wsddvwll20c9mctuws4z95ggcfymv,loop-ust,20056386,20000000,56386
terra1g4zv9yt3qx6zng7j50g5gsnkr8gquflnpatck5,mine-ust,19333343755,19333343000,755
terra1u42ycefqwxth2es800q3uqzvauhrns0476adtk,loop-ust,15943302,15943000,302
terra1k2l25nrplw7d33t4wp527ys3xcfd2l60v2tydt,loop-ust,137545231,137545000,231
terra1n6sstfqphj9fyhzp5hvhhu7963gp5wnxkxqz9l,loop-ust,2120761,2120000,761
terra10cwhys6wrzkzt05usc3yuutg3v3xnchfez88sr,loop-luna,222197410,69464000,152733410
terra1exegnwwdwrwzayy6ars0eglcfgxq7mrt9z05wc,loop-loopr,214385249,214385000,249
terra139nhgrhw58px2hrnmsyvshgvyuakwwyd94fk4n,loop-ust,23855351,23855000,351
terra1lap6vfvtg5x8aspm6qa02hpmvwqruvsrt8ferh,loop-ust,553604058,553604000,58
terra1xnft9tz465f4uw2xtmfatr7rnktfdjlfcazak6,loop-ust,7574916,7574000,916
terra190pd3q28959f7g3vmgksen6k0mduh4jr6mfnjw,anc-ust,211190463,211190000,463
terra1c30tjl2yf37zn8y5fv2n4lgydk3z89fwl56x4n,loopr-ust,1366679325,1366679000,325
terra1dfstv0wll97ymz9tnj4w9gp4c2qtdqwhwqglke,loop-ust,184100949,184100000,949
terra1w9kyk948jsvrs5hq5yxcvzsgljy7lu0j2p6qx0,anc-ust,10860365595,10860365000,595
terra18y6nhkejuu5at3d2dszfs64gkx7sxkff9mx78r,luna-aust,11267879,11267000,879
terra1gxxudeehpl7dj5rwsue2rpdzqgvrkjwayfxr0u,anc-ust,15507688,15507000,688
terra1jmk8s5fv0jyrpedkecp8mu738p8mnwrwztrdp3,loop-ust,78356161,78356000,161
terra10juv06x6ryptjjun8rf96tnsyynwnnxrytl58l,loop-ust,39175099,39175000,99
terra1ah4t9jx3xj0727snp5ups3f06g2qxfwq2l3ckr,loop-ust,21250275,21250000,275
terra1p0ctrdktkmufxtf53tawhv7y999k560hg2jgg2,loop-ust,329226700,300165000,29061700
terra1h0m9vlsravy7uguz9cpcpfjt4nc7rgrn7p55jx,loop-ust,916131840,912059000,4072840
terra14rhxm5szhwg3rdzq3yc46vpjhqfsfuupn92yfc,loopr-ust,9335063581,9335063000,581
terra1r538xqpsflgvxgt6fjk8n8nh9pjr5se2xcfj0h,loop-ust,10417803,10417000,803
terra1hkqljastk57syg3rcny4pra2v47a4sk4pezpys,loop-ust,2756354,2756000,354
terra140zyc6vq4ju0j6v6k8qnengn67hs8mn58upajw,loop-ust,22327382,22327000,382
terra1q2ln8ujhdx359wc7kapn8hqnew60udwxxplp9g,loopr-ust,5057718848,5057718000,848
terra1xwn3xt4u3yxcn7yd37qphz6ktq5kua2kehsfx5,mine-ust,968196112,968196000,112
terra1af50n3z6ytvecsp6xqnuactedew6qfv3z20c6d,loop-ust,2778333,2778000,333
terra10n826kaw5xrmwe6qa5hluld6mdy36cm8cjhau8,loopr-ust,979325312,979325000,312
terra1y47h2pjpz85m9hum8sff9wwcfd86pwyvgrmg2x,loop-ust,519379037,519379000,37
terra1sffx8xhyc6twldvspgeamhlxzrzzg3p7yvz54h,mir-ust,2859242220,2859242000,220
terra1gsdpsgjh6lefewa5n8lnd48pprdsvzpj4qcaxy,mine-ust,9393869306,9393869000,306
terra1svjzjzg6gmmx9x325n52gwv40a5ugsudsf4ayr,loop-ust,18458431,18458000,431
terra1jn2pjluzqteed4hsp6w53j6802wswtq5et0dee,loop-ust,37462173,37462000,173
terra15pktcsks8r867jpmpp747vc74633wwcdkvkmzg,luna-ust,806082244,806082000,244
terra1u9vd0w2a39v8uc029387su3rvljr05zz4hkjep,mine-ust,596993888,596993000,888
terra16vt2e0rxadfpvem0q4m6xlvhndzytvxa98d7ea,loop-ust,40814089,40814000,89
terra17ku4mw756kkzm4fzhqn6g3ygjk3jexp0w0h7ls,loop-ust,1493704090,1493704000,90
terra1y7j9st459jp7zfsluj2c2fz3gzfctq39e2anuu,loop-ust,140195079,140195000,79
terra1sm0p7gug459al3lwxdk0remmhlrmr464jxsq3d,loop-ust,451500183,451500000,183
terra1wftqy77wk60ewe97r8l8gzn7hnl26x9hkrnsal,mine-ust,12120092,12120000,92
terra1th5vjqygc8f4095apauupvm070jahy7xfyada4,twd-ust,264509326065,264509326000,65
terra1kd5wejwwswg4khgvz0q2glhw9x9h8y7cqpmr9s,loop-ust,5453005,5453000,5
terra19s44y8lqyzrgvqy0szzcyjuzapjuxwjgk2u48c,loop-loopr,100280918,100280000,918
terra1gq5s6w05qzgkxr8feh4rj2f46zgg63mmq9jpt7,loop-ust,4084955,4084000,955
terra1ndwspeefsdzkddrn88ct33znalmysej8nk9ft2,loop-ust,145290211,145290000,211
terra18xfj7rcgtnv6qr53zlrsazq4y0rqrcdj4vwql6,loop-ust,1667127,1667000,127
terra1ney7lkyya52sz48wrnjttl5nc7czlf9r9ktcmf,loop-ust,8054325,8054000,325
terra1qgg802ga2tvkc2lgu9m4ph7nwe52ynq35d23w3,loop-ust,56652286,56652000,286
terra13w2lmejglfeqd6uv552yutg2zrqp2d9l33vzd7,aust-ust,1297483270,1297483000,270
terra1rgl8gnnlfztwum82sx2dwu4wsgquh30aflvprx,anc-ust,159629669,159629000,669
terra1w2zgtp0kpp38m7ff2e9rwqfrshgsev5crpaxxv,loop-ust,2441693301,2441693000,301
terra1363k27c7s7wjuxru6pn6ezsd8wym72gyxqg2ug,loop-ust,44901540,25000000,19901540
terra1r4w20u490qus7n0knwsen4ndfu0rt8ur68ejmw,loop-ust,292588925,292588000,925
terra1n2rp3cga0at0zs4a4nw2c9stfjjpuwsy0n29x8,loop-ust,45281132,22641000,22640132
terra102ly9mfvdayyh4c3m54tkrcm4qzzwy6lcefsph,loopr-ust,234726076,234726000,76
terra14saht7s6ptc8yjdhl5qe0xdn3l7nnuhha28q22,spec-ust,66504184,66504000,184
terra14l4xg3t35282aj02mrx48nww46p5q9aardxd3a,loopr-ust,39115954,39115000,954
terra1jw3cm6g2gqzdjz96j8l3f8ry7m5cwhph282drw,anc-ust,1656610455,1656610000,455
terra1gu9t3g7g6mt02hhnuedttnga9946g6q3ll5rzl,aust-ust,44832998,44832000,998
terra12kgrndemhfhlp9d7ars5e2wdazwmku3s3jls3m,aust-ust,230846154,230846100,54
terra1regdydk2rlkcpq4jm4tgq3mz923k90fyrr484r,loop-ust,5011928,5011000,928
terra1p592tjphpqxar4pr7qh3j3x9anx53w6h56rde3,loopr-ust,250575290,250575000,290
terra18wup0xwm5atth9leamw6fs6kxyeld54prh7e9m,loop-loopr,325003786,325003000,786
terra1qvhetl79hxxtnu2tj7nfhe9x4ta9fr992as354,loopr-ust,221618567,221618000,567
terra1x7atmtzrqtmdqnc5nsd3rwamv92r2k0j2wy9wu,loop-ust,764874473,764874000,473
terra19ml66nutrhcuulsgsusut3aesrdz8hl587vg6q,anc-ust,1440420877,1440420000,877
terra1zt6mltnkj2y5xzv5u8aqzkzu388xg7m2m7yy99,loop-ust,186217662,186217000,662
terra1rceeduedv3ndzr0vnswkcuyqutum3z0dzdypae,loop-ust,25813431,25813000,431
terra152tc8fqk27yle9zeuzwd703gh59vqfmgqha2wz,loop-luna,12317973,12317000,973
terra1p9zrh430c53ua4770e30yd6cnq0ywh9qd7fzag,loop-ust,277787482,277787000,482
terra1xt2hw6wuh73ng7q3yh4cgvjv856xz9uy7ayyg9,loop-ust,5129472,3000000,2129472
terra182zypc7m9h48fk0ulg4wy9sm49trr9lhd3epxu,loop-ust,88576146,88576000,146
terra1ean7s3vpuj4znsagw9k2dqaxuxcfan4ku53nvl,bluna-luna,37190428,37190000,428
terra187urys7xknanpv4qtz0hzdlx8gvc9tvw58x0l2,loop-ust,23921380,23921000,380
terra1rxrxmumsum65rx9x9tglnmwssyq785xsyxayll,loop-ust,102171507,102171000,507
terra1rda89tr78e498kfga5622e0hdgammz6pkjunvd,loop-ust,6977928,6977000,928
terra1krd5nu6x3qvz2ce8s4xa7nllgr970ln9upf24z,loop-ust,1294463992,1294463000,992
terra1fzuuh4g0vhvks9ndj0xxzeck2zdqnc838zcm9t,loop-luna,45278165,45278000,165
terra1hrv95kd7mahd4um6m807c63ptlqxqfwu8k3u4n,loop-ust,47384144,47384000,144
terra1ywwl9h8509m07ptrcjf6fgvn9vpy8j7k7eq85u,loop-ust,203109991,203109000,991
terra1sva0d0ndj6mzj9p0lqvfh7p2epn9zzehgwr480,loop-anc,3293995,3293000,995
terra1hcjmgq20tqdcdcvrdm02t9vex4nqwyptursgue,loop-ust,37972218,37972000,218
terra1dnnj0hy4wqtnhulzj69ld2ua8jah0eques3pvg,loopr-ust,16788038438,16788038000,438
terra10ml20az63nlew3n26lntrh5unf6n9kc2ay8thz,loop-ust,73636339,73636000,339
terra1h4wwplxaggvac76pldq0fz7x5h8dff78pkf6fj,loop-loopr,260633388,260633000,388
terra1z9l7n6wx83svfqkxa2q782vm7ec0fkrueqcn4j,mine-ust,1318856387,1318856000,387
terra1pp66endqftxkl6gh0y3pl7c73ynadcyackq8rc,loop-ust,26962831,26962000,831
terra10sp9lnt5sc8xc5m30xl8ku8nkajvpc4e4gap6u,anc-ust,6473430,6473000,430
terra127wn4nc3548ch9u55yf7daq8gq6mj4patf6xag,aust-ust,89558043,89558000,43
terra1pn8f07rejwlj92easw2uns492ukgpqsp59663r,loop-ust,18960300,18960000,300
terra1jx2ghcgsegefualzky8daznrsu4tsrzgsexddz,loop-ust,5562237,5562000,237
terra1nxl0t4uvgvefkpq23q3wah5xc29pj272jjgrys,loop-ust,20648727,20648000,727
terra1elnn0f6qy497lz7emrytm3z37ztkcukdyq8kc5,loop-ust,16326246,16326000,246
terra1k6xj3mpn73z5esnnarhc02guq0vxpal3x0vrya,loopr-ust,14194756,14194000,756
terra1udfycjpg580kwj8kn42zdm0k0f72dq66q59fp2,anc-ust,847072800,847072000,800
terra150nq78xvfy2kh0gv9e2p6c0xsek9lg79u9sar6,loop-ust,166541884,166541000,884
terra1napc94jpsenft6zy3xtmd2jfplpz4axunhaeuj,lota-ust,7970018,7970000,18
terra1s42rt57alzvpgud4th2l8rzqsm0nvhu522nd4e,loop-loopr,3633151,3633000,151
terra1x72sua073lk9ph6tp0fwxy56ts8ww260n6g8ae,loop-ust,9813294,9813000,294
terra1gc7mg00hc2xz65njr23n9735emv4tdewn7rc9w,aust-ust,587933486,587933000,486
terra1cwa2mm9tmmm3uxkqqa50lfmzmeap9a24j30nml,stt-ust,4080349320,4080349000,320
terra1sky0uyyycyuy0uqsjj5phzl9af5kxdu7l9a6d2,loop-ust,6012854,6012000,854
terra1cpevlen8hnzg7ndhgywenqmkl2wpk08l58nlcs,luna-ust,77341911,77341000,911
terra1dha0256a5lkhhg2p309jvypmq3w55z82rjxzyd,mir-ust,1895968522,1895968000,522
terra15gmvg8uky243pgy8yr66st6qx4ftf2jmx8f29y,loop-ust,4121359,4121000,359
terra12380c9tq88veusnrq8rz99gymc92l6fgc33eks,loop-loopr,12183073286,5661257000,6521816286
terra1pge9zu9zl72zfx89lnpepzplrd29k00gmlgzyw,stt-ust,270838577,270838000,577
terra1x0qwwlu7rsnnrqp5d2hy2e5n6z4jra5934r4l2,aust-ust,11647264990,11647264000,990
terra1x93u3euzzdmc03fevc057usv2zucd0hzypgw3p,loop-ust,1882089,1882000,89
terra1g2z5c85k5f3rhvzcu2m2nymvmkhazfwclhjr4s,loop-ust,69549920,69549000,920
terra1ajf7py8mnmxch37mge6q5k3guvk9q73230fxdn,mir-ust,47099092,47099000,92
terra1ma03jzq6lxgqrpmuzf0ydd6s5p76q2umhkska3,loop-ust,198868483,198868000,483
terra1mzpvjx4p56hqwjv6j47494tetqc7qm0tsaglru,loop-ust,12381989,12381000,989
terra12xgs0cdh5jl3exc9jf6kcr3cdpgnpt7udh8tnv,loop-ust,2391629603,2391629000,603
terra1tesk986c895rp6qu2yx6m3dwyrhuwrn4al5anj,loop-ust,9114355,9114000,355
terra1jgvles65kf2fjckpqxa7y4h2ue5dcd35epdxuk,loop-loopr,204077082,204077000,82
terra1ctld9jvephv54swvkuyl6qhuj0fqqelzdmcavp,loop-ust,207981383,207981000,383
terra1t6sdpqxwpczfn2t6rphxp3k3y3tcuu562yganq,loop-loopr,378817525,378817000,525
terra1y8j5lzxvwv5yplvdqujagqc9t2erxxzxd0a9ak,anc-ust,6187343273,6187343000,273
terra1xan8j5u42lawvq9y02ryz08vq4wg9zgaprv9ml,loop-ust,152243136,152243000,136
terra1pr4y9xps4hqa660sawl58n8lfnug87lskse6k4,luna-ust,1348681931,1348681000,931
terra174sdgf70e8540y4jfglej5effh789a2mnm5dzk,loop-ust,81407961,81407000,961
terra1cxqh750sa0uztgw7mrzn88quq5zk82kupagcgc,anc-ust,584163255,584163000,255
terra1tmzw2ewwefa0h9pq4d9sqvl5zqe6lq0w6fclgn,loop-ust,9002425,9002000,425
terra1nhs2z4rdd7p9efucy9avwt6p3xw7d4duh0mn88,loop-ust,978852,978000,852
terra10mgxa7d72yeen42zk7y5a598mnkmt6u5arcreu,anc-ust,67771113,67771000,113
terra16jpyc4sc62tq7j6xekpmsm85r6sctxdkzyy5x9,loop-ust,43392975,43392000,975
terra1kcpvnfhx0mg77kz4j0dp7h7l9ytynp29rkrxqy,loop-ust,936961605,691473000,245488605
terra1z9nd2fs2anle28wcglqqxwe5gvkkr9jsk5euln,aust-ust,89290310,89290000,310
terra17jdc4fmaumzg7hqly333p5hhzwlqd8mqn7enhm,luna-ust,437955659,437955000,659
terra139y858h3rzkyspsrct8fs8nrmel23qptljq48z,loop-loopr,5727479377,5727479000,377
terra19cl0s9xwnshvxkxxg378muujeenq3mk9vzuxvj,loopr-ust,56555778,31581000,24974778
terra16ntyv7lx6cqwcnmy4t2ppxj6z68y9dr4suya0u,loop-loopr,2718907697,2718907000,697
terra19p0vtpkjgxkm9yw63agmhzghnwq92t8k9kmspm,loop-loopr,3520533618,3520533000,618
terra1s4xh3tzrq9dvrv0cjnlxv9q05j4enazwk2pxnp,loop-ust,45446995,45050000,396995
terra108znkcmj655kjugca2wu8fa6qwgehhvqudr2vy,anc-ust,37971799,37971000,799
terra1l5x0ss09c6x2uk340x253hjmx8kkz4w6qsqmuj,bluna-ust,35506692,35506000,692
terra1uvq3v2trpxglak0ae99wvwq4z3pn96rfzz5epc,loop-ust,11552825,11552000,825
terra1ldj88muw46vgme046379snz8h5l77c6ph9rtcl,loop-ust,336783451,336783000,451
terra143maetqfmuj6zsgr6ar8jm8ajmz6780alzct0q,loop-ust,90868653,90868000,653
terra1sztvv7vpc3wwqwfvhd4el3xkttkpnx57fz0z9y,loop-mine,10690853548,10690853000,548
terra1luv47lksjyjxqesxej6av75mvrwzvxj5xluz5x,loop-loopr,585791037182,138923309000,446867728182
terra1nuxlxnyxncdl8365cv7837ulxadmy4srjwen5m,loop-luna,208193101,208193000,101
terra16cg8qyzz7veq24f8wrc2gnt9xxdhg7d9slzgmc,stt-ust,30681169,30681000,169
terra12x59k87qpzc3dt2aa8skhcrl62z4danysm7kls,loop-loopr,52504816,52504000,816
terra1z8y0cexpsvwczwtt9kfe2yrcuvsnzzgsjye9a4,loop-ust,174449853,174449000,853
terra1dc7eww7ru2wyucthnsvqajy3u7f8rn0x5ptgkn,dph-ust,2439904627,2439904000,627
terra144zd5qs32c59jrlczcgjj7pgk8h8r9dyhg2ul3,loop-ust,388762166,388762000,166
terra1s9n3gzvfgvwx3q7ejr0qh4la0lk829qc0g4mux,stt-ust,61522463,61522000,463
terra15qln80qp5wev9r62x2s583zxepl8ahpgh74uds,loop-ust,9352385,9352000,385
terra1sda82ecvzhjjf3vj7j9p3ae289z87zaen63guy,loop-loopr,2253706590,1089535000,1164171590
terra1qwg90ha9rtmsj6aedcfumulhm875qdywrljml5,luna-ust,7835186,7835000,186
terra1arptc0q8t88ad25rdghvtewxzrrjewqa2a4mgw,loop-ust,109904951,109904000,951
terra1p6th0j4y948wq2kgl7tnsklu82r9s9j560sf5p,loop-ust,4965757,4965000,757
terra1f89d03faqv09wf8fq5kfyuh0f9van7ksyc6z4g,loop-loopr,175334187920,175334187000,920
terra13qx2a2y0sk3k90g6twce9ntvefwap5wc3jdlkq,loop-ust,190049582,190049000,582
terra122x0vqxdwekc8rehtqdqhp50d2ucarfznlv9s2,loop-ust,888402419,888402000,419
terra1nm25fdgme7lga9vd9d88ycuaw00p93tg5s64lv,loop-ust,25420123,24228000,1192123
terra13lm20nwwcpxwdh6289ukl370ej5pu25mnzv3ym,mine-ust,120926460,120926000,460
terra169uhawam77rapf09rlngwff4mt6rqg046jv4ua,loop-anc,8095633,8095000,633
terra15fd2vqe72e9mxyhz5jhqaqvq4mgj09ah5dss84,loop-ust,48815444,48815000,444
terra1lscw9wn359akme9c89lfdqzrzs9kqj08ctr2rm,loop-ust,53537223,53537000,223
terra1qwwn278x528jewvhlmujmdt0la8q2ekw5laswy,mir-ust,31291280,31291000,280
terra13s2rqs8k5j7nh8sza0ppquxvsjkhgffsvspjx9,loop-ust,507849253,507849000,253
terra1pvelwvd8dj5t7d8wz07p2z9gnyz3e8js6hfxhq,loop-lota,2103132696,1011188000,1091944696
terra1j83tyv2qscve5xcr4ltaly5cdt3tswjy52lmqn,loop-ust,73148530,73148000,530
terra1rvq7ad8glqp2ex8nry7nvvgrh69q5yd50hx3g3,mine-ust,5079309535,5079309000,535
terra15060h3j7p9jzdypm9k44gyyn62th53p92tzzxn,loop-ust,25712973,25712000,973
terra1wnw9qwa6uewumdzcz4qkhj3zqcm7xrepddmtf9,loopr-ust,650108703,650108000,703
terra1pyrdvwvt5l48u52malzplktfwhp45stqgp9cmr,anc-ust,66784392,66784000,392
terra1zl6jg4zmpa34qt2s3j27twcjkv2mwgrtts5z43,loop-loopr,2914694655,2914694000,655
terra1vmc9xpmlfqxdqyne0y9rr6r22lhpvyr26hnl89,mir-ust,17862787,17862000,787
terra1vfmata03798g85fph9alft5363ldcmsuvz6uhn,mir-ust,206927069,206927000,69
terra1hfdse3wl645sdqvhfa2j70pe4rd3m5akhw589d,luna-ust,122577729,122577000,729
terra17z8cg2678wmw4zrcfa6cz5rc8vmf5uf4m4qhar,loopr-ust,19241199560,4810300000,14430899560
terra15jmwegs9pkjhz23m622c4grav2zq2mnlnercsd,loop-ust,137488217,137488000,217
terra136warx8enf66j4naf798tca5u5q24ysy00u5dx,loop-ust,441236815,214877000,226359815
terra1nuxlxnyxncdl8365cv7837ulxadmy4srjwen5m,loop-ust,11030420557,338545000,10691875557
terra1k5t4tw2ul6efnyr83lpt3kq6l732gxfshdq6cs,loopr-ust,657374075,657374000,75
terra1up4m4g6q6m40fun2x94rp3hmcp6vqcfutmm2n9,loop-luna,1467064,1467000,64
terra1wl6hacpxl97th62wxd59leljy6t07pl3l3tg22,loop-ust,195948515,195948000,515
terra1a56drw2f8aqy02te7qtz0df2lmd0puvl8ng25n,loopr-ust,109236751,109236000,751
terra1vfyjug93g568uvqh9zvn8e8u22k7a57fcsr9tn,loop-ust,662894178,573217000,89677178
terra12j3wtau0fu88fvnarjwc9kvgel36cu66ku4vgz,loop-ust,6049537687,3058146000,2991391687
terra1jq9euslp2fp3udu2x490vsdsvzckal7jdkhgxd,mir-ust,36653686,36653000,686
terra12fdsdtl09qwrtq06zs349u6law4v77x0wdlnn9,aust-ust,749501712,749501000,712
terra129jk7nkptzcnmsdr6cxa6zu9mm8lgnvwfrlmpa,loop-aust,95921564,95921000,564
terra1msv9xct9ahk4j3ljj277epp3lmel80u0g2y6yz,aust-ust,9379915176,9379915000,176
terra1yct7ls8kw3x2ucm66rxg7mgtyvw7kr5v4t4xsx,bluna-luna,2150877463,1075448000,1075429463
terra105t8jsam7nqgh7wxsk949qykfkurmrgplwla94,loop-ust,47479241,47479000,241
terra1f0gvt6uvf4ugfk57u4e3w97xylfel46c5keurf,loop-loopr,2672867009,2672867000,9
terra1wvuh2hd2k35z8rjen6rytau9g6ldk9uaqzfeym,loop-ust,4245819,4245000,819
terra1g0t5ymsl34ykd5m5qgejkeulz03v8lny7lvpa3,loop-ust,8827171,8827000,171
terra1vartun3ucp78zz42pxyc83m9dc3gmtdszpftty,loop-ust,8011228,8011000,228
terra1zyrqumwknj8rce7w0pqvss0lzkd6v7g5xx9r28,loop-ust,4468720,4468000,720
terra13m3h7m6vjxlpmhmwun0lahltfay6f38r96gqv6,mir-ust,893610712,893610000,712
terra1gw4026f5f77nw45a440ajp2j8yrjl4j7mglx7n,loop-ust,80719295,80719000,295
terra19f5ygfql3n3fkcaxf3zprkxmacxjjkv6qvlasp,loop-ust,9672073,9672000,73
terra19yc27lpd98pvdg8yjtxpvhf7gp00wehe0aua5s,loop-ust,155477261,155477000,261
terra1us4tvln9strwtksnc7cg9cyt23xddeucejl3zf,loop-ust,23801829,23801000,829
terra1zckswq5hp3krpydmztdcs3l5jl3f8e8lxjdyw8,loop-ust,77418372,77418000,372
terra1xpnnkef8e3hlq6xqnyvajud7hhq0lfz50m3ut0,loop-loopr,1603520853931,1603520853000,931
terra1qn3ed7zmtmumcxvzy6q0zy6k7d769h0qaykjxr,loop-ust,192207379,192207000,379
terra1pjuet2k0h9v3qklh8723n60jlxduj94z90afd0,loop-ust,7078026,7078000,26
terra1nf5j86ws300wks88jhf7drat6kc3lmwtamyugg,loop-ust,8580086,8580000,86
terra1z95gwxnhw5tsk3lver4kahr8ydvwwghtsdz7cz,aust-ust,1147630103,1147630000,103
terra1u8vqy4u93rh34sytjcs0ljufgadk8vs9mqv3ju,twd-ust,460712676,460712000,676
terra14c34eh6cjda7jc9r5ls3tqs93j276zfppp57z2,mir-ust,3784672740,3784672000,740
terra1r07qsuvpf50xmmt0yex8avntsucguaqvrq708y,loop-ust,9054527,9054000,527
terra14v0x3xgrxkkq5cmyrknr9x3206jlms30ys0jf3,loop-ust,851218,850000,1218
terra1k8dgsqrp364gjn9j69ulk63lpy87mxg5cg7r3h,loop-ust,4043937,4043000,937
terra16v3gn7kf73sna5wtshsds7eal0prn8zd8dl8mf,anc-aust,1534460976,1534460000,976
terra1gwecx7jnrn4cylah4mkr4cfvx52mh0psmtplzt,loopr-ust,11775070,11775000,70
terra1j6g4zef49075e4fzeguyleylpazldd3kz27aga,loop-loopr,336296162,336296000,162
terra1he2akewfp9z22974qa9k7ctqden72drfvjdwt7,loopr-ust,27952244,27952000,244
terra13vm62dg6sn434vuyrhr3jft7lkt30n78lgfqu0,loop-ust,12910351,12910000,351
terra1jjkfgew9v77xnye5wrfw9ag09m4g02tqvtp080,loop-ust,1668633586,1668633000,586
terra1vnk37xqe6pqx8gs42ha20jc34z82tzeymyx7vm,loop-ust,4870803,4870000,803
terra1e42wz8htmprry8fk8n8rtu74qge4jnpl7p4svh,loop-ust,186872377,186872000,377
terra1wpg32jhp3qnaguyayy6phxhz3kpv2c6reg9lta,loop-mir,187892843,187892000,843
terra1rcwsxy8dj8vwr8pj9nr7t9szspm6t4fzh56mkk,loop-aust,535940515,535940000,515
terra1c7pxr7mhmhdl3gh7mq6nmd0eagnzp2dvrgtejt,loop-luna,102653920,102653000,920
terra12q2g98rc3f6zdx2chc7tmw3v9mpywsu3hy9jh9,loop-loopr,16622934,16622000,934
terra100pmvhuzgxjgvgal0raxfxn4nfz405rrpgnw5y,loop-ust,27711804,27711000,804
terra125wtmwun8csta5kvhe2ddepnl3htrxl5h7fr60,luna-ust,10897803,10897000,803
terra18jcs0mtlznw4kcg8kks28endl7uvfvmsuug5ru,loop-ust,20691752712,9965510000,10726242712
terra1jawk7p38rg94snu8s4cweute8syd0z2vn3v4a7,loop-ust,6656841,6656000,841
terra1lffac54kxzxpukmepvy2wsm5vc043p52kc4mna,loop-ust,8162308,8162000,308
terra17r4amw7l8vcqd28yvt46yclh6xdxy8ec4kw7m9,loop-ust,2425251,2425000,251
terra1xs5yyk2hf555v9wm3ql52qpclvctrads4ym736,loopr-ust,183786555,183786000,555
terra1h0jdgapvywtnmjl0uk6n8y8aqw724q65wrsxvf,loop-ust,15263105,15263000,105
terra1a8apqeta7qvu9kmzw6wwxcscfvxcrzf0djp2qq,loop-mine,252551207,252551000,207
terra169eyvlffvkw2zp88l8xrgvwg2jeewmmuswu0t8,loop-ust,40867298,40867000,298
terra1cv8d7gr9w3z6mutzzxlqhlz7wxn4clyw5cne8l,anc-ust,13990923255,13990923000,255
terra1x5e98jsegg2wkxq8ckzwl6pprz4270aqlgquhq,loop-ust,36485024,36485000,24
terra190cuy9ncma572d4tvtrjv3qw5cqxgemm0yzf8u,loop-ust,1441021,1441000,21
terra1rnx89upndaqfwy93xgcm2pdnsx4r8g30wkvrvj,loop-luna,112516013,112516000,13
terra1n5swmlr29ukncsy5zfgtspgddft0u8a468z5kp,loopr-ust,14066624,14066000,624
terra14qspyd6wquwdmedgxk3yl6msrgcqdsw6t32h8a,loopr-ust,8397073672,8397073000,672
terra15jsf9tl98s709xy4zylx6cz9x9ggpppyw7m5yq,loop-loopr,15045814,15000000,45814
terra1un3ws0860pl49wkqhntg8q25ayq5v3u94uxkcl,loop-loopr,9205900315,9205900000,315
terra1v9ezsja73azc6225wx0qvt3catjwrgqpczmka9,loop-loopr,737117317,737117000,317
terra12ptewjspdwvlyvr557k28vsv86hsvqqm9ukgq9,loop-ust,86861085,86860000,1085
terra13ldjvh8tk4vk0agkcnv6dv0zg5p37ga7jpe527,aust-ust,64462147,64462000,147
terra1g5mvqzn26g68e2pdv5cjvp9l4dt5430jrz9ynh,bluna-luna,159053052,159053000,52
terra14aqddykks6c8j0lfkk00n2xe4mf65dsssncutc,wewbtc-luna,30480560,30480000,560
terra1zrqtuje7qp8nkac0sx5kay06weuvkj8r0khrw0,mir-ust,1928382747,1068760000,859622747
terra1j485yt3dfgxvpqyfwtm6hw4f6q9vlku5qx0fc6,lota-ust,35938946,35938000,946
terra10yp3yvnfarlnrv9jae778svgmupnwrrwexycu5,loop-ust,21159066,21159000,66
terra1w4ndjrgkmhp3ecxydsqew4q973klecrffphtx3,loop-lota,5625718,5625000,718
terra1g7k5ee5z9fmkzhhdx69g76025qpdn47kl3e43m,loop-lota,1371933832,1371933000,832
terra1wpm7tlawp8fsxjzh038hx7646pnhmftzdczn0p,luna-aust,409905776,409905000,776
terra10prjnq4k98mgn3nzcjmyjs4svtk6gpt9f9t9h3,loop-loopr,8912167423,8912167000,423
terra1fmfsxgfwdu5cf5lt2vp7krruar6qp9fag24x2j,loop-ust,51868897,51868000,897
terra1txfzd9jlfz7n7as5xq94q8039mmwtvv67d4jgm,loop-ust,31640562,31640000,562
terra1rvt2cutu3m0xhnq7h2spcm5qt0zyqr8c5ggkpk,loop-loopr,66186508972,17357180000,48829328972
terra1zr5farwxunmpw728cdpkrem6qu2ustp02z9ked,loop-ust,20716887,20716000,887
terra1ak6l9vy33kjq9gt7dj98vsrh53lzvhtcrdfcsw,loop-ust,5418407,5418000,407
terra1dgg9uudtlzwq0e8lx4ftmhv98jrrzq2e87syeu,loop-ust,75962497,75962000,497
terra144kqjljqsrgynysfnf62u5h6tsu9fgkuzn03qm,loop-ust,2251905283,2251905000,283
terra1ymhujg03yhlxx5ntj9ne2jfqn6t0pmqjrtlc2d,loop-loopr,15641739349,15641739000,349
terra1e83jwhccaelzqtcp378hgc3ksnpvn4svdate49,bluna-luna,21714952,21714000,952
terra15vnz99ruu52msht7hpww2t5x2l2vgq2hxjzlkp,loop-ust,62824492,62824000,492
terra1pewm5jjym2rzseqr9drlpu508mfzf6wfjxf3tw,luna-aust,24122062657,5000000000,19122062657
terra1v8q6aehmgfv9tlqe597dyunt8snl9x26qaz0qs,aust-ust,152274442,152274000,442
terra1hkn9x3cz86cufqwwy9m6wfhc8h2vxzt8y5fzwr,dph-ust,175485863,84713000,90772863
terra1d77030hrhqej0mfne6ncjzklwhj45pk9jddh6r,spec-ust,83856707,83856000,707
terra1x4n3nrvct3vt2zj98yahyt8x8hgfwh887dqncm,loop-ust,5046637,5046000,637
terra14as2wxh5hhpd0u80pcl2v0ah08djxtz0d0v3p5,loop-ust,131552762,130166000,1386762
terra1c2fe6mdepy84hsazggj3k65a5jj3we8z5ltp4p,mir-ust,381029349,381029000,349
terra1s7w7r47eq902w9pc2m2xl7hr4t2hhznsn4xjhm,loop-ust,1424710,1424000,710
terra1lxeqtx3p3d9cg70c8r9mgfsd4h254j6rykgg7m,loop-loopr,121978352,121978000,352
terra180t9k3yrsznzav4x3wx609yk9wrmlww968smc5,loopr-ust,7646502008,2168479000,5478023008
terra19t5kmq3stpn8kctn7r8r262hpn02tre3u6x44k,loop-loopr,2140072338,2140072000,338
terra1sda82ecvzhjjf3vj7j9p3ae289z87zaen63guy,loop-ust,29144849,29144000,849
terra1dp5g6f7xe8hnf2geh9n3glm2yyvsa529nfy478,loop-mir,31995370,31995000,370
terra1pew53stca906crf34e64xd4tgx5rv5ftxg0xzc,loop-ust,22619306,22610000,9306
terra1jp29y4uymv2mna4m2k39jh07hx7qw4gfvvs02f,loop-ust,110497783,110497000,783
terra1j0jz39lk0mhjepf97ntlshtzr5jjaenap6jxde,loop-ust,54077093,54077000,93
terra1zexq89cv8gxursusa82uy2x2kdf2zaztf9udyt,dph-ust,126529689,126529000,689
terra1etwq0q8wwnmq7322kz4v6ff2dcvwfm634vdkqn,whmim-ust,699683007033,349841000000,349842007033
terra1j485yt3dfgxvpqyfwtm6hw4f6q9vlku5qx0fc6,loop-ust,473015122,473015000,122
terra1hmg2eezpgts5rf6eja4rt9egakyecc0pfkz6pw,stt-ust,26399735,26399000,735
terra10lywjh9z9acz3ts4uewdndkzw3jza0fj2a8yzr,stt-ust,184434006,184434000,6
terra1yfkm8w6hdn57ec5a8xfznrkreuaeep0dkcgma5,loop-ust,5749024,5749000,24
terra15gu7wch4a48c6p0pt0kwrsg6m8hugrgdsyt2h2,loop-ust,316821722,316821000,722
terra1z28ry5hv08snf9qxx3eh6hdfvnp266wju5wn8w,loopr-ust,128925510,128925000,510
terra1hhchj94dzn3yaxmvk4atd3rnfycly3cswwa4nu,anc-ust,458049055,458049000,55
terra143chaftslaqw7clm6mdxwwsrthgc796c927ggu,aust-ust,6533170096,6533170000,96
terra1wvygywdlg7z8ymusnt35dglpjza0epwex32akx,loop-ust,1040948338,1040948000,338
terra1lmu7k7hhy5rjtp4g5pptm3896uczjstu86t2zp,bluna-luna,97059990,97059000,990
terra1crt2xlpe90g6mxzlu52k54jw4f5acu3yc587pr,loopr-ust,635132639,635132000,639
terra1rnpy8m6kmw8kvga9s8xhepc5a5skdqg8zvjfud,dph-ust,260145559,260145000,559
terra19ft66rvvyara8zs67jaxl3dyx88tglv4ksavg0,loopr-ust,12372384,12372000,384
terra1s2wcddd8jsa4nvse8hq3dffjd072znl9vzm20e,loop-loopr,7801112899,7801112000,899
terra1vcc9sja7mmnd8s7p0rjy5sfvm7mudd0qzpxgcm,loop-ust,503815042,503815000,42
terra1ratk9n5gtuqakqpfyuhm5uyyqhhkq0uvz5yvkv,alte-ust,14030588193,14030588000,193
terra1wyjk7lee4r4whgxqpxfeu34rzs950d7c96gwgn,loop-ust,400720720,400720000,720
terra1auzywe33pxvxl56sdj575gk52wknmp9mml5dja,loop-mine,199916531,199916000,531
terra1mnvfcgex5ucjl6hctcfm88t04ykdyzthfcx7a9,bluna-luna,110786813,110786000,813
terra10v9sx6gj5th3wpv3tjue82wmdwd8al5v754qjs,loop-luna,54959600,54959000,600
terra1djq57x93mwm2l977k59ynd7x57046dqnk7vydw,loop-ust,17244541,17244000,541
terra1350njpc7v476qk84jgycrlggylnt6r36sdxqs5,mir-ust,17560165670,6502155000,11058010670
terra128masd777sqw2uak3qhkvqnnlzxtvvegtku860,dph-ust,4960696017,3298128000,1662568017
terra1c2605e5cfz7gswljn597guk6gwuerayzt8t3uh,loop-ust,52213219,52213000,219
terra120uvzre2y9ckr8jqhfgmughn6url9n2lkxr8jy,loop-ust,46167656,46167000,656
terra1p2xpt784jn4598dkkee7v8gcnp25mmn7ghls9j,luna-ust,7822779,7822000,779
terra1nzpwwn7wajh92fk4hdezp5m9sx0n7tehq9cpxz,loop-ust,304221721,304221000,721
terra1hmlkakslp6rrsnq3lzpzpn24y3f4lqv7dqvu6c,loop-ust,107678421,107678000,421
terra1clp0wlrxjpxjs960yz4ep0h433zckdjtcpjgpt,loopr-ust,2000716599,2000716000,599
terra1kxt33h6q02nwnunsmxxxyjvh45tw8s5f8r04qp,loop-ust,89314440,89314000,440
terra1lsuswjrprac9mk8uspjhy8w7ffezh3573xgl5j,loop-loopr,50893484235,50893484000,235
terra19j2qczgxgm65j9a22zrjc7zu5djn9ec3m0nu7k,loopr-ust,824077421,824077000,421
terra1qqke02qej5xkhayhjfe7y5v9s8chs69jr72vgd,aust-ust,892492082,892492000,82
terra13nkw2mvuaxudcmpqjsus5tcld3vsdp4ff63l5w,loop-ust,89895823,89895000,823
terra146ve4yt8r8cp7a4ynllca8zqr9w4r80hpa3hzr,loop-ust,11686776,11686000,776
terra1cugzud7d07txea8zj067nulgrt6uy3acunhy6h,loopr-ust,20530203111,20530203000,111
terra107lm9kq6204hvsyh40mlxetk8v8a4guhp2dkw9,anc-ust,3490646,3490000,646
terra1ak4mx8x4lv227pdkrxnwqjgm8vfxwfhxnth2fq,loop-ust,74792229,74792000,229
terra17xqx8swzap8wtch0ynsqz2p9vtzchr8ejfyyy5,loop-loopr,207168638,207168000,638
terra1h29hmtj9apw30czhw0l0pdq8z477sw8emze8ng,loop-ust,19057059,19057000,59
terra1zq8wnmqedawy2wvrd89rmmt872df92237n4s9w,loop-loopr,155202249544,76482220000,78720029544
terra1gd9s6366cgkr3qp6xjuwtmj3w3tgukaz553h28,loop-anc,160878294,160878000,294
terra14783jqaapacrpsgjrvynnzhga66dkqndxv4u5z,anc-ust,433653532,433653000,532
terra1qaym2k72mc2qfm2l08lzv8cm4v6vwmdth63wcj,loop-ust,54989522,54989000,522
terra1kdnzxzstkd9u4e8r8rwjsa5j38jrk3j2qvugks,bluna-luna,844961262,844961000,262
terra1wan6shmnrqnxypchurn8cncgq3e7fq50afhqny,loop-loopr,3746274740,3746274000,740
terra1e66g47axnt2uawz4qj9kv0r54sy3y5g90m9upf,luna-aust,979953208,979953000,208
terra1x3zqmq8ff3yf5zy9m6y3x0wpavk4er4anu0l3r,loop-ust,111319430,111319000,430
terra1c0nyws636wv9m6eag4uam6x0twtrgcemwym347,loopr-ust,1144664977,1144664000,977
terra1l5y3578mn2af427twx6eeux62dntra6skmprqe,loop-ust,18718424,18718000,424
terra1jthu7prnct06vs9cpw9a2d8rze6kqjhg30gqx3,loop-ust,9059858,9059000,858
terra1lcg36k8lgr48mjyaavskyctytej4fh8slvt7tu,loop-ust,9281943,9281000,943
terra1adt5rzsn9k07zzvujup2n6srxgnev2r2ptvvre,loop-ust,455224609,455224000,609
terra1tjpq6ew2843wtfm66gypczg36csha4a9utg6xq,loop-loopr,16543929821,16543929000,821
terra12dtyaagyz84a53a7m2gm4azqx9y8csphm5tdgk,loopr-ust,18255581702,13492205000,4763376702
terra16rq082qgp986wt75kscwsgrwrk6tuc3jms9s8r,mine-ust,212197875,212197000,875
terra166way3ven0hg74wuwjar4fdjdersuy63nl8l3r,loop-ust,609725405,609725000,405
terra1llf0dtmm8urhm4zpmumdfyvvvz0lfe9wqzryeq,loopr-ust,1240371686,1240371000,686
terra1t4ta20g2g558d65g2ge3hhfcwswmdncezkfz5t,aust-ust,16513503953,16513503000,953
terra10ly256ymnqcjrkuwlmwfcl7aym6jfsq8tlrxal,loop-ust,5235723,5235000,723
terra1kanjdsupnfm59d8qhk9dcls98w075jeq8j0yr8,loop-ust,33930785,33930000,785
terra1xqx9r9cavtg4y4yhl3lvfgwhyn4prz3hlxspqs,loop-mir,63316628,63316000,628
terra1fkm97he8ghfgkznjq8n9qewkzu55guz62kl4hf,loop-ust,11950742,11950000,742
terra1yrzjvsa7pjftcal2edp5qqfypswegle9qwahqh,loop-ust,2623284,2623000,284
terra17tdxz4xcrk9z7tqdevcxx64mjkd7707eprjm02,loop-ust,666758876,666758000,876
terra1u4n4g9ng5rf3l2uldsulc2xgez7wpaal5yentt,loop-ust,43763448,43763000,448
terra1qgljkdy2pxadyd63p8yetmd0x48ch7dc7vukea,alte-ust,565697669,565697000,669
terra14sk29mhrys2rzx80q4ntl2gdu5l7d9exg584zu,loop-ust,10589292,10589000,292
terra1f0h8x63qmsl76eth0zvx9fw3e485rey4x58vjs,loop-ust,116847568,116847000,568
terra1rgxqfnaaqymum43th5hey5zzu2jn3hu48j9747,bluna-luna,21006879,21006000,879
terra1fsawegja5434aql8sazytzvyf5dmryseup9mfn,anc-ust,51330256,51330000,256
terra16a8pn86dejg2wxgwt657qhd7waldlwp47tfaqj,loop-ust,10010118,10010000,118
terra1aqgs9r8e248dkp46mnvuqvlq7d794utuz9xmcy,luna-ust,73810228,73810000,228
terra1n6xgv7wrgl08qdqpkjz7l9u8gr4525wlf3xz4k,loop-ust,5317508368,5317508000,368
terra13u5u50skc7wlx5se4l5qa87f0vjk2dt9yjj2qr,loop-ust,8892991,8892000,991
terra14ak6emx0ql5j3l8l0w6a6zzmmdawkmdqmjzr7x,loop-ust,4334304,4330000,4304
terra1a0dt6rcr28s29wg7w9h5ryjrk3x7jehr8juqzx,mine-ust,8587135,8587000,135
terra1ffzavhxevq6fj0ghf8yylsch8td37wlv0cf66y,loop-ust,8499161,8499000,161
terra1zr23srte28jt9ph0gzdpvhs36fhqe92kcfq7gf,loop-ust,58587014,58587000,14
terra13cx9ya7cn6x4rcfdqqqy4aunkrsmv9ke5sp549,loop-ust,44341711,44341000,711
terra1tdt0vzg5pt7e8z04sre7lehw6swmafmf49xa5r,mine-ust,633741604,633741000,604
terra1p6qcnejadrvr6p5ftnj5tl6pjw09yatahn6msm,loop-ust,41758228,41758000,228
terra1kla6pf3fwv4fefk2jy8250qdk2q0z4nalxesgq,anc-ust,66737378,66737000,378
terra1j8xtknstj0qjypaul9u6gp7v7ef07furxdtmqs,mir-ust,748699942,748699000,942
terra1je3s743jlls0c0qgl0qyqvc7sklwfcvyc57geq,mine-ust,28458713,28458000,713
terra1w4zap2he7777z0063xltzayl5ga820fkzd2gqc,loop-ust,8326630,8326000,630
terra1eakvqc4vkvvtwt3qht3szs8uy7gdqt7t0cwe3c,bluna-luna,124734517,124734000,517
terra1yuahmwca5gpqgg4xdl0gy78e4qrmxccscmsy75,loop-ust,9521289,9521000,289
terra1m6vr8yeymhtcuxyw46gedfl6jq6jpp50yt4ltd,loop-ust,30595715,30595000,715
terra13vf0jap93hxajj8r777v4ql0xxqac3svjvy26x,loop-ust,8984158418,8984158000,418
terra1grkvm3sv94gxm3deej7j5red435j3fx80mmkhz,mir-ust,6615323962,6615323000,962
terra1vkxuez7ycapwj8r5247ms80ggdtfalm4yhx2f3,loop-ust,10081665,10081000,665
terra1rhlgcz3e7xa8ml76g6zyvfpe25spx4rcfw4z62,loop-ust,18145464,18145000,464
terra1aa2jv5lnzfxpvplu50ts8z078r8xeympe200m4,mine-ust,1049674950,1049674000,950
terra1w0xdc4hrs7p4gaj4zw77vkxpcrak3ujphup2mn,loop-ust,23502927,23502000,927
terra1u8rleslsmq0zcjsnj5yqtzeldfks7hvfjk3zjp,loop-ust,44203976,22055000,22148976
terra1803hj37yh5ugkptpv2fml67e8q36h8sesxmzwq,loop-ust,463497181,463497000,181
terra1gt7fzk652vwh7q6tc8rlwqs4tzpvqv2p07vla9,loop-loopr,350981207,350981000,207
terra1ake020dt0q3auj4rjh4ne895ng0pg8kql9f6j5,bluna-luna,171568567,171568000,567
terra1pu7f4f4td2clr6rxvxpdrhkm94aqj3xepx7gkr,loop-ust,51650938,51650000,938
terra1te92f59m4aemaaauh2qt6q6g62355ekltc0c2v,mir-ust,271809803,271809000,803
terra1j2lfle5zt00xv3e6zp9wghpx3lqf668hazlaqz,loop-ust,96118803,96118000,803
terra16jklknqzm7rzaf27yrrxwunx8sm9ds5t0pa9qf,loop-ust,23111365,23111000,365
terra1ph2g3numc5ac07z254y5nnvl7ne7ynue04gh24,twd-ust,14516754527,14516754000,527
terra1t448ck0rx9cpdzlv42gax3j356ewcxdrydgq50,loop-ust,13408857,7426000,5982857
terra1hgtuuskh793l5z4jzeujpcr0xsggn7agv3m843,loop-ust,45962920,45962000,920
terra18ymr7sdlhwvm3ha6ctn060tz56t0qefaqa7qjt,loopr-ust,681287306,250339000,430948306
terra1yzpgcmr0q4svkn3475s968hxvdl8wdspg34us3,loopr-ust,134263037,134263000,37
terra1utppf7gn33d4x67a3yklureq4vv9r8saf2gyvt,loop-ust,6648767,6648000,767
terra10hh6vwkqa7ryklff48u9qkcnx7jzmf964lx0z0,mine-ust,9578769978,9578769000,978
terra1uy9t8wz70uslh5h0sg2m6003dlaja0x9vurnju,anc-ust,27795105,27795000,105
terra1eqtgyy9ypywtyttf8jeknu3akhk7q2pxktul3y,anc-ust,84904036245,84904000000,36245
terra13lhenxzg8gpmrt0rctkgje8hz78sv2pdzzlp0n,loop-ust,153559689,153559000,689
terra187s98v05cv0rlj24tmk0ex49rfg8tdfd36cpsn,loop-ust,192298174,192298000,174
terra1durdld7xqrw779z5rwc6uxysrhunz6x7q3cnnk,loop-ust,8222671,8222000,671
terra1tdt0vzg5pt7e8z04sre7lehw6swmafmf49xa5r,lota-ust,61607654,61607000,654
terra1zjg90xlkhuxtfazdaz6hjfdw806hkqd3sx73a3,aust-ust,197348984,197348000,984
terra1wcugdppj46qzl7uu8rxz6u3uxcjsnzkhm59e9q,loop-lota,76296528,76296000,528
terra1ec77uqfx5dvxlsrt609ndxzw25n322fnega352,loop-ust,113575037,113575000,37
terra19ep8de8lqql339d6va3aca0cx905mh4cm5kqe5,loop-ust,22815635,22815000,635
terra16fkxtj8xqalqycg3s2yj8zu2zlk97evtel04qr,loop-ust,41481968,41481000,968
terra1ser6r9dxrg7q7u2mmlp8t44zq3z2gujnw5pzt2,loop-luna,25567363,25567000,363
terra1n8k20lzajfzemtf990nxguuzc5sq69suxnkak3,loopr-ust,981142439,981142000,439
terra1czzqw7t0hvzldw0jxhqeu3k2jy77snuwmlejad,loop-loopr,19075127578,19075127000,578
terra1fnx9jk030qlk7dhdgs34wyls7cay5uh2n8cxe8,loop-ust,100901410,100901000,410
terra123h3ehk5wu40huj3lph60y6dcgvau37xjjakwv,loop-loopr,11905089658,11905089000,658
terra15xzr4dgvyqq48xw5093sc276s3hjw8yslp5y32,loop-ust,1581037707,1581037000,707
terra1wfa7mpy2w3tm95863nzhuks9jg9etru3hk22uz,mine-ust,30583480,30583000,480
terra19f644rcedvvrn0rh3fn5v3yhtwvlc6meerqy87,loop-ust,99198405,99198000,405
terra1zfrwqdthlkz5t6v9atk5n4z3w6kp7p060leacj,loop-ust,35516186,35516000,186
terra16hw950c7gznakfe5rcuj4dj8v94em9kdw9wak6,loop-ust,1281886533,1281886000,533
terra1wpkaprtjflccl0dr0fwp7a2x4yjr5amwra268w,loop-anc,2999437,2999000,437
terra1hq2xvn3gs7kc28ymq03803xz7xfwvjak6d8ula,luna-ust,253563758,253563000,758
terra123h3ehk5wu40huj3lph60y6dcgvau37xjjakwv,loop-ust,734152932,734152000,932
terra15h5qsxpqfcldcm3jncwdhk65cm5wfv07lupslt,loopr-ust,18021249,18021000,249
terra1a9nnlxzg2lpg98gafn0mcwwx5f8t2tsrnwjfxr,loop-loopr,184201320,184201000,320
terra142axcarrsxn5c2d29rc90nex2ws7qu5fnets7u,loop-ust,46445896,46445000,896
terra1vm6xg8pjsw833s7td7cpccr8gcsnn4kskcxpnv,loop-ust,8898912,8898000,912
terra186dugdthm5nnmlljz3d8lrmjud0eg9z7mwymzh,bluna-luna,98577101,98577000,101
terra1szx5plhh06wy4a74tslaf0vuy3vjgadgywyqlh,anc-aust,127363497,127363000,497
terra1er2nsdte5cv24nqurdcjepq6y0ck6rszhckewk,anc-ust,511529190,511529000,190
terra1ymzp79yss96dvmsw7d0sseu99w8ujqzsn3qtas,stt-ust,60943478,60943000,478
terra1w9qn9rjhshpqhau9tdf93ena2ugr7z9qrrt9tp,loop-ust,60086616,60086000,616
terra1y220eajx27wrse8h80y83r8supzznwuq8p6xaw,loop-ust,3774952,3774000,952
terra1s5qxym6d4wede6ganen4yczuqj9tq22sjgj9kp,loop-ust,5551791,5551000,791
terra1uzdlgqqcd84vfjfkt66w7ac4243k5nps6n0rlu,loop-mine,42595716,42595000,716
terra1e852tmdsyyydw0vsv479n28ut6met3qhzk4hu2,loop-ust,29647987,29647000,987
terra1lt874skdy7w34gngd9jhnredthcszxwhtlflse,loop-ust,23646795,23646000,795
terra1vl0uvmd9gr8t7nc27frumcltvx6ys3kf89pyus,loop-loopr,417064520,417064000,520
terra1dquewjx5p5dtwdhjlml7fjqsa2vjaazq3ycw3e,anc-aust,11476989,11476000,989
terra1usrj2e55jvtvq0hfl376dfsu9kv48z5j2dupc3,loopr-ust,6032642,6032000,642
terra1p0mnmxgzmftynkym0n5t0fq3wv2mmzszpc0ejq,mine-ust,6099106,6099000,106
terra1wscrmyzlr2mz9h3zz6dy65jqqsvgn84ec3tkmh,loop-ust,118040585,118040000,585
terra14mrkq0qwl2emdcltyv80ptw9urslyl46gsx5jp,loop-loopr,84694721121,84694721000,121
terra18e3d6jql3ayljgqefxm7fm4ywnwv95c4qfx4u4,loop-ust,18434783,18434000,783
terra183us5gqe83sw9mpt8dv84m37mpdnz5lc5hqqtr,loop-ust,58143665,58143000,665
terra1qp0z7akj3s3dmgn5necj9l0fcpjuyd5yjqeqt2,loop-ust,262635646,60141000,202494646
terra1nn20cvvwuwqgwj2kwgz0xjr0403rz8ehhywp4y,loop-loopr,4153629488,4153629000,488
terra1xk06gn9pd3kz6j3g6pqa7tkwyx8vtaz7xax429,loopr-ust,3767205922,3767205000,922
terra1cyflh8g7g9rvua3ggyht25lcwgh2zhplxqm52e,dph-ust,13259060,13259000,60
terra12p4jn9f6jnxedhueqecsvxaww0042wehj8s3w7,loopr-ust,12887689,12887000,689
terra1h7zrw8ryhvfh29hyenr4l4w3hg26u6juuw55mf,anc-ust,7901085052,4900645000,3000440052
terra1nv4zxl07s5cnja3aljs5a5xgczwcyrygt56dm5,loop-mine,366799072,366799000,72
terra1pypclasmmepkft52c59477s2nj0huuhnzuw2na,loopr-ust,334288068,334288000,68
terra1xg54tr0zqjndwj7vv3d4qnjzvfh9kzxtghfsjy,loop-ust,8102182,8102000,182
terra1hqdj9kmvw6tjx7daw8s9sq4gtj0smaatt0ru4t,loop-mine,116172590,116172000,590
terra1tqhjq8u6d3ldgcpklt7elmzkwxsznegsqsjsc3,loop-mine,2719304,2719000,304
terra157lkumrk8wdm5krhnknusv22xajvs8h6jl2dun,luna-ust,24651191,24651000,191
terra1sf4gyv777lawjf9xdz8xkdx4znpy7g60wmtxey,loop-ust,187207933,187207000,933
terra1k7av4k7llsydvswlrgm6ezrupe7dlnckp054ul,luna-ust,256293975,250000000,6293975
terra1rnx7d6dw8fvv6ngnk40n9kl39ql83tvee8jsmr,loop-ust,144667773,144667000,773
terra170lnfw3km48tx8uukcxkar0cp58kan2p2c3nkm,mir-ust,1018964353,1018964000,353
terra1ja2ztew76lgaly4ye8dclv8srsj7s2ysvjx4h7,aust-ust,106747178514,106747178000,514
terra1fyk248m0lky3pqcxqcftt6fc0rdm4nc844ztzg,loop-ust,531268475,431337000,99931475
terra1s20enh3wxjg37vfur6p5g9arm8yhgzkkz3egc5,loop-ust,94414848,94414000,848
terra1h0gr3hnf4966cgamrz4tnh3ys9pkr9p67lsvk9,loop-loopr,4738672255,4001073000,737599255
terra1uyftprjpe9u3a2l437ax62frch9dkemk392a25,loop-mir,4875600,4875000,600
terra1q0z4zu6zf0ykeffmxkkrycfy7ndhm6mzlrkp5d,loop-ust,26525802,26525000,802
terra1kg0qy2kz88nwh2ev5cx4mt2mvqyljrxe5vvks9,loop-mine,14646009,14646000,9
terra197642ppcvx0w662vmt92lq699lhxqcgtc6x7c4,loop-ust,238762871,238762000,871
terra1vled2mpp8s2t0zksvqj0wlvwjcw50ema6h530q,loop-ust,67731927,51064000,16667927
terra1pmw6yealvu4smtcfggklsg8n0l75uf84v96hdj,loop-ust,3602346,3602000,346
terra16uz8fmmcwysgmy3qgqktdvutw2vedf3hrdhaar,loop-ust,61116190,61116000,190
terra1z84u7v4kvvkqx5et4t5ydn9ncjufezqgkekxqg,loopr-ust,100578274835,100578274000,835
terra12fnsj4zsf8t072vwcx5e3q2qra6vpmx6wtg3ns,luna-ust,23040058,23040000,58
terra1dam2azx79xduz6y74xzgqstslgfv4gm3p476kh,spec-ust,43673089,43673000,89
terra1glygpwnu9zg80ag3h8rktp9pus75mt9va9eglc,mir-ust,58380666,58380000,666
terra1gl97azssenpq6ctl9r2s9duxfgsvsyheka4m88,luna-ust,28584249,28584000,249
terra12w84exy5zvzexcexn2wm4e5tvu4xtg0u5ag74p,loop-loopr,30492942688,424484000,30068458688
terra10yhe0gxaq97ccqmgteggfqr9cl3dgckjjg6n5y,loop-ust,46435783,46435000,783
terra1n2knzalr2jxhqre7uexz3ngldv9eya87h3fv0p,anc-ust,17984065483,17984065000,483
terra1anu0xtzr56eqdp8uhwvv8njstflgtwxufe253k,loop-ust,1528293869,1528293000,869
terra1khxsftp64ygjeqd5tn2hjake996d7y0myxrpml,loop-ust,628531661,303520000,325011661
terra18fp9mc2wg2d22runfc8ztrkr2re3dhphm6emul,stt-ust,233159055,233159000,55
terra1q8traqj4vln9hek6jsr2vksyetc3ztkfld45k9,loop-ust,263068735,263068000,735
terra1ku92zgu9fp7h4q6ctemnzwj5992dzv4tkrrxvq,anc-ust,10805968,10805000,968
terra1sydrcejtmhlcn6ts2vwkxapza7eglee5nq3gf4,loop-ust,441196210,441196000,210
terra16qt6pvvfexuvnhfdz5w9k3n22nt4mxzyhmkx6k,loop-ust,8824564,8824000,564
terra1jeym46ydghd708zjswt58ryj48885vt5vsekt0,loop-ust,17175052,17175000,52
terra1klxrvvwdpdw4tcustm036kw6q8un32q8e2xxvx,luna-ust,495374491,495374000,491
terra1s8e6jhhfup6w4kkl2peypl5eurkg4wf4p6cgqa,loop-ust,27197661,24933000,2264661
terra1jy580wyj4xzkuu8szjydv7z0fqte2u4tw8juzr,loop-ust,16425069,16425000,69
terra1whadnfqhhq6m7pp30vq3t3x0qvv94xmmf7l6na,loop-loopr,1425510664,1425510000,664
terra1l3yvq7gjh2rgjzju503lhszxpergkg4mn0s20t,loop-ust,188201629,188201000,629
terra1u7pdjz5h4t59h08jtwqp33m4ezprvxspfdt3q7,loop-ust,1762526,1762000,526
terra1g84gds5z892per4hhqh6mnmgfwqjr47tqtxpxs,mine-ust,3536263,3536000,263
terra15xjaxfv83p8ne65xeryzf67qffqjz68tpl5efg,loop-ust,3003495,3003000,495
terra13entnyh9vun2kx0ckpfdasypkda3ynj8ak74ly,loop-ust,128399621,128399000,621
terra17jeakapcxhc4d43yxpxu9mctg6atsprc9qnz32,loop-ust,120043542,120043000,542
terra1zw5y9nxam9xwne72sz288eectpwywywll8f2tr,loop-lota,7409097,7409000,97
terra1aewjd0qsv5c2emsgm4kxxh206pxlycvtr9cv69,loop-ust,29761236,29761000,236
terra1en9aq5zrupu3l36rl9nflad0jqsz4y35rfevpp,loop-aust,42883625145,42883625000,145
terra1lwd225knnv4ymwjm2ldxqsqfvc8we5la7eem4a,loop-ust,9439541,9439000,541
terra159m0lgdlyd2dgfgzgfahgzxnjhsgvrjv6y4g7v,loop-mine,2595771,2595000,771
terra1jypljtsc3yhu5gt33cev2yn5cdc9l0e5hmtgwc,loop-ust,1012683158,1012683000,158
terra17ve3fc5zsdnaqk47j62ulv4j2kvyn8mqwkhmtn,stt-ust,460455,460000,455
terra1uqtmjtaglzhu35w75yxmmv0arzdnlyqgv2upzq,loop-anc,296389206,296389000,206
terra1h2gcltjmh2xqd3j3r4rlh4k80muyuvk9qq7wa0,loop-ust,94994963,94994000,963
terra1ug9lyk4evpvhx30ngxq8k00w9gpuln066wqv29,loop-loopr,22137439132,22137439000,132
terra1m2f5jvlwqvs2pes5uj8z7tztyefdlw9xxzcn27,loop-ust,107200927,107200000,927
terra136v9452hxed9pphv4vvte8749al5pc3xm5k8p0,aust-ust,323736380,323736300,80
terra1uxrz5ql82ft8fzwcjv73upttd8a3r8xqkt6v4n,mir-ust,82682966,82682000,966
terra1gwyc2rnkcnlrzvnmk8fjsk6reagn9mp3gkhawe,loop-ust,64070329,64070000,329
terra1363xkuh8sxyd8wqe9a82gr6kweahk7wxj4xcvp,loop-ust,8654568,8654000,568
terra1kla6pf3fwv4fefk2jy8250qdk2q0z4nalxesgq,mine-ust,121807953,121807000,953
terra1pcxpyv70ma3qhzfddy4cadvh2mq4q8gjlw88dl,loop-luna,7426599974,2697079000,4729520974
terra1mvq4q0zepjp0td42apueawacx86ryltx56fe4p,anc-ust,192407881,192407000,881
terra10ns02yzgk5s9zy0pg97400gsdkvam85675mgm8,alte-ust,3505914,3505000,914
terra1hue79xtuzk04gqujqlsysc5sfcrwquhvv4kzfn,loop-halo,723922133,723922000,133
terra132klqrjk0mzg4f46j902ftehtnuqj5xt93rj3f,loop-loopr,69765379,69765000,379
terra1x0t7hxk40n7tw6v2ut83h99skzek48sg9zv8nd,mine-ust,4006029421,4006029000,421
terra18gx3jjt4r7p66mdkar6uuaqcy43s38gpchevej,aust-ust,2091224182,2091224000,182
terra1vsm2ylq5nf9yky2yt5n7acgf729nlmdsun94ll,loopr-ust,7679734,7679000,734
terra1mdh63el395vcmyvklnpu9cuq79k8jl0qf8q73p,lota-ust,76408870,76408000,870
terra1v9ezsja73azc6225wx0qvt3catjwrgqpczmka9,spec-ust,8066131,8066000,131
terra174hqa0rpw9s5zv79pg0fc93kc8zss7c8vcqk54,loop-ust,19161993,19161000,993
terra1dkyphs0gftagfa69l3a5huvfqs3t7a7gxap9mt,aust-ust,1841066858,1841066000,858
terra1qlmkpuuxz7d7pt5c53zpjh9hxgl79x3qcveq6r,loop-ust,247432779,247432000,779
terra1fdrzf8ega84n7hex7y4ng3rr3jmwx6pueqdtas,loop-ust,56144194,56144000,194
terra1z4swhy5w2aa4h7nkrnv9p3m7je98cymmdccage,luna-ust,16260415,16260000,415
terra1v7m3az7vhrdckrhqkjecey2hx5qah74w7c5yy4,bluna-luna,4541453,4541000,453
terra1ls7us2m89c7e386xc2gvvzvcz86hqtcjqwrwh5,loop-ust,11047102,11047000,102
terra1xzdgdheaa967x79h2zjz0j5hmrhxleq5esncjl,anc-ust,156888819973,156888819000,973
terra14q07mgwm2ava8xvcn75z04rp0sz0tp0zj2mvu9,loop-ust,4533787,4533000,787
terra1ptezvcfvg953zzr94klf07amygkjvam74tsych,loop-ust,5184529,5184000,529
terra1c39cjtwhmte6s8efmea37prncgfw7j4q5h9488,loop-ust,1374713,1374000,713
terra1ua4lk2je7nu05fal7z328w3u7dzs6m2tz2sus2,loop-ust,358048661,358048000,661
terra1070sh5j4tzz3gupfet4mm5vdjpkyfgwn4g3638,loop-loopr,48582837556,48582837000,556
terra1qt98ugsekmsds6v2uymtkpgch5cjewmcjnck9g,loop-ust,4266322,2133000,2133322
terra1ny6npvk8ysc4d5wapvegqx4q0d4zyjj0acwl8v,spec-ust,40941953,40941000,953
terra1fs9lvmfca9qgsz67u3cr894nxua495lh35a4mr,twd-ust,1972068860,1972068000,860
terra1tqxmnql0jhls7mac6zlh423kljufzyxhf59pyt,loop-ust,160129008,160129000,8
terra1d95p60dkvqj3w34p5ruya9l6hxvq2k0303ham8,loop-ust,14895292,14895000,292
terra1c0z5z6s47nmjntwdu0rwpccqr89zp8zs3wt5yc,loop-ust,4597107,4597000,107
terra1kkfjqv0r24y9z7nsnarvpvd74cau70kxq3zrpt,loop-ust,34853103,34853000,103
terra1pdfs0zgwypjfcnusschr7f4vdfhm30xuevstrs,aust-ust,448063367,448063000,367
terra1cardnznmgxkveucmwqa4v76t7u3d8h8ldnevxh,loop-ust,792156528,792156000,528
terra1c2fe6mdepy84hsazggj3k65a5jj3we8z5ltp4p,loop-ust,209087685,209087000,685
terra12x5mtg3knhxyuw0el86n77qnt5xwundmzp82ka,loop-ust,80519202,80519000,202
terra1237qa4s72mdm9h5e4wjm7gfu6fdjmykzcyu9gf,loop-ust,1456301626,1456301000,626
terra18q27002z84vdjs3vgy9qa7nalyv6a3h2gghaux,loop-ust,17470467,17470000,467
terra1xxmal3vy5gn5cxfq7j2evsqts8sg0puav5grw3,bluna-luna,58444844,58444000,844
terra18w87csj67zk026npa2qqgcjw0l9q2ueemscp95,loop-loopr,238734655,238734000,655
terra1pmrarnengyupc8e6uqfd3pc099mw246crhjgac,loop-ust,114093492,114093000,492
terra1m9l5vjnjpzp8fdc5annl8vwkhqfdd0p0wrztzs,loop-ust,20463134,20463000,134
terra1kswkz0axla2hjqdcfhxgwh7ltxt0j3tk5mv7e9,loop-ust,3231049,3231000,49
terra1586s2u06vqw6unxfahzwvhtffqle3ytkxyjtpu,loop-ust,3724140818,3724140000,818
terra1kzmt2hgtcy55jp9wtg7ksjssph40tccgxfpf4q,loop-ust,2123036,2123000,36
terra1dk0env04s8g0sse0cz4ws238fe9h58z6rfkyl5,anc-ust,1577408633,1577408000,633
terra1tjhrx4zva2ul9chujlcg4fa9d83hk9h99p47ra,anc-ust,63830894,63830000,894
terra1wp3t0k3rn4aerlay6z68dxpr8qveac0qjntm8e,loop-loopr,9200235700,9200235000,700
terra1hz2jpnmferhmaqevfgtxjagat9rv3tey69n73m,anc-ust,30852609,30852000,609
terra1w2uhn0u6amprwse4ek2dghwgvgaur39rgv05d4,loop-ust,11799405522,11799405000,522
terra1s5rc2sxfw5ky63grj5knpz2macefn0a0qyf7sr,bluna-luna,2632595,2632000,595
terra1hq9hf64mywddd7h9sx8arx0sju6w8gst3rglpz,luna-aust,8625778374,8625778000,374
terra18vk8xtsf8vyslf2nmywc0akq7uj0tcqq6yjs0j,loop-ust,2669217,2669000,217
terra15jspq7vare5lkpgtvc0y4k5sn68mjqpeya5vjg,loop-ust,322586850,157998000,164588850
terra12p33huxccxt54mfd852h2q8hsajhgp3kw8u7x7,bluna-luna,502314857,502314000,857
terra1apn0tfrgackppcy96l5vy7q6d2h249w4jscsf8,loop-ust,31967025,31967000,25
terra1z3g44s97gnw2wn4ktkcavmjrx5kpfvah84f3ar,loop-ust,71488274,68913000,2575274
terra1xsfg7hudv2ak8wdv70xcfkzj279xcf3amf6p9z,spec-ust,162527002,162527000,2
terra1m0e26rpmy7fkqegty4uqv7e3vm2atdj2acxcnp,loop-ust,2730214,2730000,214
terra1acp2rn4fw2fglycgmy9ggpy7u4a4l08fv0rvj7,mine-ust,1208641847,1208641000,847
terra1d9jdsq8tfm5wuu8cvzvwjhxfkuck34jw2rkdnl,loop-ust,42586564,42586000,564
terra1udjdsl86w26jlyddhw37gs0jsmu0gmkfep788h,loopr-ust,27366941,27366000,941
terra1vwlde6e8yxms34p4km73u89emfda0kxdtjjuq2,loop-mine,1555877912,1555877000,912
terra144z7kxww4lf8p355gnft40m3t9pet585h7xf79,loop-ust,1870809,1870000,809
terra14r98q0gxr8fq8twwe8w9jrar7mz5p96hem0dpe,mine-ust,1616378524,1616378000,524
terra1a69kq0sh4gq0hmtpns8k3pahrt5a7550pjxne0,aust-ust,4569849457,4569849000,457
terra1q6mmjrv0sxg0xmx8wq94kllp9lcvxh2jsmq89f,loop-ust,53422155,53422000,155
terra16rlty84v0ctqswv2mepyrpwsgs6q4wypqt5vsp,loop-ust,1976718753,1487125000,489593753
terra1ffyr89vhjjfq9q9exvrff6rd4zntt7gq2j0e7g,loop-ust,13943792,13943000,792
terra16vr3cfcxyygs0xymgvxmz3kqzqv33nh6mgrwmn,loop-ust,186414650,186414000,650
terra10r5u388ag8a0ewkshkxhzazjtvm39swt0553kt,loop-ust,189858960,189858000,960
terra1knvrwex525gyfcg5ks209fqnkkm8x4rlraete3,loop-ust,29719371,29719000,371
terra1wf33rnm796rpwuzs773jg8rplfd5sttdvgvg4n,bluna-luna,2427129,2427000,129
terra1e78y77h85rvkljl3h8s4q0s9uaaghkk3xhd4dz,loop-ust,220095923,220095000,923
terra1w02ry0cm9dsvghad9zy4k80kf98d5tvtyd5j8n,loop-ust,875873153,875873000,153
terra1fsz20t5sjy4vxlxd7v79rt9hph9c3lc5dh2efa,loop-ust,314272738,314272000,738
terra1myws5amdd0va5zmg4pknmeetcvlegy78kx3juu,loop-ust,1353424439,1353424000,439
terra1yga79szcezzg8u6cw6hh4keslhqpjfplxwy25s,loop-ust,79595360,79595000,360
terra1x70jnp23rcu5usgeqhe23qlx2p3kwvkh49j5n6,luna-ust,42007751,42007000,751
terra1zep9vhky50d05wa4chx9ns7zlhfpap5l6ypyc6,loop-ust,24632200,24632000,200
terra1lgy475l54l8z5g85njwsl6r3t985m0jxjr0emv,loop-luna,4036497,4036000,497
terra100dxspkurxsa29upl7s9pywqxtff70r6l9ux2u,loop-ust,1024710849,1024710000,849
terra1p2qqztxqsgzneazvj4jp5v9pq6ne6gfrmqjsjk,loop-ust,21326550,21326000,550
terra1v4a7avu3mxd5gthagdmhfpyxytvljpgmzf5lhs,mir-ust,98929295,98929000,295
terra1th6n7zzd5vuexn56fgq82zn2e7t6n05gh7ynv3,loop-ust,207903852,207903000,852
terra10c96qgyvx0lfjz279my37m98j53nfnhucw49m9,anc-ust,4296970,4296000,970
terra1femcxealkdd6fnwelwekss4ja3y4p7dl9k7pz5,loop-ust,93316601,93316000,601
terra1evtea8nsmrswvfk677h5yqtfhjm6ca6zvcee75,loopr-ust,321059359,321059000,359
terra1udjjh25rq57amwl0qpa2xjdflu3a87efw90gh6,loop-ust,162693508,162693000,508
terra1vluxg3hsstdz0zp9yctvsqrldh8l6thzrvt7dt,loop-aust,4775266317,4775266300,17
terra1grks647udvkdxqq9k78tteezwjlsg4swy9ay6q,loop-ust,6631061,6631000,61
terra12zal58ue5tfld54670nme84g5l2hdaqn4fxc9s,loop-ust,358636173,358636000,173
terra1qd0k3le6vhnguyqw5yhq7js6qxdf65m8hqx0m0,anc-ust,23736636,23736000,636
terra1634gz844085uku953tk2uwdj7qujvluejvnlvd,loop-ust,147033021,147033000,21
terra1hcxl6qanfu6x2589w6dt7xml4auhmpy5jtd7yu,loop-ust,311090218,311090000,218
terra1j5857lxsljqp842rrshqtw5a8dcakyrtdteal0,loop-luna,3852764174,3852764000,174
terra10sug68geq4caqpj2mr4pjpuwt3csc682le2pm8,loop-luna,98408599,98408500,99
terra1m8lv6lsvfcchp6xnem6c3cd2gluu9rgtvrpeg7,loop-loopr,8373752789,8373752000,789
terra1acyc3597z4n7e7dtkaavj7gx45279rj88l3hy9,loop-ust,3178953,3178000,953
terra18rltr2sl2vl762qqm5glx6kjzk4ssq3tkufk63,loop-ust,110195557,110195000,557
terra146ksj03x36474w05790jv5z9h4jpalc0q7mqe6,loop-ust,5405235,5405000,235
terra14m97zejmhx9anfep2jpkmnpuggxx8gahspqld9,mir-ust,179438349,179438000,349
terra1q4x74qwmln4qas8l8apg8kg7dmmgcn66sh8mlq,loop-ust,194810834,194810000,834
terra1nx9ms6vmnmh7zu8xzefptcpdpdxxarp86xazer,loop-ust,112790754,112790000,754
terra14eetzsqymkqker7z53fqwj8lykxjjdsen0vam7,loop-ust,67128645,67128000,645
terra1chtd64a4akl2p9jvlsczjwrsph82d3ht05d00h,loop-ust,13160634,13160000,634
terra125p6l8rcuncs2jwkyvapgpfcgnf0vmg80hnxgz,loop-ust,21198907,21198000,907
terra19p0vtpkjgxkm9yw63agmhzghnwq92t8k9kmspm,loop-lota,173616801,173616000,801
terra1jty9cxzj9krnzjay0cw5msxg6gcwc4gylg9yky,loop-ust,68433566,68433000,566
terra1n9y03kej8jxmhnmk4n9lmtg32uppac7maflj96,anc-ust,1907338,1907000,338
terra1tnz0g8p4r90q3u9qm2wkz5tw3jf2kmzs9u6e7s,loop-ust,76743078,76743000,78
terra1ucr6p6ug6pxqzjh93mcsgau7l7skvc5rt4u7wn,loop-ust,19248928,19248000,928
terra1k73ttd6pwkfjf3u8q09q6shl6q68cgxcmswe76,dph-ust,283662047,283662000,47
terra103985t7haeeppgeas5lh8ys0zg7dguuqhrxwch,stt-ust,13876125,13876000,125
terra1dka64ss9v8hasjq88ys8gllyrvxcevkla08gcc,mine-ust,4113463990,4113463000,990
terra1t00s353ng7mcllue6a62xu8uufqtvu5ecx6h66,aust-ust,42896629,42896000,629
terra18pnwpge7mjqpzrr4u8wslt0cy6futqgly7j89f,loop-mir,51762954,51762000,954
terra1dvu9t4s8eeptvw64fj0pdzvdej3vspmytnv9nt,loop-ust,2514504,2514000,504
terra1tw92r0d597hwajdqc9gkkaru2snmgg06ecycg3,mine-ust,5749637398,5749637000,398
terra1ljnrhmy2c5l0a0wqrezndpvvvls2djmdrwzhsc,loop-loopr,317987244,317987000,244
terra1w8gq4srnxrc3upt9vac3m9qhf7d8z82xyvzge8,loop-ust,820019393,212992000,607027393
terra1fp3up9a3u6v5gvm067j39fjg9uaynzsgues3l2,loop-ust,158367442,158367000,442
terra1g92zaexnmm4vncwlx8p9v37mvurehfumx7r2jr,loop-ust,29729303,29729000,303
terra1hzh3aw2lnl77ju24a8yeexm29qckf6zlwwlj4p,loop-ust,851257,850000,1257
terra1ypfmj94w79et48g79gwav4w9x7hxakfzty9y3a,luna-aust,1168975510,1168975000,510
terra1efep78whyd077aksrez9qz0gmlpd9mjdw2ar6r,luna-ust,2150244,2150000,244
terra1ayq83nauc4njwvytrahj0rlfxk0jz9qc7zdvpj,loop-ust,3970655,3970000,655
terra1cm4t47pzkg0kqt53ypdpzmp77d24lmawqpw2js,loop-lota,931397570,931397000,570
terra1xq7k4u7rhtj62r0sea8hrm4z3r76ue9nlnde38,loop-ust,4522776,4522000,776
terra1nqm6mckgz85cmqw63cklr8tzz77xmks3jqhvtf,loop-luna,32015048,32015000,48
terra1vgnja9zjyn43499dk8mrw3kf00q47ysrkkygmn,luna-ust,414928094,414928000,94
terra15unwdznvnkg7dpnu925ufeq8dzetf3pky5mwpf,loop-ust,4569277,4569000,277
terra1akrzcfkf9r4vljw3eex30eu67jujmxgy9hvawa,loop-loopr,1135999539,1135999000,539
terra1hldjp5urjlzlvmq0kesau0wxs3he2k02kswwz2,loop-ust,13073863,13073000,863
terra1xd2n9ktxq96hf7pms4tdj3dtu2a22sv8ehvc5y,loop-ust,381914228,381914000,228
terra13sg69gk8yzgt9cekd6unnpau0j7tsdy80cyga5,anc-ust,5979887373,5979887000,373
terra1lv3dac9rza2j33cmh79eygtwd9g8k5cw9qe3qj,loop-ust,573638163,573638000,163
terra1xg3g65rslvqu7wpecmps6vpndtq5jz0a4mcskg,loop-lota,125831234,125831000,234
terra1ewjuhz8c0a285frxf034qcmljlam9eg7s9q9g4,mir-ust,28780828,28780000,828
terra1seed58x95whz6974gzswax7x2dmg75sk52dz08,loop-ust,22924243,22924000,243
terra128nh8u5vnf3refhadgj5lsuyhrgfrygm432u2r,loop-ust,114074047,114074000,47
terra1p4hte4u8fwuldgwsdy5dg9f6gr3hsa3tn6xjer,loop-ust,112196315,112196000,315
terra1q45l422df0g89ark9zgrygtwmufzzv9kz6hqyv,bluna-luna,1451269707,103768000,1347501707
terra16u45cc4cycfs88trn89c5y7ydu6xrndsktvy0d,loop-ust,13993380,13993000,380
terra1837y6rzt5dwq38ekzf4gks2u390zm5rpnl4e94,alte-ust,44759904,44759000,904
terra1z80vruw8suqle0mjwvspk60959lh5983lc3gsk,luna-aust,69588671,69588000,671
terra1etcskw4tjwlqn2nfacxvuvdj6ltlz8accxeq83,bluna-luna,25174261,25174000,261
terra1s6ma2326xe8yunu4neg4yc8fzsyt7u6v5nzmam,aust-ust,1145287675,1145287000,675
terra1fhj9spmhx7n0xfha3qg8yuaw0nrr7x272anrhg,loop-aust,268416128,268416000,128
terra1zsc289c6smfqfre8gkmgsrpndesz7zrtk2hrh4,loop-mine,550689991,550689000,991
terra1n57tn23cja4yfmm2r9njgaukprjptrvmnnckv9,luna-ust,327428067,327428000,67
terra1vvk90jum7s5krnfdw6q055x4ghamy4l3d3dpj9,loop-aust,2875361776,2875361000,776
terra16eumm4n0d64mxezpdk07jcg6shs2qjr0mt7ykf,loop-ust,438441998,438441000,998
terra1ed8d4wzrwfe5ssu4uh2w4px68mmap3r9f54lep,loop-ust,979891912,979891000,912
terra177scyy7z2a2ncs9ev5l5zsxsqp2tqvfq8m3g4x,aust-ust,3745019908,3745019000,908
terra1rk2d33uc82gdwe9e7cjslw2g24k8ywhtr8fywr,loop-ust,8572563,8572000,563
terra1469ahqyswmrjfsdn0xtstukepqltu3jnrgt6s9,loopr-ust,44249711,44249000,711
terra1xyaax8v25u8d60j6dm59cqfaprqxsru4dj3hw7,spec-ust,369846730,369846000,730
terra1ucrv77lg6h8hamur7ppam85rdstsd93mpaser5,anc-ust,4009185715,4009185000,715
terra1n7zq6hk8lp8f3pd3vf48yp88nst5c58w3f3zsz,loopr-ust,62682037,62682000,37
terra1wsj7sghu3k9yxsyxszmyhcgp2s8ds8gslu3023,loop-wewbtc,2012293,2012000,293
terra1rnpy8m6kmw8kvga9s8xhepc5a5skdqg8zvjfud,loop-luna,24757226,24757000,226
terra12qzhrx7csqyp82ewmwwwp6v75xj3qgtm458qrz,twd-ust,914856875,914856000,875
terra1xuxa0zcvh09q3h2uhulzjnuqlkg9faghgh9acv,anc-ust,60421272,60421000,272
terra1luszhgqqr4ywn4gmf9fakjx9fhzvw2pr3us70w,loop-lota,24405871,24405000,871
terra1827nmz86ncfgw9uk7u9s8pa545vtgk3x32ehyy,loop-ust,16364139,16364000,139
terra1lxmedvlmfygug68ejq4yqal7qua6jetyerm73e,loop-ust,5448652,5448000,652
terra1ur73227afglxsf6dzc6sa7x2hf060gldeajnv0,loop-ust,36993951,36993000,951
terra1hckhf08jdj23xzyem0n57hw52h678ylj5wq6k7,loop-mir,196740238,196740000,238
terra1rkzwt09wuxdcn30r92s7u3fp2kq0yvxxurvfgd,loop-ust,84705656,84705000,656
terra1uzmggtd9aqk2fegmpxfa4azaq8tt6qxwvm6qr0,anc-ust,23959347013,23959347000,13
terra1063k5pa0a286zvkjqttvhyuv4rgpanragt8v3s,loop-ust,165632337,165632000,337
terra1eg079clt4t03h873qzj7f6ftxxv33jzhje98xu,anc-ust,19897592,19897000,592
terra1plqcfeg7g7lv0jt3shrjpv3heea5tp02enadg2,loop-ust,36076161,36076000,161
terra1l7cer4cn6ts5ev7fnp5u74c0zr2kn8mg6m4e7t,aust-ust,448210359,448210000,359
terra1yjw36l9d06jkvmckum90zetrm8vwpa5jcgvpdy,aust-ust,1793530,1793000,530
terra1pg09c98h9hvekuwk2ty3es8psxfclyz790p5gw,loop-ust,20325941,20325000,941
terra162m2t4rpd2as9knj9kjcvjgur9nqx76dsefgq8,loop-ust,36816161,36816000,161
terra1f3986sddfpqsgttvnjj8uunr08csl3v56zvh89,loop-loopr,605310433,605310000,433
terra1zlj2ncmn4shwtp3vhu809jpgz7e8867cd887vk,loop-ust,33374731,33374000,731
terra1yxwq9vm4f3nl559fdc5wddr5lz2855jumpwlvl,loop-ust,79689325,79689000,325
terra1ynwxh7cp9artm3pyz36yteretfsdf247tsppw3,stt-ust,209232731,209232000,731
terra1sxmac0jw9sdl6kr3paswftyph8v6hec55gp9qn,anc-ust,16556939,16556000,939
terra15jgnxpr5rrf6tx0ffsz07m30pzv6nnf0ghfjl3,loop-anc,1053630777,1053630000,777
terra127xpecwr0v82mdex9snq4y34hw2l2358slr7al,stt-ust,257982541,257982000,541
terra12rl0hd6j7wq9scj02hym3a9jylhjy6954g5p9v,mir-ust,59904827,59904000,827
terra1ltu282eu6lrq594zxjzf3efmw3qd8mmlujcnj8,loop-ust,7318747,7318000,747
terra19k3s3gv5pfm3kh4utry9ty0hsulc2n8sv5shu8,anc-ust,296081175,296081000,175
terra15z755xgn7lpw8k8kkzrk80cp9eppd3yapuulrx,loop-ust,103003149,103003000,149
terra1mvn03dvp25ujn0d7w8nw66lkfh03y03qp2093d,loop-ust,120509119,120509000,119
terra14alpw9wh6dljet5c5fr8vk8msds0z3ev24luj7,loop-ust,176862904,176862000,904
terra1gd7qyjzhus0ndfmwa5zxylss8kq033c4f8rxyn,loop-ust,30428599,30428000,599
terra1qlra47cqqrvd4ag8zzae32ypqh0p3tqvr9hl4n,loop-ust,263914768,263914000,768
terra1uw9uxh5x38unf3uqtrwqgc5ztsmypvdmj87w7t,loop-loopr,132248430249,39200107000,93048323249
terra1d0j56sgnr57sfyj80l7x5h2ffxsfgnyg3w8y28,loop-ust,501466027,501466000,27
terra1luv47lksjyjxqesxej6av75mvrwzvxj5xluz5x,anc-ust,47986802,47986000,802
terra1fvy80zjjhmla5g7tzsxedvdzk5kvf0fx8nuvmn,loop-ust,65934730,29754000,36180730
terra1rn2utz552v0seuhraurrnzqwhamla49dae772a,loop-ust,1387680,1387000,680
terra1h2e8du2ukln88tpamlqdg9u9u9l7zmqt0mrfvp,loop-ust,3968642,3968000,642
terra1watf2ymfnuh8v994v94ff0yxe7uy2ngw22ha4w,loopr-ust,2718890415,2718890000,415
terra1c0ctrq02fxjthplve0akfq4ea9xpd8xlhj6gp6,loopr-ust,10965922,10965000,922
terra1ezvmsg0dwymf37vwmzl6vx0pejqv6luqcskxhq,loop-ust,4595870,4595000,870
terra1zkf83tpx3eqxuasvt3n2se4gz730es532pyekp,loop-luna,10666469,2684000,7982469
terra1m659txkt2vt0gsfapr583qpkdmvy0sw5gh32an,loop-mir,318718481,318718000,481
terra1nnd8fslq307yptnt5fatccstuj54tedragq5gz,loop-ust,31646191,31646000,191
terra133mnc0d82sy7pr99dqjf5wcfh84zy8qfnzpf4d,loop-ust,1120607979,1119000000,1607979
terra1pwwaq6ffrmy0hzz89693am0p403s0cckcw4xgn,loop-anc,16755890,16755000,890
terra1vmdzwhmxctyw3jvq688gek4jj27wlyz4da7uzp,bluna-luna,5334172,5334000,172
terra1ytxpfsmkt5ug0qzmsch4xgx2ywdrch4qjwhz5y,loopr-ust,12585223999,12585223000,999
terra1y5ycm40367vxllwr36yx77mcd2rkraggj6agqx,loopr-ust,7693857226,7693857000,226
terra1ed4zxzh2eef9xnmn5cpexunulsa8s79kukrzs5,loop-ust,29079007,29079000,7
terra1f44m6ylrufl3k0ge8txrzjxnmwg9dv4sw52ynt,stt-ust,3910381486,3910381000,486
terra1q73q9p3pgckkxlx025edc9memaq8lzc9xvy0np,loop-ust,612386053,612386000,53
terra1su7sk2esv86u0n3yzcwaexkpapdp79fh2ac29d,loopr-ust,12045350,12045000,350
terra1k57qj2hvynzrahnt8g82ckzt3590nqjzsw4l5t,loop-ust,405367202,405367000,202
terra1ry6y2mw69zs3kswzz7zd3fn7t5878tmq5e4s84,loopr-ust,63606636,63606000,636
terra1ex2rqhmdup06c9yn40v7azkm4zahn5rhqx0238,loop-loopr,457435084,457435000,84
terra1hds4dj6fn9cs05udltst845mp7jq7nte2hqva8,loop-ust,4690855189,4690855000,189
terra1ze8xtuh5rf3mt64fqsjnmg0sy9u8nfnhdygj6c,loop-ust,1063539,1063000,539
terra1ulygwhasp6cttdrfe94ssm5drsgq8lvelsm3uh,loop-ust,142938485,142938000,485
terra1hw3qc7m05xf8egjwr6d0jw0pktaqnyykz3qh2r,alte-ust,523287457,523287000,457
terra10kpp03tzmvygqfv384ahym4p64rz3qmlwdku43,loop-ust,39454915,39454000,915
terra1x0yp2mkymm2me3kd2xh69xank5uhvvl76sl5ey,loop-loopr,6149775861,6149775000,861
terra1hpwnr5mkp4987sld3c5zfna58mwkl88y0alstd,loop-loopr,493144849,493144000,849
terra1j4cc9m7sktv3sklrx03dapmptpa8567n7rhdjx,aust-ust,449792548,449792000,548
terra147ax5jctvz0r29zsjj9uv7eu3qafjt6ztlnwug,bluna-luna,50755152,50755000,152
terra1n2576gwupnv7e2kat2j86k9w67q2e5s98xr0cn,stt-ust,26784120,26784000,120
terra13dj6ax9jzsuy07quh9l5p89padjrn6e0fk00n8,loop-ust,234453183,146323000,88130183
terra1483wqxlk56ahj9d8zf2z3vc2zkc67wqnh60tr7,loop-ust,3115366,3115000,366
terra156u3l08j06hn6d8yduclymh98v4h2h6txa92t2,loopr-ust,44181377,44181000,377
terra1v8t33u95s0yflqxuer7kl7ujeuactn43ew0pn3,loop-ust,179120215,179120000,215
terra1spd8ajl9gyg9djgc3xwdm6fly0fe5p879xk4pp,loop-loopr,43700329,43700000,329
terra1uxrz5ql82ft8fzwcjv73upttd8a3r8xqkt6v4n,loop-mine,3186528574,3186528000,574
terra1xewsshzn56nvdhym4h6hrj0j5k2372pj8azjh6,loop-ust,147022931,147022000,931
terra1jrk67g4s5etkyxu2dkwx6hlekdyktfnunx43xd,loop-ust,81385191,48419000,32966191
terra1f8lzupnzss98u53x6zhzwrkqgssqk2vscgqcm4,loop-loopr,706030293,706030000,293
terra1ulxmpplj58e9esa36wqvhtfec5za26h7lhclcp,loop-ust,27121071,27121000,71
terra1vmzqhgmzvhfxhwmmn54l0x3c2wpjez5gymp4t4,loop-ust,142847141,142847000,141
terra1ye3fu5peuwp0gjn2q8wa70nj7wcyc5qttqjg49,loop-ust,2232352683,2232352000,683
terra10nxpv0mn8rfumzt3pfs9rst2yc6fzwn4dwxpjt,loop-ust,106881025,106881000,25
terra14xkdtqapr6q03scq2ulnra5dwpd5jazctkyn2v,loop-ust,122762872,122762000,872
terra1ser6r9dxrg7q7u2mmlp8t44zq3z2gujnw5pzt2,twd-ust,89358657,89358000,657
terra1jrt6wdf2kuhh3zpytpas9hcust97kcwl9r4ewd,mir-ust,51700708,51700000,708
terra1vmc9xpmlfqxdqyne0y9rr6r22lhpvyr26hnl89,loop-luna,3804895,3804000,895
terra15yu46xpjxqkmmuy2nyt2tkvzfdjpnrte6qj3u6,loop-loopr,5589673382,3713212000,1876461382
terra17slut2dn0qfq2cynmx6clcgtket9l9hw7kcd87,loopr-ust,31329407,31329000,407
terra16hj5pxacvqepe0dy9ccz297948w5tljm5pue5q,loop-ust,8921149,8921000,149
terra1ea33gu24hknfd6ya2jvgduflexxcvtwk9tm532,loop-ust,21907256,21907000,256
terra1t3jh6vnrpc2kxng7v09xm3630ynegld0h2s9cp,loop-ust,998394,998000,394
terra15rwa3e7pwh56cw5ausuks7lmkwn32njg0l4x7w,loopr-ust,24772946,24772000,946
terra1fvd662zryldmt02naylzepdwysmr3uk2y73m38,loop-loopr,382079100,382079000,100
terra1a2x05lpgluvjrk4cwux7xes7x97chrdz4farup,bluna-luna,87588,87000,588
terra1pz504j7xmzl6r2p64s0wk8w7syyr2slgd0zge2,loop-ust,61502761,61502000,761
terra1fqah6mfna85shhmaw3vx0kr2vpp4qlt0tx3sn9,loop-ust,24667510,24667000,510
terra142vpflg8s2n668qw6mdncwn3p2hscx6cu9n536,loop-ust,84550508,84550000,508
terra1uprypaya3asm4nyqkfkn8szztzwygea75zsupx,loopr-ust,10806328,10806000,328
terra17s3ggs0as96rh7vely5fufvmlsmatttq8wstya,loop-ust,106031466,106031000,466
terra1k86y2pedv6hzhtr5d7pgy7frsc27n5quc6tqyq,anc-ust,13255539,13200000,55539
terra1ekyqt2azp8h9awaeu2j7kv2av2ufzw9cu6enrq,lota-ust,84564564,84564000,564
terra1enqzzck73cp5z2uqq7ntpu6qqt0szm5resrm03,loop-ust,8183795,8183000,795
terra1w76neeeuzv4a3h3ywnmq6ys0rvf6uukjfdlfg5,luna-aust,54470305,54470000,305
terra1ms752weed3huz3l5x2utlvggkcxffxvn888wsn,twd-ust,2891737449,2891737000,449
terra1uxrz5ql82ft8fzwcjv73upttd8a3r8xqkt6v4n,weweth-ust,34990388,34990000,388
terra1ckkmyfsga6khqcl6sy9ncdxjs279ektx59py3c,loop-loopr,243877763,243877000,763
terra1x4wrdgtcpmrq4j9zxrcfs04fp2zna5wgy4vza0,loop-ust,2766249,2766000,249
terra18ymr7sdlhwvm3ha6ctn060tz56t0qefaqa7qjt,loop-ust,19258383,19258000,383
terra1uwq3qd35y2c6x6p03hvje7vnq5s0ln2vgp7wx0,loopr-ust,60739392,60739000,392
terra1l4tmnp906kq2a0kc3y46mens6mz3s0xntgnsdv,loop-ust,27002971,27002000,971
terra1ask0r7vxlgssrnaqh4pxqzje24fa9y7076ay3y,loop-loopr,17138868048,17138868000,48
terra1fs9lvmfca9qgsz67u3cr894nxua495lh35a4mr,loop-luna,5978259454,5978259000,454
terra1dydu2s7ml8w6zye3yt54vcaclu26ec4nej60p2,loop-ust,191007186,191007000,186
terra1slj2xlcv3tmt3cn4tmmj3vgn7qs7krpvn56mxm,loop-ust,205615311,205615000,311
terra1f9epuu346d485z8r6097gjc6tkdecfyfk3kaxx,anc-ust,50359362,50359000,362
terra1h25e7aghalqfdwuh5453xqa8nwn23hjqxujs2l,loop-ust,54185527,54185000,527
terra1h6zkp8zkdj20nvmfnu68ztle89u8tjkf65h9kl,loop-ust,9862643,9862000,643
terra1zakgy6z07wxkzez7nec54sam999t486h4mkusu,loop-ust,9116200,9116000,200
terra157qwp3etlfp0d9cvpcwwrkqrzadqekgqy0f06r,loop-ust,4568617,4568000,617
terra16vp8864ef77hxadny86vaa82vk9gautujnjkh5,loopr-ust,96145029,96145000,29
terra1uqzwmahy48cul2mzx34623zadav2ruu29922ep,loop-ust,6647784,6647000,784
terra13ua2p97xmjvg9mxerhls7zgfvhejktd30zkva7,loop-ust,1834925,1834000,925
terra1jh54lgmwcrvp73a5yncw5w40n4wu6cut7w96sh,loop-ust,14292677,14292000,677
terra1gj7edwjjeahgmxu6e303nvyh0u7k7mwqwmrxx7,loop-ust,67311421,67311000,421
terra1883u2yqt3e2hxudghsvznt7wcs6kekgyg4mzuu,loop-ust,38647491,38647000,491
terra13uudctmtuvyjwzup9dfupnl7rnnejdsd50cfhn,mine-ust,4308671890,4308671000,890
terra1m0yqklfwed9mp8fcua9cqmyu32cnllstkvkluk,loop-ust,242910270,242910000,270
terra1gyr72u2q7j4lhdz2rphhpl38tfeqkdpe3hy5uv,loop-ust,8592538,8592000,538
terra1dylajzpthllzjg5z8vzjds0482ntc3s06leec8,loop-mine,23318584,23318500,84
terra17ggnhewkgtj2fdhge5yruzxh7rqh3pcra08srx,bluna-luna,99636,99000,636
terra16jgau6ksmh9e2pzpwffjjtn6qq7wr0tmt4s53g,loop-ust,10274812,10274000,812
terra12ary6wfqz5j8czt4dvx3ex45puxtqv2z0ryng7,luna-ust,49909396,49909000,396
terra1g9lgux98jzqv0ueglmwy6clzard4cpq6efj8jw,loop-ust,13703148,13703000,148
terra1anvvy6ly5wrnjzsg8u0duxfey5zn0560wp7e9r,loop-ust,5342002,5342000,2
terra13kpztxpfzl64qt7r2r7kl4yf5tg4s63pey74j2,loop-ust,37494303,37494000,303
terra1g743ajak2dya7flcdrv4cnwsxfach9tz75d90w,loop-loopr,1662476446,1662476000,446
terra1klxazgs7kmvsu8l0qzqzh9fhpfcqh9u34fmaqx,aust-ust,4543977473,4543977000,473
terra1gtwthyqqxr40e2zvft5uuvnlhwwewsny7cuqkv,anc-ust,44980829,44980000,829
terra13uh5dyuvm4t6m9v75paxl5883ldkag3kddyv07,loop-ust,48085626,48085000,626
terra1jh5q9c0tzuk84n6pcldsw7zfs9jak6xeadz4zs,loop-ust,230468588,230468000,588
terra1uk3rumesc3ksag48sfake9gapcpj30hzgg5km8,loop-ust,8000593,8000000,593
terra17je2pxxadgqqagy0eumg0x3jtmwvj3qc9d2vmn,loop-ust,47731817,47731000,817
terra1gwecx7jnrn4cylah4mkr4cfvx52mh0psmtplzt,loop-ust,25081383,25081000,383
terra1wlvwxddu9xqzwzklre2lpr8lzy2hh9arlhsddw,loop-ust,5132144,5132000,144
terra1vszgsj9ltve3cz3n5pfmr3swqat0ma5kxpre2h,loop-ust,5337722,5337000,722
terra1plldwze8hr9k5dazn7espkpwcxqpgfua30v42n,loop-ust,37161084,37161000,84
terra1mx7hh8ptzyx9xtkdtuganrtce2h2tnk6zzefme,loop-ust,672708659,672708000,659
terra1vfxrttefrtqnwkq6xykj7rsqq53x5xt06g4m4c,loop-ust,218254032,218254000,32
terra130kt60mlg3l24ph5lew2dxc2c0qy2juaaq8p69,loopr-ust,23444027050,23444027000,50
terra1g0ff7an3n6mczj6kcfgzgprq7fa0xtrgyq92za,loop-ust,8291035,8291000,35
terra1z4g0fzzxweedt46fcmdvcvws3chr7k2zpps99t,loop-mir,23749657,7128000,16621657
terra1jtw6sssq50lh0l2unueqmsn6wv8e7aqvlv3wt8,loop-loopr,510390815,232284000,278106815
terra173x2s9nnlhxn7z8aktn90zqu67vu9wmwffdaxm,loop-ust,59590791,59590000,791
terra18kwsf2uw2jv0gxjrczwcg6kyxaspd7pg3ajkfu,loop-ust,7825448,7820000,5448
terra1cl9e48tgn4ccs9n0kt3ssdnvnvrhr5urcm2yex,loop-ust,13170873,13170000,873
terra130mewcxge9p83jtvuz802rnhaxedwut9etuywe,stt-ust,112278759,112278000,759
terra1wujgpqp5vmnh7dtwcxe4mm53mv0s9zmj9araa0,loop-ust,5347066,5347000,66
terra1flw786566l9fcmevfm3zdhllaunzu4h0yaat5j,loop-ust,1954588,1954000,588
terra1g2z5c85k5f3rhvzcu2m2nymvmkhazfwclhjr4s,loop-loopr,121028462,121028000,462
terra1zqzw5h98w9rfz88mk97rum7wvkkxjcmj5p66f2,loop-ust,43525400,21749000,21776400
terra1cjynyzpf84salywjnn0sueqr5vfyucsyyyudc0,loop-ust,1613150,1613000,150
terra19vhnd4mhqwug6myquhcd53wdu4ern28esyt3kt,loop-ust,5822165972,5822165000,972
terra1hyfscahsgs99s6muhh2qzgssfqy6a5jldh59pp,aust-ust,606752465,606752000,465
terra1lpfag8uf4cncvsu9a229a7rjt83x3nr3xr4mdw,loop-ust,571695657,571695000,657
terra1n5stq2xyjxntqhzv5k4xkvetwl29vfvgvugvjd,loop-ust,164478786,164478000,786
terra1kxzx66f55v5rvmtr392hw5gxmwrnfusqtfqzcr,loop-ust,48370161,47370000,1000161
terra1ua4ysx0fj3pw7kmdqsukn8ht9m3w5phaudglm3,loopr-ust,12100695510,12100695000,510
terra1vqy802naxr009q68nv6m7ta7g7nds55gused2c,loop-ust,252032489,252032000,489
terra1ysdha336ulycwt85zjrzccmyu69hfwy58xe4pj,mine-ust,47565910,47565000,910
terra17t0nmh8quk5y7vg9au5qtmnp8j0gdzt0g3wms4,aust-ust,27499316215,27499316000,215
terra10y8qytfwlrqwvyggqy8prr9prqfq2efr9w3k4q,loop-ust,65213685,65213000,685
terra1ne6dsyn48vajnukxq06zkuzjsc35j5ngcrhayl,loop-halo,1784133168,1784133000,168
terra1rsxpj9nmggurzr5a656lrdm7dsdag7n20v9kj5,anc-ust,7613809,7613000,809
terra1mwnx9ym7p8ulxywvpepnyarhen9qcwrputw0mr,loop-ust,9022516,9022000,516
terra1pnjdgudydtcmpgac5dgf0nn6wns648gpl62pfq,loop-ust,514145210,514145000,210
terra13klz4s3m746rtz8wdgexktyu080f2xrheh5x44,loop-ust,550321,540000,10321
terra1p9mzvxt8f0de9shke7cy7s5fnvgz0v9lk3wz3q,loop-ust,8392063,8392000,63
terra1zxpt46v36grapd57qgfmjh6scn93g5q0zlmrzh,loop-ust,60081951,60043000,38951
terra162kt3ja8nwh7kr2ed67y054g42wqfs8ts7y4ee,loop-loopr,46869924,46869000,924
terra1htqff73yh8nrhxntktjghx90zjcaglksc5qnxe,loopr-ust,128786839,128786000,839
terra1kedc0s065n8x0fump8ukqyrt7x99tj08yljza2,loop-mir,1730699127,1730699000,127
terra13n8wgugt80nz8wph08pvlyrhcfc0dj3drs4z6m,loop-ust,29459737,29459000,737
terra1d5j8e78y3zaee7tjawveuzd3s4rxsh373zynxv,bluna-luna,297294405,297294000,405
terra129jk7nkptzcnmsdr6cxa6zu9mm8lgnvwfrlmpa,loop-ust,105704308,105704000,308
terra1eu28fsl2ccnxc09y4cr67gevc8vef30ufger0z,loop-ust,5759337,5759000,337
terra1q2d8a0necf7jx6hs6jau3snk7s7nrau7gkzgmx,loop-ust,6268733209,6268733000,209
terra1jakdz8v0hweqvqkt9yf88yyvzw4qd6y596s6gn,loop-ust,1227499004,813296000,414203004
terra15p7gtdalxnmztp2m88zrnse43yc2jqa0xfjtgu,luna-aust,36227155,36227000,155
terra1mmly4jprsccufaymvc3r9qsm358wt076we6v8u,loop-ust,6671200,6671000,200
terra1ll5yj745qa348ae08prkdqdf5ep9g5zg4jq453,loop-ust,11588447,11588000,447
terra1yvpcflf4kfq3pl5z72ytzex5nn48ugq5jpzq70,loop-ust,222220604,222220000,604
terra1mz65a0nyh37cvd8gs78xlkcf9mwuscqerp484e,loop-ust,8905491,8905000,491
terra10y3wuhpek2vrfh4echc84s73vgewpwn6keyv47,loop-ust,40082054,40082000,54
terra1mx34tupghjkffd3pnsu5lpeu3ut2k5p4hyw69l,loop-ust,104313026,104313000,26
terra1frn34azh84rujduaupwd7glw27xcy0t4r8z0ck,loop-ust,107640305,107640000,305
terra195s3mz4d2zv9gjlluq8cf0arerqlg5u4k4hfe4,bluna-luna,50313381,50313000,381
terra1sm8687se6kcl9hrc4nfakcxwk2yjwm0pr5zyrg,mir-ust,1361388535,1361388000,535
terra1v702waf7pfhq43lvdfhgzuxlwpjrpc57f8y0cg,loop-mine,20964524,20964000,524
terra14eym2awfjpusrtwg73900qapg2rs6uev8s8g35,loop-ust,14510038,14510000,38
terra1h8xf97904r95xgkjpw9khmv7hft5c5errzeu92,bluna-luna,368881779,368881000,779
terra10y4vyfs3e7ammzqralu7fymavgufpcf3splzt5,twd-ust,123033544,123033000,544
terra1724z7dn2frgn0k0nwr88dzuljcyy8hq2q5htsu,stt-ust,51477795,51477000,795
terra1ynyec0p5kux6nt7mqz96nxaux9pfm850gekt06,loop-ust,26917743,26917000,743
terra1v9jsh3gj5z3tq70pdr3gtkhedylx0463ldamxr,loop-luna,77153578,46064000,31089578
terra1p5dh4xfxh3x3v3fwstfx62cdj45hywcgywvtss,loop-loopr,712544717,712544000,717
terra1e38934xj2w2e0hegmqlnm79qpa0pzqw5zxhucf,loop-loopr,48266520,48266000,520
terra12jwxsv82t33j6yh99rn42p4ek9wtl87nu5ptdy,loop-ust,543755125,543755000,125
terra1vn9rjj93mf4ks6wdl3wn9k6qa36cgzmttj7z2k,loop-ust,9276586268,9276586000,268
terra1vjneq0ug9jxfcgajl88fyzwsa0l24cxczhtwt5,loop-ust,2710562,2710000,562
terra18y6nhkejuu5at3d2dszfs64gkx7sxkff9mx78r,bluna-luna,18737054,18737000,54
terra1v5jwc4nffl7jwhp6af4hdt6a6c0jdxkkgpaygk,loop-ust,13319239,13319000,239
terra1htm56kmxk7s3yyxm0vta8w4eqkmzrhe7ul0s0l,loop-ust,1953257,1953000,257
terra1z3xh3tkzfq8gyx9q4xu3uggxdwpcy9dxk8azkr,loop-ust,9829462,9829000,462
terra1lf3xylugfkxe6pn2qqjkv53jcqvrszk0ejqpkc,loop-ust,35959591,35959000,591
terra1y230vvcnre0avv6tjekmydldsjqfg2zr3c8cky,loop-ust,18367516,18367000,516
terra14l42hvagl2tj6mvc5e30xc6d5afm6v85fa5mng,loop-ust,16761276,16761000,276
terra1x7k4y4mkyljpc92thtn3cxjan0wuncy460m06k,anc-ust,45334399,45334000,399
terra1lvwp2qct0g568fyth7ya2h7mtu9s8u4sxu3k2z,aust-ust,4074649226,4074649000,226
terra1u2uutfzrv7pnlaash6h00jr362ex2yjq73kx6r,loop-ust,153433896,153433000,896
terra1exq7tr9hh2exdda8czdkdwjzzcww3shcdu8gk2,loop-ust,2908410,2908000,410
terra1anqn52uy7l7hejpe437d6npk26w08zj3cm3dga,loop-ust,7867197,7867000,197
terra1cp9mjykka2d96l75rmkh3avpz82u70qsyd6exy,loop-ust,18995654,18995000,654
terra1anu0y6dme4f80wmj5utr69k8g2t3sagdq67luj,loop-ust,443463164,443463000,164
terra1yw8yakjvyschr55r988qe7d9z7lk8p3vhd7l5v,loop-ust,79494251,79494000,251
terra1qysf75dh30y9y6juf6yxz7esy89gx9s8mv2k9e,mine-ust,3997656479,3997656000,479
terra1mw2frh5uhwxe545mqhvhh98r7dqfjxxerjveyp,loop-ust,269487505,269487000,505
terra1gprv92sxk9jz5affd432g92kpukpszwpgdta04,aust-ust,375254845,375254000,845
terra19zmpd80lxp44k3z8wtxvd6fe05z3lscpm766wa,mine-ust,866358086,866358000,86
terra132l0sdztlcfxaqagpdd9lq5vv5r4d7t3cnlada,loop-ust,6085698,6085000,698
terra12t2q74rw7a22p5zmksmprraxmnp5hxs88498st,loopr-ust,34324270,14672000,19652270
terra1utdeapanx9r0qu3h6x9v57jzh504faf5p0whkd,stt-ust,10329325,10329000,325
terra122ykdpj4pzr6u98uzj2aepl39z0kekv3azalx7,loop-ust,21865518,21865000,518
terra1schg5fevepedwd2393gpgnpk63kqk3aw8stfaj,mir-ust,264175428,264175000,428
terra1ypr0qm8dpheukvtd6r3uvgtvmap06xgs5wxkkc,loop-ust,24978180,24978000,180
terra1hr3mf9xua8ped2m0sngh9tm8du4ta50gjt9ulj,mir-ust,385206466,385206000,466
terra10q4jy2qsttdyd6zy6xsa7ur6tmx2pjn6r2rkw7,loop-ust,20613970,20613000,970
terra130tmnwllvc0u620222umc67h0clehfp8f2skwh,loop-aust,40798931,40798000,931
terra1e7rmkjgpnn7a59npr2t3jzfxs34fnphrzrzca0,luna-ust,70861960,70861000,960
terra10ksglcs4xms4vqdleq68vmm5rm9kwaja8t4cxa,loop-luna,6600101,6600000,101
terra197azch6uu0vf2529ce7rfg5ljey2pcda6388yr,loopr-ust,1043620521,1043620000,521
terra1wjfztthdq2h4y5jtlhxfudgezvlkrk50p79whf,loop-ust,13188405,13188000,405
terra15zwscwazcsqxavj7xczhfr5trrxekr29txncu8,loop-loopr,971159885,971159000,885
terra1xyddm6sq3ttvwe6esm8e62ln6s79ga59pt4xaf,loopr-ust,6249985944,6249985000,944
terra1muk7mpg27wnn42cdanhhtxu7achftcx0wk3yer,loop-ust,53594614,53594000,614
terra1yk7gay3esruktwqeregzhck7n4yxwuhuqcxygd,loop-ust,1710916869,1710916000,869
terra16qsqn49ed9lrd7g8hn8p84xa490972qpgt05gl,loop-ust,11700915,11700000,915
terra1u2uutfzrv7pnlaash6h00jr362ex2yjq73kx6r,luna-ust,97135941,97135000,941
terra1pa4gmyl9ajwnrzr0753ex83cgwed7pul5tvldy,loop-luna,547824527,170213000,377611527
terra18dsvqnkqf8yh8j92ley4pnqp8krdtn7judtkgm,loop-ust,13246544,13246000,544
terra1hyfxpxq52lklmmary5lr5374dflekfk2c3twkq,loop-loopr,129075820,129075000,820
terra16rlty84v0ctqswv2mepyrpwsgs6q4wypqt5vsp,mine-ust,1276604821,1276604000,821
terra1ndushe8asddy34nl4adrwkjvx3fhmfqyykqg96,loopr-ust,38049067,38049000,67
terra1tcckkl9rdue6ccdf99c730h9lgr56wpfgl8hg4,loopr-ust,235619724,235619000,724
terra1uhk4cn3wsyhu54y3cfg2paguapnanj8hk3ljvn,mine-ust,491398931,491398000,931
terra1ayw6zlpp9q7thru8qkfd7ctgl6sas258vr3pmn,loop-ust,24917080,24917000,80
terra1plk57nn6nmf84h2sevzw435yslzyzg89tz4aut,bluna-luna,28713238,28713000,238
terra1ruhnz7923u9zrz8m7r8hxvk7lh40sydag02xdv,loop-ust,64027205,64027000,205
terra1vl995t88n72wek50gvetrj3wux2cxqzwpw70yq,loop-ust,37939953,37939000,953
terra1lxkrqap2epaqycpnwyl7ylnvxvkmnskl6fj4af,mine-ust,1765668468,200000000,1565668468
terra1y25h7u68dju4paz6kx7d37xpfex3zndq7fc202,loop-ust,1210965108,1210965000,108
terra1vs6vn3u079m259mmeqt7ypcqf60g8ke2af8nlk,loop-ust,52599801,52599000,801
terra1a4ppsx0g0dcrjg953nqfxk2tpxpxlxwlxt63rg,aust-ust,99620736,99620000,736
terra103anu6zfwrwls637y33ksq2zuf7k6qd2hvgcq5,loop-ust,36405777,36405000,777
terra1m7sukwk4ql8dx5th6pcsq3crfjzxqvcjv4rvxk,loop-ust,5528687,5528000,687
terra1ulzjc6xll028ull45lzrtda6d8q46stwdrl7vu,loop-ust,9034855,9034000,855
terra1h4u5eqxctzfad27hvzzqrw793ecq6kx5unxacm,loop-ust,4863897,4863000,897
terra16dlufek0ghz6tvf23zd02lhn9dkwph0tg6ne0t,loop-ust,48424614,25000000,23424614
terra14t79fanlfn7r67ul5pdmxxrw8v0879rjndcpj7,anc-ust,25084837,25084000,837
terra1m0p5xnr4a70rwzw77nmeclnfwp49rvedcvw42s,loop-ust,458369603,458369000,603
terra14atm6yeytjkqgpznzuex4ceg2cmnyag0gmy8ny,loop-loopr,2550840051,2550840000,51
terra1w6rx8cs40qc456wvf40lgye7w03mt3chgza5e4,loop-ust,205748769,205748000,769
terra10facy7vmjc64uf5gqfvxzwgj5knvylw5k9uv7g,loop-ust,1026636456,1016767000,9869456
terra13fs4xk70ke0ht6wfktwk22pdccu8c4v4pydcvk,loopr-ust,63859541,63859000,541
terra1g9trsfencrlqj04upl3lcsdndnl2544z7dpjje,loop-aust,587017760,587017000,760
terra1ulpphtkt27c83ujy33dunh3gh7ynwmmp3zmsmx,loop-ust,4594807,4594000,807
terra1htqqpgdkfh0hsp2yknz960kskaupjn5a7vhhdl,loop-ust,169303956,169303000,956
terra1dhs877rjpl7k0s853qg6qu5mxzds6qnc9wy0fs,aust-ust,64714776467,17959231000,46755545467
terra13um8w62a6z3n6yhhs2svqc3h4h7gfrvl64k5z7,mine-ust,434404703,434404000,703
terra18d56pump5shfe4tcudmed4d3l8723kwvx0xg5k,loop-ust,193104137,193104000,137
terra17ku4mw756kkzm4fzhqn6g3ygjk3jexp0w0h7ls,luna-ust,35559884,35559000,884
terra1x2yxw8xdrfajjr37jz2ltdphnljcyn7exu4t0h,loop-mine,30579453,30579000,453
terra1j4ce0n3rs7my20080990kl8tmw9kngkzu8tn6w,loop-loopr,16014077903,16014077000,903
terra1gyelxw92n0dus8py83ugxksxh2j6m3jacjk6uh,loopr-ust,10740274005,10740274000,5
terra1ut3wl7c7qyrnkafs4fc0kym5s7ahpmxl4tfuqg,mir-ust,3429098094,798822000,2630276094
terra18sz8ekuhq7jjtexnlmjzhap09yg2zyrvj0y484,loop-mine,3048416044,3048416000,44
terra1dck2drxtzn47gy3a0h385jty5dl9nm2kkfhxkp,mine-ust,13798340104,13798340000,104
terra1jee5l7hv5hgqpwvm8j0mdp5x6ntc05ss62mlu0,loop-ust,3637266,3637000,266
terra10uzfzmgzvkaukw0vp4g24kh3djffst3kfzjf0m,loop-anc,313309074,313309000,74
terra1uumt4fxy2a979mwehtg3m4308fvkh2v84d7ud4,anc-ust,20260637,20260000,637
terra1zs3k7czqe2xsq6vwrpvjx8macgd3ew5ddeuxfd,loop-ust,5973661,5973000,661
terra1znthxphufhezsahmw8estfjqsgj0ms3mqhv9hq,loop-ust,129973400,129973000,400
terra1w5jl60vdwdnqkcu2wph9ykeuulgcsr8vv0fgfv,loopr-ust,2539741707,2539741000,707
terra13n92s0u0syt5u82pxgryetdurde237shhk8u0y,mine-ust,40786270391,40786270000,391
terra1r5vmpwxjhllvh8fpcxh6kzr9wg6pg72a0j2skm,mine-ust,5467591834,5467591000,834
terra1zu8dgcsgl2lsqgd3g93qeuauvlmj2jepfetgvz,loop-ust,456140777,456140000,777
terra1warvp6sa4phdaq0zr4e070scj4mkz7n70yrz7u,loop-ust,49599421,49599000,421
terra14valxp38d0ma578rdcrqfyxake34ct6dr585sf,luna-ust,33838477,33838000,477
terra1wdu3wl300h3t9p0krfnue9ehskxgu39xt3r8nw,loopr-ust,14551488,14551000,488
terra18cl6f6wsw99dsuqxk3pkrklqemfhq08pg8nyrz,loop-ust,13345318,13345000,318
terra1ujpdlcpwlvrufe0tf3de45vctalefjq98pvt3z,loop-lota,355893910,355893000,910
terra13ray3cxa9jv5y2up7gxsmn65nv4qzfcrexl4kg,loop-ust,48515068,48515000,68
terra16nvsezdxavtyngugyxq793vzjfslwh92csvye9,loop-anc,451911317,451911000,317
terra1z4xv76f7xcvjgn44hmy5uus6zzck0w5c7x4gjs,loop-ust,558332985,458000000,100332985
terra1yxp4uzclssj6yq97t3gg07m6vqham07h3zmuym,whmim-ust,979939102,979939000,102
terra10r5u388ag8a0ewkshkxhzazjtvm39swt0553kt,spec-ust,31229091,31229000,91
terra1nnlkr7uh6v47xzunamaee0eq7yslnrmads75g3,loop-ust,17786965,17780000,6965
terra1tjcgzns66hvzghmg6s2yf67fzkn6c057t7r8rn,loopr-ust,69717066,69717000,66
terra1s2wcddd8jsa4nvse8hq3dffjd072znl9vzm20e,loop-anc,607499678,607499000,678
terra14rklcw90k72egefyuu4sy4ullwwec8s07ec5fl,loop-ust,74486070,74486000,70
terra13y982ufuqzrzc5lnkwz8n027uetvt4j456yew4,loop-ust,379801078,379801000,78
terra163xfa85hv0fffmaz3nmdtn0gh3dcx58c4cajxy,loop-ust,33638611,33638000,611
terra1c00mafqjch0ujdwd3yzvfcq6slstrhklxgd2ww,aust-ust,148756833,148756000,833
terra1frdwev0s5hhfqmhhkyglpyqg4j2g95qdwqda55,aust-ust,268417699,268417000,699
terra1cqr9w3ddkcm2tvjz75ffgrjtqtjgeulzye57ps,loop-ust,294366407,294366000,407
terra19y3vwqe54x7f42w9d6ymj0x2l5k33g7pprj5rn,loop-mine,193480664,193480000,664
terra1hj8sf0z7upl2u5g0dj2gqnfkj858eay7hfwdn0,loopr-ust,130192353,130192000,353
terra18chntqfv7jql5f4lf5ju8wp23590nc53sw2k2j,loop-ust,1182988414,1182988000,414
terra1l0n7cp299yfewr5gu96m2x5m4tz852lfjmse5x,loop-ust,127607076,127607000,76
terra1p0jr6jjt4hn9pyr9mj82pkhtt05uj0y5up62zj,loop-ust,899283998,899283000,998
terra1skm8vws6gp3krxupulm7lsd324g4hfq7lvt2lv,loop-loopr,14598740942,5838000000,8760740942
terra1dp6kce20gc023msx77f7rc4u7499c6eezg89ga,loop-ust,1016618313,1016618000,313
terra1u376xnnv5gg0j5s9lp2v6ecrh0ranr32wma806,aust-ust,542158807,542158000,807
terra1vv4gw7zeje8fr72lspfvf9l5nnne47pklaa63v,loop-ust,62516292,62516000,292
terra17nrp3ua4y74m0tv00ww7a5t7nwehcewlmjaypf,loop-ust,565664336,565664000,336
terra1p3nwh0edes28vsfh0wxx755fju3mlnemzqxh8h,loop-ust,31181844,31181000,844
terra137amyn4njxjqcgwc0h7j302yhtnasru2mclc7y,loopr-ust,25486612,25486000,612
terra1gegcnh2dk3mcmvmqjy808zm5e0ysn2wxet9v7n,loop-ust,6530411,6530000,411
terra1njz3zyeag5r3nmu7aqhfw6crflhlrqxg4atvjy,loop-ust,94346979,48229000,46117979
terra1l9t8up0vngq2wmd3cme9gv6fhtcxh0slhjrcy7,loop-ust,172920981,172920000,981
terra125ruw6ua6fjuawm4ekzmzg9dmf09n7ldx7m3sf,loop-ust,8277707,8277000,707
terra1u8j37e8l82ucthx574njxmuyqane2y9h0ewwxf,luna-ust,14411918473,14411918000,473
terra1ld9kx2umesmp46qm80ns9r86syffm865y9sxqm,loop-ust,355246491,355246000,491
terra1vhfx6zupca3zuukslvg0d6t4nms72xycjmnawf,bluna-luna,5064249,5064000,249
terra1llykqts9remte4qc9y08qd859z32wv2vqdeypu,bluna-luna,84339836,84339000,836
terra1ssh08cu305sf2kdg5jzj36trwwwwa20axyeftj,loop-loopr,303935798,143372000,160563798
terra1tp5hhvqlrv8mpe3tpacd6fwqtnmaz5jccumm0s,mir-ust,1664136390,799542000,864594390
terra14rwxsd0zdxx5jzw08pprxe7022j057wtwwer7s,loop-ust,24049858,24049000,858
terra1xephkpv237e03starwgd05a5w89zjvwy99hq0g,loop-ust,474439782,474439000,782
terra1gfg5a4x4cthhu5mpvls0gdy25g242ulx8uyp2y,dph-ust,6775928,6775000,928
terra1uhcg9yrlzld0dq7kqgk9mqr9nyyxvv9rh42kd0,loop-ust,143582939,143582000,939
terra17lw7lmjty0mm9upttv3hzfe0k0cc5urc45ptxt,loop-ust,21086177038,10000000000,11086177038
terra1hhchj94dzn3yaxmvk4atd3rnfycly3cswwa4nu,loop-mine,2931734257,2931734000,257
terra19x27v4gn2qhnpxt056m2t08hsgu4884kselq6z,loop-ust,7325225,7325000,225
terra138r55p7nk7zwnyt9kdj08ltqsy2fgg7s60r0ls,aust-ust,10178185035,10178185000,35
terra13vqlfe0lf6wukt0nxy49548af8eqxf02d3htap,loop-luna,41024387,41024000,387
terra1h4wwplxaggvac76pldq0fz7x5h8dff78pkf6fj,loop-ust,52726039,52726000,39
terra1r8mky84969ztkncrsptd2ecvs2rx64q7dreu60,bluna-luna,220265979,220265000,979
terra1arceg47e8xpwt7ttfh3cx7pjxep9d9vdrt3gtv,loop-loopr,4601194717,4601194000,717
terra1z2x6cjre6sg57vwgut0gwcz5ngcn29gz4q37kv,loop-ust,178254654,178254000,654
terra16083cwdw22v34ae0fm8ekkrvs93xn73djp3ps6,loop-ust,31697918,31697000,918
terra1rhnk8uyh0mjxw82lxnja8m07e5x3vrgalk45mz,loop-ust,813967,813000,967
terra1r2f97u28r6uuy5vugkqgnc2kchhxk82mes4dxf,loop-ust,198452652,198452000,652
terra14w2ncphmqeqx2ugsj42cf4f5rdm47z8zcc6n7c,loop-ust,146409699,146409000,699
terra147smfu7ajzffhv57rh92g7zaqdvgdutvdufusr,mine-ust,405085744,405085000,744
terra1dhwapcegn0m948403cdlpqw64cuuqghj0pjpkp,luna-ust,24381949,24381000,949
terra15dzc22c67me03nrzm0fc3tnlyr72k6452tv830,mine-ust,59189972,59189000,972
terra1u6r30yhxg0pccqjmg2mfjnktnth9tlwfm3vj5w,loopr-ust,539180221,539180000,221
terra1wnw9qwa6uewumdzcz4qkhj3zqcm7xrepddmtf9,loop-ust,517452064,517452000,64
terra1r0p0hg7j6g62y8s3fmnc959ezk7pv6uemdn347,stt-ust,252877738,252877000,738
terra13c0a2e6qc95tmy25gds37tj6ue7p4lx94v0jxk,anc-ust,2072635291,2072635000,291
terra17v6vngdasnj2njuqeukeyq522xgftytfzvgk9n,loop-loopr,8421292184,8421292000,184
terra1lqz0lfgeydg04hq5creq9086rhy43n0k5lmzfx,loopr-ust,550824649,550824000,649
terra1jrytj0gxk8hlkm9wh8pdnemy0k9ap47gzqeamz,loop-ust,15414828,15414000,828
terra14hg9xa5e7myrwef8mua3ypej6n5jfwdsutxfn4,loop-ust,6565477,6565000,477
terra1yhevkeu6syg7cv703fmecxfyw2j8fr4rrsmjfc,loop-ust,32174642,32174000,642
terra1nnggpzypwuxs9n8sqmmzvfnyj60enzfcydpn3g,loop-ust,100305905,100305000,905
terra18tp50z5q0m7hyxp8g5anr9zps4d6c5ztlc4c4x,loop-ust,111115238,111115000,238
terra1kaj4vxwauvac24d9t3929sz4vnt5ke0exqcy4n,loop-ust,6332284,6332000,284
terra1h0ze9f5v04djjxjm46pgu8ff9846m6zx0e7mq4,loop-loopr,105832078,105832000,78
terra1h9r69eq7yay0hx4rflawd6dpypp0scark44c26,mir-ust,861494,861000,494
terra19vcv83w7h4easam2kj2tpgka9t29yk947dpj6j,bluna-luna,75187734,75187000,734
terra1vmy7j7wx6c8k20a94lefqh63rew3s7uy7s4dkf,loop-loopr,32152179749,17218769000,14933410749
terra1n2sg56hqxnwmg08speqlgvlra2jqk2k6qtj62d,spec-ust,10897064,10897000,64
terra14634fs6yklhc2tts7h90gpha75fjazxm5d0qpj,loop-ust,762539284,321437000,441102284
terra1pgqyw580sxyl8drh6m56ehmeylaselgfelmq0z,loop-luna,20037475,20037000,475
terra19cnd05uh04jgswj6jemjgucxlx9yh90x65hd2a,loop-loopr,3322634959,3322634000,959
terra1wglhrzscrlytge37e6qdw992dm3t7c2sf0vqkw,loop-ust,2649498601,2649498000,601
terra1ufkc42mzhlmxjqvj3fknxyf5jynaqnxd7fjgjc,loopr-ust,9367339631,9367339000,631
terra14rgag3gqtc2rdt2rl4yvxnh92mu9xcaa4uyeaj,loop-ust,7386556,7386000,556
terra1qk54gdhaugr5dkszka9u73tse0lr9ffn94lhcx,loop-ust,111748837,111748000,837
terra1wcm6ndgmw5stxl5x03pgvjxmv442a4yzdtxkj0,loopr-ust,82320101,82320000,101
terra1dkt73n6a927j05yp9al5j039rsyzupk9l7pqe9,mir-ust,144117065,144117000,65
terra196mj3dpq6umxspd5529wyfq3g58nwg74vgjs96,luna-aust,11871106,11871000,106
terra1waz24dy5vvnh9htgrvat7wp0p06d6z35rqm6s9,mine-ust,8295530954,8295530000,954
terra1pnlwy0hyljyu67saf72pxywpycl49c7mqmc7f5,loop-ust,4877190,1500000,3377190
terra1huyjr53rqja7sfcpqt7vzekk2czdnsp68jpp2c,bluna-luna,3433829,3433000,829
terra1ulv63sn90qkctrrfxnlm8mawtzldcz2ph7uphh,loop-ust,4885532,4885000,532
terra1epsamjga4xyv52yr93dqnu26ldga720y572zvn,loopr-ust,23619122,23619000,122
terra1z2j0ava9k6pufhnc8kxm8snu33c7tw9cqwrwxq,loop-ust,28313203,28313000,203
terra1flpf5zfspa0knrq3smk7qhzjg0gay4ak6spfj7,loop-ust,577357781,577350000,7781
terra1523n5tgm0twejfa8hnrpm5ryf4rznkpp62xhsp,loop-ust,17069731,17069000,731
terra16r0g6gxeqc7nndctxl2tr0xcu0xz3szgwgptze,loop-anc,148042594,148042000,594
terra1ma2d4yckz3hmw2rkwz09k989njnrx4aygvcmfz,loop-ust,38769437,38769000,437
terra1lt9vtks35erhvtggc59p5ufrflp9y3amhkduwa,loop-ust,28601943,28601000,943
terra178r3eyvtn4rcyh69wqsnw5nhdqqzqjy6kag8hv,loop-anc,4904685671,4904685000,671
terra1uxrz5ql82ft8fzwcjv73upttd8a3r8xqkt6v4n,weweth-luna,4488,4000,488
terra1avj0p9wn6fjwhf9sg4k9uvgesxar3m9vln9md3,loop-ust,307695336,307695000,336
terra1m9tspaq7kem5lvh3w7m7e50pfwtfn4wcjg8nnd,loop-ust,1004892410,1004892000,410
terra1wp3t0k3rn4aerlay6z68dxpr8qveac0qjntm8e,anc-ust,128930764,128930000,764
terra1np8da70jw504xg3tau6rfupfhfttfprlkk2ky9,loop-ust,715449019,715449000,19
terra1ssghdu9y3cxgs3j7ky0xucccq55n9dn68d5aev,loop-ust,2619987733,2619987000,733
terra1w6fzakkqug79m8f89untdrrvh4pt798chr2mqu,loopr-ust,75746941,75746000,941
terra19wpu4xqt6k285yq2xwe0qzkvlf9skutz35za6m,loopr-ust,94824513,94824000,513
terra1y59l9khhw0g36jgvwcq6x2adwfspap7fp3rm7w,loop-ust,21426993,21426000,993
terra1ppdfw8z6pks2gj4l3dqlh70wmlw7tj6a0305s2,loop-aust,8167772426,8167772000,426
terra1k0wm8ml09j93f78pnjppu5s6f8evffx045cxc4,loop-ust,240050019,238687000,1363019
terra10d4kn2xqavp59p28h8ufaqzey38j5x8n5un5mm,loop-loopr,11291824699,11291824000,699
terra1fj9nllthcujkav2uedawwtcpxaux9vcpa28ffw,loop-ust,9286428,9286000,428
terra1cnfa9uj6v99epcdwzehy8f0g7y0z39h499qa5f,loop-ust,12864399,12864000,399
terra1cfcunjpw5kxqddyxhas938c90gpj5cqvugp0lu,loop-ust,9523704,9523000,704
terra1ea9jjsrq0vsp9949kk5q25mjctn5yawaxdheky,loop-loopr,13362998293,5105368000,8257630293
terra1smg836mdp69qrrx05svd8am29n4886cgwedp6j,loop-ust,5355403264,5355000000,403264
terra1c59nz6zrw0898g9h9sv9rmugp47sgy2vses4hn,loop-ust,75889586,75889000,586
terra1wt2vhmpke46ewyc4lklqr8g205wkvmgc44pykn,loop-ust,2425010,2425000,10
terra1mk6xugxarst5um6lvflehs9wfpeludcecfnwr2,loop-loopr,723510403,723510000,403
terra10mlyh4ygfrr0ltp93s9jrjlxqfkw4q8snzxv28,loop-halo,1461618293,1461618000,293
terra1f6pksgn6r3qvu5cj0g9mq727mrp3t7cnunc0yz,loop-ust,15136406,3931000,11205406
terra1fjquyucxhek7ut7h596mwcrhfllyr8mvurfpmx,loopr-ust,59011829974,53869857000,5141972974
terra1kr4xp0ruywaes6za6m9racf8wlshh7k8ehtl6e,mir-ust,302070118,302070000,118
terra1a2uld7zyppkhkkcdulursqk0grc7ea9kepuxl8,loop-loopr,2201197163,2201197000,163
terra1adl233z3g8pan0ymrmaguk95sw2g5l0hju2vzw,stt-ust,178252353,178252000,353
terra109tqxhzurzjwgfew5zwxcspmwpnt54fvt3zwv5,loop-ust,1959043020,1959043000,20
terra1hq9hf64mywddd7h9sx8arx0sju6w8gst3rglpz,luna-ust,4468303660,4468303000,660
terra14cz8uxr9rnx2fjltf347fr62gww0gdtql8e4v9,loop-ust,9758112,9758000,112
terra172lurymmllh392dquqq0wrc53ndrvhyxpu97pm,loop-ust,1681317805,1681317000,805
terra1pysmrycyx3nud976sdcmyx04hgx4ck4nct4n58,anc-ust,1174077,1174000,77
terra1dmwpdt5qreahsf2nf6neyggkqrfsmf9xjf6k69,loop-ust,92432840,92432000,840
terra1540l8qzs27a0ymh3pl7qyxm7tsgv327lmkuf83,loop-aust,1346726587,1346726000,587
terra1lzhqvac074p78useqrp86mu6gtj4clp4gfll6s,loop-ust,119658331,119658000,331
terra1m3taa3wcs05kw68qr763dvrk09mpp5qutvw9r9,loop-ust,2132422,2132000,422
terra1laqsn9a203j454sx6whr64gnyq0ar7dc995f86,luna-ust,597473,597000,473
terra1vrq3yzujgmfrqyp6der9w8j3audmw497tgpytl,loop-lota,230829640,230829000,640
terra1pkwqpzq47utymv8fz0gmwdnm4lqc43w678zg23,loop-ust,8638383,8638000,383
terra1gwgctjllsc05kljjrnwfasljyg9phqlw88qqcc,loop-ust,198368236,198368000,236
terra15a4lfygqag9kpg4z4jj5fuq03xhjf7nhlyefd9,loop-ust,23754288,23754000,288
terra1jateyefa5tt2aq3rgzft65e5529u5g6696ufpq,loop-ust,26129550,26129000,550
terra1fkzqpq3ux3s9qrqlkk4gk8h2trr0q48tfc0vk6,loop-ust,5709417030,5709417000,30
terra1xslqaxmf6qy23lpkxwpv5k3akajgfcsa4jq0vp,spec-ust,98962191,98962000,191
terra1pclwjeucytuhcrsavw7rrye2mdyqtgpzg5rxuv,loop-ust,9523946,9523000,946
terra166sl2cla5nntrkys8gyset568x54xwxv5z7kkw,mir-ust,1760241594,1760241000,594
terra1ksrvl3yvvazfgqhy3raey3m9wj5e0kwppzpj5p,loop-ust,257336947,257336000,947
terra12xgs0cdh5jl3exc9jf6kcr3cdpgnpt7udh8tnv,lota-ust,289404831,289404000,831
terra14nm05aavhvdd3ms43pa9puq3s69wtwr4qldcxm,loop-ust,53995723,53995000,723
terra14n7kkmvvnd56ry0wmsnxamqjsmpfz4rx9lsetg,loop-ust,9614635,9614000,635
terra1xjhz9r93m2crchpwgya8vf5d9y2kd0h50vwwtf,spec-ust,1572302292,1572302000,292
terra1sq40sr7u9ajwtvdx085ll80rqtq303vlqq3y0j,loop-ust,4315631,4315000,631
terra1qnh36lgat9zc26m9wla8ey55nj4mtyyl3yjfuz,loop-ust,356590536,356590000,536
terra1kgzpnnsfw0tplvkrfk3pnnd2l3tgmu98yyvdfd,loop-ust,72200144,72200000,144
terra17vglwzkmjsy74j2eyxg7nmvgq4t05th28mrppm,loop-ust,428641627,428641000,627
terra1q0wuqy59ee2lh6prwspzjrf7g8hhdvj0fzp6n7,dph-ust,110778780,110778000,780
terra1mvvrf4gy7eu8tt3r4je8s398ujv87uxsu8w98n,loop-ust,348294494,348294000,494
terra1t5dt5puu844yzvv67mlkr4a0xmkl00dejfaj0l,loop-loopr,2652849505,2652849000,505
terra1xxuqnhxyrmhxvtj84ga8gj5u5m6qmyvpx2txns,anc-ust,37152146,37152000,146
terra18frmgphxnzadzf0ldq36p6k4z6tkhyqac07fsa,loopr-ust,202972301,202972000,301
terra108sfm694czydr0w3qge7284xy4gxpc9gsqtw3a,loop-ust,34327374,34327000,374
terra1v3qgf2vzm92amk2hmfyze7wue4ehuh7hupaa0z,loop-ust,1556737810,1556737000,810
terra19xfp324chzuptqw5u5yjqyfq9qd405gj0l9ugj,loop-ust,1427342,1427000,342
terra1zexq89cv8gxursusa82uy2x2kdf2zaztf9udyt,loop-loopr,596517153,238215000,358302153
terra1e8p8ckueff4v64vs6pe4ajtjywr2jj6xv5m53d,loop-ust,13770920,13770000,920
terra14lq3y96pvgc2flc2hg3educa69cl9wayuuzz2a,loop-ust,1236015,1236000,15
terra14k52agc3an76uhxwc308yhmwszf2hs6lzpxn96,anc-ust,308949357,308949000,357
terra197q7vy6jcx5gqj43n2kv9t7zgl3lys5542gjed,mir-ust,285689999,285689000,999
terra18lxlxqtwmhkct3gam85aewlr8untwdlkqlzgep,loop-ust,19134225,19134000,225
terra17l6wwu6xwqkedsl5h4dsmg2rl065260p28tjnn,mine-ust,264848387,264848000,387
terra155ecas8tee6mw9zxayux96hr6zx5dw9ee4cmrl,loop-loopr,14650603,14650000,603
terra1s8rfc2y57l7m9evd23mjq9p0kpykt99y8d5jk5,loop-ust,6367942,6367000,942
terra1lrxlnqpv9z9fzm5ny0uzf8yyplmxf2255euu9a,loop-ust,13006123,13006000,123
terra1g0d02sedxf0mxaf6yut370jcxsk8ep3xezqt2x,anc-ust,18738339,18738000,339
terra1fe8h3ydtu38eelar2k8vg9e8ju03sva0dnvwjq,aust-ust,9898382145,1151329000,8747053145
terra16kmxs6a03x36ll6pcfn494mm9l7mg56as0ykw4,aust-ust,89651831,89651000,831
terra1zsv5gm2dfuaqsurnzh4nn4wmylsj9thkdvrxfl,loop-mir,87087682,87087000,682
terra1jyc467fcv2zzr2dkva4nvkcs9d53cel9hjlpvt,loop-ust,59853168,59853000,168
terra1ruxm2kt6mqfnkaleahrkktxup88fdj4ttken48,stt-ust,2651714,2651000,714
terra19cgvfvpaw7fy26jucpksua5nyhqadvpzvng2a8,loop-anc,2212134026,2212134000,26
terra10j7mh0a3wu09pjdvlxwcw4w56qv9trnx3l0x4s,aust-ust,445726932,445726000,932
terra13jcv8n3lxpgtm9rdl8xpwal2mtj6825hg5nczr,bluna-luna,20085570,20085000,570
terra1kh6zkc90mn9yh266rru2zv3pnkvywcev263sl4,mine-ust,251669715,251669000,715
terra1hmaffnlsqf85r4pp3882rawyuyrdwplu2h8fu2,loopr-ust,56393303,56393000,303
terra1y4059q78s3ua85cje49stpyx5f7x574f4nrzgj,loop-ust,767429278,767429000,278
terra17ejluy4vce9e77hw6utgvyqu6xsa49us0xm628,loop-ust,80686867,80686000,867
terra1c0mqwgyygkt9yrnxglthdrfst2lhv6haf5t7rz,anc-ust,12679465,12679000,465
terra1y945wth8wmycp0ewl95cwdppcg648xgc5ls680,lota-ust,6137354,6137000,354
terra1xd53he7fate6dw0vg0rxpm62kyamgf2jqcsg2x,loop-ust,146774627,146774000,627
terra1n6pd4t767u2y4g05a76q6vzwye93rz9futvm5w,loop-loopr,4376406641,4376406000,641
terra13usc93vhg5y9tu9xz9tgp4sghl0xver8dmvvcj,anc-ust,1047646408,1047646000,408
terra1y45nw2yqsmnnrf3augv0ersg5jd3f4zcx7cr52,loopr-ust,45205825,45205000,825
terra1pmp5pn4jdaew0e2tryz373e8whac40esazmcma,spec-ust,401400,401000,400
terra17a8ts85k0dc9h7tgat4gxe6pmua8x2laam2j70,loop-mine,4997028087,4997028000,87
terra1gaq8su2d2uvhq93eunka0w707tw8wwuz0afe5v,loop-ust,15344189,15344000,189
terra1xyw4d4c8ythzsw3ausuv8ycsz9tjpymtjfts3y,loop-anc,12784721,12784000,721
terra10hap3thww7wcuanufsuute5aa9qte2jac05833,loop-ust,20122056,20122000,56
terra16uxwpkugf4ennd5axfjygrxerz2mndm47sqnal,stt-ust,248401800,248401000,800
terra1smg69mxmvsnx8yln63apg536rvtwkclphcgvyt,loop-ust,132823391,132823000,391
terra13ldjvh8tk4vk0agkcnv6dv0zg5p37ga7jpe527,anc-ust,57939027,57939000,27
terra19udf5f4vfnhy2p6fv5w7gyduwavcylkaklfq82,loop-ust,871350922,871350000,922
terra1x2376607zd0f4dhr485mgntvfq497vupjajled,loop-ust,846129370,846129000,370
terra146ve4yt8r8cp7a4ynllca8zqr9w4r80hpa3hzr,stt-ust,65006161,65006000,161
terra1cpzc03zd5vfxzr7y83xzav5850aqn2wvuce34m,loop-ust,31339088,31339000,88
terra186dugdthm5nnmlljz3d8lrmjud0eg9z7mwymzh,anc-ust,80439733,80439000,733
terra1u02kzrt3glv6060n9al46l4x4w92628gcn7tcv,anc-ust,28823914,28823000,914
terra1vl6zs5mmhwvn84redeexychpephlhvquflpnge,loop-ust,38276038,38276000,38
terra1z7lucmrnvr0357zkvmkmcazngqggc0c8jvsem5,alte-ust,149998040,149998000,40
terra1cml5mmsdh674943psrlvsxva3qxrc4qapq8t33,loop-ust,3427512505,3427512000,505
terra134xls3gqxn6tehhfzpm80h5z08a6pmfx2m8jz9,luna-aust,38271870,38271000,870
terra1gm3tlltgqjlhzh5vncf3y7p99aq8q7jmwzs6z4,anc-aust,100916143,100916000,143
terra10dv052lh72lwpn7tz4pljr5rngarcjr4pn8a3p,loop-aust,2445038801,2445038000,801
terra17g3t6xlsgumlrnay6mxyhkkzlygkrz0gekvmjr,loop-ust,69893533,69893000,533
terra1kzsqgw2przt94q4hva5vmgp2jtdg6qarzdzfjp,loop-ust,4564334,4564000,334
terra1h4qnznzwxxu24r5pnjrtqylxanp4ecavggnl57,mine-ust,19849078613,19849078000,613
terra1plu3ph8nfruaczn5e4ztepdhzx9r6yzzrw0f7r,loop-ust,395215401,395215000,401
terra1xqqc7vexd6pfcer47fhp7sc6ygpdrkepcpt5cn,loop-ust,13053414,13053000,414
terra1sfsyz8hvrhaqu3llqyd7wekmkd5wd0cn7agkfk,loop-ust,10573924,10573000,924
terra1rgpzpx8yt2827ekj2mcpw26pu4d0l4awd48cmm,loop-ust,10417065,10417000,65
terra1dr609a42x8vs6m3ncvw0w03cr5xccqd6drr2mm,loopr-ust,2447665578,2447665000,578
terra10yhe0gxaq97ccqmgteggfqr9cl3dgckjjg6n5y,dph-ust,88799738,88799000,738
terra1v6mrqm2pwfel5mjc3helq5gajsyw676l7jta6m,loop-ust,198687483,198687000,483
terra1xtkuv8fqhud6vme5x74p9fh0zwfps2x0c5dgx7,bluna-luna,5030217,5030000,217
terra14dx5gp4cchn048pvr8uugaxftlk309xczc9rd6,luna-ust,466103295,466103000,295
terra193n8ntq83c7h5dpueve6qcw7kz057xwng7e459,loop-anc,12114552540,12114552000,540
terra158ythrl2u5l5xnsatqlhefnk9med9ryddny20k,loop-ust,10857948,10857000,948
terra1qlhnxwtxuumgrtxx59k36e4n4x3udh9082th5k,loop-loopr,2708061626,2708061000,626
terra1xqqlvy46l5z9khmmkfwu97p4dnygxfa795j7zs,loop-ust,201864471,201864000,471
terra1zvrmm66exv59ucjexv2gtp5z372t3xu7a9g0q6,aust-ust,3877235949,3877235000,949
terra12ksldgkw455veemcvn0mm4g4ejuz65u4uyldtv,loop-ust,81274945,81274000,945
terra1xl4pmkz365a9nkxh78df3ul6jy5a98hahd0gsp,loop-ust,2124537,2124000,537
terra1pld5a44cyurpgp4ve4typd84d4m2v0nva32z7u,mine-ust,2804077566,2804077000,566
terra12kyuy4sqrjwxpq6z5qp4rn6qhh0hd8y23g49lv,mine-ust,9521462,9521000,462
terra1kjm4c7pk3t5e5wyxnz5q7rcy6mehhvmee4nf5k,loop-ust,22036267,22036000,267
terra1w3umnxan2jqjdvcre6aef88z7afnseejj7u76p,loop-ust,91109046,91100000,9046
terra1j2dv35a8lv7g4h4qtkcnwlluyyfumqklkkjshg,loop-mir,15074550,15074000,550
terra16w04k270rf0gt8t2v7ar7uqp0x3t9x9za70tph,bluna-luna,48173519,48173000,519
terra1t00s353ng7mcllue6a62xu8uufqtvu5ecx6h66,anc-ust,1573573167,1573573000,167
terra1qeghf6euvq5qj5sv2j98nl0uvrv4vl9sffpch4,loop-loopr,148992994053,148992994000,53
terra1gkujlzytdnznmwfps2phyn0qghrhhvyfcupnkk,loopr-ust,292387437,292387000,437
terra1lu8e897xerhl796mumarvv4m7xt504u6hw5yag,loop-lota,64686369,32343000,32343369
terra1mxkuwwx39e5esar8dtlyettgdfqkc24kq3rhlt,loop-ust,1888871,1888000,871
terra17pdvclcglxssyrv0autldf4k3lyvf4umftfrrd,spec-ust,719899634,719899000,634
terra1a3vfsrxa0uruquyj2qxejf7zee229ehfyk7sq3,bluna-luna,16622549,16622000,549
terra13emdyum6s7v3vaew833euut7fd9ggw780ut3sj,loop-ust,491191590,491191000,590
terra1x5xtyckuyq6fqkax95d2zukz3f7rdwamvwgdnk,loop-ust,8696330,8696000,330
terra1x8f7dmqs0kpke7u8fd5tztj6nak8z8atgnflcw,loop-ust,110910520,110910000,520
terra1ar3jflttt6vsrgnn2cgyqajex5arqnhaukn6y7,loop-ust,241905516,241905000,516
terra1ahj0e7z8704egs7e4fxv5v8ylejg9cprxfugan,aust-ust,1385472713,1385472000,713
terra1phwgqm3mzs2ajmel8dqgtgyyy5fmernz6fpude,aust-ust,1614017599,1614017000,599
terra1hmax0l4aukwxdxrkuwl85dp5nl72ampjchn57j,mine-ust,9752242112,9752242000,112
terra1qdh3pfdkavlpgzq292acxy96zkswdjwaruq6cl,loop-ust,9863228,8000000,1863228
terra15mj28mfxtd9l624xfscppqw9cnmqdx4f0q2cuz,loop-ust,14723474,14723000,474
terra1uqc5utvpyynvwjeydpeejsrk6rfhfqd43csktv,loop-ust,46376666,46376000,666
terra1xme6szye5qunqpqfgltgkqljuhnc0p3hm55ynx,luna-ust,129699780,129699000,780
terra1kcfn6y7z49hs2uus63n7s2dq9vvy9d5qmz4ysm,spec-ust,128213969,128213000,969
terra1ztlrlydd95z805zanrshrqs8hvxgjn9uafmuu9,loop-ust,184357544,184357000,544
terra1q6cf6mu8vme9ma4zlgutlyd0j57fwltp0u74yr,loop-ust,9526399,9526000,399
terra1z28ry5hv08snf9qxx3eh6hdfvnp266wju5wn8w,loop-loopr,98551275,98551000,275
terra186clrn8x6sc9xc94tcj9lsuzz7975azjan9mrc,mir-ust,84946443,84946000,443
terra1plzug9mwq42wktjj6yt9772r25meug09du9s2c,loop-anc,109500036,109500000,36
terra1h57xwqvws096q23map3s8dgne8dawj48c6hhzu,loop-ust,24852245,24852000,245
terra1fzkvv3z2egn6avcprtx74dp2dtg4xau5z8y4na,loop-ust,30516723,30516000,723
terra1unwhra0jfrlvu67rgks9vdun58l9gld8hqd7pp,anc-ust,26131147,26131000,147
terra1htafl09h0wg3pmzfp8jwncpncshzx54r4xcs6p,loop-ust,21600458,21600000,458
terra1xfrjxdctvl52gqn9gm4pp5k4c4hj4spdn3zl7x,mine-ust,23016340356,23016340000,356
terra1svnj6sfjt4jpqu4zyacjl68usm0g2zjny9s33t,alte-ust,504741819,504741000,819
terra1kmg4u06m8lv86kdxe7c54y33f70xdvjdq2dmeh,loop-lota,2956094328,2956094000,328
terra177jwqr7nr6kz3nns89cz4mcpytdp63fgph3a04,loop-ust,193507884,193507000,884
terra1hge87ar4fmjt6d2zqzd7w987vj09cfnvea3pzr,loop-ust,25319821,25319000,821
terra1n8k20lzajfzemtf990nxguuzc5sq69suxnkak3,loop-ust,1040743563,1040743000,563
terra14lxhnv9euatry0l3lry9n7rezgjes7vg4nj7jr,loop-ust,1303784969,1303784000,969
terra1saaaee08d6vegt6q0vaccd3vkxngktdx334p84,luna-aust,424381584,424381000,584
terra1jt7vhm29j0xq4g509ymq9m28dechsaqdzx7t8p,aust-ust,4125889864,4125889000,864
terra15twnplh9zshqvds399kzv9d4aehyegk98d4f06,aust-ust,523608691,523608000,691
terra1cccnmqm0qg8846wvajpypjvuadr3w2s8sf5tcn,loop-ust,62874728,62874000,728
terra16t6x0yu3ss6csltcw0dht8ac32ccrhsg5xlyd4,anc-ust,128045764,128045000,764
terra1v36lhhnpg7fz9mndptn7sny86ygedq4thx74j5,loop-ust,981363,981000,363
terra1v3h073gnnzxtashc2ds72jl5ednzljh0tw6hd2,loop-ust,10029578,10029000,578
terra1cgq33lntxv4zrv99l0g8krwfdws76ftde0lnd2,loop-ust,26563830,26563000,830
terra1jsyqmnrcadcfwf2lm6mkwmn6v9fmfvt976adhm,loop-ust,7584980,7584000,980
terra1xqljynevw98jck2u0x94e4dj42jy8qy76zsef7,loop-ust,7003461,7003000,461
terra1tkrsv86l0qmuz63rx2dnnmrjj7s8mg4t5v0tdt,bluna-luna,164536088,164536000,88
terra1g2f9txux06ny4h2jk94r5zxr53qmuts4r8zx7p,bluna-luna,1996734,1996000,734
terra1rg3swucefj8csmrpsnktk7k3272z6ak9kpsv8m,loop-ust,1327730906,1327730000,906
terra12atfv5ffs5ved0xj2zla05stc2eezew2zg4z8m,loop-ust,25682672,25682000,672
terra1uc5kcm3vsvntde7nanpunlk0qcg7g6t8kwluun,loop-ust,74499495,74499000,495
terra1a7xk8ugla7heqwajexrgytd74yqn225ze9wdf5,mir-ust,26926927,26926000,927
terra1fdavf38wsmlppngxn5rm0kjuad6jx0x2ctevgp,loop-loopr,875793042,875793000,42
terra1nech6j8xv237ne9hya4t4fhvl3cx59faujfff0,spec-ust,70837420,70837000,420
terra16d882ucxpzpxzl2f6d6d8t03jr80zj5m72k6y0,loop-ust,7159681,7159000,681
terra1lntdywgepe074uk78l6qzj8p4zu7v465pjqac7,loop-ust,18678904,18678000,904
terra1adh6leuj5fhywct4nu5xqlutawtrc7egwhc8se,loop-ust,4727990,4727000,990
terra1gj8aa87scxh6wf2mpfudxrxps0uhfn3usvc2yh,loop-ust,171685069,171685000,69
terra1zw546ez22a7da6a32jaappznjnd0tmk3zeh0k0,mir-ust,4169406105,4169406000,105
terra1yxfgvtq2f5q77du6mjll6kp27gn4cua72r4x55,luna-ust,866012815,866012000,815
terra1l0jpacah0hpeptxn9d7g58300kmtzqycg6xqav,stt-ust,64887285,64887000,285
terra1276alugvxwxffzlv28r6dg4z9fzw4j3ehg5k6l,loop-ust,45762585,45762000,585
terra1gvgx49z2t09yhva9mdf0laagccau7pkhnty8ny,loop-anc,625625207,625625000,207
terra1ctsa762yktra6zhgxrtnwha785qkumvgfruhn7,loop-ust,135072760,135072000,760
terra1km6pe4t0s7fcmfhzxna7z70p73puujtpw6378c,mir-ust,2528591629,2528591000,629
terra124mcrp65fdc25km7zra478pk6e09ns7e3vd36n,loop-ust,2378637,2378000,637
terra1se7ml7wt7pqzjhajhw5ma9lnstcs429lmj0wzd,loop-ust,353102883,353102000,883
terra1t3r65m8n4pct7prm7ypwsuk8j03r3v5xj73z4n,twd-ust,2436042290,2436042000,290
terra158ezdj7cdj0lz7dz9fld39enrndrtu0tt6w8vt,loop-ust,117432956,117432000,956
terra1temp5cq7cluva8p8emtj0kqalf6cd8z7s7kpak,loop-ust,38348398,19174000,19174398
terra1je06ra6wfn57v8h9mg36mw6g3352rlats2a93m,loop-ust,3203730,3203000,730
terra1glygpwnu9zg80ag3h8rktp9pus75mt9va9eglc,stt-ust,433137089,433137000,89
terra1jw3cm6g2gqzdjz96j8l3f8ry7m5cwhph282drw,luna-ust,226747085,226747000,85
terra1g9gpq7m5vyrzs0jc3hxf8g6j645gnph48tgj0z,loop-ust,240289246,240289000,246
terra1vc8sljku93kedy76nvlfjjzygptrrgugmxu46w,loopr-ust,625347970,625347000,970
terra17zedd9ye6szszvmzz67kn670nqn4wp0daaee7u,loop-ust,1700256,1700000,256
terra12qm30encte3l73pqjk8a92yv4zs0w8zwtnx407,loop-ust,1042268629,1042268000,629
terra1nkl3py3fp4q6dhve8hzvsk9nn8t84ecapyr9tc,loop-loopr,1573575777,1573575000,777
terra14tjfev75hkav8fzqq7sleq3x0sd7xj8m8tsffx,loop-ust,24340400,24340000,400
terra18geekuge7lmyp9lnecpyxsju9p606nuyhvkhmz,loop-ust,203800433,203800000,433
terra1c9hs668ee4rk5nacx2tygd3tgv0a9ph28zt4w0,loop-ust,342623383,342623000,383
terra12y39d60cplnqkeqhu4pvhrtk0p7emrqdla9uvz,loop-ust,7549882,7549000,882
terra1rtgscr5rzw50f0lmg4svnf0p46edtus7usc7vk,loop-ust,56698625,56698000,625
terra1y663nz7efsd2pjzqyv5mmfucfgj920dpuqpqjm,loop-ust,8269240,8269000,240
terra1u9hywy9jmnqg4j6vxgx9asx34nvpqk6w9cgcvq,loop-ust,39213769,39213000,769
terra1fl4yn6ty79cy9g7v22gqgypp5rq6tjn3trhcy9,loop-ust,88968321,88968000,321
terra1fztzhxz4lzsk9jgehfhzfkumkena5ntef52hfd,loopr-ust,13760500,13760000,500
terra1pc882hjfl4mwma77c9ddt74kxwfka9ja62yw5x,loopr-ust,73844103,73844000,103
terra1wvlz4xfdz6yzq39accyuxkel4qp30lf38lmfsm,stt-ust,118883902,118883000,902
terra1fhq9hsqaqw2edhlnvnu05d5rtd00h65u053jlv,loop-ust,17329531,17329000,531
terra167w6x30fywvcqdw3t2egr2pueley97ntt8fepd,loop-loopr,111490849798,111490849000,798
terra1y9ma5e9td5pgkdhpq5t4m7ka9pxg9u0tvns9qd,luna-ust,152416207,152416000,207
terra13lhenxzg8gpmrt0rctkgje8hz78sv2pdzzlp0n,aust-ust,1306029457,1306029000,457
terra19cy8p5t2mktueqlf52t2732wetwhw5gg2376tr,bluna-luna,400572309,400572000,309
terra1w2v8qwtknaeswfcrz5cfldwa6258je8fna2sxg,loop-ust,196755943,196755000,943
terra1rwtymv2r4cnfg3rqpd9pgx7awu5mxzvg267qgh,loop-ust,39959423,39959000,423
terra1sslqhet4wnng79cwx4urccnsfka6074y75j3zz,stt-ust,17913119,17913000,119
terra1w7ukmy3u0my7e24j0znkr6s8qtr8huumynpys2,loop-ust,2987284,2987000,284
terra1k86y2pedv6hzhtr5d7pgy7frsc27n5quc6tqyq,stt-ust,32340019,32300000,40019
terra1az3ph30eu5sfw7ywu2wmacd246zq6u5rwgnu88,loop-ust,43687615,43600000,87615
terra1ky5z20leud3q0myx6jj747a5rhpfw6xy0uqy58,anc-ust,174296835,174296000,835
terra1dvlh26p7wexyuajfzzguhnxug25zr75ajaefye,mir-ust,76098166,76098000,166
terra1zppjjw4wg76qwtudzccd9rh09lkxnuhn5nu33k,loop-ust,161138353,161138000,353
terra17yltvkd00ydcqe0lud9z5g6mnhexjz30c45fs5,anc-ust,1619582289,1619582000,289
terra13640022ph54jnnvtfh5yu5zh2cnq4ter3cexwu,anc-aust,11086766,11086000,766
terra1vx9x228wwxswktttjdyzv0s3g6kkyfms0j77te,loopr-ust,1482343880,1482343000,880
terra1xjmkwdalrqhrlvvyv48wghp3v3ae3ffp3at534,loop-ust,5205672145,5205672000,145
terra1dmzs7zqec20v9y5xg3ymldtrcr6swrwml5kw58,loop-ust,7112262,7112000,262
terra147smfu7ajzffhv57rh92g7zaqdvgdutvdufusr,luna-ust,10742879,10742000,879
terra17vxe9xsrsvhj2q8q3xtwd3dye2fgfel4yw74ct,loop-loopr,2877796178,2877796000,178
terra1ynwxh7cp9artm3pyz36yteretfsdf247tsppw3,luna-ust,1685600612,1056369000,629231612
terra1vmy7j7wx6c8k20a94lefqh63rew3s7uy7s4dkf,anc-ust,150078958,150078000,958
terra17yfuwavhnns5uzw5dljfcvhjd9q00majctevdp,mine-ust,29571363587,29571363000,587
terra1cjvjqyuw58upk7h7w6rkmkgg452mgascq8c6jy,loop-ust,14958263,14958000,263
terra13w97rtnuk5wrn075r4p68mp6r9vgts6axgjw8k,loop-loopr,196851354822,196851354000,822
terra1ge3xtknumkeuz6z3dhs082g40xf2led9ksnay6,spec-ust,173088270,173088000,270
terra1chl8eeykerv5kfcu30guhqn4jl6kxzuae32yrh,loop-anc,18673512,18673000,512
terra130znx0awxt5mmjvd59qh580a8df6drktc8xypt,luna-ust,339432576,339432000,576
terra1qwyhk5e9v9557fk86wtagcvkkkn4w57qzh4y8h,lota-ust,738872979,738872000,979
terra1ga9asdr56806aqjlrseam0s5vqswh6grv6lucw,bluna-luna,696878,696000,878
terra17gx9hqpwpwxcaswuxsldjln0vtj36cp7fettmm,loop-ust,15134311,15134000,311
terra1vx3kuy5y3sfrqwy6aydq0kra05hvvta42rk94t,loop-ust,316239783,316239000,783
terra192xzxk0775qxu9w4y8tqladgx3grxjnep9kae4,loop-loopr,4990811286,2455120000,2535691286
terra1udyxp9us499g9fcpfjxgq2k2c90zlwdrtw5adt,loop-ust,10350024,10350000,24
terra1snrx583sy446705xpy52mlzjpk25adquh9ty39,aust-ust,19451444346,19451444000,346
terra130mewcxge9p83jtvuz802rnhaxedwut9etuywe,loop-lota,139196426,139196000,426
terra1nhfgwvgszth947fzjtnch4shmzxn4zwxec5la5,loop-ust,21682238,21682000,238
terra1k23k6h9ye2gk2l06muudupne8ugu76zxgmtcm9,anc-ust,390170901,390170000,901
terra1utdeapanx9r0qu3h6x9v57jzh504faf5p0whkd,mir-ust,2826840036,1384749000,1442091036
terra177zzzlhk3du6l34evpeahjk5mwzclssqsvtc8c,loop-ust,47795538,47795000,538
terra1k23k6h9ye2gk2l06muudupne8ugu76zxgmtcm9,twd-ust,3126947652,3126947000,652
terra1dkdlhq4age0qpl5xcmdxmgnsddwd6wv77h3s47,loopr-ust,433528896,433528000,896
terra1cdrze2wvndt365eajrdswxppyq0whn5u90h6xc,loop-ust,50765367,50765000,367
terra1gwgctjllsc05kljjrnwfasljyg9phqlw88qqcc,loopr-ust,6424997415,6424997000,415
terra1v7wecuhv9apkafe2e4l940khkczeq8t0w02h68,mir-ust,58021163,58021000,163
terra1xlslykzjgy2mmkf0u0v6npz3nk8z8pkr8tq6vk,loop-ust,28016994,28016000,994
terra1tttmvg8qr27hs6hu7y4r3qalhsdnqwzs0qlsv2,loop-mine,1403299637,1403299000,637
terra1zcsj3slrulv9lpjnf0wvrej0e8dx8cydljf5mx,mine-ust,270310125,107820000,162490125
terra1jzl4uahgxe6ydappwp0shumzsvxdk2e7se9tem,loop-ust,10758436,10758000,436
terra16pxggmfjgr3wmrra5p567k2qlgtvj8gle2c27r,loop-ust,25762881,25762000,881
terra1y4qse2067nra2tt0mqa77n63l6pfa6kn4m8xyl,loop-ust,3352995,3352000,995
terra1jvff9gwha83y2ednu3p4yk3q4yryslrjsekurk,stt-ust,1983394551,1983394000,551
terra1ctawr5su6qyyywwhzrkgzxewvxgrlhjtz6mkhf,loopr-ust,226316966,226316000,966
terra1una03wcx8v4eannc2gphpfc3aps723jv6tlqxk,loop-ust,324418880,324418000,880
terra1f3cjztgw9zc52gcfd588cf5ddh7zxtugx8zk3a,loop-ust,45133189,45133000,189
terra1vpy6v9ha87d4zt0h3ucycfe37c3jeeu2pkdzrk,loopr-ust,321377286,321377000,286
terra1x8vy8yxx6gtwzpqwu69nvh077nsfur7lvnhjtj,luna-ust,19285396,19285000,396
terra15vh6z4l2mhfu4886p6r456mym5ha5t99gje3rq,bluna-luna,292516659,292516000,659
terra1dpz348znhawt4398nummdv3crpyks20ln3n600,loop-ust,1374347014,1374347000,14
terra1tyhe2vch6vkgxh3m5xqqahfs64pm3q03e5xkjg,luna-ust,3609267,3609000,267
terra1drftrefgk73g7tydangpw8nux9cgq5n5zs7drs,loop-ust,9751225,9751000,225
terra1svvv88jtkhyqxcmcwyhn6snp4sk9s8c4y63py0,spec-ust,1850000739,1850000000,739
terra1wl8r53hdrt0ys2cnzacw4fzv2yj43v8dyed2ng,loop-ust,65245100,65245000,100
terra1h7kpgq9pmvj6rv7c9fgw7f7ahcp4d0qzwpznvl,loop-ust,3469678,3469000,678
terra1ls86exlsu3n5mpu6ql3fhc7zanklnun4t8kvyh,loop-ust,332001178,332001000,178
terra1xhgdqq3rexavv59hd5dhupkd74rfer3kl63w5r,loop-ust,7945854,7945000,854
terra1sfympgzx3zwfuac7zma5a03nxquajrl97mnsxg,loop-ust,84094199,84094000,199
terra1vam7l08rxnz28jq8jrusq8ae28f0zq300sxxn7,luna-ust,58563104,58563000,104
terra1ytqgf527mw90g80a8chr4wf5kg5jrdxav0te9t,loop-halo,366266628,366266000,628
terra18vgkelcvp8a9z5g37r9enqh2q2fgsdqwsmvk5j,mir-ust,1816470174,1816470000,174
terra1cqpfzhzfnpfdmk4mj5yd7eglupa93yvumx4dwl,loop-ust,9646582,9646000,582
terra1trul2xrvkfe92d0t6x9edh58shky79zs8ud00z,loop-luna,11904523,11904000,523
terra1p6cp00jr7wzuawnvm6at7m3jc6xpkkj0f6mxdt,loop-ust,20543942,20543000,942
terra19kj2whyuwjw7qm44m38g5vk8c0lrtzqw0yyzag,loop-ust,56275793,56275000,793
terra14pzgev7helny856evkes2qf3csl5dr0sqjztv6,loop-ust,15442449,15442000,449
terra1p5ep5twdt8wg2z0zrku9jnjfdlkwxa9qpzxv04,loop-ust,30581307,30581000,307
terra1uxrdzwxwtah7vupqk9je7904xy4kesr95my0er,loopr-ust,218969292,218969000,292
terra1pfrkl62gj57v5l304js94043nkda9r999jxlk6,loop-ust,6198375,6198000,375
terra16srj4p63gjenwvf4tuvr3fjgdvwsyfvxzy0v6q,loop-ust,55448476,45448000,10000476
terra1h4s2cqemma63rmheazdy2yq44q03m9pphpfj3m,loop-anc,128243388,128243000,388
terra1glahknu63c7cqur2d5zda3n7hcul0f74z3epf7,loop-ust,94247214,94247000,214
terra1qp0zflsru5sk24vmt2d5w98v7820d8kravdah5,loop-loopr,8140599758,8140599000,758
terra15vkryhvg0rgg8034xj5q9jjfrcqe692n9tnt20,loop-ust,9394475,9394000,475
terra1p5wa3cfyu345e53a6wuhgsz2m9tgrfhz4r0vuz,loop-ust,9768776,9768000,776
terra164gat2ulhtvvwsl4xjtc059rwqeeyulcetxcj9,kuji-aust,225834611,225834000,611
terra18pecc0nnptjj3sgf0kv7cphrej35d5e3zuwxtk,loop-luna,15229009,15229000,9
terra1su4ka3clgv47q8r0wuccy46uh8h23vesz2rl2l,mir-ust,329869153,329869000,153
terra1q82dlvq85tlzmdt0m7hyd3n3ksa59gv22d4hhh,twd-ust,205149274,205149000,274
terra168jtqgkc8felzxc45anccrlsv5tgs072pvvc46,loop-ust,9128501,9128000,501
terra19yj6aatshhwakrekrqjc2e62429wwn34fy407d,loop-ust,132606891,132606000,891
terra1exhyh5gttvdf5k4ex4568g83x03t7k4m0kps32,loop-ust,24682859,12341000,12341859
terra1cea0dh3442tspg69k8tdpugxwt7ulprh2tykar,aust-ust,3680282384,3680282000,384
terra10gyadcz6clywx6q8agxr6dqs8pvd448vfc3t2s,stt-ust,24078480,24078000,480
terra1wvsugzhszkstexl0v6fv86c9ryjy8xm6u9t2fk,loop-ust,8958062851,8958062000,851
terra149ezzqpvla7t7x2atu8k7aykay6zp86z404fc0,loop-ust,270862668,270862000,668
terra12x7gv66f4nt4j7seun5w38633glft6dwc8eua0,loop-ust,92289718,92289000,718
terra1hge87ar4fmjt6d2zqzd7w987vj09cfnvea3pzr,mir-ust,33648467,33648000,467
terra19mpq5kj3nxkhxw0c9fcyfu65z7gw2hjvuk30ye,loopr-ust,29702817,29702000,817
terra1chtgjxuvr9duusl8dasrzcwnnygx4c09r9635y,loop-ust,125599745,125599000,745
terra1hxzmj07qznk8jpf3c3hlhflu8fujsqgrkg6885,loop-ust,243120925,243120000,925
terra1kggpdkstjt6w2n5c4jyy5m598tyyve3kg20zsp,loop-loopr,243451444,243451000,444
terra1t937cz7r4w66kfl2jxmh9zwlnpup9pwtl8ersv,loop-ust,435804811,435804000,811
terra1rkz34g09r8yk8vr6qz9gz7cdjk90sudmepjxnl,loop-anc,1084369902,1084369000,902
terra1jv7erlfelyvwzz9pd2n9vc02n9xvym9ajv66dt,loop-ust,2569725,2569000,725
terra1nwudag2rtyj9y5j3tydl0yhfyczjy77aq8pc5h,loop-loopr,1104880464,1104880000,464
terra1kmhpjxa3kmftp6k0yedm00crfedlem0x5xddnr,loop-ust,177158200,177158000,200
terra1evtea8nsmrswvfk677h5yqtfhjm6ca6zvcee75,loop-ust,348482783,348482000,783
terra18fn35evmq7hztle2kjtmuywjale8wej8e8zjfy,loopr-ust,627460038,627460000,38
terra1a9k7nssldsfth4qyv6fy4jvhd9gas9nsnmstqv,loop-ust,60393646,60393000,646
terra12au0g9msh6ecmxe8n6lhfthzyq9u874rw8d0uz,loop-ust,16964563,16964000,563
terra1qrtnxnvrq8dtu8a5z4puekn5y3fu67t566dlps,loop-ust,26620207,26620000,207
terra1p3t42uj3xv3g0px2pd5zyclxh6qln0a089ukzu,loop-ust,206118787,206118000,787
terra18kh2l3nurtt4yyau4y60e5qk7rnvgsphfw30y4,anc-ust,181180652,181180000,652
terra1umyzadzcm6s97hnhkzt9fruk87sq29nz5puduw,bluna-ust,26907127,26907000,127
terra1m3l8wugdfszcr46ju5dvftspuqfarurkv28zvc,luna-ust,6927538,6927000,538
terra1j9uq8jast6fpg3cjnpqnrcl708kaztjsctgfra,loop-ust,32561797,32561000,797
terra1ph2k6azf6pfxpz8y0ypgs9h6933777d6ww2lch,loop-ust,15599023,15599000,23
terra1lrpcl54ypnd2aqu0cg0wd2r9j9kylm5hf9ehg0,loop-ust,168623164,111468000,57155164
terra16cg8qyzz7veq24f8wrc2gnt9xxdhg7d9slzgmc,loop-ust,1129805614,1129805000,614
terra1jey930whs8d6cm8l0s229s07u6amlm4lhx76qa,spec-ust,1937598275,1937598000,275
terra15zwscwazcsqxavj7xczhfr5trrxekr29txncu8,mine-ust,131053526,131053000,526
terra14valxp38d0ma578rdcrqfyxake34ct6dr585sf,loop-mir,352973762,352973000,762
terra10gwvxvgk3pwaaugr0mfd8aggu9aw8pyecdx6at,bluna-luna,91094430,91094000,430
terra1dmnd0cjtc5u3g7j9mrv7f2t5mh2ey3a8kwhy5w,loop-ust,37283101,37283000,101
terra1en4wpfl8r7acy3563tvxgmr643yaj33ue2l9d0,loop-ust,2126591,2126000,591
terra1pgxfx892d3243fvlc58n3g86cteantssy4hjsz,loop-ust,4681379,4681000,379
terra18mhr94s0e67fjxgflh2u0g08gzrm2yj277z5qa,loop-ust,23110495,23110000,495
terra1j2kyvvqvpt4n3g52pp3ja99txzkavylg5752ww,bluna-luna,10548332,10548000,332
terra10gd60hv9wtu9pl5x78psme804zazzmsckknwuq,loop-anc,36634012,36634000,12
terra1mjtfsg7lpyzugpd94py4zpxgjm2h3ln5zc9u7z,loop-loopr,903288429452,903288429000,452
terra1sccsnjy9wjr36ly0dnhytrkptvg2mfqxy2qg8y,loop-ust,252471946,252471000,946
terra1y3gssp67hsctlsvtut4qlu5y85qm7q3gav0jnz,loop-ust,4475077131,4475077000,131
terra1ujgvdeqy8w36slj9x4ntgjpwe0lr6cnhud57rf,loop-lota,37676233,37676000,233
terra1mfmg4h2yc2hfenrelsc5m48h9m7alncu7escpz,loop-ust,1333056533,1333056000,533
terra162kt3ja8nwh7kr2ed67y054g42wqfs8ts7y4ee,loop-halo,4964867794,4964867000,794
terra1neg7m0cdu73wlj95g5tt49a5s7hnctvpp9790a,loop-ust,7998517,7998000,517
terra1r9xfmna9cel7sprpeg7v98pne9m9xc4cn7ms75,anc-ust,150838445,150838000,445
terra1ewc7haa7l92p6qj006rjukhzt8wnxcv092c5ua,anc-ust,115763019,115763000,19
terra1vchph62v7fv63xjfcrz7tkatn6g8w5kn2keu6d,luna-ust,7435181,7435000,181
terra15gx2pvnjhhldlkzv5ah9zu23wcjk4t4xagptez,anc-ust,1989022,1989000,22
terra14t79fanlfn7r67ul5pdmxxrw8v0879rjndcpj7,mine-ust,205419094,205419000,94
terra146440lz0rd39q3fa97e24jdqp4eua9g9rp7xcs,loop-ust,113343222,113343000,222
terra1a7lcv5s2j45294tylzldcmd0r0gew0a6pmlezy,spec-ust,32509480,32509000,480
terra1yxusr2qjcs5tszfk3aenrrtq537tr29wprzpua,luna-ust,586056295,586056000,295
terra1ppejk2vl74jjnftq97vd6k80jq3g7y2rp739yy,loop-halo,3714264039,3714264000,39
terra1a8meyyd9fc2f7uvyr3426cze37aml0053rjfx6,anc-ust,30702139,30702000,139
terra19sdt9sxdu9jwd3pfankvtugn6vsjf6h03a0euj,loop-mine,41319436,41319000,436
terra1hxrmutkkyz5gkv0kta44x0rp224hucd2cdh8x4,loop-ust,10976702,10976000,702
terra1xpnnkef8e3hlq6xqnyvajud7hhq0lfz50m3ut0,loopr-ust,312527411248,312527411000,248
terra1tt6sltw499zsvr4yl3kh9qsxyxjatjdqkzan4l,loop-ust,4984558,4984000,558
terra1xs84a4edgpk9z7ll7ndpa35y64wqcdax2t67gs,loop-loopr,117524601,117524000,601
terra1fns03l2yvqddf2a2h7ln5l4tqa9ymhhexvy8hn,loop-ust,23567512,23567000,512
terra1u6r30yhxg0pccqjmg2mfjnktnth9tlwfm3vj5w,mine-ust,6016633208,6016633000,208
terra13w09rugtsmqaxwucnvm5xjh93s9cj6l2ra57pv,loop-ust,954508830,954508000,830
terra17ysu228u643kqcmua0hc590nkwwf8t7v6chyda,loop-ust,21790464,21790000,464
terra17w89kp5amqetk4uzcg7at4wfqzpqdwavj07lm7,loop-ust,78426367,78426000,367
terra1v5fm4662v9p3gqkq4tdgm3j2vyv6zslh8ndct5,loop-ust,426753093,426753000,93
terra1w9av07w6pg94vkd5yuduxxyx3azpm0v9ccf7mh,loop-ust,6164206,6164000,206
terra1u6r30yhxg0pccqjmg2mfjnktnth9tlwfm3vj5w,loop-loopr,10432144183,10432144000,183
terra1lwjlh0jvvrytqlp9n94ufr2l0cvvmcht8spxfc,loop-ust,5054551,5054000,551
terra1dv4s2q9c7lnh4tgrkaruwxp75awz50yxa6aaw0,mine-ust,2525055560,2525055000,560
terra1h8t4wzmps7hc554wxnkwsr4yr6um7pdx4cg5rw,loop-ust,189525876,189525000,876
terra1hsjacjpvyzlnvcsdtvh03vv8dkxquw4ttkcvd9,loop-ust,106945542,51663000,55282542
terra1cswpqnsqn259lyqhne9kml20rus9m3tzs5hf0z,loop-ust,65054619,65054000,619
terra1q96c8wjqcnpr8pmypq8anl6h3hejyz7v5400nr,loop-ust,2695716357,2695716000,357
terra1e6ptsq58velaajjc0padsphlj0z2f4f6w6k5tf,mine-ust,626422929,626422000,929
terra1ghlhszzaqvshaln469t6v0ghugalxxk8fa4n0k,loop-ust,9490123,9490000,123
terra14h4377du0jyh6aerkl7wadrdv63z3gtmyvjtfm,loop-ust,183659058,183659000,58
terra1uk9rmhk63zykwdgz00awzm5mva0spqgt9rnq2f,loop-loopr,222488957,222488000,957
terra1s6ax7v9h4ts7pszxpp7y5qre9w4lk5342z7szj,loop-ust,11393439,11393000,439
terra1zv0pw0xvq44hqvag6qfd2zjzr2zfy5lfw9peyq,anc-ust,130484704,130484000,704
terra17l7lvqe8hm8nphlthsavu0cy8agyhx2d99zuxy,loop-ust,16906692,16906000,692
terra1qtmaa3ehxmfy65vper4895wcpsdl7c933cgmec,loop-ust,11600305,11600000,305
terra1mg90y64fkut3xkp3np0w64ngpma0xuzw06pgca,loop-loopr,967457928,967457000,928
terra1ls83drk47w5g43ah38pyncjx63qaqkdv63ex3l,loop-ust,1606737627,1606737000,627
terra1s49dp88lr9tyh4qfva6h6trr4a03jy4kwzmm9l,loop-ust,23123021,23123000,21
terra1fe3ffrh2z96n6gkk5c7n2x666dejhyhue9twue,loop-ust,19265760,19265000,760
terra1ya7wssvcjd0rkj0mkvmagw4zhdx9rqx0r55peh,loop-ust,10718724,10718000,724
terra16wjjza2x5nhu4nugwprll8a6xl0xyyay22r3qt,loop-ust,6465476,6465000,476
terra1gx6hxrclwjmjj8ud7tj028y782e05pe403c8xh,loop-ust,34148412,34148000,412
terra1snrpcavtmqfcgzazvdrehnw5tmxsar0nsjjt2l,mir-ust,3105045199,3105045000,199
terra1zpug2hpqva4qd27lplx85gqu00ln7f2adc3mkc,anc-ust,697423700,697423000,700
terra1tuhlnz5gvcstx6yl4eslqtnf0n84k2vnpme8fc,loop-ust,3083063320,3083063000,320
terra1y7wt8grp5qttwzunlypcn36368jx7q35ervehq,loop-ust,28081610,28081000,610
terra1ndvqtnskhgv4p5fxrgc94sh99ff0dnq9mdyvsd,mir-ust,189621719,189621000,719
terra1g3hyrhra7yt49mkz9hjey8k8yxlz2lhttj6wv8,aust-ust,7116635952,7116635000,952
terra1nzrmhgqzac43zclpz9k03xld8836df49dpm8p0,luna-ust,322216,322000,216
terra1ttg97t93fewn5cgtfeqjl9jzdzatav82mayu56,loop-ust,14817159,14817000,159
terra1a7lngnz860pdrwzfdnnwg2vz42acnyd9ftrecx,loop-ust,4653790,4653000,790
terra1c7gd98p6zv7fe855j8n33naspqg8qsvy4q0q0z,loop-loopr,807310965,807310000,965
terra109mjlzrgvtmllphfedm7v8wy7yvgr5e0zkukra,mine-ust,5330810,5330000,810
terra12hyp35zmruxspz2nu57xd2gxd7u8fvdjg8x9rr,loop-mine,17471354,17471000,354
terra10facy7vmjc64uf5gqfvxzwgj5knvylw5k9uv7g,aust-ust,2241690826,2241690000,826
terra1ucfw5j9uu240sfjd6muh8k474uzyhqcjg7exez,aust-ust,4828713909,4828713000,909
terra1mcv3e8y4kw22ta6m4s2yhkmet998t28rg8k5yt,aust-ust,83695412,83695000,412
terra1j30tcetshlpszedu4aygtw80sucx4qlju7al7k,anc-ust,648284626,648284000,626
terra12ta2vx6m30gujc6mq8w34hgu03zre25scclrl7,twd-ust,2956924751,2956924000,751
terra1z0kael3969e06uc5w8fvcxlm640w3vq8pthlq5,loop-ust,489767,489000,767
terra14pa0l4uc5zkhw9fl38ce9r8hqdvcmfdgfgull4,loop-ust,101467685,101467000,685
terra1fjhmg6ukvap448ls7yy9ymyxgdm0nw84tpvdft,loop-ust,57133026,57133000,26
terra14qul6swv2p3vcfqk38fm8dvkezf0gj52m6a78k,bluna-luna,38624422,38624000,422
terra18fw97tp4dqm9ap3nwzccq6keceuyyck8gqfj2l,anc-ust,167495075,167495000,75
terra13pn4u59n9c34n6uu52fcmu9qjsxzdxxq63wppm,loop-ust,54978595,54978000,595
terra1a320w82d45sy5sn88khh5a57r6q5cnehyxxhjy,loop-ust,469242595,469242000,595
terra1edyvczdpgjd3ld2pjyhljmknzndrv5ydmt5ts5,loop-anc,410031120,410031000,120
terra14n6sgaqrhtthljay0d87vfvh55k3p4zphvswdl,loop-loopr,159209842,159209000,842
terra1nrg8s0wtd2z0xyl26u669qh87qcn2ql0wepvhj,loop-mine,66766761,66766000,761
terra1rg56u7snzel6dcsd0g79h8th2e5tnpl37yvf93,loop-luna,88191334,88191000,334
terra1lpk8hmur2mdxu4w4r35n3ugtqunlqjx40zf4cz,anc-ust,660165632,660165000,632
terra1e72kvfhcqjx7wzek6grnyz5kxf0gswxeylapfu,loop-luna,7504348,7504000,348
terra14jguurt4ppt5pjtqh5zu7wry9t6jmhuj4q66aw,loop-ust,31110738,31110000,738
terra15pwzvxx9ych4qee7md50c3zh4na29ua05yz623,loop-ust,240975401,240975000,401
terra18hf07ad26uc79da60m0w8gpx54666c5fw6kqgn,loop-ust,142280526,142280000,526
terra14zq60h5e470wsjpgek432hxmm3prrweycl8f6g,loop-ust,50332425,50332000,425
terra1nha0fmm22mnvgp7dmqn98wt6xe2znd357jp8k2,loop-kuji,24044567,18733000,5311567
terra1vmul0kv28npeutuysdjsmgh07zvxhgyjl4wxln,loop-ust,7458830,7458000,830
terra1rc3jyz7h6s28zuaknvtwuauavnyt8m989f8gq2,alte-ust,745442348,745442000,348
terra1t3tnfmyj4g2p4gs9d8qvj2l853mah4k3dy0k3w,loop-ust,8724523,8724000,523
terra1g53mgtymzz8d3naw0rwl0zrp3g7teyp4fwll7a,loop-loopr,2593348900,2593348000,900
terra1xz43kg08jp44d2z42yz3nq3gu4mghzhzwe044f,aust-ust,488287044,488287000,44
terra19ksqyzntgk0eusvrpmww4arma45hs2f5rctc9f,anc-ust,880652962,880652000,962
terra1jg2xgzlevp7v0a03akgzlwuxlzduqcx00nec97,loop-ust,482461147,482461000,147
terra1z334fklngfze363gsrrdpnsyyyp48ztkr5taju,loopr-ust,4890271,4890000,271
terra1t6t2m75d6ej3jng2560aj95z4sqqt7cnna8wf7,loop-ust,365979274,365979000,274
terra1talx3hndl7vclhlhvmeqwevggmqavj9c5ynp3s,loop-ust,360732443,360732000,443
terra1wh5dwd5kn7wgn9kmv60uv9l68hp98hwsu5yg6d,loop-ust,642703291,642703000,291
terra18hva5qzc7fxdan7468tdyc37wmelzrkn62dywk,loop-anc,24243609,24243000,609
terra1q5748xnqcrrftlumdc77q73pkmpansmp3pmm8a,loop-ust,148414701,148414000,701
terra1wu2c8nnvl3lrhtvgq5cxs85ds23u2ws8ka9t7k,bluna-ust,569954762,569954000,762
terra1zcreprjrcn88g7m20x90y28f00n6dq3l3e6q2p,loop-ust,3174729,3174000,729
terra1akjllunad0x7fmna56reurnngn8vqjy6d2lndv,alte-ust,332802600,332802000,600
terra15gx2pvnjhhldlkzv5ah9zu23wcjk4t4xagptez,mir-ust,770068,770000,68
terra1p464qsj9h4x8ny3jg4lduqn8v6eges0qkdk5ln,loopr-ust,12536070,12536000,70
terra10dawxjdvl5v36fzn84t9p4gh7u7ly5vmqwxdkh,loop-ust,114332075,114332000,75
terra10wtv7jsjg43z4ewujv7e0y5nam7aa6c3940n4d,loop-ust,23822534,23822000,534
terra10zq7888d34nddyepsywg89s945l7298s0t303z,loop-ust,51979885,51979000,885
terra1ewkj97g3vh2sx4c0vuqm7kntlqhk59qp3k5ars,loop-ust,493995410,493995000,410
terra14cs6n7n6zt0n9s5ypuca802cs8fjakhm98vsnj,wewbtc-ust,2517173,2517000,173
terra1a5kd36gw62s6a42vysaezf4uwu4zus0u9nknh2,loop-ust,4240336,4240000,336
terra1w5yyp0nwkl3xajxawlsdx3u8j7sfe6gmehrdkg,loop-ust,440273350,440273000,350
terra1sg5d9r8lmxjdnd2er0k4pv8l72pxlw8mc755zq,loop-ust,495916349,495916000,349
terra1x6mppvdqghs8r8k98hlvv8njysve4uct46hd9r,loop-loopr,172957357,172957000,357
terra1ut5s4hrhrq3x6z0w409v2wz6k4eycjqr0hp6t9,anc-ust,18471294,18471000,294
terra1eauh0nqz58cgyv9e9h7796we3e4a24q3zkcp23,aust-ust,2583886668,2583886000,668
terra1augd7px6uh0g496t00jj40j9usq9y8efr9c8uy,aust-ust,46021852226,37014803000,9007049226
terra1uayc0vafuw5492hl6e4a68tahl3ffwpslhaycl,bluna-luna,9969092,9969000,92
terra1dka64ss9v8hasjq88ys8gllyrvxcevkla08gcc,loop-ust,1545386182,1545386000,182
terra1z02yeq7jyqy4wxl2vseqeuqq35a0pas0q3zutt,loopr-ust,3829049059,3829049000,59
terra10ruxf7ye66wwaax5dgy7plcna7rxym6p3dudyg,loop-ust,2300274700,1753112000,547162700
terra1kgx5xc0j9mgquleq8gg6jq6rwwpcx9syjxyu78,loop-ust,2592177934,2592177000,934
terra1cm4t47pzkg0kqt53ypdpzmp77d24lmawqpw2js,aust-ust,1962649242,1962649000,242
terra16x5qepzwrlk700h2nghq55ea5dwt6nm0689ced,loopr-ust,219127987,219127000,987
terra1mhyr6dzhtp8dryt8tj8fp7prrswkxnzxjc38z5,loop-ust,6365635,6365000,635
terra1kht0pj9064mc9w94y4mg4eny8yvspc68fwdxm5,loop-ust,2258162462,2258162000,462
terra1n452rz6ahl2kdrlwf6rhd2f5dldvtnq239q0vl,loop-ust,360335349,360335000,349
terra138nnz4kl5zsl2u7gdueddsq0wsjys2vaw55w0p,loop-ust,9493326,9493000,326
terra1h2q0cfar5jsqkeavr67qakfypqctde24ukrptj,loop-ust,9933630,9933000,630
terra1nsscsahepnd5uq3w48mf0dvp9h9p93meww4u0p,loop-ust,5145388,5145000,388
terra18tl49ed6s35qmz4w33gdanww5rkrtj7a4y226u,loop-ust,529032888,529032000,888
terra1n2mw5d57v42guwjcd4luneh05juq5n56d56gqv,loop-ust,16833765,16833000,765
terra1ycrduya9qqphgjjyle485u6g407n89tr34lhad,loop-ust,426876384,426876000,384
terra1mckllt7glvy3taqzxlqt63puqtpkv0ldxpanah,loop-loopr,3266257050,3266257000,50
terra1xnmq45nwvffyaqytak9x6g0jacnq78hprttus9,luna-ust,436111804,193287000,242824804
terra1x56pjd832c65d2evysg8h3zd38jhsfn6humdcm,loop-ust,26490791,26490000,791
terra1jg8ml4tzmsvcwwjwnm7j4xhz7md37p4u3qvac7,loop-loopr,607211019,607211000,19
terra1ne0vmnkylaeqnem2srr73mlgqn5lc02y00p7m0,aust-ust,448520076,448520000,76
terra13cdqdqz77lp89rhkfyk60ue2346smjsd4ryt79,loop-ust,33843873,33843000,873
terra1gfqe0upf7azmchnn8g8mvzuu8kcysx9x33cvms,loop-ust,27121749,27121000,749
terra152thfknp9plcrn65fax55wjw8f5t59m7j0gsyz,loop-ust,16505599,16505000,599
terra1n4fym5dd734squ6t5sedwyce0qmx33nx9e8clg,loop-ust,11091507,11091000,507
terra16edzuvh26q79qy0f69n7ncng63dqv2q9x9v9gg,loop-ust,19015969,19015000,969
terra1lt5mu9xcwh69js67q78ljfkxdzyr46dnx0mdzv,loop-ust,4326429,4326000,429
terra1kmg32f623xj2kk4685rmea9yv4mcy78cs3mwe5,loop-ust,866591280,866591000,280
terra1j2gg2fvedseult0xzs5p6futc5q3jrxcnh30te,loop-ust,191867952,191867000,952
terra1gpzqwfug9wk2zx7khxxnwc9et62r0h7g009a4q,loop-ust,574592834,574592000,834
terra1vv5d5zy0kqh5jppkj3fayf93frfprgfemzd3p2,mir-ust,159993332,159993000,332
terra1ynwxh7cp9artm3pyz36yteretfsdf247tsppw3,mine-ust,940797583,940797000,583
terra15a48twuge30kuvwfwuwmznd2slv7z6gf0c3dff,loop-aust,20850750,20850000,750
terra1zvewmwjtdvnce4ltal54872s389lgc5hns5qjd,loop-ust,528236409,528236000,409
terra1allsw64jd02x7024ptceat5p8qpr72faxmm9m5,loop-ust,239992223,239992000,223
terra1hme5dn9eqffqhkxfq7chm9ax85lajal8e00vcc,loop-ust,1682805,1682000,805
terra1mwfjpdth5fl38m43vre5v3xj3gx8wcut9zsx5n,loop-lota,24984370,24984000,370
terra10ns02yzgk5s9zy0pg97400gsdkvam85675mgm8,loop-ust,121726584,121726000,584
terra1rpj92cjl8c2y08r9xaremrsmjaln0zzqsnja3r,loop-ust,59731275,59731000,275
terra1y4z0wm45zz3d29827cgx8dnqm45met73w2nwhn,loop-ust,18205500,18205000,500
terra1rs5ajvf9chul3vty9skcnrpy2aax8hlqdjwxgt,loopr-ust,383773016,383773000,16
terra1699xy2qnxphcchjys3j6xcat54r4nud6tszhm9,loop-loopr,361265426446,8200000000,353065426446
terra1nmyuy27ynt3szftvzphspnvn5hj5mf2mpej748,loop-anc,216383978,216383000,978
terra188lx8naxs9h7n2ql3mu9ppdy36f38angyx98gz,loopr-ust,22549506109,22549506000,109
terra1wgzjesehdzkg0husmsx2w52r72yyg8name4uu4,loop-ust,3451952,3451000,952
terra1enr62cpc7zs6dgfeq9drdzgfl9v6cfd9t2v9xy,loop-ust,98518927,98518000,927
terra1346jsqshaylh9j0aftcu4wxvaw4qck7ev9qul6,loop-ust,57391373,57391000,373
terra1vp3dcxxyelsamyz6yn79j3wczy8edqyrx50336,loop-ust,156926697,156926000,697
terra15sgqcaf448kmu38zjz0ugwz9q72fjxjd46xsyc,loop-ust,30848712,30848000,712
terra1ev6dvpetzta2x9dxydwjpkh5y89cmrwgr9yrqz,loop-ust,283940804,283940000,804
terra1u4vqyfw8pp6e77ltmqcdmydlst4ttcvpfcng3e,loopr-ust,53656050,53656000,50
terra1mff8zqxruphjsp96th9k7eehvn6z6j00lm8gpe,loop-ust,224785542,224785000,542
terra1mcxdhhet9gpy0xfh7tqvczs0re7syajxjpryu7,loop-ust,169895663,169895000,663
terra1wd9c8ke3v9jredp8uzsrmltgf6fk8dtlshacqs,loop-ust,2608862,2608000,862
terra1shqa3kyenmfysa2xehj7atqrp9xtfk8ftzt567,loop-ust,36158503,36158000,503
terra1g243rluak4vncfek9mtux7scr4gejy7ls9433e,loop-aust,205722517,205722000,517
terra1yfgqltvwpmwwphnrp99rz2ythlj8555gcg7qsy,loop-luna,210558133,113123000,97435133
terra1lycu56fyzlzsc88sesl54s9k3juapgyckzgdcq,loop-mine,22812001,22812000,1
terra1k2c2y8ka2a50hm382vk8t3scjq8u0nduwa69sv,mir-ust,30727307,30727000,307
terra1d8dxw3ss5mvh7ajak4u7c0ay5ntfrun7k0esf3,loop-loopr,453023754893,327449313000,125574441893
terra1gqtn75erw4ztcld9zacqxxrz6w2zlqedhc39eg,loop-ust,10703010165,10703010000,165
terra12r6hsn9fa5x9zzx3quw5zvlqt3kqenj9907lkz,spec-ust,299292311,299292000,311
terra1z9qgcphku88s55fe45tquju72wlu2la8teef58,loop-ust,3504565001,3504565000,1
terra1emaa4vv4mauxxex7tnk7zxa9z2s8x6nmzmnuzd,loop-ust,23757071,23757000,71
terra1x70jnp23rcu5usgeqhe23qlx2p3kwvkh49j5n6,loop-ust,12030581851,12030581000,851
terra18dc6w7vxxklzttr0k7uc95szzk3f6qgevk4yya,loop-ust,10381748,10381000,748
terra1flfnuryp2ptw6zewuf82rcm0jsv07znywtx058,loop-ust,958952878,958952000,878
terra17j2nh4z8pk5rll253cd8r0434tz5wrhtyzz7gz,loop-ust,15025855,15025000,855
terra1cw64hyyn3jd9sm5lqyp9p9668z44e367mfxl22,loop-ust,63538838,63538000,838
terra15jv6y7pmjzm2dqltefj9uzueh76x60pka76np9,loop-ust,25667515,23667000,2000515
terra1dpjh5pvnjxtlyh6x5xghz6ds6x6wrx4ees5fct,lota-ust,137295042,137295000,42
terra13hx2svzk2p6m8qaqr5jxv2qd832gwx0wx8fnup,loop-ust,27012644,27012000,644
terra16pt0ep8jfnsu0y8aq6yw99wc3dh5s9nm3acypf,loop-lota,123029685,123029000,685
terra1lcc9k7xazghprdyu384l3jdg8td02yfecm4496,loop-ust,10594820,10594000,820
terra16nae2a883ts740x8rm7pvjsdslxtcylhyelkmj,loop-ust,4042902,4042000,902
terra18dvjxl3mjgwj0cp6mn4jj5j2q06lc420gkn8se,loop-loopr,986572473,986572000,473
terra1tnrl6akkpe86nmdlz8jqs5094ff25c7vumgzgn,loop-ust,4720624,4720000,624
terra1qm9hyn409dz3745fgajjzy0l8ltsytjchrvq7h,loop-loopr,12365895160,12365895000,160
terra1xvwgs8x3kf3qqa5mansx60mf8rvxjzg903mavz,bluna-luna,79939396,19984000,59955396
terra1cj4vn5c5m07wdx4tgdns0zymzvppumfh04nv9q,mine-ust,1615068719,1615068000,719
terra1saaaee08d6vegt6q0vaccd3vkxngktdx334p84,loop-ust,834560437,711270000,123290437
terra1jyag87w56r0yg43wete8lnggxewp83rzkkja7h,loop-ust,9751763,9751000,763
terra1j2dv35a8lv7g4h4qtkcnwlluyyfumqklkkjshg,stt-ust,25114833,25114000,833
terra1jc8kth6ycsjc8zfeuqctu059uepycs80lq9e90,loop-ust,4696165,4696000,165
terra1km6pe4t0s7fcmfhzxna7z70p73puujtpw6378c,loop-anc,8756175953,8756175000,953
terra15d3a73nrtvy040wn064xxannc2tp02n0ru8pqv,luna-ust,54174057,54174000,57
terra173dfj83tzsdjfapqjj3jh44fzhqtwtzvhk7mcs,loop-lota,217800890,217800000,890
terra170e09edhu4gmyxxc799xjsexe25jjpj6zcdv0u,mine-ust,1735374210,1735374000,210
terra13sq3zm8gt329cvtq48s89krl0z32wwq3gwz7cm,loop-ust,5869957358,5869957000,358
terra14rhawx74jpx7m6795g74v3syar3c5shefexufv,loop-mine,352738595,352738000,595
terra19zm4n59hkym6yzw32t06a0r7wfn88shr2ppdxe,luna-ust,326252750,326252000,750
terra143r6dtgd5dhvc64866n3dmc8rmha7e5l200mkz,loop-ust,406411325,406411000,325
terra1pz2m49sdl4a2ttagjzrcyhjcalnm3q8daxt5dp,loopr-ust,312568384,312568000,384
terra1r52e97g2j9gxlj5v0hka2x6rwpg6sz6t5t8xwy,loop-ust,6567725,6567000,725
terra1qwyw5jdsa46nmsjgmmagfkldvcjj9nuvxq22gy,loopr-ust,1944942668,1944942000,668
terra1yg2ajaypg6z0s746uwz0an8ll6kzzn2ulww0fd,loop-ust,929219,929000,219
terra13e5lq676peu379k0gprxul7aegf733yksav4we,loop-ust,1009356347,1009356000,347
terra1yuqm6spz6p58nnn54npe5k7ytaw09v57p0ya2m,loop-ust,113461893,113461000,893
terra1x2ldl6vwdrw4q38kx5atld2jz64a0qnc0m5yql,loop-ust,42133155,42133000,155
terra1k2fnktj5a708aalncv89ux3qdem0xj9fjwlcxz,mir-ust,295092175,295092000,175
terra1rn3ru423l44ayns4dsq394lq78q8g5l7agzswc,loop-ust,5448677,5448000,677
terra17u6wwgexgal0s4t47jmxh5xjzsh7kmhepf25p9,loop-ust,417615740,417610000,5740
terra1lx7dyxhmgmlfwrl3ldnsrgck5g4p2qcmw375y9,loop-mine,114606122,114606000,122
terra1qf97pewjy0293qxatsrmyf4nl06c40quu5s0fw,loop-ust,656487,656000,487
terra1m6k79p044nr5zuj4phx9zfx5unwg8c7p3l2eqh,anc-ust,163151550,163151000,550
terra133vhzpfgx8r5mvq80jnlhz72wep2ejafzkxwat,loop-ust,698563248,698563000,248
terra1ny6npvk8ysc4d5wapvegqx4q0d4zyjj0acwl8v,loop-ust,16182865,16182000,865
terra10e30c3gsczzrpht00rs77une20natsfqsm2wzu,loop-ust,992837,992000,837
terra1agez2c347fw6vhsf8usdt6xvnahs7n97u5034u,aust-ust,921089366,921089000,366
terra1mtza8vx5vxry87h73j64n9vhazayrlcwz0ffs9,loop-aust,406528246,406528000,246
terra12wytqnq5e84dmwrut47snhpcrk272yx0krum5w,loop-ust,14624437,14624000,437
terra12v8j0r2kkh4mdrfd3ft4hz9fkrg2ja5aqhc3hs,loop-ust,4768695,4768000,695
terra1djd8g0pywh2wrtpe8lv5l8yu0a5uyljrzynf5q,loop-ust,15478414,15478000,414
terra1chwtdkucefza66zsvthhsdj7p6nhzmvmq4pgmp,luna-ust,2302417498,2302417000,498
terra1kegpq49e9f9r3rccdmcjta0dsp2x3tz5vqutcj,stt-ust,21448594,21448000,594
terra15pukqctj8qupd4786fu5w83w0cvjwudx2dawu9,aust-ust,6763780054,6763780000,54
terra13gky23ql66c0seaw855t3cxh5f8gdxprveejw9,luna-ust,126071002,126071000,2
terra1ah69mjgpm8mv9ny0vc6gluwugsgps2lvynae7c,loop-loopr,58124779897,58124779000,897
terra19yf8nlhepg90tfree6jfs9q5yalxh6x5vdu3j8,loop-ust,4760327,4760000,327
terra195hw9ak0jnfa7wt2zehuyspjwwx04kjg6s27ku,loop-ust,118740075,118740000,75
terra1qsxajxmhlegmllhasspqdsf5n7g3rf8drzauem,loop-ust,4492827311,4492827000,311
terra1jd3wwgdzahclmw9tmy0vu78kcn95sgge6uf2dc,loop-ust,157648151,157648000,151
terra1vsawe77xwmch6ztzx3xn0rra0330hwl47s7ypt,loop-ust,34650593,34650000,593
terra178r7pjq7x3thzltufed78t5sqwkat5g4zpp9xl,aust-ust,37944387,37944000,387
terra1v7qvkgakw3gx8x0quepsrz29k327v5detw4khd,loop-loopr,11683161474,11683161000,474
terra1x9htnd9y863jjlf42rhzwsaq9e44s08f3tlkjg,loop-loopr,2708283639,757113000,1951170639
terra1ksrvl3yvvazfgqhy3raey3m9wj5e0kwppzpj5p,loop-loopr,6298543649,6298543000,649
terra1urkchsgue8nxdgjnjd7sjjhszy7xlt6e0nwhhd,loop-ust,14524925,14524000,925
terra127cz9hnjs9dxjg2txceyt5fk5kwh7tvd06cw7m,loop-ust,902781713,902781000,713
terra1vu9sjkd4sw8d38hjcu7puafurcfm0kgarqtqym,loop-loopr,106182958,106182000,958
terra1fla0sv6ecp0tenzav96xn39lten4rsmjupnwx8,loop-ust,4043906,4043000,906
terra1nyafzv83vd3k2ka4p2jvg84asa73ex0n2j3fsm,loop-ust,11976499,11976000,499
terra15vm7wzw32dueaf94g7ychvyecmawx6yd57wq23,loop-ust,559345490,559345000,490
terra1ah6t4yql0h66rhpjgn5dekkl0ftahr7etvxqjj,aust-ust,1205686440,760000000,445686440
terra12z3h4qu3p7c2vjfd6tmptng630sns6rzjuj3d7,luna-ust,254715399,254715000,399
terra1y4sc850wl6lq3dvvymd8na4tzkmehma95sq2vz,luna-ust,570220342,427665000,142555342
terra1ualdlf3jgkvvmttncxdnwfhgmfnngzdcr4raus,loop-ust,9335618,9335000,618
terra1xmd0k3egylc9jmteymr0dk34rejavr3qnlm67x,mir-ust,8657424,8657000,424
terra1837y6rzt5dwq38ekzf4gks2u390zm5rpnl4e94,luna-ust,12674617,12674000,617
terra1vntnw0n2c3jdeefrv0xlmge9932k3vxyfvxt0y,loop-ust,19439755,19439000,755
terra1zalyn299rnde77sjfyqqx5peyj2lg0gvs96q22,loopr-ust,56038252,56038000,252
terra1v0tujqxapq8vjdufcy76u4gjy3s35jtpcema37,loopr-ust,100319800,100319000,800
terra1qp7ev0uz8ytz94a6jwekp5q4ruy56hg8rwl2hg,loop-ust,82261506,82261000,506
terra16zjlsqaqwuntx7n6acf03mr280utf0u3ac0w79,loopr-ust,35990211,35990000,211
terra1jaq5fsusrp4xpkaarrv2h20md8czauj04scxey,loop-loopr,309524259,309524000,259
terra142a397he5xzz79vdg3mlx4fue52wecmzswntu0,loop-ust,58022961,58022000,961
terra1pgkkk463z5mmlse8ajuyyxylqr848x640qlr2j,loop-ust,413646801,413646000,801
terra1nkqqcmgsuwvjynqk6a3fzxv93rkdqp5n7chmg0,loop-loopr,1866791426,1866791000,426
terra1xayl7drw29aukajh7fn9eg2k8pa5rk3gzmk4g0,loop-anc,1882517535,1882517000,535
terra1j68zhjyr2ujrhaxk9j934g44sj6wnenl98umt8,loop-ust,89814504,89814000,504
terra135daaz55uyw355l0peuyv7npr7wqq8d3dw5qsf,loop-lota,199509673,199509000,673
terra1lrzpss98gpnft5pg6uk3hqernt5m32jsn4a7gh,loop-ust,5621742,5621000,742
terra1gk3xlt8ws6svcfvjfnla8vlczy2l3sceh2wydn,dph-ust,6976955662,6976955000,662
terra1vjx80y0094v98jzd0ncgtwzm5jm7yjaf7wgqh4,loop-luna,138492186,138492000,186
terra172t2kwn8u2mu92v6pqddd3tavpgc6879gljera,loop-ust,19948471,19948000,471
terra1jpmmmv8ug7dx5x4cj8g6lkwk2qg2dted2cymuu,loop-ust,47362635,47362000,635
terra1eskprtg6zhms9z3fh4l3tns7wp974sry7r6q3p,loop-ust,34515670,34515000,670
terra18qul9y79l863ajvcatqd7g9ccrwlzhj8m9w9at,loop-ust,22259520,22259000,520
terra1z7sa6g7fjgk4znl00hj5v24rpaudrnwgplqech,loop-ust,334449880,334449000,880
terra16zlt65zlf6lyxrnwtlyspgc2s9kkwm3k8clsrp,loop-loopr,8765631079,8765631000,79
terra1w02ry0cm9dsvghad9zy4k80kf98d5tvtyd5j8n,loopr-ust,2606779230,2606779000,230
terra18drmvqu3wylkmykj6fulpwvs69fk7an95x5yg4,loop-ust,21667788,21667000,788
terra1gn4jvljsz7pmlhdyj9ydmlzlrdrcgtfsy7kqmw,loop-ust,13618501,13618000,501
terra16r0g6gxeqc7nndctxl2tr0xcu0xz3szgwgptze,loop-ust,10779960717,10779960000,717
terra1k0fd8vd0mu0n8350ycpsrrc9ug94rzjy7hqd3d,loop-anc,4910051,4910000,51
terra1nxw2sfpus7mtxmj4mel8ysgp9c2x9qyjgdvsyz,aust-ust,7344575077,7344575000,77
terra1fq2y0juwvrypkxqn9tnvuxcnvaqzeuqkpmqplg,loop-ust,1499447142,1499447000,142
terra13k68cxhh723z6x8xhysnga0rywwh8kuqck5g4k,loopr-ust,156435544,156435000,544
terra17gvls7v6pxp9wqww87fj5datfp2ydvuym5yccg,loop-ust,19247048,19247000,48
terra14zkgnktk8deuqulmcljvpjn893kxcwvsenkuvy,bluna-luna,821042593,821042000,593
terra1dg66744llzxj66kns76usk6wtg2y27wy20nu9f,loopr-ust,49017845,23706000,25311845
terra1u3uszlwng9hpgkm36whu3tk7tz2qw3tv5kww0a,loop-ust,1252851219,1252851000,219
terra17cn8p06zfkz3lz47xcxcphpa97xjmakfq80ar0,loop-ust,18334234,18334000,234
terra19lz906dv5h3kp3w9cuhgy245t77zr7pmpwy72u,loop-ust,4983782,4983000,782
terra12836leg6vmyv9wttqgnjknsw9wes4fkhujy708,loop-ust,8787482,8787000,482
terra10nyrjkyla0k3x98ze3tkaewdyl7w4ze0yedlu8,loop-ust,2811135,2811000,135
terra1745xt4neh7kdr8rgg36uvqr33e5tpt37vuqraj,loop-ust,3954318,3954000,318
terra1f9nfflxte6xrwpqucf0382xxgd7j9c9utexg6n,bluna-luna,400120994,400120000,994
terra1walegkeawy94808mna7d5u2s9zm8hudgy8kf05,loopr-ust,62930725,62930000,725
terra17crhxhvuvwg9emfh03f0aent2ze5qnzgxscp36,lota-ust,368045576,368045000,576
terra1k739mdg25r0chpufhu7ga56lj9zu59jhqad0d6,loopr-ust,44470269,44470000,269
terra1gqs9dxkjmgy2et0e5l0dp5zfwnphehgkweq50u,loop-ust,182835075,182835000,75
terra12p28xyl752ral5pejulnsn52tnk6cnmcmjqj3h,loop-ust,35560095,35560000,95
terra1yrpwlqccvl3562hffnh89dcuy8z2fzrwk7vplj,loopr-ust,129212416,129212000,416
terra1ll62es2qkf66nd422s8nmrg46lfeazh8gqlxmd,loop-ust,2744455,2744000,455
terra19xxh4pgygjls8y83l505vt8kvf9escj8hfpqlr,anc-ust,104906977,104906000,977
terra1gzszk09y5fnkxlgnhk7vqeg3lvhwfceatv8uqq,loop-ust,13866574,13866000,574
terra1055c4g6pspe8cfrsgsluyrvpzrs5f6nr80xlgq,loop-ust,32352571,32352000,571
terra1hqydqhzl5numqdnwrn8ffrqg9gcjfezn625am3,loop-ust,19239804,19239000,804
terra1q7hqh8ehkl448jnjp7cpdadv5gvawcn5ml8vyl,loop-ust,11154669,11154000,669
terra1prfp8sws4yk94uc5ylemxduakh20la4vk4f42w,loopr-ust,6594954761,6594954000,761
terra1s22gkwl6vp2jj6272vmdky0wfrxldp9acphntp,loopr-ust,7854149935,7854149000,935
terra1mfeas5c8kn838rjkqnyylvl7mx7vxl5ctua6dj,loop-ust,1333464836,1333464000,836
terra1dumvntmxsmjgx485k0svmxsmppudszas74j08n,loop-ust,40271590,40271000,590
terra1anrea300etau0c7qz3dxcgrhqd9mln8yfjwvgl,bluna-luna,3287698,3287000,698
terra1y50k6fvc964256hsw303fxt7rpv9wpqged69l2,loop-ust,36358357,36358000,357
terra1vw668vuta6t6dnjspe396kf884xpgvdh6k6jkt,luna-ust,14427065584,14427065000,584
terra15wfd2pns45vxg2dtd7y7catu5ne2qvvwhpgxkt,stt-ust,49695046,49695000,46
terra17a5unavzsk3287vepffecemufuqgdnjsn5re65,anc-ust,15699934,15699000,934
terra1t9al4al38jkte6ylsun7pz5tmh9hwp88wmty6t,loop-ust,17759662,17759000,662
terra1sdmw6lyuc0tmqm55kxexpr9j7m0gdzlw4ygl2d,mir-ust,2367325488,2367325000,488
terra1xzupdq3j433pcdpuhypnqch0v487yv5uu5l9cx,loop-ust,532622929,532622000,929
terra1qypwdpca2nlhdm42r7n009afkt85va534js438,loop-ust,5671076,5671000,76
terra1n38te0z35xtkpelt9qejld0l0y7gmm78cu2fc0,bluna-luna,3502375,3502000,375
terra1qvmphaw22yuhe2n8x0vqeruzedvj0kfavfuzqr,loop-ust,37192771,37192000,771
terra188lx8naxs9h7n2ql3mu9ppdy36f38angyx98gz,loop-anc,2367692465,2367692000,465
terra1u8h0hx5c9y2dltlgd790q5gu4c9umdxaqwrl36,loop-ust,9653532,9653000,532
terra1qnunc5qnumny4ug9j8uvt565jfz8m4xkee7zkq,loop-ust,9433269,9433000,269
terra1gr4jkynql6ma4ygj9mt843jxwqrfgm0trf4ljx,loop-ust,73257079,73257000,79
terra1rccr67f2ahjg84jwdaeluyeyxj05enwkm5hzza,twd-ust,62292902,62292000,902
terra12akwxuttrceh8kzh0zcc3v8ukles7npxa3uwdx,loop-ust,23882010,23882000,10
terra1tgv7786k7a5pks6crnehucnacxp25fv5ga8rya,loop-ust,587265548,587265000,548
terra17p8k5clh45ajdd3vfpfz5cgy9dh08w2lq4txes,loop-ust,24985048,24985000,48
terra14g7hw80sk2xuc07g7jt2698m56q0fkhsuzk068,aust-ust,416919547,104229000,312690547
terra1l69dvrn30vmrn7nvxawyz8938cfym5mjhk3rhl,loop-ust,418818115,418818000,115
terra1vzpsaaqcnec2n8he7yevjsuu65wm7y5rp7ecvk,loop-ust,452527282,452527000,282
terra1vz6sh67033ztla0gttujsxga7udla6l5krkrau,loop-ust,562424740,562424000,740
terra1909nzzg42zdlh2ev2ynsptqg7um6k8eazzg0dx,loop-ust,99308238,99308000,238
terra1uvwqj7jhnypcdpqkw5as6frahzwz0mu40ts2am,loop-ust,552640363,552640000,363
terra1j8n9hzamwckxuvlrv9ydarenq4nllg4d8hvkvk,loop-loopr,8212542517,8212542000,517
terra1048gyhzptenxuwt5h4sngddej74vsq0rf300zw,loop-ust,2062441675,2062441000,675
terra1tkygdzgshkn0528zxtsg2a2u9d03hj7xl2luyx,loop-ust,5029773,5029000,773
terra1psf4p54u7wx7fen6pvumeys8r4zfqygfq0tf0l,loop-ust,592353902,592353000,902
terra1p592tjphpqxar4pr7qh3j3x9anx53w6h56rde3,loop-ust,19052394,19052000,394
terra1ylq5v55yjf5x0za5wzmjthh2lsl6cnqsa37g7c,loop-ust,119126853,119126000,853
terra1vmc9xpmlfqxdqyne0y9rr6r22lhpvyr26hnl89,loop-aust,356050301,356050000,301
terra1785jfvu2jl8gmdz0kgnlxc95atz4hk8r6epefe,loop-ust,19296387,19296000,387
terra1thxwrkxqrkj2q8m23mxdnnqmm6vmjefks9lc3p,loop-luna,24174844,24174000,844
terra1e5ncelsh4qhqt3s97vn43hxlhmt7zd43yszdnf,loop-ust,766107892,766107000,892
terra1kkwngh2f9qs7zq0s2cr65vykmlddhv4f9luc64,loop-ust,46646597,46646000,597
terra1c20vqg5gq3kn90cw89mw67ercetmvr4fl32c2a,mine-ust,72366239,72366000,239
terra1q32v9wvsqva9ut02ke2q0jljl50wywkacrtzal,loop-ust,844423040,844423000,40
terra1cpda5earsgjxp7yechvl8urx42w09m2yazp2z4,loop-ust,1020457115,1020457000,115
terra16z7xvc768gqxcxccfjp7julfgank6yplyvn38h,loop-ust,10669316,10669000,316
terra1jg8ml4tzmsvcwwjwnm7j4xhz7md37p4u3qvac7,loopr-ust,517681128,517681000,128
terra1h3hx6xh0lh7mq5k5uvntps4cwu0yq4eypgkkzr,loop-ust,27331846,27331000,846
terra1nn4sv889whzfwy2uscg299z6kuwewz20ndyljt,loop-ust,137142816,137142000,816
terra1386v4va3uqdje5zphljf4xqxuhwc6h78fv7n3n,luna-ust,2254483,2254000,483
terra1s7w7r47eq902w9pc2m2xl7hr4t2hhznsn4xjhm,mine-ust,6181392,6181000,392
terra1a7xk8ugla7heqwajexrgytd74yqn225ze9wdf5,loop-anc,188249855,188249000,855
terra1h5fhq9dx4el4pra3tsk8ymgtemjm5dz6t5f5mn,loop-loopr,1161006258,1161006000,258
terra17e8nustf25wq6n6sufg6935gjlvf78gt3p0xx7,loop-mir,1415060349,1172262000,242798349
terra1qz2c202a2xdkzauhsjc8dw8ucg0mpnvpyyy9j3,loop-ust,10481364,10481000,364
terra140um009t5my80e75rxwvg5sc0qpv3wcv34dvge,stt-ust,46492668,46492000,668
terra1z2g830s9mr9e3leesum7jqxun7a8dzf5jec430,loop-anc,43748657,43748000,657
terra15vaa0zh2axf3lu8v5dfttet0v2nj8rkjhc0hq7,loop-ust,3700991,3700000,991
terra1v60ct8aljrct2dxf4r0f4vw73m3rjj02ymks3z,bluna-luna,5751364,5751000,364
terra180478vczlw6062vs96zd20z5y8jtcsm2cyg8ge,mine-ust,350953115,350953000,115
terra1y5wnhppvc3k0afzfvh835z2gun47h8wlhg30wp,loop-ust,480828742,480828000,742
terra1y2rp5mywd9z8ytc5ld0wr5r2wusm44z58yglq2,aust-ust,6739176565,6739176000,565
terra1jjhugrde6fwjn2w5sv85nsf43yxef6m6utac54,aust-ust,5137440285,2554704000,2582736285
terra140d68h05dh27qg668t9cg4e4sdltnwgxa7tp2e,loop-ust,390567603,390567000,603
terra1f44m6ylrufl3k0ge8txrzjxnmwg9dv4sw52ynt,mir-ust,12978002,12978000,2
terra18cdyqyszff25z6xtshgsufslvyj9apyc8mq6j3,loop-ust,197466471,197466000,471
terra1e9vsmzhh8sefku3pxhcm4d5nygckncus7sn96s,loop-ust,35652296,35652000,296
terra1sgahmcd567td0fgunn6mpswda0tn7v9fa9mzxp,loop-ust,8194293,8194000,293
terra1xs4m9l6nngxmddv872tr5pe9d8y0qww54naprz,mir-ust,18327452007,18327452000,7
terra1ttv8vg3h3a7duj6umcm2njcspqpmvzw8u33ylc,lota-ust,141246169,141246000,169
terra10aw2fkp3cethv4r93tzta9ht46eksauc92r456,loop-ust,4156178,4156000,178
terra1zt2r2y0v6qwndkkhzjv3rf8vulrjw2wcfdtduv,loop-ust,7493757,7493000,757
terra1jvkmetd6trw4efu8z2gwp6g2mh29tlga72hv0d,loop-ust,48380515,48380000,515
terra1aeaz6k7m40at365klxn8pkt0pk2ul9tnpem7mr,anc-ust,1414233892,1414233000,892
terra14ft9qdulq8wregd3t2zjr9mtmtzlh2zxfj4khd,loop-ust,42885542,42885000,542
terra1tpd2klks520ue9xhj6dduemm29a4xf770uawkc,loop-ust,49617666,49617000,666
terra1x0t7hxk40n7tw6v2ut83h99skzek48sg9zv8nd,loop-ust,498423826,498423000,826
terra16497ay3n60nazn6exydlq70dkv3n85j42uu9d0,luna-ust,14423206,14423000,206
terra19s44y8lqyzrgvqy0szzcyjuzapjuxwjgk2u48c,loop-ust,9055032,9055000,32
terra1y5q2yejset24kvjz9j352e2zs3cs2sz9y2xem0,loop-ust,8044046,8044000,46
terra120a6q0rllluf7mfclptpdncsvkfaqntuna5h04,luna-ust,653485254,653485000,254
terra19umuhxv5nlw70rsfq2434p6k3t5t334e28aszt,loop-ust,5172586721,5172586000,721
terra1e6g0wdrv4sdwrdu6ffzccxl60yn34f5arf3ltc,loop-ust,1005865710,485372000,520493710
terra1h4s2cqemma63rmheazdy2yq44q03m9pphpfj3m,anc-ust,608657047,608657000,47
terra1c5ppmyr8fdspylexuhvlg4tnyt9wxzuu97sg5a,loop-lota,13418870664,13418870000,664
terra1makev707d24l86jv57h46smlwyc4jelakhl9ut,spec-ust,250366208,250366000,208
terra170yuks3hqn77929y7yrrtc296tzj6tdrrustha,loop-ust,27984544,27984000,544
terra1z6npa9ure9xmhx9mdge00tx8nl7s2ypd0w5z20,loop-ust,44103856,44103000,856
terra1xxf8xhf662gjyhfwe54dej35xxmfnt796rd8pm,loop-ust,18342566,18342000,566
terra15r62rq3qmvarhza0jj8rq7ft375uukka36ly6j,loop-ust,1147677945,1147677000,945
terra1luycu3e2tf79w4cdgs5rx2v9cdm5ttx95nac8l,loop-ust,569173075,569173000,75
terra1jll6vjr4s6ckp38h8pna33cgtgu67ez7l6kl5n,anc-ust,10932510,10932000,510
terra1v5gxwhm8y8a554pm5yfe47yp2aldw258v003yg,loop-ust,66056454,66056000,454
terra1phu0m8fd2mhrhw4p54qqsatmu5qh5n9rkhwrzn,luna-aust,26357170,26357000,170
terra1yglf2ka867aqzrkskax888casm6c4hl4crnz57,anc-ust,171390241,171390000,241
terra16nc33k4hh0hkrgfny6zn588lf6mye8cywnpwdh,loop-loopr,818251269,537627000,280624269
terra128ptylm03hh6rgrclalallt646jxk3yah9n5uv,luna-ust,7935884,7935000,884
terra1l0uhnm9s3lmmkc4xkpvqz5evgg4954gdsupzh4,loop-ust,32697621,32697000,621
terra1tv3mlt7t0m0svxnu5xt9886zw5v7h78luaeqc8,loop-ust,75002282,75002000,282
terra1dk6l076rm4d907kes4p85smetd86mtwewhs2kq,luna-aust,402949976,402949000,976
terra1x0xcsx5763nar4nagur97qjs235dwfr2jptt8f,loop-ust,22522565,22522000,565
terra1k8anwcx8pyas25vl832x0adz6we3556usv5ecw,loop-ust,5357245,5357000,245
terra15qnc59ka76j89qnzp7hmpxtdmac4fy2kaud9w9,loop-loopr,10831984612,10831980000,4612
terra1w4ndjrgkmhp3ecxydsqew4q973klecrffphtx3,anc-ust,598604,598000,604
terra16rjqll87x7gtgc9jexg49292u4hz5zpl0p9fcu,loop-ust,86480645,70000000,16480645
terra1vl7ldhvz8fapsacljnn54hj39hxhxqe2aprn9r,loop-ust,3599006,3599000,6
terra17u4ss6qcnahpvvp92tkyd56kt5yfumluduw5r3,aust-ust,1841032624,1841032000,624
terra1ydnwjg3h54vf33xnrrfrqjr064hdcq3u6uck02,loop-loopr,11294051600,5530614000,5763437600
terra1cg5mv7knvhtn2gju2x2xq8pdpqu29cu6g835ra,loop-ust,7515285,7515000,285
terra18ccsqatlsmt6k4xtyg3hf6vme4l9mlzj7g3uxt,loopr-ust,343461228,150000000,193461228
terra1mkj9g2vwuc3x4sz8k6tj6yqcksv7jnp2vf2cwq,loop-ust,6645655,6645000,655
terra1w735rj0ftktuxmu98l9zvdgdj32s4t09j7jknz,loop-ust,7961672,7961000,672
terra1u8e8v0nst9qdr76dxweefuz854l6zm6yh9sp0l,twd-ust,644379425,644379000,425
terra1wtffru20g9x8hdn5f8wnvxqz4slsg9xfu24k02,mine-ust,4323971708,4323971000,708
terra1ju0dk9cm80qnx327llmf27zwa84sq3rhxvpgny,loopr-ust,1949631522,1949631000,522
terra17sqfu2z2xhzyzcqxczcwjnyk300nh2u0fz32th,bluna-luna,151203895,151203000,895
terra16ugujhz35fek88l7wk3nxzhrj3nxlhhcd3jcq3,loop-ust,1811106,1811000,106
terra1vflvl7j2yw3m8rpqxz0etpx5ufe86s645d27uz,loop-ust,245183461,245183000,461
terra1njalhpvlfarpv3yn4luf70mp8p5mhpv6tw2xuk,loop-ust,5319199,5319000,199
terra1kt7rzhsmw9t5k05sk4573najhh9chv963q99u8,loop-ust,55686961,55686000,961
terra1j58q6h7snq8eadhvrzgdgwwhxkf6vcqh8gj0yy,loopr-ust,346577340,346577000,340
terra1t5fvzdkv3jve5s3ueh9usd30xmsd7jca6ewlls,twd-ust,66110128,66110000,128
terra1mtdeuhajajguw94fs5r8hd99adztd0s6ga6zdr,loopr-ust,134694610,134694000,610
terra1vlwf840sd4zpreayt7ey9cum5cqm4u73hmhm7y,anc-ust,4696542469,4696542000,469
terra1gl97azssenpq6ctl9r2s9duxfgsvsyheka4m88,bluna-luna,7959635,7959000,635
terra1v63h8y7wh9z9tdqegduc65nj243cw2ax0qpdzp,loop-anc,16101947,16101000,947
terra195405ffucyljpqpvgz3mdsrlwx93qlzkvr9z87,loopr-ust,454023303,454023000,303
terra12e8d88ed7vthd7jf44sm2e7wafqz4yylk0apnh,loopr-ust,122903299,122903000,299
terra196djkp92vqk7pg0z009xs5q8uk5ezgj6qs327p,lota-ust,384350590,384350000,590
terra10dppn6ymnf2yfljmzx4ncag6vww3pzsfak8y7f,loop-ust,4478469,4478000,469
terra1lj2aetvx4zm7q59v0pj9sfjwyutf70cny0h2qq,aust-ust,27629425774,27629425000,774
terra1n2576gwupnv7e2kat2j86k9w67q2e5s98xr0cn,loop-aust,979302701,979302000,701
terra160lml094xruqkufvapdm6j3qph8ppkrjt2m4dd,mine-ust,200434559238,200434559000,238
terra15n0znvnn4h26ylqvmcu5ee8c0dfvtkf474p6jd,loop-ust,632585398,632585000,398
terra15rs5cqkvls0kdzjny02pkwm3px6gt5yqtz9a8a,loop-ust,30921638704,17008453000,13913185704
terra1p0mnmxgzmftynkym0n5t0fq3wv2mmzszpc0ejq,loop-ust,14403772,14403000,772
terra174j65yd68jcvt6ektuc3khtqpc5ftfytrx3lyh,loop-ust,5890625,5890000,625
terra10p7xs73wnqm7zng6g44m64dx2hmyfw6slggwpq,loop-loopr,10747425314,10747425000,314
terra16u6k5m4nf06fuvqhme2yg4d7wmwq2fu6q7xh55,loop-aust,769053682,769053000,682
terra1lp2h43kd8ex05pyaletfzsakh57744t3c5wm6v,stt-ust,539360737,539360000,737
terra1dt5sytzsz2ndxxavaacvr6dh0kkr9xwp0slfdg,loop-ust,47343672,47343000,672
terra1wphq2hmxrs95kvpc2u8j3fmae2tgm9a7eqhxxz,loop-ust,8509141,8509000,141
terra1rm9crml9n58ex2eyuxx9wlnep8jgynnw38tptt,loopr-ust,4968651852,4968651000,852
terra1zt5gvfyha6zkleguaugr0l9wjau7f2977dm2p0,loop-mir,8603189,8603000,189
terra18trmug52fw5nnduw4auvv5qrfqtpwg5mmh0yvr,loop-ust,7607470,7607000,470
terra1uxat3639px93fx9thqhq2gsmuk3qe97r5rj7kp,loop-ust,20801375,20801000,375
terra14ms4pxvd9dvdmqllmrgnd0vfw2yqly786525we,loopr-ust,25980232,25980000,232
terra1sesxquhn75guz3pld0nlmvtp225v6gmv34dsjc,loop-ust,6290847,6290000,847
terra1u8j37e8l82ucthx574njxmuyqane2y9h0ewwxf,bluna-luna,534761804,534761000,804
terra12k7xxnvyy305pgtuez7mtnpkwupgru59tjaree,loop-ust,40366921,40366000,921
terra14rhxm5szhwg3rdzq3yc46vpjhqfsfuupn92yfc,loop-halo,18493965521,18493965000,521
terra1nu9rwdw726uksllkx8pdp92rk8krkfvqc345a3,luna-aust,23577711,23577000,711
terra1tptw97x4lpl3n774e4mu9lk4lmhspe2mfrqmpm,loop-ust,117203361,117203000,361
terra1mft54lfuf6qq3hv7szdutxe5l9a4zn77wcsgqz,loop-ust,32240175,32240000,175
terra1uke2rd4adwcf4hgcj5da8uegrslvgt3kn6kwpz,loop-loopr,52052928,52052000,928
terra1sk48et8zkx6g4272w5mp7dqpl54w2jzvxpcr8d,loop-ust,28263299,28263000,299
terra17lrjrktf2rdj9mqe846n8sgxj4wxc8tv6c5cjh,luna-ust,26285032,26285000,32
terra1n4vhdmgkxte23sa2zrhx3nepg9qlxdm0uj8d6k,loop-ust,18240298,9120000,9120298
terra1xf58j7j6kmu6k9w8c3np4yqjeyzwa53cyll8m3,loop-ust,226365648,226365000,648
terra133jqd7545lg0yds38nh7uds065nus72zzcmg5y,spec-ust,9445441,9445000,441
terra1d7vqrh75065ac0m4ewkjmjyajqpqxrhulvnquc,loop-ust,162719294,162719000,294
terra1gj42tleuw3mrerxdc44l4qcy7uh6kpuyuedppm,bluna-luna,497981173,497981000,173
terra1f7kkujqpjauhkv3yrna7zrvz8tk6d3dydw70tv,luna-ust,2409704905,2409704000,905
terra19aymr0qj9xxdjtwjfpersyhmd00hl90ap443xc,loop-ust,1946321226,1946321000,226
terra1e3gqzp69fu85e755d6ncw9vp7r5m50sp959z0m,loop-ust,10333801,10333000,801
terra1uk9rmhk63zykwdgz00awzm5mva0spqgt9rnq2f,loop-ust,16336497,16336000,497
terra1648cnj6mxgww4ldcu2w25hwnt3p8r9rfswdemy,stt-ust,1323765738,1323765000,738
terra12kyuy4sqrjwxpq6z5qp4rn6qhh0hd8y23g49lv,alte-ust,8373780,8373000,780
terra1m4tvaj5mlermqy94sf6kudftvg6mqzy2qla3pt,loop-loopr,77367270,77367000,270
terra1qd5els44cmuvgjs9h0ms3e34g7zc0q323xapyn,anc-ust,113719526149,113719526000,149
terra1qwac6kucux7agakf0d68gsvt3guhptg6s06htv,loop-ust,25763301,25763000,301
terra1ksftxzvjg0nuyl2h5tqj2hcsjhxs2c3j78zamz,loop-ust,178570411,178570000,411
terra1x342zsdexnh3qyh8xkhdujw6vax5038d0znc9y,loopr-ust,1214382324,1214148000,234324
terra1ws3yhsxn9jvzuc3wlma3gzyh87y0xuhqtpa4af,loop-ust,4241082,4241000,82
terra19ys00lrqwpm72ft4xu5dhr3328tg3eu72k6e4e,mine-ust,1218576249,1218576000,249
terra1f5ect6e489h2r0gmufrapz277n05f8wwkrhgll,loop-ust,6275040,6275000,40
terra1sunf8nw2qcr8vlkwv80z7rdjfyhgrtxf543lrg,loop-loopr,4947417659,4947417000,659
terra1rc6vh28rw8ptwykkugul5dsz9jjdfrz58agqlw,bluna-luna,300219358,100000000,200219358
terra15efzudkzas26mz7230uk77jnl7hkl0gdpq34mw,bluna-luna,289231,289000,231
terra15rpaemjq5rhqxjnzph7493fk2a3llzcct7n6k8,loop-ust,1079275731,840062000,239213731
terra1ser6r9dxrg7q7u2mmlp8t44zq3z2gujnw5pzt2,wewbtc-luna,899259,899000,259
terra1pz2m49sdl4a2ttagjzrcyhjcalnm3q8daxt5dp,luna-ust,8308756,8308000,756
terra18z5jgtjxq9eyqash2zwt2dk2w5k6maugn58mnn,loop-ust,2445262,2445000,262
terra17p8k5clh45ajdd3vfpfz5cgy9dh08w2lq4txes,loop-loopr,358836832,358836000,832
terra1k4xzjahmehhpdgem3l0qdee3tp88lcalvzfgup,loop-loopr,509403957,509403000,957
terra1xduz06ddwnlkxm8dvm6zyh5xws2hx50w5k6a2u,loop-ust,603956103,603956000,103
terra1ws4w8w0xs5dz9d4lzw6c5twtkkycjv9v55grvw,loop-ust,717652754,717652000,754
terra1uucft48vak5lm4q6qmwzfn462swqvxxu4lfved,aust-ust,44911066,44911000,66
terra1s22vqfzgkclkynrnlr7elp9c3q93m7nl3xlsf5,loop-ust,377351750,377351000,750
terra1fw9jl6x7daepfdcjvn77lrafr954uwgw0ney83,loop-ust,3995467,3995000,467
terra1mk9v8ffxtjz85d482zjxaj5vchc8szy2k59xjl,bluna-luna,17396821,17396000,821
terra1vmdzwhmxctyw3jvq688gek4jj27wlyz4da7uzp,loop-aust,12912088,12912000,88
terra1nvxv8yz5tz8jf4ysatq5kyd2lfvfmeg25q3uxc,loop-ust,70828985,70828000,985
terra1thxwrkxqrkj2q8m23mxdnnqmm6vmjefks9lc3p,loop-ust,46210880,46210000,880
terra1lfvu8wtud9tdq5rsxc0xfnhykqutmjr69nuwky,loop-loopr,29182618,29182000,618
terra1rxpvee35tsr0rnpnzjxs4j938ckrqn29s92v3u,loop-ust,7946924,7946000,924
terra158yzufs0cy7zm4ajfzr6krlq2jh58tfemvdlq4,loop-ust,28126352,28126000,352
terra1lkl0ljf2nl3yp62lku9yfwpaaphnc79szrm8zu,loop-ust,1800624,1800000,624
terra1uc96x8zfzq7k7htltnq996e0p23plvj8q7r52m,loopr-ust,96779065,96779000,65
terra1k5hsptstmar8u3cs7qdenl0ysjkue05vf3l6rt,mine-ust,793380625,793380000,625
terra1xppe2mg306z20wddpwmq7xqvzgwv08v3qfxy9f,loop-ust,1012028579,1012028000,579
terra1jq6mtxcesyhfc54qq36m7pq8m3fjhyclwwyxnx,bluna-luna,209597726,209597000,726
terra1nzrmhgqzac43zclpz9k03xld8836df49dpm8p0,loop-ust,5252210,5252000,210
terra1wftqy77wk60ewe97r8l8gzn7hnl26x9hkrnsal,loop-ust,188543764,188543000,764
terra1ck39nul2qhvexts5mcnlx7sytnwxuwkvp3z9p9,loop-ust,132919887,83772000,49147887
terra1j5e5mqu0a8pcsnn22chettt9wjvmqqxmyjmh06,loop-luna,90329786,90329000,786
terra1nwudag2rtyj9y5j3tydl0yhfyczjy77aq8pc5h,mir-ust,230549485,230549000,485
terra1tt2eanp2n49e28ac6py7q5tznwy228sm3q2h2y,bluna-luna,138249983,138249000,983
terra1rev2hfar8zljvslj8jr85pmyk4m99pmvcggfch,loop-ust,7461782,7461000,782
terra1q3yae66cmpujj3yv7sx7cszd6tv00tayrxs2kl,stt-ust,31127464,31127000,464
terra18l3mu0qmhsk48px2r8k669gml4ujqwhxncegf3,loop-ust,20071853,20071000,853
terra149ha8zjg2dkdwp3z4equ9rj29m3e224cps98tt,luna-ust,11383529733,11383529000,733
terra15wqjtj9292t9qwse4w3tctvnyhzg2nnfag3d96,loop-ust,51647974,25306000,26341974
terra1s9a8xfuk373me0g8a5zmuj0pc7hcxm42ryrgde,loop-ust,422880696,422880000,696
terra1skh0ff0aqcc6azc0f8v0ncr7s94yjkc25gddd6,mine-ust,4808363203,4808363000,203
terra1deyxue29t6m2dlkmwmyekf3ftdm2c2dfyxx8nc,mine-ust,23501681,23501000,681
terra18y6nhkejuu5at3d2dszfs64gkx7sxkff9mx78r,loopr-ust,3867107712,3867107000,712
terra13ngj352k76dwq8mp7p5fe8795tyd2lsn0gyhsl,loop-halo,23048251,23048000,251
terra1xxuqnhxyrmhxvtj84ga8gj5u5m6qmyvpx2txns,loop-loopr,180440481,180440000,481
terra16fu28mftkzssq2y28m4z8vkqkrgdlhshjf7uc0,loop-ust,5754175,5754000,175
terra1z66y9672ulh5hhaa9t5nwhgra8retxn29wkcad,mine-ust,1486390718,1486390000,718
terra19cpt6xhgqd96kd0tcceafsq38zn7j8da69k9pj,bluna-luna,33104464,33104000,464
terra1k6vvf30apk845lcsl266vf7rj4gjsg3at7z87j,loop-ust,117107289,117107000,289
terra1t363kh7wc9mh0hce4ancmlc8t4stm99qknfm82,loopr-ust,51995073,51995000,73
terra1tc73t0gkqztglsrmd84qzf3n9lrcagg0lfppk5,loop-ust,148260584,148260000,584
terra1sk5avleqc48jcu7ctvn240qddajgw6vj5skwhu,loop-ust,31669659,31669000,659
terra1w0mmx83f380enfl5yul6h08r874xrqfd9lm4ar,anc-aust,51848630,51848000,630
terra14z6desp46lwpespp648k448ysay9nkmj6m56cj,anc-aust,5014501402,2476874000,2537627402
terra1e66g47axnt2uawz4qj9kv0r54sy3y5g90m9upf,bluna-ust,159613888,159613000,888
terra1wkr20zr6530sfqaqncygc9vn2tamhgd7c43hhy,aust-ust,1026794036,1026794000,36
terra1rp5twwy7s88g4zp225nkrnn0wdrfwls2e3gxj5,loop-ust,479264776,479264000,776
terra1dfhtfjemtx7gxe6z2psqa3e497enu5hg55ww6y,loop-ust,639398565,639398000,565
terra100l4u4zcpjxcfl3rtfx0lmxxdvkqectcyr8auw,loop-ust,25531040,25531000,40
terra1payp7neevqex3jzs9zsm08y0dg3lefxeul9qet,aust-ust,257903120,257903000,120
terra1uz4qq5n2dpkhwue22y9uhe4k44gpk6es093qr2,loop-ust,467636406,467636000,406
terra1lw90muj37n7vuap7j3mme6xsktu5auht2e3xcf,loop-ust,2658301,2658000,301
terra1qnkc8pnn5d88yvpng30cfuml96rp72pgdjl2f4,loop-ust,5540959,5540000,959
terra1ycaqd04avr0ny9l9q5epkmw3uzufdc9wumjdqu,loop-ust,118898580,118898000,580
terra1pfrgnqjgy3p07am5zulg8st9hj6hhpe47msat3,mir-ust,839967043,839967000,43
terra18efey8ym6xfghsse0k7n54j73h9vxh9ukuw0u0,bluna-luna,124241363,124241000,363
terra182pg5rjyuw2rj45dwymxaqd4yh0ws450srhzdu,loop-ust,8131557743,8131557000,743
terra1slcaslsssgznltzsj3gk3jk2jvpcatm99uw8x6,bluna-luna,399201345,399201000,345
terra1qme0d0e2uhn2pparhx5dr59etvpy6dr0s58qgj,loop-ust,337842537,337842000,537
terra1pvcg2wm02ryvh22nnsze4qa286fhqg72aswhjq,loop-ust,2763426,2763000,426
terra1dzv9mmvmm5s7vl3mnydjzl2cz8a27tj6t6yj58,loop-ust,10239434,10239000,434
terra1lsve48sqrhknvlvze3p7k0pc7gtvl68wanjvaj,stt-ust,91965996,91965000,996
terra1w83e9a30nxvk723zrgwc3dae7gagg397sz8mt0,loop-ust,59183971,59183000,971
terra1rdl8nzhu69qu50xk0wg7q45tmcgus5qscnz727,loop-ust,57222036,57222000,36
terra190t00em9jkrazsp22kvhvp7kphtgdy9v2ck0ux,bluna-ust,214017218,214017000,218
terra1dp06lfltacq0cd8frvs2dzufaxk2m69xqj4jct,aust-ust,13404110994,13404110000,994
terra1jm6gd24e8vjqqxm3nxtk5sm50yyvlz22jaurq3,loop-loopr,6970088125,6970088000,125
terra1h7lswmdq6sfc5eujzf4jxe6jjmde488a3qpq3e,loop-ust,612564845,612564000,845
terra1w2g7qz4clmhytgw8ae8vmr4nrt4k8l0g0y3f08,loop-ust,130486905,130486000,905
terra1hrvv7960jx2pvfm2dt0ujg5vrvwu6jw6xrth9h,loop-ust,304505605,144203000,160302605
terra1kumh37z8dz7um07dxuqtxn40rlckrheyqlvyyj,twd-ust,288257820,288257000,820
terra19rn6l88kxtjz820vf3vrafyg5a4qa70w9tyns9,loop-ust,553329702,553329000,702
terra1ps879q3rphcfcu62fcszglcfmec8s4kmjddfsn,loop-ust,11678087,11678000,87
terra19tjvc2ns0j0kceczttzq0506rxlxuyr22undur,loop-ust,154880356,154880000,356
terra1myre3xy5vgvr474vycg400hf36aep9f5eae56h,stt-ust,48389968,48389000,968
terra153wx8d2ezvy60hv5hu62dk0arfm953wthruwpd,bluna-luna,100542,100000,542
terra1ezcy6dxszj9aayh43aergt5xkdz4mnmu8tvq6l,loop-luna,287490861,287490000,861
terra1jm6gd24e8vjqqxm3nxtk5sm50yyvlz22jaurq3,loopr-ust,2943300253,2943300000,253
terra1zkqryjsqw2j688txdzc8gd794nsdrfw4xmwxq4,loop-ust,54576078,54576000,78
terra1eyutsgd7lcqyqstqj7ra04jk720gws5hprkcdl,loop-ust,8317546,8317000,546
terra12u9t55uxfmkd8c4mzpeatvnjmyvuj5ges50hjy,loop-ust,5336702114,5336702000,114
terra15ctyreyekcx9yk5cwawvxwhgh829slmcch9mvg,mine-ust,2236230427,2236230000,427
terra1mx7hh8ptzyx9xtkdtuganrtce2h2tnk6zzefme,mir-ust,63683523380,63683523000,380
terra100r8fzvgcagvqnhz5fvxpnvw4hkk323a4gn8kg,loop-ust,93473604,93473000,604
terra19xuhcnes7f5ujvsqqxth8k8lx0gr342mvj4xhf,mine-ust,351766132,351766000,132
terra1gqugh3ascyladlf5wspu3vcpjgyvc6fwtu83ze,loop-ust,59846625,59846000,625
terra1kyttq6frqqlr6txngd5rkuudqdhffvsfyfyek9,loop-ust,6358226,6358000,226
terra1efrckyulz6m2jpzzpsh637fy929h3hqks44a2p,loop-ust,19564164,19564000,164
terra14uajy759k0l6rddhh5jhw6e0hn22kev9wu2lzp,mine-ust,189358593,189358000,593
terra1dtdfztpzq0elz8nsdethhr6s3uzv4e84p8jkh6,loop-ust,27213431,27213000,431
terra1mxf3d3klemn5huhym0qypwyctcx7um2jz68gfh,loop-mir,23333280,23333000,280
terra1ep5kg8x7smr86z4n3gv68akqe7kh9zaxs4j6sw,anc-ust,33183798,33183000,798
terra1ph6xln05m3qpcevcjpf24a6p7e4wx6nsfgwng2,loop-ust,50035806,50035000,806
terra15l2dss2w39qp7ahlm9cf88km3lspstp5236w7p,aust-ust,224173549960,224173549000,960
terra1cq8msy95skl49sycrcjs69qw9xgx3y20e59ks8,loop-ust,281946836,281946000,836
terra12fdsdtl09qwrtq06zs349u6law4v77x0wdlnn9,loop-ust,25640067,25640000,67
terra1u8m8mycg73apfs2sr8668yqf3fwxrdlz8j9f3r,spec-ust,9281778,9281000,778
terra1pn9zd0nlgjmgu08ljx2fej87hvq9t2u7dj695z,loop-ust,60848034,60848000,34
terra1r4eefdsved3gv4ck0v66temkyatzp9wf3d6l8z,loop-ust,103014488,103014000,488
terra175v29s7e05jlkh36mrt3zp34mhr53c2wwzm0m9,spec-ust,1028177535,1028177000,535
terra1cljwkmj8ssaj0qudszeqcfkhat26mv4amtmgvd,mir-ust,53884,53000,884
terra1x64fjzsjk5mjszsmsn6l59ksf4uvdpucm0vffw,loop-ust,44587157,44587000,157
terra1a7xk8ugla7heqwajexrgytd74yqn225ze9wdf5,mine-ust,14648547,14648000,547
terra1dgfrsndfr203svw27py7q7hpmypzlufptvpmdl,loop-ust,31017368,31017000,368
terra1zhkascnyqvztru8p7h5vjz9vwpf6hndsf09mna,aust-ust,13433783537,13433783000,537
terra1dmltsdxah5tzkwvcll2mq0e3ns67k7mqy6vsdr,luna-ust,21631964,21631000,964
terra1hjfrtcyjpqtn9ttj8tzvkw9j4zgg4r5te827gn,bluna-luna,1498596683,1498596000,683
terra14r98q0gxr8fq8twwe8w9jrar7mz5p96hem0dpe,bluna-luna,68769057,68769000,57
terra126yzfw0u057jm59l2umsm0293ls37ejepfpqpf,anc-aust,1247342008,1247342000,8
terra1c2gzdhwfk5n2la590phydhx4fzdvz7a2npf3az,loop-ust,12023674,12023000,674
terra14p9fjtpztyhfmug5rs4l0f65jd9p66uk70n0r4,loop-ust,15997939,15997000,939
terra1slmh228rjmg5504rdqcnvjaypvjpjvv4wyme5e,loop-ust,9827677,9827000,677
terra1cg6x8xpmckqr4tex4r03f06ds5ax49l4m58nqk,loop-ust,944635019,944635000,19
terra1u8h9mduyrqjhzmrk0eyjjz35hyuxf3vxqa755x,mir-ust,162217480,162217000,480
terra1d2zthp9fvfus2zj0zw4ep05c2lz792u5dzlnav,loop-ust,37967627,37967000,627
terra1q2lmjykshp5yeyzqawrdaucsan8nr03f0hzwgh,loop-ust,2640244,2640000,244
terra1yq3ccdx6gnm6s5ls22e5ywtvcvqk3aa3hpl9ps,loop-ust,390795988,390795000,988
terra1qwxplag4jzlmueq2zwf7ually8ysngzm3dk9z6,bluna-luna,2488843,2488000,843
terra1frdr26ex65uvkf0yzjxwqdsnvsd998fq48935h,anc-aust,71820927,71820000,927
terra17qdpgtaj55w9fvsgk65gtfqlxwwhdf5tezrldh,loop-ust,14923377,14923000,377
terra10fum7gqm6rnxdfzrhp3j9knnnplgzfufsfw77l,mine-ust,3262896677,3262896000,677
terra1zcva9tzle8lqs2k4lmf7t505h4af7xrxtf27ug,loop-ust,626205475,626205000,475
terra1a48yzvwwuv74uvm5jzs3j92y9nyhac2temjqmn,luna-ust,4649039,4649000,39
terra1zy94r3u4mfcmev2jqgpu68yfs0n8a9aqcnraux,loop-ust,635575136,635575000,136
terra1983t8wa6hkv4f9crd5m6ksq83l5efe8raycyfn,luna-ust,7180765146,7180765000,146
terra1ynwxh7cp9artm3pyz36yteretfsdf247tsppw3,loop-ust,92791536,92791000,536
terra1r0xp7e6etyxgkmug8rrqden2v9ygl4psxzfkea,loopr-ust,9487412985,9487412000,985
terra1zxdj9vdvzmjf8uerhr757w4qhc8qdj4thl4tzx,loopr-ust,44038779,44038000,779
terra1h4fp39fuk9w4x5797wq9ll3pd4nm5rartzag89,loop-mine,491213504,374200000,117013504
terra1hmkm07epr20shw23vhv4ut5s4qtg5nshwk95df,luna-aust,160782570,160782000,570
terra12nskd9gvhq0y9k5w4tfadlarmwtur60urrwd08,loopr-ust,9643697001,9643697000,1
terra1rtgscr5rzw50f0lmg4svnf0p46edtus7usc7vk,loopr-ust,218839736,218839000,736
terra1f2c7f5mnjqt43608vxaz6ef8z2dkxzzq82e0kk,loop-ust,437608,437000,608
terra1gl6xm5xdama3rueqqa5vchc978dt8exun6rpe9,loop-ust,15486358,15486000,358
terra1luv47lksjyjxqesxej6av75mvrwzvxj5xluz5x,lota-ust,32131749,32131000,749
terra16zhl4y9ylrd4z7573w3nsxnu8equhqnmw92tyu,loop-ust,865545906,865545000,906
terra1wt7glx9a8mjtvp7dj5j96etnhzvt06pk7fqh4z,loop-ust,207184760,207184000,760
terra1gvleurnekg6scwa23zrm8alh34nak798nngkpl,loop-ust,6225135,6225000,135
terra1qpc6acylhztez295qt0dm9nky456wzn92fesmn,alte-ust,1248640754,1248640000,754
terra16surpeh00j9p6605tf3gec7su0h07ddp58hpsm,loop-loopr,507659241,507659000,241
terra1rhh8pnfxmacxhgcx96vsk5q8z3rxu7c35x3eza,loop-ust,11618485,11618000,485
terra1njj3m9wad3kd0evp4xn9hl6hhca2ectt54g9ma,loop-ust,80438174,80438000,174
terra16lv8hplfzlsc52rg866q8wgtkpk8xtk9v89pcq,loop-ust,3941647,3941000,647
terra1u2y6a6ud268hw290l33vjpvjrt7682flez4rdw,loop-ust,10968127,8226000,2742127
terra1fuf7gelshxdu2jn2663tx68xc74k7a3q9le0zw,loop-ust,7846561,7846000,561
terra1x04hmnflf33qwuevlp7d26qcy94kj6wns3px86,loop-aust,1425515042,1425515000,42
terra1yp5y6a38tpfgqdrr3u9mx9jktrpz3mmsvylge9,luna-aust,8650697,8650000,697
terra159fxsdmk7gqrg3fklawz24kznee9xpzt789zxj,mine-ust,1689842042,1689842000,42
terra1agtemkzq70y25qj4cz3d5a9ktcvw3qvg5zyc8q,loop-ust,4596130,4596000,130
terra1rxjqp0g8e7g0q628ptrkcsrzca3w3pzt5tg3xv,loop-luna,60366437,60366000,437
terra1mh9rst0cm9t7xggce9tv3lhcqfhl75fhhhkase,loop-ust,74148015,74148000,15
terra1slza4wtvpe94vfvdd3r9xm9w4w5ksprzdlcez3,loop-ust,80601458,80601000,458
terra1228ahu0h8v0w7ly64qsngurrr7jyjsnqcqaz3t,loop-ust,960013,960000,13
terra138j6m7fmwujresz3l3gt6yxafft7a2dg9effxl,luna-aust,230203651,230203000,651
terra13wt5v5k5vez9g5h8xexwdwa35ddvqfxsfznwr0,loop-ust,323895449,323895000,449
terra14c3zvck6kq52le2wpkmamvkk0cf552qcmpa2x3,loop-ust,2369594,2369000,594
terra1u4ysa73tkxv8p30er6kpy4c7whndgga46gtg38,mine-ust,5613716778,5613716000,778
terra127zyclke4d6x2uzj0j8pnrjxq65ry0qctv5hge,loop-ust,188536121,188536000,121
terra1rhzsfcajcrvr20gut2tc9sr6m3wv8n0nesft4r,anc-ust,50327179,50327000,179
terra14a9mh9xh8w59ad47s7xayx5pfdp9c9r94yf3tv,loop-ust,206308941,206308000,941
terra18ne28dzueu5626wnwnjhq5gc7lmn06lg8rnfew,anc-ust,343057684,343057000,684
terra1eqedt744s0h6tla37mncgtf5hdh9svrtxka9xu,loop-ust,16561160,16561000,160
terra1cezu8ggafwrwgcplychag23zwrguasclcgc495,loopr-ust,281467077,281467000,77
terra1tznwyx79wlsnqec7p2qhzux40grmaj9x90hrsy,aust-ust,88150988,88150000,988
terra13puemahlrvqtr9lukg63smrmuzesslmuuvhthd,loop-ust,26501772,26501000,772
terra1rn48valemnzcejpsl2etdsmlwpk36qtx79xzyv,loop-ust,106360909,106360000,909
terra15e4yfn257k2yght58g5smj7nrj8srq29nvnuvl,aust-ust,4629345497,4629345000,497
terra1zm56hmfve9g7nrx52z78w47rcn74786uscsk9f,loop-ust,29228301,29228000,301
terra17mx82zu9r7eluvl3xl5369mwhagjkfm443n3cj,loop-ust,4602930,4602000,930
terra12myx6484n4w8kxqqu52mu2z8257s5ff33xn66u,loop-ust,2467057024,2396523000,70534024
terra1792r8ftvw0gxqm7vucx4dfv4sccltr6lhr2wkw,loop-ust,26247676,26247000,676
terra144xetfz8yuvwgvtgk6htzzar8gyzm35htj9ggq,loopr-ust,13999397,13999000,397
terra1sm5kjv3we38n8mnx2uydw8zkwh54ev9dw83a99,loop-ust,7325035,3913000,3412035
terra1fr4vrytygn5zqhzz6wps8z5nhnnqmzqu33hymn,loop-anc,62275480,62275000,480
terra1uuusx3axnc8s95f36z3uk3ywtslwz5khqne6q8,loop-ust,248807056,248807000,56
terra1ltw9xarnjadxcpkgdpzx4nhm789w6fehkhpdwv,loop-ust,138762574,138762000,574
terra1x6872dyyqraxwmw8xc79pwgt3kxlqqlxmvjh0e,loop-ust,9347190,9347000,190
terra1te92f59m4aemaaauh2qt6q6g62355ekltc0c2v,stt-ust,17270695,17270000,695
terra18jm3qr6k557852w0u7kkj5gj34ea2s36dfchws,loopr-ust,475414688,475414000,688
terra1quzru3uhlaxf6s9xh5396d04kg6376pmjyr9cf,loop-ust,4984247,4984000,247
terra1s2wcddd8jsa4nvse8hq3dffjd072znl9vzm20e,loop-halo,3661271565,3661271000,565
terra1mdh63el395vcmyvklnpu9cuq79k8jl0qf8q73p,loop-mine,401848766,401848000,766
terra14v0x3xgrxkkq5cmyrknr9x3206jlms30ys0jf3,loopr-ust,14976773,14970000,6773
terra1gprv92sxk9jz5affd432g92kpukpszwpgdta04,loop-anc,1863680419,1863680000,419
terra1pr4y9xps4hqa660sawl58n8lfnug87lskse6k4,loop-ust,532100731,532100000,731
terra10zzxfwnya7pjkhhjt9rv46savye9xr6k9sp8cf,loop-ust,8507449,8507000,449
terra1uxrz5ql82ft8fzwcjv73upttd8a3r8xqkt6v4n,loop-ust,3413573146,2559667000,853906146
terra1tx0p20tugpad6k0zgq2cc0czrqylmyw66p8mhv,loopr-ust,387706714,387706000,714
terra1l897pmlqs6nd7ywf6thz0k2nk6s065768ugqxd,loop-luna,65299887,65299000,887
terra1hcxqaw8rjpy2ys3dehnnlkrq6mwhfyhvmqpzss,loop-lota,68445355,68445000,355
terra1vmc9xpmlfqxdqyne0y9rr6r22lhpvyr26hnl89,loop-anc,355189051,355189000,51
terra1x6ayxc99v75lv5ugpp9ahg6w2rd6v6ervqrlhk,loopr-ust,13157157,13157000,157
terra1hkwvqh25a4y8mj5fu0kwgdsqs0jew0qgk9z00x,loop-ust,33822165,33822000,165
terra19tyj9y88mes8e6nkrc53vqr6ux7vac8k3mknye,mir-ust,164595446,164595000,446
terra1cqr5c5uv4vsye3rcknnxlmzqqt5tp53zkc0kcv,loop-loopr,611191413,611191000,413
terra16jfc7rwplarzy8qskqhtrfu2vc4jvzu3mmv207,loop-ust,27258703,27258000,703
terra1nur24wp5c5mpwg0uuzr9s84fu9dm0zfg5r4cgm,loop-aust,2616928461,2616928000,461
terra13a4h2dzcesyrurhl8ycvm9l7wcm0f7j7wycklk,loop-ust,4637325,4637000,325
terra10yshaaf3dtzj6ljqzpj7hrsvl8w5jc7xykukls,loop-ust,378241274,378241000,274
terra12m82e5wv7j9x4zah2wj4p7n8cyw6zwtngjgkpe,loop-mine,296216820,296216000,820
terra1m0fgdgsuwf2jsd32su0rmg9ne843ant8zn0zrl,loop-ust,2455754350,2455754000,350
terra1s2j3caudw28j79mfxuwprjqewhka3088meslyz,loop-ust,214515703,214515000,703
terra1947k9j0pgsr85qnjj687mmtzty4ew2jr65k6m9,loop-ust,9141750,9141000,750
terra108ygg302d3c0cdlnsz7csulsfrwp7ald5fyhpr,loop-ust,10312989,10312000,989
terra1m792pv28r2sd9767g9m2aj8qvgkj7dyy3n4fcw,loop-luna,22322441,22322000,441
terra1f6xpv87sr7qkusy282atf3fc3ge9zrfyvw970l,loop-loopr,5016251880,5016251000,880
terra1xklszw4sg2reg5r5aw4jwnxqkea72adxn4gjsv,loop-ust,42258384,42258000,384
terra1sawp3fqk3m9tff4lqvp8rqsgtdyewjdr72ezjr,loop-ust,18316191,18000000,316191
terra1lfmmc2xp2hmgyqdgwr9p8txxcyxvvr9mveywuf,loop-aust,626896123,626896000,123
terra1tk54aj0sz2yexpc5pd68smvghjrdgfpsx9454z,aust-ust,69731539,69731000,539
terra100lhx3ty5xn4nk3el7kq6g9md8e52kx0uygxk4,loopr-ust,671526559,671526000,559
terra15e5a7n8rgrd3x5mmx35ya5xjslmvnm2gkmh5ws,loop-ust,8930146,8930000,146
terra1x342zsdexnh3qyh8xkhdujw6vax5038d0znc9y,anc-ust,285476282,285476000,282
terra185qnkyeka996le2h7ph80dsxjepeds2ygsvhkx,anc-ust,1239632471,1239632000,471
terra144z7kxww4lf8p355gnft40m3t9pet585h7xf79,loop-loopr,31249270,31249000,270
terra1cchn3gjcys9p0v5dywsf4ekdd4x4wtxy4g6pd5,loop-ust,134635469,134635000,469
terra1q67zzazyncfranrqfgfuuj08gfpe703z9xa6zu,loop-ust,5874750,5874000,750
terra1zrutc3hvrugn7f5h58dnxvh9heaf2vwvqsejvh,loop-mine,8421788465,8421788000,465
terra1h5mecaclknmmmjs6zhz8ukvpcd2z2yk63eq2qr,loop-ust,23971929,23971000,929
terra1cdzrmx3das55zy9nhywm5cnhaxgzzzemm76hy8,loop-ust,45259841,45259000,841
terra1rnpy8m6kmw8kvga9s8xhepc5a5skdqg8zvjfud,loop-loopr,4381870903,4381870000,903
terra1n6rd6n2mesnssg9y33jjwp27mu9khnwnecsxxh,loopr-ust,987560830,987560000,830
terra1y5fq4ypvuq7dulewfwaklkmgyp096m0jrrarya,loop-loopr,970696986,970696000,986
terra1m2n7lz0ksnrfjq6s700ltax47keym7yzcvld3a,aust-ust,1843086232,1843086000,232
terra12dnta4lp9kx7yexer8xl0ym9psfupyyn69246u,loop-ust,846397,846000,397
terra1pcrqwryp4cyf60q9s386wzstj20x0wq6r5n6dt,bluna-luna,345237254,345237000,254
terra1cpevlen8hnzg7ndhgywenqmkl2wpk08l58nlcs,bluna-luna,499129502,499129000,502
terra1ku3tj3akak083d3dexwc9dr4xcpxu8tj95dtja,loop-ust,59164854,59164000,854
terra1h57xwqvws096q23map3s8dgne8dawj48c6hhzu,stt-ust,2852475,2852000,475
terra1sfhqfe89889lereen74007wc2lwardpwx7w80e,loop-ust,9074650,9074000,650
terra1xhp9yarygd5lrraq99ctcle3cp3haama7jkjd5,bluna-luna,1493627172,1493627000,172
terra1tuacvqemqnkctv26dsaxu5m9gse5wn7ysx2u6l,loop-ust,539051382,539051000,382
terra1pvq6usxwmttt9gdecqn294s2xzlh39lg9twen7,bluna-luna,31077985,31077000,985
terra10fj6wl2rarupyxj9n8u5sex20te69e32nn266q,loop-ust,68110609,68110000,609
terra15dm2v4d5ag3wpru5adprlxzathkaudyljz4kzz,loop-anc,16915443,16915000,443
terra1nwudag2rtyj9y5j3tydl0yhfyczjy77aq8pc5h,bluna-ust,10721390,10721000,390
terra1vluxg3hsstdz0zp9yctvsqrldh8l6thzrvt7dt,loop-anc,124908342,124908300,42
terra1f0q85nzdd9yau22r20athmhvdj7r2jzpjjpg0x,loop-ust,12027373,12027000,373
terra1axjucxc8cxhvqrm4p7j825uzk44vnmkp68mzsv,loop-ust,109201583,109201000,583
terra1l4zpl94x8gq5a44p25tktk8z9c8yc5pyhan2k4,loopr-ust,1205639869,1205639000,869
terra1x9sq209qnqvqzqchrl9uhs6jdd7v02r4vch2kn,bluna-luna,98038484,98038000,484
terra15jw4qm3thxa6ggfgzvge6uj8wu2g52zyr59c0u,luna-ust,364231566,364231000,566
terra1sjljwvcdtec6zswdcwtzerwercz2w0mp7vjelg,loopr-ust,1836076409,1836076000,409
terra1jzsspfjjvpwc9e05g293upc584erhqf68uhyz3,loopr-ust,2666073764,2666073000,764
terra1ywe65m22ed6m862fr97qpad764pp4n67dhjsd5,loop-ust,7559980,7559000,980
terra1s682ec6ykdleyjwmae8yfl2tnlqkk6r7nclhrz,loop-ust,521490981,521490000,981
terra1f7kh9rkt0j6d0r7wtzy7m93t3afawscn4thgae,loop-ust,9750899,9750000,899
terra1luv47lksjyjxqesxej6av75mvrwzvxj5xluz5x,loop-halo,3222049091,3222049000,91
terra128mykxd6wv9m5tnggvzt4fgt2c0kshtsqrf7ku,loop-ust,17615453,17615000,453
terra12yy33vnm7pc33a04c59j0mkm3jj9f8l00p89a7,loop-ust,131577451,131577000,451
terra1a9hcq4jluc44l5ecl9hpugjca9ktxqzyhcckk8,loop-loopr,11719829529,11719820000,9529
terra1fcucc0qanmy8gqx9rnsng0zkm2n4r4yfmvjr2k,luna-aust,212774787,212774000,787
terra1flz89pkz5xsrlnxn3vjayhplvlfygnummdkr3e,luna-aust,11640222221,11640222000,221
terra1q0wuqy59ee2lh6prwspzjrf7g8hhdvj0fzp6n7,mir-ust,162402646,162402000,646
terra1mnlm7un4dxtmf5sdhgrr2x4tsvs440t7y4lzx6,loop-ust,31412770,31412000,770
terra1uycp6aqch0rftfqquhuvejkkaaw25t0c6st5jh,mir-ust,604246340,604246000,340
terra1cqxumtr4sya3w59wuu8dljl35850gmyf069ft3,loopr-ust,341600173,341000000,600173
terra1fhsy43de5wcja3n8whkjchkpfg44vp0qtsupsw,anc-ust,620590833,620590000,833
terra1rra605rvyerp9jspe83y3un5hntd9lhkfcy9u8,loop-ust,13554689,13554000,689
terra1tysyl4fhzmlu2jptm2rt33nj4aqz4ta8scr77l,loop-ust,2100172,2100000,172
terra1wmp5ey37x5cnzym9vsnc9pzrtrmu5eg7ylnhq8,loop-loopr,1796772191,1796772000,191
terra13rz0v7qzne000gl2au754zpeg2vl4sqr2g6p9j,loop-mine,812033236,812033000,236
terra1cg6x8xpmckqr4tex4r03f06ds5ax49l4m58nqk,mine-ust,4524517527,4524517000,527
terra1wum2ewkvxlfx60xukgs6gruukm06gruetllwqk,loop-ust,20418210,20418000,210
terra1jakdz8v0hweqvqkt9yf88yyvzw4qd6y596s6gn,loop-mir,156814877,156814000,877
terra1kumh37z8dz7um07dxuqtxn40rlckrheyqlvyyj,aust-ust,4476831366,4476831000,366
terra1en78vyplxa75tvhwk9axyq7essen4t09rcg6sf,lota-ust,486209104,486209000,104
terra1lze0rw0t9jjp2s8uzgs937s0msvemg8lr23mll,loop-ust,10482665,10482000,665
terra1xqz4qlcrq7uy82j6segeql7d7e0t9p0krav9au,loop-ust,744489558,744489000,558
terra17gchr8qfcc9vwpjkr8gyg0t67fg4apds2qymh0,loopr-ust,245023899,245023000,899
terra1r28r6gx489e9zalrsnczqx7y47st3yazaq9ja8,loop-ust,2977250461,2609018000,368232461
terra12wyz7jn76m6wz4tdhgukgm85pjs7dr8stsfmcv,loopr-ust,101308938,101308000,938
terra16y9quzrk7y3dkv3k7pfu4zqvn9zqkankv26ncl,mine-ust,359335834,359335000,834
terra1mzq7zj6vx909qcgrs2y68s88lxd0f0eslgzt65,anc-ust,38962199,38962000,199
terra156vy0tj53f9se4sw8lmrgdz0fqqqete4gqrzjc,loop-ust,2196522715,2196522000,715
terra1rw0ktm7zmy2gnvqkls8k88un2asf52dc3lrqxy,loop-ust,65969349,65969000,349
terra1usjuvsvy87rugueakd026lmk890cs0awaww9tx,loop-ust,50820689,50820000,689
terra1jxu5pnz9efy6xzjhc24m9qqcnk02pm5rsykgxz,aust-ust,67040565,67040500,65
terra1c6258u24m854nrgkymscmk4tmlammftnu5689c,loop-luna,61254520,61254000,520
terra130znx0awxt5mmjvd59qh580a8df6drktc8xypt,stt-ust,81684891,81684000,891
terra15pethg6l2tudj9mwqmcvhu8gdrmztfwurcca9m,mine-ust,40176426,40176000,426
terra1adyz5ntg09n6wdtjtyxjfqpv2xg0eu2t2a298s,loop-ust,33619643,33619000,643
terra1t9yh953ly7wy59e0q0ftdt6qc9j523xffv7zfz,loop-loopr,35498645,35498000,645
terra17wdtd2maqggtzplnyanm2ewz2y7tvm0nrykwfs,loop-lota,26780134,26780000,134
terra1yc3l074trf872tc2wv60jech2p5nrywl84mpss,loop-ust,12316600,12316000,600
terra1wxv4z3a5ztr3wsh2ppr8m8xjkej68pu2jhs63e,anc-ust,55365077,55365000,77
terra1j30tcetshlpszedu4aygtw80sucx4qlju7al7k,luna-ust,378147722,378147000,722
terra15y3t4gs34azuvwpx5putltdw8t086x79a4h5nn,loop-loopr,1414455719,1414455000,719
terra13rxp5lpqwavs7rxjynafpkxgl4qfwcqamdnedt,loop-loopr,2690995328,1357083000,1333912328
terra1wa6saeflqppn3yu828nqemqk0f6e8w8sksjzjk,loop-ust,8881787,8881000,787
terra1jyr8enfuayzd8lqejx3yr7peur3350upycdyng,loop-ust,4897191,4897000,191
terra1469ahqyswmrjfsdn0xtstukepqltu3jnrgt6s9,mine-ust,4849364,4849000,364
terra13qpznewj4q9tncqavpx09lgm75h7wne4w6h05c,loop-ust,28613770,28613000,770
terra199c809f5csy525sfw2u6e6qpjarz2zar32jlwz,loopr-ust,10881030116,10881030000,116
terra1q92jc4xv0yer7wgg3mq3rw8zwlcdlcs4tadx60,loop-loopr,45685012341,19870985000,25814027341
terra1v5dqd8fdck68tlqveulqwctdctrcl59ydyrem2,bluna-luna,11115379,11115300,79
terra1tm7wqs7xap567kpdarzux2perpdzesjqayhltj,loop-ust,4541558,4541000,558
terra1rx09x47n2sh3a7tzudwcn2sxaz6tu2zdggyc5z,loop-ust,156651645,156651000,645
terra1txr2ewcv4hhhxwrjdyy4e0ea9juay4hnfz30zs,loop-ust,577482936,577482000,936
terra1glyhgw8xw97w90gz2r4ang6hf82scfaxhpjh9h,loop-ust,9526672,9526000,672
terra1makev707d24l86jv57h46smlwyc4jelakhl9ut,loop-anc,213558131,213558000,131
terra1weh4r3stmsvsgmpwkwh704vv9tpnc5dr57eg2e,loop-loopr,12272418469,6982648000,5289770469
terra18mvljrawqw90tvq7h37a4a50wnkr3h3yghlex8,loop-mir,276770215,276770000,215
terra14ha4wxu2cx5ds6emltcaptd6c2kzfh44nwz4pn,loop-ust,4583204,4583000,204
terra1wqe0v8c6cqdrcum3qjjwdc786v79uepmzplmk4,loopr-ust,39216195682,39216195000,682
terra1mawwrdlktmpgda8yr0dgx9e03jykcxmqf4umxd,mir-ust,1014355629,369547000,644808629
terra1zey55t029zun9jrh2gkpyhakvt648czqavtcfc,loop-ust,4577814,4577000,814
terra1tlghnrajx364lmdcrqhxkpjp6605q6m59rkav5,mir-ust,14573192,14573000,192
terra1tqdzjx6pr7rl7dx2j6mptyehr2stjgjxaqnpwl,loop-ust,17259415,17259000,415
terra1rnwgt4hfrfs9w86yx3l8jc4cvdt4w6pkg08yz4,loop-ust,1965391,1965000,391
terra1elnmhgguzqlt5v877g566eujgc8ts720mamkf0,loop-mine,595832022,595832000,22
terra1s6eg0qxwlca7at2t6xx0rj7vrpqwlylddd0nq8,mine-ust,559278963,559278000,963
terra1uvx75qypf7zlpxdkzpg0vzfckevaaqxl86f26v,loop-loopr,170640819,170640000,819
terra1sjf687fqjgc5sju528kaefatdggevvagtx4zwr,loop-ust,32518369,32518000,369
terra1tnts300xnxxzxyt270q5qrhy8tz5rsj50jwggm,loop-ust,472909514,472909000,514
terra19hz3yk9777w62xra35q5496mqqnf34mjwme0c0,loop-ust,437462945,437462000,945
terra1lryq0emfy954yf2mu4swpuvqlay3928wgx4uxk,loop-ust,105770460,105770000,460
terra1vmhjfa3gkdvx954upaa8wln0kp27ky6dxe883n,loopr-ust,529325222,529325000,222
terra1ymkvtv4u29a3egazpyn3c2049q20t6qzyt66xa,mine-ust,36641405,36641000,405
terra122fmdd26gmk73dm3gmkdna3ftnugxs25gyzk0d,luna-ust,70645529,70645000,529
terra1fjf3ttzjgshzl2y2gzq5s8q8tltf2jytkk3gg2,loop-ust,4501800637,1933492000,2568308637
terra1u85lpcdzllvy528mzkmyth6gg3vv4f6m2u0z6k,loop-ust,1052060959,1052060000,959
terra1g8rhh7mz03qdy78a9lf2d3ne6366hhxw8s4468,luna-ust,1498030,1498000,30
terra12xjencm36g7x30v4k7fzhf8yee59vfqmyt4gfd,loop-ust,99707504,99707000,504
terra15354whta37qepx5ng4cqmq92f9qq7ycegfcuf4,twd-ust,94408293,94408000,293
terra1nahsv3vdfkdd5qjw89uwv20fvzzvvchs862sdk,loopr-ust,1808596092,1808596000,92
terra1x6t34hafv6q23sp9x7re9qp52rxwj5ggschvja,aust-ust,1050044394,1050044000,394
terra1skymv89kesa7ufdvyemy7wt4u4t0dqxexcjsny,wewbtc-ust,9350,9000,350
terra1dkmu602r7k7alpr7kglftuhzsh0uref6h326wp,loop-ust,9567869708,9567869000,708
terra1k5jqtxvtv8h496cyfw4j7htn3dz947sfw48u9u,loop-ust,223205953,223205000,953
terra1f0m7htqfe72fltefls65che3dglq095jlrjldm,loop-ust,10062699,10062000,699
terra1u8xy3n7wmv8dzrnhmmq7cdq5t646hs709fchsx,mir-ust,93009572,93009000,572
terra1rjkuhhhwmhawp99jw7x2j2jxpduvlxev4pwqx3,loop-ust,3250098,3250000,98
terra1k3v43ry8e6a3hglqxrc3sxerf4cs60zz9cmgz0,loop-ust,44287022,44287000,22
terra1flhwuy6t8n8p75fmtqj43dvxeqq0hxx63myd7m,stt-ust,1170932315,1170932000,315
terra1883u2yqt3e2hxudghsvznt7wcs6kekgyg4mzuu,loop-loopr,59221583,59221000,583
terra17wx287juup445gz7r0zqpdcpe22hcua86yyv4k,loop-ust,2247013016,2247013000,16
terra18pzf4wvnae57qn9q4ll4gvdrkphj2d60fuzzx5,loop-ust,31583829,31583000,829
terra1rczhd8xxluxc36g9a8rsfuy3qdwjfl6y6qj5hm,bluna-luna,6506068570,6506068000,570
terra133l7jhelmpknyjfvc4mweje96094ztdcy7dnzk,bluna-luna,17120521,17120000,521
terra1wlnpqm2qyrdqrg504zkav2dpu8zpfucu9j73ly,loop-loopr,3611551316,3611551000,316
terra1df66pe3sf3wzsmzzs7hgckqr29d0t7fjkxxtgz,loop-loopr,913469604,28533000,884936604
terra1hrxm3xgnml2xpm4kaj0lhdz8zgsfvkzugrr7ny,loop-ust,841610860,805080000,36530860
terra196qkq5dwxpd3frl6ecru7tyeal8c22mm997les,loop-ust,189801006,189801000,6
terra1qgrm0lagxcz3zh0zswfcazpj07ey6ulp9ryqj5,loop-loopr,5315028950,5315028000,950
terra1wuw7mq5xyszxfw88w565lammmjtcqxl73eqh3r,loop-lota,481927583,481927000,583
terra1a42vpq48zuw8j70vjww7wsnj04k0nz8e2gntzm,loop-ust,14259085,14259000,85
terra1tqhkpka8x9at0v2wpyzafy7yc3pyfy8msws8wn,loop-ust,7820175,7820000,175
terra1nv3gcyuf8szne5gh7uumtp6htvtlh5uwrj7ykd,loop-ust,5195328881,5195328000,881
terra1ctm9trz0q8we2lffxpen2a6mu0c6tkp4mhzeqq,spec-ust,34474753,34474000,753
terra1qxaerwvreq42wphachev83n27nesl9ljmsqe7v,bluna-luna,1755717,600000,1155717
terra1wyqk6ykx8g2w693xv2vj4hdm7tze8fzd3vse8q,loop-ust,18732262,18732000,262
terra1qgvnp8knehmlxlta72u7pdcfw4ua92pc6cjrsh,loop-aust,1028849085,1028849000,85
terra15wep0kmzs0tz84m8255k2zyk4d6ulmfc2gfent,dph-ust,360326884,360326000,884
terra164029rv6pshlqz37y7r53qgy8naxygng76q6nq,loop-ust,1830922,1830000,922
terra1aztyvq4ahucd3j0ytjzcf7l99dteyhjpta2umg,loop-ust,24922449,24922000,449
terra1sh885f0xzftlwh4t77axzgfpgdx4392enyl5t8,loop-ust,8905892,8905000,892
terra1lrsguk7ywagf77ym5tdfnx68rkwf9tnzuks92g,loop-ust,6262557,6262000,557
terra1hrv7c0w7dvuyhu0p0w42dgpz3kjv997s9d9psf,luna-ust,13814826,13814000,826
terra1t5fvzdkv3jve5s3ueh9usd30xmsd7jca6ewlls,loop-ust,154170444,154169000,1444
terra1x6hv2nm7dvnpya97hh3met2m0579dk989gj820,loop-ust,163190898,163190000,898
terra13rtc0psw6dysq9g9n2fg422qp6qs6s80dkdnlz,anc-ust,248828072,248828000,72
terra1ph7urhyc0mce3843a4yanjvchjammvgp8r8ej6,loop-ust,5120268,5120000,268
terra1dsea8f7pv3g6kulc04lg4lz9q56ahdqtll8pax,loop-ust,15829577782,15829577000,782
terra1z3s4r63vs6azjazdzelfdfwus0nvq0ctxvk6vl,loop-anc,57165504,57165000,504
terra14tadw6ddthpn7yv3klffcet2jzj2a5mrp7ggvf,loop-ust,705724922,705724000,922
terra10c96qgyvx0lfjz279my37m98j53nfnhucw49m9,mine-ust,329753242,329753000,242
terra1xqrvp86up9xkwxxkxvad4fxlka4r7rrjkj96az,loop-ust,368774502,368774000,502
terra12vu7q45jt2n9sxvpp8gm3vs9s0afdckwkqgthp,loop-ust,49602939,49602000,939
terra1su37lamr6c7602wezld6kd8fp87zjzfamss4ze,aust-ust,5606961667,5606961000,667
terra1ap2xqvx5d25k2y695d6vljnjxnz362rrcqvaa0,loop-ust,64081165,64081000,165
terra1d8xf42ahkjv03p7manytkzr53s2hmrvlqej33r,loop-loopr,288805733,288805000,733
terra17vxwt4ycl6k4cm5uqlfp6a0fd5jqjasy6z8rag,loop-luna,178702680,178702000,680
terra12gpfmdlu8t4qr5yuqdj9m7jwalh4rf4lkmmrll,luna-ust,10207978,10207000,978
terra1k6zmlxhm73mw5fqrded0p32c7t769vf797ss9y,loopr-ust,1898849015,1898849000,15
terra1fejjum6nw3ac8wdjq0ekmfprzs6cuxa5agu2kw,loop-ust,39726411,39726000,411
terra1zuwj24uexw0t78vlaej7ekp0pfdpv0sfp9w95f,loop-ust,1254613,1254000,613
terra1qg9yuzkvp8995xl5es272zw7udu0h984n74ntn,loop-ust,2875307960,2875307000,960
terra1uwvx0nvz4wrdaypqk3t3e073f9akxhz6w8gpqe,loop-ust,2533915,2533000,915
terra186fquv08z9p9d64tuy59dr2r3pfwgwnytl2c0s,loop-ust,2878564,2878000,564
terra1kvgvmt4etqpqkmgwyh630aymdv5vnthdd692ez,loop-ust,8854513,8854000,513
terra1pg38x0dgmxtw8y3q88f062gk0vaa3h763r8a5t,loop-ust,10666613,10666000,613
terra15cxr3yawhgangjaur4rgjyjrrwyqm8f3p8vzrh,loop-ust,402145390,402145000,390
terra1828kkllagzyc03py0yjqm5l3l8qsrynlukrvw0,lota-ust,653957714,653957000,714
terra1tkveueejq44k8f7z2f9045nvd6jj093yw52l2v,loop-mine,6790770,6790000,770
terra1h7j9q3y0atmtyn6zccs7ru5qk9xx9e0ee3q4tg,loop-ust,43365133,43365000,133
terra14c55pnh08f7zjlrsfalrk888ur8g240tdcux80,loop-ust,14898650,14898000,650
terra1y9wlsa92gw8mumkmt20mawjkkxm699enpz22s5,loop-ust,15762678,15762000,678
terra1wtammswp4pdmaghxkzrywdxnx0l2ke98yv45se,loopr-ust,557417466,557417000,466
terra1r8n5z0jajwwfan7qr7ksjp896tug6zkd33f4r9,bluna-luna,496113410,496113000,410
terra1shl9hst2atv8r36prvqmr5cxzj9qsk2ylay9jm,luna-ust,136075959,136075000,959
terra1suzzt39lvzerucyfldyzpg85cpseqdankhyhs3,luna-ust,272506,272000,506
terra1eyhleakz9d2a2z0jagtmxk4lw43tpestda8508,loop-ust,2483882,2483000,882
terra1qqxnul8hq68f39u7nure0jcfflxsp2dq0qfty6,loop-ust,7991472,7991000,472
terra1rxc5dfx9tdt2rcv7ftlsu76a6tldmueea8k7v2,loop-ust,5840903,5840000,903
terra14pda4y3tl8g3x47sjej8tcn4p94ty2nquxupdr,loop-loopr,511678302,511678000,302
terra1gynst6m28uzh35zfmx8lfgr73aeevxdnfl56hd,loop-ust,181580574,28791000,152789574
terra1y86gz5rq2mn7wdyphajh3lqr46y6a4czsrtl5r,loop-ust,369590516,369590000,516
terra18r33ms03gfljskwhhsfl8s4mvljfqk6sygtjdt,aust-ust,184439487,184439000,487
terra1uu3r3h5wmv9d0pjc0qwtfg8tavhme6x4k05m92,loop-luna,716861022,513511000,203350022
terra1anfczpca8e2hnkc07vtz8hlkpljw2z22gltu2u,luna-ust,894454,894000,454
terra19s66396pcn8at3d99fej9rvyy00s4vjnmm2k42,luna-ust,85716214,85716000,214
terra1unp9cwwhq9y9k3d9alphtvp5qxykfp6afhtrpz,loop-ust,36681471,36681000,471
terra1e4e8lj45k6x0q0mws92cfweaanyqjqzxvhgwvu,anc-ust,21178067,21178000,67
terra13yalcacp0kpha5sat8h5yjvstdu78turhes6p4,bluna-luna,16404822,237000,16167822
terra1l2c5x9v2jsk3apl9v4kdf352qf69xmr29m5zmp,loop-ust,84976993,84976000,993
terra1c3nheuru0lsp24f427jt8rzdauhp0etfxrhtv6,loop-mine,21237059,21237000,59
terra1wxr7lrjll5r8nllul6lp6gvkq77aw8nw62tcjn,loop-loopr,58693246078,46458012000,12235234078
terra1ham8hm3d9s4frgv7uyc9gdwkcp2el5ew53u5k4,loop-luna,122638462,122638000,462
terra1af5efjwzzvwqcezcmq5cetsc7nu5kl2zayg7dl,loopr-ust,49043399,49043000,399
terra1za9hv8mp0ty89j98gncvxkkwwft8yyqvg88l28,anc-ust,1311376573,1311376000,573
terra12y55p7n9frd46dup9nqafgrsm05gm4f4s9cfwt,bluna-luna,7212964,7212000,964
terra1ty3hdkwnhug0lr67mh6054malz4gtcskuf34pl,aust-ust,807358437,807358000,437
terra1wy08mlgh5hwnw7p6gcr4ma3lw58sccedz5jw00,loopr-ust,30081273,30081000,273
terra1x7xvfdfx4rxktr45uja3tlpf8l2teupk0xsqt2,loop-ust,5514312,5514000,312
terra1w8w6ylk3j56xtuw33engssg8lg0n4ar54vxrsm,alte-ust,30220978,30220000,978
terra133vhzpfgx8r5mvq80jnlhz72wep2ejafzkxwat,mir-ust,25551045,25551000,45
terra1y3kphg6yx9wge0rhsapdccshsk82kgpuna08rg,loop-ust,19352266,19352000,266
terra1axyanjkanare9n2750asgvzfpzyuumtm02w02v,loop-ust,219633734,219633000,734
terra15yd68897zly275clm7vms9x9q52fkszjz6lr0n,loop-ust,16751812,16751000,812
terra1aqgs9r8e248dkp46mnvuqvlq7d794utuz9xmcy,loop-luna,15583063,15583000,63
terra17lcyz5qe8rpusyamhxs48qu0cklf6dg0ys4xaf,luna-aust,375086787,375086000,787
terra1q3w2jplythhlnev00tphml7fp0ekszyfaw5fgw,loop-ust,78782592,78782000,592
terra1sgc7v8rmw6lf46s4tjmlw49mcean9jkqjmwdv4,loop-ust,6957397,6957000,397
terra1s7ahxrg9yauujkgclykvfssjds0t4yvq6dyezm,lota-ust,203156091,203156000,91
terra1yaz6l3uwtuz964dymhv7g85k5cqnnevdaaxy6s,loop-ust,9258229,9258000,229
terra1fd39wa8xjp4yp3pqzwtkmal7avnknuu2ncjdfl,loop-loopr,64227751,64227000,751
terra1uxamd4pzr334xt9ynkvv30vw9vaw8mh9gzfxzm,loop-mine,40320402,40320000,402
terra1wke66ss5h7xvw29x5nkf656gcn8tlxhd0jqzqh,loop-ust,19539047,19539000,47
terra1693e82ln4949r96e5mv3q4gps3ytj9lq28mpl0,loop-loopr,19446276,19446000,276
terra155ev4kupuzhf6lsckrtdyr2j5nqs5u92gpgp8c,loopr-ust,89530355,89530000,355
terra1394qu4q5t206y6n0qs62u23sw2j22np7qedq8q,luna-ust,98607041,98607000,41
terra147p0lq4u8pykrdv3gfrspge0wkrp3a6xszhu34,loop-ust,23845927,23845000,927
terra10vzjv3nja440sz9vw2pmd253ygyyxu6ct0f94f,anc-ust,291718670,291718000,670
terra1hxdhamqzfj90p86q27kp64j0tm3hfwn96ydvjx,mine-ust,2452300588,2452300000,588
terra1ve5zj6kat5kdndk4zmxah6lnckxkjgjc3udnp5,loop-loopr,16818186496,16818186000,496
terra18n2vgrhuelefaa8zeuj7eeh3jxxd8gzk8a8l69,loop-ust,59007989,59007000,989
terra1mx3lxpk9wfqvu09wv4tcemee3rappauszang5g,loop-anc,42363600,42363000,600
terra1nfafze3lmwgmn4g64cvsu2784du3aevwmyg4an,loop-loopr,30192988521,30192988000,521
terra1u9cu03rhqsw4stge55w4ru3v5fufn2mqz467ex,luna-ust,31041855,31041000,855
terra1pa3fsqna0rrhlmljrz4y64uz4h9tr5nqg7j8qx,loop-ust,333903026,169013000,164890026
terra126fzl7250dt33jwwuc35hwcvca3tmg6zfpj7u9,loop-luna,105673686,105673000,686
terra1n5k2ce4cf6xyt9vpqr30eshu47fz0yqaexcaz5,twd-ust,419660003,419660000,3
terra150r5sfktcs8lw9gfluvydqlj6g2u2y0zva7vyf,loop-ust,198727703,198727000,703
terra10fvpe5wrpdqjdf7umnwrekaq5r5h2m4adnxxg9,loop-ust,184717252,184717000,252
terra1ua53jjg2dcnp87c76jxga6nthwhpm4k2ylp6yw,loop-ust,9400831,9400000,831
terra195s3mz4d2zv9gjlluq8cf0arerqlg5u4k4hfe4,anc-aust,997574493,997574000,493
terra130tmnwllvc0u620222umc67h0clehfp8f2skwh,loopr-ust,2451457787,2451457000,787
terra1cxt86dal8zn6p26zue6v7t6a82qfuyfjkemp9d,loop-ust,890698572,890698000,572
terra1fj4fl2vu903ud346m9kw9mkzfk8emynf3hmrh8,loop-ust,2375157,2375000,157
terra16e29k24umm8mvgd78fwwmprlr5ttp5sm2qnjpp,loop-ust,43860331,43860000,331
terra1cm3pavsswhswswhvezv2u8eudwf8grx5hwr2k4,loop-ust,90098408,90098000,408
terra124fkqdyd5a8guhz0qqcnqrjwvennjsfw52e0g4,loop-ust,23718320,23718000,320
terra1ht2l8klm0e0r9gfn4vxewslsafjzprsydwdmmw,alte-ust,1111993070,1111993000,70
terra1380v000rspymwm7wagsrwg6pnfvw3lvmjd89fj,lota-ust,85644940,85644000,940
terra12gpfmdlu8t4qr5yuqdj9m7jwalh4rf4lkmmrll,luna-aust,14139817,14139000,817
terra1uhk4cn3wsyhu54y3cfg2paguapnanj8hk3ljvn,loop-ust,200458470,200458000,470
terra1qsncn6y9264ge0uf4wuclgkp9unm35z84ylmg5,loop-ust,1168442,1168000,442
terra1m79uzr7jzs858a6m8gzmwveh7qylctp0du6ndh,loop-aust,497668818,497668000,818
terra1w5fpak5s0uzdgw75jdrt07lu95gdrj8z3yhvfa,mine-ust,220832514,220832000,514
terra10uzfzmgzvkaukw0vp4g24kh3djffst3kfzjf0m,loop-mine,701118974,701118000,974
terra1g0rsj9z60wuxnt0xgd46vdz5mxuz23dhfqr80y,loop-ust,47705932,47705000,932
terra1j6mafmje6fm7ypdxh53rexjgzyv460e5yarwx5,loop-ust,901795300,901795000,300
terra16rrp3sge6dhkteenjzqw3q66yxkcxe9ktz9zyq,loopr-ust,82158625,82158000,625
terra1jey930whs8d6cm8l0s229s07u6amlm4lhx76qa,loopr-ust,54156955665,90009000,54066946665
terra1jdwx6z93jw66q4wu9wa5xw7cktpduy339vg83g,loop-ust,7071678,7071000,678
terra1n6qd0dt80tfe68np0tqdkxfdafkuvmkd7qujsx,loop-ust,30209272,30209000,272
terra1903xwaarkf09r0cvp0usnhe22nsxsdft05x085,loop-ust,145559974,145559000,974
terra1rn6uj7vvhczu9kljrccckj7gtr308lc3af3zsg,loop-lota,841942,841000,942
terra147smfu7ajzffhv57rh92g7zaqdvgdutvdufusr,aust-ust,448454735,448454000,735
terra1ytl720fxgq4r85ljjp4kz7hq7gn2a66u7m4c45,alte-ust,474587413,474587000,413
terra18af9twvy9s282p66gwyzjasqvw5nn7ayfw3hvc,loop-mine,745863323,745863000,323
terra19uhcj4scwftknqp2x5qca6e57dhpgcduwt0lfx,loop-ust,17937521,17900000,37521
terra1emrw8zvnl7cg9e2qlpqp6kt0mf5mceanq6ttt9,loop-ust,26174599,26174000,599
terra1pvelwvd8dj5t7d8wz07p2z9gnyz3e8js6hfxhq,loop-ust,172392833,172392000,833
terra1a3njthnz5t7an3amrupqtrk8a3wdqt4yccgk3t,whmim-ust,5017698136,5017698000,136
terra1v2qfexzmlsdu9kd79fzzr6qsl3fsd3yr47fnlu,loop-ust,14786654,14786000,654
terra12jmhqxg307umq8alx2uq99wjjqfa333ttuwe09,luna-ust,152458409,152458000,409
terra1l3jxpjhcjjn2zxf4v6ga05yrlakvm2n5sh6xlv,loopr-ust,62893214,62893000,214
terra1vhtmcnya8vt45hyjjt9gu3emetp6e675ursu26,loop-loopr,32522958,32522000,958
terra1eepkcf696z3qat0xmfu5ezt07dg4adu7gaquke,alte-ust,27660156,27660000,156
terra1rycf2ealas4klj2szcj9ydu7svnsrk50r2gxzr,loop-ust,223605071,223605000,71
terra1pl55p8hlzmfqcw5c7qg0p0wdjc0zkf49kcchwj,bluna-luna,1006993,1006000,993
terra1uhpgu54ae9nydghknq3dc2ryupumds2q48kv89,lota-ust,346771105,346771000,105
terra1a0ew2cpwu3fptd9tr2d8dvt5j3xdxjaqk6k5c8,loop-ust,15241728,15241000,728
terra1pt2kdpt9perne63df35ze09nrsesc4uuv8e28a,loop-ust,3618118,3618000,118
terra15yqxg4akvnqarn7fe5dnt4487tcsfa4zvzccn9,luna-ust,142842642,142842000,642
terra1vh6ld70jk9x9xl36qqwsfc5m9w7ltgtlzn5t7n,anc-ust,123632411,123632000,411
terra1sq74az3c6k3pf663zwmdnypep0mpumg28ww6ec,bluna-luna,2994753,2994000,753
terra1zq8wnmqedawy2wvrd89rmmt872df92237n4s9w,loop-luna,333130476,333130000,476
terra1z6wpa650enlqadf77cgk5le5zec65rt9x538vh,loop-ust,9156678,9156000,678
terra1waygfs0al76n6uw72n0jykum2444dqyf8kkxpv,loop-ust,299212970,299212000,970
terra18ggw8wlswwdmamy5x4ngcmgctdqfe8fzmk62n3,loop-ust,6661501,6661000,501
terra1d73sts94x5ukjl4z97ynqu809snxcqp47w48fe,loop-loopr,460022098,460022000,98
terra14t79fanlfn7r67ul5pdmxxrw8v0879rjndcpj7,loop-luna,12132620,12132000,620
terra1qn28hd6w5dxr446wa27t5wlch9yvrsdz0xdgcz,loop-ust,16417263,16417000,263
terra1fzsss2l2kh066rlvu9mnsn2v0tnksdel3vnk7l,loopr-ust,30275493021,30275493000,21
terra1r6ms6x9hraftk6w9d6z4fmpfv58y274xvkap77,loop-ust,316666970,316666000,970
terra1uq2ke2qlahv78hggpfjcfysv85eq4a6qxh7lf9,loop-lota,9855770,9855000,770
terra1gtk7dyjkjxjgvv297edrhgd2u2g3gau9c6rhqy,aust-ust,891330100,891330000,100
terra1hp3fznxw9yhaem7jmexdcr5y7244wruayj0aas,loopr-ust,66850174,66850000,174
terra1rnpy8m6kmw8kvga9s8xhepc5a5skdqg8zvjfud,loop-wewbtc,8526429,8526000,429
terra1z50sw3ymhgzzcdfxytles6agzp0kp3qp7xvt5z,loop-ust,421182488,421182000,488
terra1krdrew50cmx6rkd5c6wp76fppsrzr67dj7c7cx,loopr-ust,76002991,76002000,991
terra1dxndle5phejlelwmaulfgq3ghy2924uydacnc6,anc-ust,18792721,18792000,721
terra1wfuddz20c4gd92awdueelzt5jmmeeytseuuwuz,stt-ust,3894450630,3894450000,630
terra1mdmchr9ex44395ugft9xqqmgg73tnezvcc6fdk,loopr-ust,91686720,91686000,720
terra1805hdpxfaxsxvy03xfwgmlcsrc82dtglp9lr67,bluna-luna,2568930565,2568930000,565
terra1xrhdghx62ngp6wz208yezcz7e0xzp54z2dpy4w,loop-ust,6199910,6199000,910
terra1j7e2thu3zzxxsupqyeull6hpp7mq06kk73nes6,luna-ust,26202162,26202000,162
terra1at98wqe6949ra6rzx6ruppq0cyz479m5x2j8ry,loop-loopr,5847829939,1010805000,4837024939
terra1rl2h0lul59znwpzqx4hg4k9xurlhx9k4y9acf9,loop-ust,48265966,48265000,966
terra1arksw6e0kn80k7lznkgxtdffwmv53zat7q89d7,loopr-ust,15689302,15689000,302
terra1aud8l0gpxfamfnyqytnul3cye8krr2fah6xq0d,loop-ust,5512960,5512000,960
terra1hg2thc3jmrppdmylht6dcf25w8u03gz3xm8p3e,loop-loopr,151798205,151798000,205
terra1ey63n2mf77z8ajzk3rk6vsqqa6dvhvd24kufyc,luna-ust,71264203,71264000,203
terra1g5g9fdekfxhcpngw5fev8tz8c9fdyg2qt45vwu,luna-ust,279171169,279171000,169
terra1wkh3a0ztha4p9ze98t5t6tlze73fp3lssr22ke,loop-ust,16049670,16049000,670
terra1qf8zmm929dx2a0jxxa2n428rgsh7ht4wpava7p,loop-loopr,1528989224,1528989000,224
terra17jq6c74je63c5a8fh0tc0gfgcykn2h3z3pp9tc,loop-ust,29468033,29468000,33
terra1ufsp59x2ry5y6d3wzfeqqgcqfe945pemm73vjv,loop-ust,1391515798,1391515000,798
terra14qecr9mg8s3z94vr7sfaht353j3yxy2jakgf65,anc-ust,145091246,145091000,246
terra12p33huxccxt54mfd852h2q8hsajhgp3kw8u7x7,loop-ust,2639055610,2639055000,610
terra1h8yrgj0x7zfgk5mgcctydvu02h6yyzeu0j8kn6,anc-ust,642997993,642997000,993
terra19vuz7w3cxy5k0ae8mtp0tc4n7a4nz0mdy65qrd,luna-ust,1520624404,1520624000,404
terra1aetzqeaem0u0wl3rd2srvaajvh25etfddddhgs,loop-halo,5211018186,5211018000,186
terra1pzk0k2gydh96emznn0e6grnmn4hjfhdrjtcqht,loop-ust,43796075,43796000,75
terra1mfdh5eel783w743hy20vgxxurgscap4n3hjw54,loop-ust,924508327,924508000,327
terra16u6k5m4nf06fuvqhme2yg4d7wmwq2fu6q7xh55,luna-ust,375278020,375278000,20
terra1yh243hn8wyhh9kp3g263l798epgeqa8yvadkvt,loopr-ust,36661956,27273000,9388956
terra1rsgs3lhh05z9e330xlk4m5vdy67f2wgcwegg7w,loop-ust,17711375,17711000,375
terra1g7k5ee5z9fmkzhhdx69g76025qpdn47kl3e43m,lota-ust,657989858,657989000,858
terra17kxt36g80mj7fzuvn3xeusfvp5lmpkkrrvpkmh,loop-loopr,74723463,74723000,463
terra1gpqalumaqz97h0nqyqtxf85cwte37l6hps03mt,bluna-luna,3461616,3461000,616
terra1nkc7k6dkfxzupflld00ayfvys0zlxja2qnllcl,loop-ust,1018723076,1018723000,76
terra1cnsl3qg99w0t22yr2aap5ga89a37qwwq88vanj,loop-ust,17453126,17453000,126
terra1d83gd4pwk7drhmtq3ktuek3sq5wx357l8gvqwh,loop-ust,20284930,20284000,930
terra1rmj8j8l25djafflgpscvlue9ncmcp98gagnqsj,loop-ust,4562478,4562000,478
terra18t7zug8d79vl9k6def0qhz909hxtchv6ptwe97,loop-ust,6487329,6487000,329
terra17p3ktjk5rd2zemyfp0wadfl09sue0ahqd5gpcd,loop-ust,51476918,51476000,918
terra1xp9l45tjugge0jxn8vetmx86mqdaarveepl9ls,loop-ust,210627871,210627000,871
terra1da0au80lca9w5839trf8rmx3e89hx89l9m4cn6,loop-ust,18003170,18003000,170
terra1nkvhuhk6dp3yakv45a840hxscpsk58wq8qxn0d,loop-ust,285323498,285323000,498
terra1l8wlpc6c74e8h8eg99c3nkc4y679235lxtje20,alte-ust,221888234,221888000,234
terra1qd3nesm6weghwu9yhwq6wj85ux25e9w9k0f545,loop-ust,1034971246,1034971000,246
terra12q7f9zspkj0lqpqlv444g0skd4u5rlqt00e8kh,loop-ust,65844327,28044000,37800327
terra1j8jp4mhce6ppcm6av74wmnlutzvz8gyk4xalea,loop-loopr,38293636666,38293636000,666
terra169uhawam77rapf09rlngwff4mt6rqg046jv4ua,loopr-ust,300005497,300005000,497
terra1zy4zdfzafyk3tswfe5ca604gp4lnq2qnca3lzz,loop-ust,39973814,39973000,814
terra1esrc303gj9x0cx2sxkyl0g57wxfw3xel4pvw2m,loop-ust,5488621,5488000,621
terra17aeh7nkhhqlp6kn2acmc0g6v06guhxfagzxg6e,loop-ust,3806842,3806000,842
terra1eagrctkw0f0kutee6mfwg7pwft8t5afy9kd8x7,anc-ust,956537851,956537000,851
terra1l30h7z53s345h7vvxaswaaew0fvzc8w88f68u4,loop-ust,346775111,346775000,111
terra1tm5wlztawxgkzmr7nrhfx5yff5n395xnr9jr7f,stt-ust,55188625,55188000,625
terra1x7k4y4mkyljpc92thtn3cxjan0wuncy460m06k,loop-ust,103005594,103005000,594
terra1vxmqesnljkjk463x0zqsnjdjprtjg4kl9469uy,loop-ust,11762398,11500000,262398
terra19mrdt4akpaeejd7u5t462zrrwszd8z20737ynp,spec-ust,96922497,96922000,497
terra1sdxag2gayvlr5as9dk6v630ql7pe8fz3048san,loop-ust,454697936,454697000,936
terra1qcl0mxtkrxajd0sc7uhzkmknsedeka9wk7gkkg,loop-ust,59867081,59867000,81
terra1k8gemc3f4886g4lltuy9qf5ul3j9zmj9ekyvs9,loop-ust,46394593,46394000,593
terra1rfvxfnpe745ldpwna5ga7j2kt8f64upafceu2h,luna-ust,265359708,265359000,708
terra1tg3yz2qr50vzux5fra6f2qgnuvhgy4zmuz59ed,loop-ust,238357744,238357000,744
terra1fkue76f8t74lq266suvhzex8ga3hn9reqdeygx,mine-ust,3258342506,3258342000,506
terra1xjxcwzxz7ala34hp3tulj5lujt4dsslkqf2qpr,loop-ust,11505711,5754000,5751711
terra14fzl8p5pkpstjxp0aand725t5st2m6yr2hdv49,anc-ust,144508712,144508000,712
terra1xfg5lp4kqfap5ekty95w7hl8ly5y3qylkn3kce,loop-lota,71077990,71077000,990
terra103qss8c0vel5qw9zynmjvrr6d62j44w492ez74,mine-ust,174724826,174724000,826
terra1666xcfkmu3qgf6rwzu2n6hfvl9jvcpk2gz7u7p,loop-ust,44659193,44659000,193
terra1pge9zu9zl72zfx89lnpepzplrd29k00gmlgzyw,mir-ust,4258758380,4258758000,380
terra1zj8h7pkd9eaj55tr7srhtx6erzemflul47t7zu,loop-loopr,159997232,159997000,232
terra14hmykh906c99phcfg04fhthfea6n0s7vmr9d78,luna-aust,6134345557,4084393000,2049952557
terra1ar6yd0c99s87p3nj0wk55d4fnf587283xmt9s9,loop-ust,136977501,136977000,501
terra1ldwduxv3a0rvt0nthk4nuwh444v907zm30gc0s,mir-ust,57025960,57025000,960
terra1fruqcayryur9lt3rmxxhx6guwpslfqvpxg8jea,loop-ust,1190004593,1190004000,593
terra1dpvt8hp55m4tn5lllh6umjsv6uyynl9jnf623f,loop-ust,43406824,43406000,824
terra13n2vvuu9etjrawxw47vfww7uuad7gz6xx3r4aj,mine-ust,4167927127,4167927000,127
terra1h399rcnwtjzkeuwm94thtjktcugesah4qdzezx,loop-ust,121443448,121443000,448
terra15gte35gyqcm3y00mkkynyme2kzzlrn8x65k32d,loopr-ust,12537771,12537000,771
terra1tflspfjn0yhjwkrtq7fxcavzum0y7kzxwn5gk7,loop-ust,353609794,353609000,794
terra16mgffk7jjcewrzasrkn7t6skxj8xmcd43a0he3,loop-ust,8147799,8147000,799
terra1m6g0khyxcqyca92tlm3tgv23gucpsq5j6e9mxs,mir-ust,6232436,6232000,436
terra17r8ah45879dl6vqp2ph74jg2fakpkx6tksyyks,loop-loopr,6201723139,6201723000,139
terra1vjx80y0094v98jzd0ncgtwzm5jm7yjaf7wgqh4,loop-loopr,331923040611,331923040000,611
terra1zfahlh3s5638q82kw0mvky2ecu879n2ma6dwxs,loop-ust,14438791,14438000,791
terra15jv6y7pmjzm2dqltefj9uzueh76x60pka76np9,mir-ust,8601181,7601000,1000181
terra18t2ug8pt0y4q2095ypjn7rjrss07y0uxfgnzyx,mine-ust,419629324,419629000,324
terra1kmcg66psd2j2asaev4k00p0ykt0pzsjxjzhfqn,loop-ust,8165904,8165000,904
terra10l0a5qpt55saf4f5yt4gskszgh3x9hqrswcswt,loop-loopr,994030484,994030000,484
terra19l757q5lazu2nmfh2uu5lv8kqj3hze9dc40hp0,anc-ust,1385167132,1385167000,132
terra12xgs0cdh5jl3exc9jf6kcr3cdpgnpt7udh8tnv,mine-ust,30488736219,30488736000,219
terra1r0xp7e6etyxgkmug8rrqden2v9ygl4psxzfkea,loop-ust,705461648,705461000,648
terra1hrxm3xgnml2xpm4kaj0lhdz8zgsfvkzugrr7ny,spec-ust,45081005,45081000,5
terra1ezvhjlpl32pgzl3r6yntph2qtpeyw78urdjys3,loop-ust,26659463,26659000,463
terra1s82s8m38d9cx7sq4n6j3ck8ydqnqqfp0tasy62,mir-ust,520162365,520162000,365
terra109mjlzrgvtmllphfedm7v8wy7yvgr5e0zkukra,anc-ust,468376,468000,376
terra1n9mu9yglqrseqqq289973hehehp5v0ur9569cr,loop-ust,422533073,422533000,73
terra1aqkwhnf3sq8jmwuvcrmxe9a9jteje8kgl4p3aq,bluna-luna,6636875802,6636875000,802
terra1zpug2hpqva4qd27lplx85gqu00ln7f2adc3mkc,bluna-luna,48314637,9233000,39081637
terra1r2nvja9wl0pcujz8kmwp3p9vrdae53ql7wklml,loop-ust,1218550173,1218550000,173
terra1mn2zrkd7z2myewy8dacrghynwddge879zsk76n,luna-ust,1333472476,1333472000,476
terra1tcpk2wtvhupggm9vt6m2n3d57khwg78dzrqxc2,bluna-luna,8022705,8022000,705
terra1wef5hkwnuuzawycw4yq57lnpjw4j256pcjnxkg,loop-loopr,189437361429,189437361000,429
terra19ksqyzntgk0eusvrpmww4arma45hs2f5rctc9f,loop-ust,610503495,610503000,495
terra1mu6gx7ct654a37zyeyf4ks5lwl0czl4k9jzc5k,bluna-luna,100803174,100803000,174
terra1sxnu9d49qgud3d2y8p7j3v83cf2pcnsl7yw8ce,loop-ust,108521676,108521000,676
terra15nh65d6904q0zwukwgt845wlddn2eqpxxyy7mq,loop-ust,13064493,13064000,493
terra1gtwthyqqxr40e2zvft5uuvnlhwwewsny7cuqkv,spec-ust,44019652,44019000,652
terra1g9zzamk78h3rgca2539ag5rs5wph5fgkaaqu9w,loopr-ust,53117454,53117000,454
terra1kut2vh6t2afxwxkw0458rrzjfjsw0z2dwzg9qu,alte-ust,53703820,53703000,820
terra1wu2c8nnvl3lrhtvgq5cxs85ds23u2ws8ka9t7k,bluna-luna,40761978,40761000,978
terra169uhawam77rapf09rlngwff4mt6rqg046jv4ua,loop-lota,6343230,6343000,230
terra1hg49ccz3j7t0c0yzg4vfwdsfkpjrjgccjch42y,luna-ust,887280851,887280000,851
terra15jv6y7pmjzm2dqltefj9uzueh76x60pka76np9,anc-ust,5967883,5967000,883
terra1u2ekx3prpyqmq9khhvvmdaakn9yy3qjv02x24x,loop-loopr,65640631,65640000,631
terra1j8xtknstj0qjypaul9u6gp7v7ef07furxdtmqs,loop-ust,813692283,813692000,283
terra1ma2d4yckz3hmw2rkwz09k989njnrx4aygvcmfz,dph-ust,157695598,157695000,598
terra1w7gs736hq9s2m290msmaf3yg4h79vff6tppdjh,loop-loopr,223492179,223492000,179
terra13fh6yyk6wz57lm4je8skenz5m2tuj6wcjfc9jt,loop-lota,123499016,123499000,16
terra1zzz9d729qzjy3m7d6vtzx9s2annj0qxj7zgkdk,mir-ust,701845138,701845000,138
terra1njw6rwkzvw9jjtklz73mdfw9av5ls2tqrfwkeu,loop-ust,816586280,816586000,280
terra10lypqh8wnzr4etnpgre4hw4sg4sn9tpfzmu2q6,loop-ust,16625814,16625000,814
terra1k65qxe2uj2g4rh76upk996043vtn54fu89spm6,loop-ust,67904654,67904000,654
terra1luv47lksjyjxqesxej6av75mvrwzvxj5xluz5x,loop-mine,683582311,683582000,311
terra1xxmal3vy5gn5cxfq7j2evsqts8sg0puav5grw3,loop-loopr,77059119410,77059119000,410
terra1yxsle04jrytdkdm957y4zpff5cp5zmlqtsh9de,loop-ust,24346275,24346000,275
terra1zj72r8fv7tdv76q6x4d6yjnkz8yfswcdqqnlce,loop-ust,18229086,18229000,86
terra1jlr8hpsdttx34ysestpdytnsskzkx03dctnlgz,bluna-luna,19122430,19122000,430
terra1pzwwy5x2z9rn869309ljqh03f007gmr22h52za,loopr-ust,22040952,22040000,952
terra1ljhyy88c7epkz33mpq6s5msze7ts0js5nqzt4p,loop-anc,49835450,49835000,450
terra12x5mtg3knhxyuw0el86n77qnt5xwundmzp82ka,aust-ust,47394213,47394000,213
terra15pmgfvgjklnrz06dzkmu7duffsqe4u62vddlfa,loop-ust,33047760,33047000,760
terra18h7yxt2ctqg60g5jw9gexmd4wl4wxs5gvuf353,loop-ust,1194359685,1194359000,685
terra1efep78whyd077aksrez9qz0gmlpd9mjdw2ar6r,anc-ust,542095900,542095000,900
terra1adanjlme4pshxvzu6hj3w6pevgp3zzsu67a5ue,loop-ust,5813964,5813000,964
terra1xxf3y5y3s2m0pc70glf8ca6qxq5ns0mzh2pxm5,loop-ust,3004143,3004000,143
terra1gl60rjwahpl8uyygmx03j9e7pt8n65zdycsykw,loop-ust,12069509,12069000,509
terra1f9gscajh49es7z3pza29g0jyghv68txnkmc6qj,loop-ust,5881318,5881000,318
terra1mc7290nux7u9f9mq23wy9r8keq8fnhrgeuze5f,loop-ust,4734716425,4734716000,425
terra1yuaqxzp9hcwdqqs095wz3vy45fas2es60faag3,loop-ust,1616912163,1616912000,163
terra164gat2ulhtvvwsl4xjtc059rwqeeyulcetxcj9,loop-kuji,1317857206,507765000,810092206
terra1ffggl2fy52cfc5kl38f3scvz9l3yt6s2acsdj5,anc-ust,21433372,21433000,372
terra1u3ansdq95tzym7vk0d36vryu93q2ncgnu3ygen,loop-ust,9615121,9615000,121
terra1rwrx3knzy38x8xqacaqdhypxpnp98tlm2kzrq7,loop-ust,125865574,125865000,574
terra16p0jhg63gn7gum6w0rmj7dnl7cndp2mkkqeuck,anc-ust,973379689,973379000,689
terra12csx76qzzafkkl3f5qzs93nmad7qn3tvy6qvcf,lota-ust,2006433933,2006433000,933
terra1kut2vh6t2afxwxkw0458rrzjfjsw0z2dwzg9qu,stt-ust,29461791,29461000,791
terra1lelge2gwzlygus2d5k35mhq9s3sdmw5zpahvxv,loop-ust,3363448,3360000,3448
terra1xk06gn9pd3kz6j3g6pqa7tkwyx8vtaz7xax429,loop-ust,172564012,172564000,12
terra1785ty7jp2qtcy75j8c0s8m6h6rg6yjkzs8af7q,loop-ust,553346701,553346000,701
terra1wpkaprtjflccl0dr0fwp7a2x4yjr5amwra268w,loop-ust,15357545,15357000,545
terra1f763zaez9ytnjqkuqductpe6hv8uqgaplps64a,loop-ust,17941465,17941000,465
terra138ha5unxkfu0jq7t5xgtjvs0saz0f0gw83hmvf,loop-ust,13884244,13884000,244
terra1cj9eet47a0zhwscrcccjzryw6vm80tpk3843pj,loop-ust,503868827,503868000,827
terra1wjnn5sc7celp8pcf3kvuc88k825xfkuc0wu5kg,loop-ust,120220690,120220000,690
terra18p0nag33645gs3vgvualkvwvyyssc4sf9ljcsn,loop-ust,4127989,4127000,989
terra1m3ftapwxq975rms0tvkwk3r9a06s5et0wn3a8e,loopr-ust,67893845,67893000,845
terra1pcddcp35k629r5xt5py772kz68a3cgz2l2gjxl,loop-ust,80991085,80991000,85
terra16ry78rluwnkkxnvm9d9g45hgwtqhjuh6pykwv4,loop-ust,90563223,90563000,223
terra1kqndpk7cqjtzqz6tjstkyude8fr8qkdjx32mty,loop-ust,544255705,544255000,705
terra18jesp4qykj7r06g8u540cs6aesalfff3jlmrac,loop-ust,1129652968,511554000,618098968
terra16wsqr6hy4tm8qfae8s3qfdtvtnnu7acmhdh5ss,aust-ust,89665998,89665000,998
terra1vmru6wd0kgyttl6zyfc8ksel8vp7dt0zskfh7a,loopr-ust,223801692,223801000,692
terra1934lk2mphu229ze7sdww3aq50l883myw25mj8t,loop-anc,23765771,23765000,771
terra16uzkah2d3qn625lpn34jx5j69048s2n5lmhp8d,loop-ust,62417997,62417000,997
terra1ddxct5x2v2wc76dgwtvpkt54drcjjr4hth2yfc,loop-aust,277189754,277189000,754
terra1pcrqwryp4cyf60q9s386wzstj20x0wq6r5n6dt,loop-ust,355939108,355939000,108
terra1uzwde6gq6lxz9evyf7c9xjct7rdumk3zgmk47t,loopr-ust,208719969,208719000,969
terra1axpf7n763qx7qqxxxmacklmsffh6jna7tav3kv,loopr-ust,14496659,14496000,659
terra1qygyyy0dv4ulq8edh73rvkatuxjuzhfz9mjtae,loop-loopr,3000006291,586998000,2413008291
terra1rtthya3683d4h956ttnej24fx7atvk7z6696ck,loop-ust,56199842,56199000,842
terra139zjl49v0ycljz3t5hxa248xjuc5357x60zur9,loop-ust,2399426,2399000,426
terra14p2nl7z5sacklvtgf2jjheuf5lq8u3l4myp2wy,luna-ust,78071353,78071000,353
terra1hewamghha6lwtrq32awjz3rhmm6cc5ap90xpyz,loop-luna,18441036,18441000,36
terra1h0u9n7r5mseddmlehppeuj4xaa6jsklakyv7s0,loopr-ust,2210395747,2210395000,747
terra1ag927gyuaj0metdemu8zsemy7hd9h0h3ulmjmw,twd-ust,465991888,465991000,888
terra128masd777sqw2uak3qhkvqnnlzxtvvegtku860,mir-ust,240770896,102151000,138619896
terra1xslqaxmf6qy23lpkxwpv5k3akajgfcsa4jq0vp,twd-ust,1969668556,1969668000,556
terra1h20gfyzyt5708v826fseaeyc8r5ghy6vj8vxmq,loop-ust,312020529,312020000,529
terra1vv5d5zy0kqh5jppkj3fayf93frfprgfemzd3p2,loop-mir,73766932,73766000,932
terra1wx73y03rlm2dzkzw4crlrtley8pv0xq0ryvft7,loop-ust,631976825,316025000,315951825
terra1wxgl72zhfe6375u70hqtpvzqgtzpqr7yg2xkud,loopr-ust,21176015,21176000,15
terra16g07pvdv3y45lw5fz88kzzt72g6kqty78u9axg,loop-ust,6511927,6511000,927
terra14ynx55ccg5tfhspmjq4w5vzxjfgw9naxc88jwu,loop-mine,830233755,830233000,755
terra1dt7lgm309dkpqaj2kzzrkupwey3tucs43mrl5d,mine-ust,640401575,640401000,575
terra193yagjctm0uxm3x4wfjj0xcf78eetl4ekk4v60,bluna-luna,9885,9000,885
terra1gm93syv4xhuhpp8r6vj4cml9cy9gnl9k76ztss,loop-ust,10987855,10987000,855
terra1t448r6zveddvek4u7gx9kul3nqkllxerwzr9f0,loop-ust,1951977,1951000,977
terra13vxc5ywlqpk5k3lzrsv3fwv3wz3q2gtmvzkhp8,loop-ust,150445880,150445000,880
terra1ytq2yts34m4fz0weva45yd44jgdghvxts48hse,loop-ust,5091554,5091000,554
terra109vkdh523gu47l4huwngt2puwzaat8nqaa2lv7,loop-ust,12135624,12135000,624
terra1e3u53dhnw8hve7dl079er0aylk4xdwjy9ntlwq,aust-ust,1209317644,1209317000,644
terra18t2e06naf6fy495z5u8v6f2nuvlfxcnslr86ap,loop-mine,37175134,37175000,134
terra1qsr6ku76ng5xv74z40kzf7yfvagh7y7ca75ggj,loop-ust,254407384,254407000,384
terra1p5dh4xfxh3x3v3fwstfx62cdj45hywcgywvtss,loop-ust,23907846,23907000,846
terra1s0f2mcsnpnwnk0yclnu6al3hmd8qmhxlt04fze,loop-luna,894637741,894637000,741
terra1ly9a92zsgfj5xv6tejsr4m9yx5kud2scgxur99,loop-halo,82116786,82116000,786
terra16dpsu2ws4ml37cgkt7jh9ug8zhc47afz430z3z,loopr-ust,118066793,118066000,793
terra1ueryyzkf8td3tmts9epl6jr2a5n3fwnpvkeys6,loop-ust,12050726,12050000,726
terra1l5jtrm52rys6ma8r6f7tdyzqt0afmmjn3alx9y,loop-ust,227264828,227264000,828
terra1mpgt0s06gdwamun2z4c46fwvgj2xqfr79l4gfj,loop-ust,17622593,17622000,593
terra1vdsjp5s82yre5lqpu7mnznekpjrefqmepkkqch,anc-ust,42982691,42982000,691
terra10lypqh8wnzr4etnpgre4hw4sg4sn9tpfzmu2q6,loop-loopr,305963574,305963000,574
terra1z7pt29wf3hhfrjnqrvvz2z5ywmlggsqtj3x0t0,luna-aust,304775319,304775000,319
terra1cgg2epkaw9pquwst43zlhqvrd2dmgnqvx5xaqv,stt-ust,34474659,34474000,659
terra1w6e23z0cskynssvv98m4ksz8nmt7zcjxu70plh,loop-ust,271775778,271775000,778
terra1tc2kevkcvh39v83gu00ytfvrr3qzv7r7dlfjw6,bluna-luna,2664540,2664000,540
terra1kptfv7xgxe4epzunuxlg90fa796us2mrpspjx6,loop-ust,13204633,7510000,5694633
terra10euhlr8ud93vq90vkluuc3hnhtu2m9zyv2028w,loop-ust,3410038,3410000,38
terra1fr8f0kv0a9j4dafa3e73u56ajmr8c5l0adr43c,anc-ust,91967108,91967000,108
terra15gv3lvkjf76curqyp7de7f3m4jthuturfxva6x,loop-ust,23356046,23356000,46
terra17pdvclcglxssyrv0autldf4k3lyvf4umftfrrd,luna-ust,578447201,578447000,201
terra1s449gup7ckvvy7alm8zphqxgacss8gkw22kzsr,loop-ust,526132764,526132000,764
terra109j0cddy3gj0w84hjh007f5zhjm40www3jn0ce,loop-aust,192734696,192734000,696
terra1v9ezsja73azc6225wx0qvt3catjwrgqpczmka9,wewbtc-ust,3044,3000,44
terra1eqpymuj74x8s3pyu2rtuaa5zntawvh9fspxtgq,loop-ust,61521321,61521000,321
terra10qkxzddclgyyv9cj2jtudqv7dj2qee5ffwlrgu,loop-ust,36137124,36137000,124
terra1hewamghha6lwtrq32awjz3rhmm6cc5ap90xpyz,loop-loopr,972974751,972974000,751
terra1e3vupx9zknv03aztewwxy6ueft4myetywqkdh4,loop-ust,2472132260,2472132000,260
terra17hyn20rajptyp3q32dp9mr06lrkjlvvapkzpht,loop-ust,287511680,287511000,680
terra1d6qdjengm4tedf0c75y2emsewnwagz48tdnmp8,loop-ust,18090830,18090000,830
terra1j4ce0n3rs7my20080990kl8tmw9kngkzu8tn6w,loop-ust,1515952518,1515952000,518
terra1eyagta9vy3tvzlyhnpqpjydxj3h7k5r3zxx9v3,loop-ust,1587657513,1587657000,513
terra1fsnnjjh638qx3lhxlyyeg5wsykah37puaeefp3,loop-loopr,7284177347,5866966000,1417211347
terra1lj3zherk4mwrjsfpsy7akwyr66tcnd3tk8k5x0,loop-ust,4014051,4014000,51
terra1h3jt9zgff89g3lwflprmnz0kqz3xv0w4v2jexy,loop-loopr,4871252283,4871000000,252283
terra165dt73su8tdnzhcvau2s5zu3652dm0cxrpkj4f,loop-ust,8254729,8254000,729
terra1dgpup299j80pzprfhfc0jwkhpuzlfglptfxqz2,loop-ust,9778992,9778000,992
terra1chw08vqns5sz04n45ds4kgzdfkeqe456pd457n,loop-loopr,31977317,31977000,317
terra1up4m4g6q6m40fun2x94rp3hmcp6vqcfutmm2n9,loop-loopr,27071580,27071000,580
terra1gfd95c2g9xkf0r6djl9hkhrv2pl5gc22gzs44m,loop-ust,2687357,2687000,357
terra1gf9a5gf97032q2u98qkgqlugtderaeru0nvjwe,loop-loopr,54479189,54479000,189
terra1htaclhe65mutpeehh406ku67sc8gs02948xp3w,loop-ust,11824032,11824000,32
terra1ne6dsyn48vajnukxq06zkuzjsc35j5ngcrhayl,loop-lota,205382876,205382000,876
terra1s0rc4hecaqmu3a2k7mehzy9s3uzes37tt7hrne,loop-ust,118330692,118330000,692
terra1zuls9nn9dcuhmj6shz955aavzqv79qs9jrl25f,anc-ust,130588140,130588000,140
terra17l6wwu6xwqkedsl5h4dsmg2rl065260p28tjnn,mir-ust,150409579,150409000,579
terra1hhhrah93ydkukf3zkpawzfzfpjvrqc33x4pt5s,loop-ust,122274396,122274000,396
terra14c73pccln0gmympl9pcsr5j53ynzkkcyyttslh,loop-loopr,38633437976,10831106000,27802331976
terra1u0lnjevlh5ysvsda2tf4hyg0gan97tdcfxqqzn,aust-ust,525088303420,211943368000,313144935420
terra1c5f0fqnn7cf03534gx3hpfr6qt9nv4w8z80v0c,whmim-ust,4933281978,4933281000,978
terra1jzu7ye32kz8n9e6sa8uuqwxfaxfs4t7jml8xc9,loop-ust,75481970,75481000,970
terra1vlwjemkr6nke7sm6ky4zh3wz6yp6utwde30qja,anc-ust,188221716,188221000,716
terra13xxlhaeecpjtgng3nttldctplrm2vnlghvrv9z,loop-ust,3710700,3710000,700
terra1hm8du5uj0wm6j0erh3ff45un5yu5d6pcmzdt0t,alte-ust,112422267,112422000,267
terra1c6ea4zujpce8hu63fuqrlmv5wqjtt5s7wk0ky8,loop-loopr,58604977,58604000,977
terra1lnunp2klx0j6978ckvjdzm84cqs3q8wwvlnt9p,loop-ust,385832771,385832000,771
terra1dpsfwhjy66mdvx8q5zg5na6es79ylrfqnskqpm,loopr-ust,119947077,119947000,77
terra1v3u2ztzt23kzahhfrjjvvh7k5nanpgud87w3dd,loop-ust,269821151,269821000,151
terra1mtdrnchvltc8zu7kpc0sawspqjdshywndlejvh,loop-loopr,40335296,40335000,296
terra1aaahyvjmzmyrtg2msw5aey0upam9w2clva00md,loop-ust,94887044,94887000,44
terra1ft3282zz5e2mk7va84fqyc6hph9k0g0f8grvs8,loop-ust,29014645,29014000,645
terra17d8s906fwygz74czjhvsg8wz9ud7chl5fvnzd3,anc-ust,56498452,56498000,452
terra1xdv0ajeuqurts30nkcsu649m3hquuvvtyzdmae,loop-ust,24871871,24871000,871
terra1lu0cqzd8zzp3hfegduk2rclg7clery3qmjmtje,loop-loopr,476544170,476544000,170
terra1e9fdf33cwjz7rvaqvwm9tsavwzwgs0423g848w,loop-ust,66545701,66545000,701
terra1k8surh8k2z0frgunyksyk9a0jewagfzcjqq7rm,loopr-ust,49958745,49958000,745
terra1gwpzw455mrxm4h3utun4ht02s4cll7ggs5glje,aust-ust,891369734,891369000,734
terra13zfgpczm6t2u0anqsjv8rj04zznzakcw0v55cc,loop-ust,9505695,9505000,695
terra15ja0y9js5f5ffhvv4hqy35jksr0gnr7z8tlg3p,loop-ust,4907848,4907000,848
terra14nqd8ena4yngkexu4ue7zynxh30w6q66u6uvry,loop-anc,20342904,20342000,904
terra1r44vpq5wrgjjr9de9tdtl49xv2743e9us6zhmz,stt-ust,39058835,39058000,835
terra1fh56ys3vmtydqfn06mvy9ukj3mrwjas23283cj,anc-ust,11030323,11030000,323
terra1s59xawsehenj9mvgc3rwgm0atkfmk46hs42sps,anc-ust,105601037,105601000,37
terra1veua2gh5guv97wf8m4wruhs98kne2jxtq9yszq,loop-ust,177203852,177203000,852
terra1ct096hn8u7vp7leqs5rc83cp67vvtrsuuxmmme,loop-ust,40440326,40440000,326
terra1f0p979gm6evwkhz8ahw0vxvgsjs3gtf4ff0hhn,anc-ust,2172621994,2172621000,994
terra17e8nustf25wq6n6sufg6935gjlvf78gt3p0xx7,loop-ust,38302270,38302000,270
terra1lvz653gqw2y49jtsmt5va4xzjtwum7lc4ajzlj,mir-ust,22975472,22975000,472
terra19fu5se2ayajnpr35pez7zpmt2v5aemzxunuszs,loop-ust,5824949,5824000,949
terra1ra498p2v9rz3qs7ck4gls7jrzv2v88mv7upwgm,loop-ust,85656720,85656000,720
terra1h542thqx7j5zht4p47fte6k06m5tm9e2q0rms2,loop-ust,12939983,12939000,983
terra1tklh3yayc23mj8n45jyz5lcnkqt8r25s9zdjtw,loop-loopr,1078557385,1078557000,385
terra1u4vqyfw8pp6e77ltmqcdmydlst4ttcvpfcng3e,loop-ust,942634617,942634000,617
terra17ywwa706wwzrd04xkzlw72frfmwu9vz0nds398,loop-ust,10053677,10053000,677
terra1pzwwy5x2z9rn869309ljqh03f007gmr22h52za,loop-ust,1863671,1863000,671
terra1v7rsyf3kxav4s8565qdyt0yf7scl5ulrrh05pc,loop-ust,327207567,327207000,567
terra1z0t4v8n6nlv4xtw903mcffm286dpyhwde4c22n,loop-ust,21953689,21800000,153689
terra1qp4usvz3m4x4h7msw77ku9rlg9j58868j8pguh,loop-ust,43482640964,17400000000,26082640964
terra12wcf49w6r4x7w0d7yyqmjxn8gyrcshyycn2q2r,loop-ust,26240665,26240000,665
terra18tdt67d0g6mfmfu02e4c99te7hadu6lc9ek7xc,dph-ust,16984160,16984000,160
terra1p464qsj9h4x8ny3jg4lduqn8v6eges0qkdk5ln,loop-ust,9684154,9684000,154
terra146dzch5xu2d3tl242atalltql2eelunzwlsm07,loop-ust,8196118,8196000,118
terra18669v3xmq3xy6e4uzf3jz3e5y2ykgysspcf938,loop-ust,329677722,329677000,722
terra1aysgve5punpartgyslv2snm2mdfxxqvzlcj43j,loop-ust,160715178,160715000,178
terra1sffx8xhyc6twldvspgeamhlxzrzzg3p7yvz54h,loop-ust,52515029372,52515029000,372
terra1c5ppmyr8fdspylexuhvlg4tnyt9wxzuu97sg5a,spec-ust,6109584882,6109584000,882
terra1nctsltmvy8pfznvjzrj977n8p96kx979enr902,aust-ust,235071004,235071000,4
terra1gkzjc4xj7jxcd8x2kau30arjdy959cfc8k3qqz,loop-ust,89444339,89444000,339
terra10xx46ahg4av6dy65vncwpn7vsc6v2c6nswjauy,twd-ust,39752536797,39752536000,797
terra1dj9vvpv6d0ha2q058yv8vy3vzeft44du9knph7,loop-ust,11011981,11011000,981
terra15ksspkdvlgj456erap3ee84pv9u6nxx24pjs02,loopr-ust,13778905,13778000,905
terra1zxeedkjth7lnq4q7grrrw4s8e0kuv7l87du2nd,loop-ust,2615614,2615000,614
terra1uscetuj9tu3aeh9k56uqnp3ptmjfe4kfmz8df2,loop-ust,68702581,68702000,581
terra1gkchs6p8wqaz9rutfnqc3hx0qnh2mwkra6tzfz,loop-loopr,3233708573,3233708000,573
terra1ma6ry0jwukw5l6yhjseh7h29ernrgt0dqzmm65,loop-ust,280347468,280347000,468
terra1az25yhfvhxnqz4pw36l54pylvgp9wusnqx8j6e,stt-ust,61932890,61932000,890
terra1m9h7u8utrh3cjw9fmuqag3wc6cv86elzweueah,loop-ust,10372056,10372000,56
terra1ayg3wnwgsuryvl8yv2ml00ga7j0fkrszuestqn,loop-ust,8908288,8908000,288
terra1ec6x3u7nc6p2yzpn024u2g7kmjm7ml94rwzvg8,loop-ust,27932424,27932000,424
terra1n00yyd8sh5hppq9q664y90d9k5sf2fq5wz3jy8,loop-ust,4605184,4605000,184
terra1vmle03zcdxlfx4t4g7wyvzldjfk9dl8mr9tzt6,loop-loopr,51859331265,51859331000,265
terra1rl9v94mhe86nzv8va5vphnd69xxgdqmfjkkwed,loopr-ust,5402237201,5402237000,201
terra16mvmepv8wwu7mlfpmdr6qr7dj0zhrej5tkt4jq,loop-ust,525234498,525234000,498
terra1hjc0z8tnx2pj34xqzcewm2znxyx4w53nl2nfgy,twd-ust,6894391514,6894391000,514
terra1ps879q3rphcfcu62fcszglcfmec8s4kmjddfsn,bluna-luna,69200364,69200000,364
terra1qw6f9z83zakd4wnfxgdydc2dfp659qjuq9qj47,loop-ust,476899305,476899000,305
terra12qlcq4q9mtqz6nw6ld2n54fvx6fxtagvncf4fh,mir-ust,2538546544,1183069000,1355477544
terra1kprdqty6jgmu65rhnqr7enytkeere5kqf6lhga,luna-ust,28927351,28927000,351
terra180t9k3yrsznzav4x3wx609yk9wrmlww968smc5,loop-lota,616012362,616012000,362
terra1hpslf2d0pa6lw4h0aljuahtj2gfgvnux2rchyg,luna-ust,3583335516,3583335000,516
terra1uyhudhzlp0a87ctmvsgfd4nmfa2s7kpgvdgv93,loop-ust,4921135,4921000,135
terra1tzxazvpy256mdgzw9hgg49mlujtk27gt0el45q,luna-ust,51278750,51278000,750
terra142pm74252xrfpjnpa0mezhcmmg0237svv7nf7h,loopr-ust,24672325110,7779582000,16892743110
terra133tks2vn2nr3rv4rfqsdysqhkrfwqwprvrqjlr,bluna-luna,20014359,20014000,359
terra1fuu8743w2af3ypwz23c22tvk67nmv3n3ljkz03,loop-ust,32789508,32789000,508
terra1sqls37wfgwxsqdrut4c4tgcjtkpujgc2fpk6f5,loop-ust,103115185,103115000,185
terra1fx85ce8r4ydhmu4wcaydf9fcf98j22lf0s7fwu,loop-ust,71408981,71408000,981
terra1da7rutx6jnfkv6tt93h3mcwhnkgqsq5qakq54e,bluna-luna,483518,483000,518
terra1rg56u7snzel6dcsd0g79h8th2e5tnpl37yvf93,mir-ust,769622214,769622000,214
terra1aqp0gd446d5qckw5ags9t8j866gwsghug206w9,loop-ust,13199756,13195000,4756
terra1u8cxawksqx7d3unxkrzh7zhekmc3zglxx9fy7j,loop-ust,4970203,4970000,203
terra1hmax0l4aukwxdxrkuwl85dp5nl72ampjchn57j,mir-ust,478122539,478122000,539
terra1pf9rpvkm3qfa7e33uyts2v9px69vsud5xfj74l,loop-ust,97791814,97791000,814
terra1ep6hr3gr0vhnwrfc7enung45rzt60czsywqws4,loopr-ust,62682765,62682000,765
terra1fdllhr276zyyr0q5a3ey7f266pqp6q9acpyv3m,loop-ust,129007509,129007000,509
terra16m0w3n6a0kxyn36faa4hxz6say2us52qjtek7f,loop-ust,1599984739,1599984000,739
terra16gkvxtv0ddnvnq663d4q4a46exjmv37pz345nr,loop-ust,35253969,35253000,969
terra16zfnuppcw2p7v72v7vhav08mmc7zwn7egaj0xh,loop-ust,92441313,92441000,313
terra1cwa2mm9tmmm3uxkqqa50lfmzmeap9a24j30nml,loop-luna,4222664400,4222664000,400
terra17jdc4fmaumzg7hqly333p5hhzwlqd8mqn7enhm,bluna-luna,4988955,4988000,955
terra15sy064cva7pjh6k66l5wwum5uwy27tyux8xjy9,loop-anc,62854924,62854000,924
terra1uvvl5m6efccvfwp3utscmhcjp3v62yh08g7san,loop-ust,99573788,99573000,788
terra1rv59z2qlmm96yf8wmess3zjdhdr8frl7kufm08,twd-ust,259766974,259766000,974
terra1r47ppfw7kppahkusg863qq2eqw2g776uz5r34n,loop-ust,12266648,12266000,648
terra1n682qg77uepjv93vmmypxrg588342sj2kvek39,loop-luna,44260563,44260000,563
terra1rczysm8fzy2864u3rjcy5v97ww83sddzqc0w6s,bluna-luna,8448622856,8448622000,856
terra1y7aa82yvyc6h57w737fstur88vvuwgmp78mpwv,loop-ust,60605216,60605000,216
terra1yrfux2jzyqf5uuf6j7k7rd5d82lnfhhf0dv3az,loop-mir,112109706,112109000,706
terra1ngs6xxf7dy6hnm3e7fck7uy5xh0833zmf3khz6,loop-ust,22952006,22952000,6
terra12kdhyehs7ttmt4rgc6zha0gqu0ly4y24kwu234,luna-ust,580448424,580448000,424
terra1lyareh24qmtn34ejcfxcy7s88m3ym8jtyh37yg,loop-ust,186524036,186524000,36
terra1aka2r5sf4wy6g6u0m4d7nsjmxa8x4p03ycy3yz,anc-ust,1258572660,1258572000,660
terra16pqenrpdm0my8z8cy5ux3rz7vqj3srfa4xak7j,anc-aust,85769679,85769000,679
terra1cvytkpzlkeuw6prs7zh3chx230vcd0k64e4wdk,loop-ust,901944104,479103000,422841104
terra1xthdzzwktglf545mj3ssp23vdytmh4llvq7725,loop-ust,55384869,55384000,869
terra14795kpy0pvxw6zv5tklw4z04wnkjfe728jgmss,loop-ust,2713578,2713000,578
terra1e2xe8080ksuuwu57lygesf89py9knthtjv4dsz,anc-ust,754769947,754769000,947
terra18af9twvy9s282p66gwyzjasqvw5nn7ayfw3hvc,mine-ust,542451701,542451000,701
terra1dgwjf7rzykul0fpvra3m4k564je747hvkwdc2x,loop-ust,15682372,15682000,372
terra1xskg5uln7rnh7y8w4kllgn2pu84utd8l6c2khu,loop-ust,11259825,11259000,825
terra1ylr6gfc6lwzy60mxp87ql58kjvg746zlsuenzr,loop-ust,35660222,35660000,222
terra1xmjs3hngvpzvunqt9lsv9pgsvxqhun4j4qpj2a,aust-ust,4206864,4206000,864
terra1pvxa58hr6c8xykstpz9dl7e0j2ptyxhz84xkmy,loop-ust,8847070,8847000,70
terra12watha9amxt38j6eangr364msa3j5fjp2xe052,aust-ust,4449026718,4449026000,718
terra1c4khursvkje4v8cgn5gvyjnjut8t6zakrlsvyq,luna-ust,16472588,16472000,588
terra1avzj7g75fjfy93jtqpnz4d083enpnm2mkunf87,loop-ust,39119048,39119000,48
terra1gwz20wfy4an7qvtd5r57p0knqsed2pyp8ntxj3,loopr-ust,10457074855,10457074000,855
terra16vmqv8jyux606ulgq2h8t2vyd0k8aqh5cgeple,loop-ust,576820662,576820000,662
terra143chaftslaqw7clm6mdxwwsrthgc796c927ggu,loop-ust,275262694,275262000,694
terra1vrkf2q5wdzysjd9yudluy64tq8sh78s9x6az5v,twd-ust,1544937358,1544937000,358
terra1aqce5vp02648mptda84sgtnkp088vjyerqnxgs,loop-ust,28589544,28589000,544
terra14tjfev75hkav8fzqq7sleq3x0sd7xj8m8tsffx,loopr-ust,151080631,151080000,631
terra19smpvlgluhfd4kqh40f6kpxhmh8fqj5pv4daun,luna-ust,1039284929,1039284000,929
terra15cz6nwa8pguw7u0j22edpkpru2l7yqf2ncyt9c,loop-ust,3050133467,945899000,2104234467
terra10689yjlk4l5jcp4slvdeedeu4drxaj78228tgz,loop-ust,3533920,3533000,920
terra16rlty84v0ctqswv2mepyrpwsgs6q4wypqt5vsp,bluna-luna,260373123,97966000,162407123
terra109mjlzrgvtmllphfedm7v8wy7yvgr5e0zkukra,dph-ust,30348359,20129000,10219359
terra1lfxszk7w55lylqkl2llrrt3y5mjy0tf5tdnyth,mir-ust,83857628,83857000,628
terra16qwvj4llnvu2srkexqlwq2j35spr554xn54d2r,loop-ust,795531021,795531000,21
terra1xpzghtwceewauerktcl8ag6xesa6sp9n2teu72,anc-ust,17758220,17758000,220
terra1kxcexz8gtm3snut0cmd48wsse6es4zhl7ahgpm,loopr-ust,251163167,251163000,167
terra1kksm5hz0gyr5ggel0a9dksdddr8det67pytwju,loop-ust,19787090,19787000,90
terra10z7ghmeemtczgmflcd745nxj5g2ff9nzxz3y7d,aust-ust,1037441503,1037441000,503
terra10em7em9t8ssfpk9wsdacrf6esll2ehq7sm570c,loop-ust,15940911,15940000,911
terra19xuhcnes7f5ujvsqqxth8k8lx0gr342mvj4xhf,loop-loopr,1493758024,1493758000,24
terra1m0qqyh850y3s4t8weeczgmsvk4dy2y0qyx3gxu,loop-ust,479951823,479951000,823
terra1pt9w2ymrfn66rthfp3eqz6mtujsq30y4kfmn3n,loop-ust,1438061080,1438061000,80
terra1y9ax8f92rfjsy5ygpn7n0et2a4cax257n8mr28,loop-ust,417329,417000,329
terra1eulmmlkxkxjakgdafetr3zaakpunrqafk9wr0l,loop-ust,78088804,78088000,804
terra1xgpf0epsv63q6rjuven44658m8ec0x2sk9welf,loop-ust,48272315,48272000,315
terra1kau37gshxmtlnmtundwwaaj30z98a8gcmpagek,loop-ust,16317761,16317000,761
terra14uajy759k0l6rddhh5jhw6e0hn22kev9wu2lzp,luna-ust,12938447,12938000,447
terra1mu7dkt75tweztlnjlyaa09kwukpn4auq9re86a,loop-ust,91157861,91157000,861
terra1vxcm95r7qayt7605lfjs7f58x5tfngnv2gr7sh,loop-ust,12675147,6330000,6345147
terra1ul9sc3nutd655y32dcqnnlq5tes2a8acs9j4rk,luna-ust,32361692,32361000,692
terra1gkagt4gpgp6rsafqwwpgreq0arhsku78w0eh6f,anc-aust,49883241,49883000,241
terra1rgera6mapzrsd972ahfywud3829rjm6v2xg52m,mine-ust,277488377,277488000,377
terra1cjxqakla75knn7dlcmgax5f0u3pl94yqcgmp3x,loop-ust,116293854,116293000,854
terra17uwzuplgw5ag0jx8rdtaa8568r6tnmyns3h687,loop-loopr,5283801232,5283801000,232
terra1x2g65hlwvejlm5k6d60t2jmanrnad8cvstdhg6,loop-loopr,181889273391,93214691000,88674582391
terra1h0dq6taw2d3q9zatwsc6dze9g9ys6hjkqecg88,loop-ust,49356043,49356000,43
terra1styf0hry6f4yr0wsy4j3ym9sd2ry70ulvs3hjf,loop-loopr,3895310578,3895310000,578
terra1vmy7j7wx6c8k20a94lefqh63rew3s7uy7s4dkf,loopr-ust,12339006010,9430788000,2908218010
terra1n2576gwupnv7e2kat2j86k9w67q2e5s98xr0cn,loop-loopr,3853064277,3853064000,277
terra1e5mqk7h4ns6336denve9lyt9cgej66c7lg6chj,loop-ust,614933857,614933000,857
terra1x6urm50y0arepugqwj36uaju0u8jxy7zp20v0t,loop-ust,18626664,18626000,664
terra1hv5a6kuufjgwgsgu2lvfy8q6dcgau6cjd68ltp,mir-ust,827048951,827048000,951
terra10d64rrfr7rj7f3punrhcm8svf3fnsc9sqc9fac,loop-anc,21652995,21652000,995
terra1l2nnyq5skkkryj2h4r7dadwzsynq72um5gw6qg,loopr-ust,1307680837,1307680000,837
terra1ehn0rsdz3gp4kepzunw76fyp2h9az92c2ajtgh,loop-ust,10248295,10248000,295
terra1mzq7zj6vx909qcgrs2y68s88lxd0f0eslgzt65,loop-ust,32148344,32148000,344
terra1h9lugxqhl6d7kj626hjtgmwu8dyqpmf0ptqsq7,loop-loopr,5589954795,3667450000,1922504795
terra1rl9v94mhe86nzv8va5vphnd69xxgdqmfjkkwed,loop-mir,296325923,296325000,923
terra170e09edhu4gmyxxc799xjsexe25jjpj6zcdv0u,anc-ust,40110917,40110000,917
terra16qmhk72dwathmj8l8c3scpnqkp5klypuj7mz2m,loop-ust,135159264,135159000,264
terra1n7cxgyen4e46a577x02msguw2ryaaajvkwxs72,luna-ust,30547353,30547000,353
terra1uucft48vak5lm4q6qmwzfn462swqvxxu4lfved,loopr-ust,700316735,700316000,735
terra1cmqfqg20a89se2k35qdxga2t8tnecuhlnu75px,loop-ust,211637481,211637000,481
terra17pdvclcglxssyrv0autldf4k3lyvf4umftfrrd,loopr-ust,4778354562,4778354000,562
terra1jvj5dvepgws872f42zdfyqugsyngaz574atczx,loop-ust,630117389,107219000,522898389
terra1z7s7v38uq97s40jzmecy76l3mp8g683j00rntp,loop-ust,239703073,239703000,73
terra130znx0awxt5mmjvd59qh580a8df6drktc8xypt,spec-ust,152201227,152201000,227
terra1al56v02tmhszmjt0whz56ua4etv49lv9drkt6z,loop-ust,69516359,69516000,359
terra1qr8x0p79r4t3mgqg2huqvrveu070vlydv2e6p4,anc-ust,8073919,8073000,919
terra1ces6akks7culrg7374cfxd8ws7smhm3jhcd207,loop-ust,554207878,554207000,878
terra14ryyehed8d749cn83trnqq233vu82dcfamu4kl,aust-ust,7271716759,7271716000,759
terra140d68h05dh27qg668t9cg4e4sdltnwgxa7tp2e,mine-ust,477984696,477984000,696
terra1aul0a0nnssf6zhr4vr4rqlpsjmswk9n494g3q5,loop-luna,295982205,105013000,190969205
terra16axhqt5w64uw0s3vm5xsx543jx3glq4teekmvc,twd-ust,1799129031,1799129000,31
terra18wup0xwm5atth9leamw6fs6kxyeld54prh7e9m,mine-ust,1031260467,1031260000,467
terra1kne4ul6n405w769k2p6swx7x4ep30rv24099r8,loop-ust,102651111,102651000,111
terra1z2g830s9mr9e3leesum7jqxun7a8dzf5jec430,loop-luna,34676021,34676000,21
terra14fxar744m7lwkzg6vkr458tum7av9zv88hgat0,bluna-luna,62420775,23256000,39164775
terra17c88zgh9v0f2axzvdmc768m0tnxf2v73cgvs4a,loop-ust,24850510,24850000,510
terra13umrj45x0n4a6tj84ksnusfn97979wgskf0md0,loop-ust,2173459,2173000,459
terra156fem6j9um7jq3klzad5qcqt4ycf6qvf27m985,loop-ust,19624252,19624000,252
terra1sdkxq45wtvhpufh66cz0mns376ee33x0gesas4,mir-ust,72188720,72188000,720
terra13ngj352k76dwq8mp7p5fe8795tyd2lsn0gyhsl,stt-ust,13988219,13988000,219
terra144xhsyyltmvppash96uu2xrlgl7mzl7ydfjyg6,loop-ust,83847712,40802000,43045712
terra1gpsmt2wkdagxg9hv5qz9gjzc9gstc5lh3ggvew,loop-ust,3225102007,3225102000,7
terra1jkjq037z92tpxtr8ewrhyldku0v6ztf0672ew3,luna-ust,765126526,765126000,526
terra14pgtplak9tg9f0z56fjp3l7j3uuwdt7q5tg6wp,loop-loopr,50897008749,50897008000,749
terra1apfur7ja0d42h0f55xv7hwzt2pf979lynntwlc,loop-luna,293896,293000,896
terra1krfwr9xre99jv7rvnntf66lalvl9tx8ava4y0a,loop-ust,17389527,17389000,527
terra1wykpuc8c57w745l7fyt3n357f7jsfpgw330ank,loop-ust,62823509,62823000,509
terra1h8c32pqmc20hfgujzwesk03990q66t09tc7554,loop-ust,136487732,136487000,732
terra15mxfnkcdapud8tu6ulz88n72luyv827mgpcc6e,loopr-ust,813092167,813092000,167
terra1xpnnkef8e3hlq6xqnyvajud7hhq0lfz50m3ut0,bluna-luna,138087971,138087000,971
terra1ly9a92zsgfj5xv6tejsr4m9yx5kud2scgxur99,loopr-ust,290817765,290817000,765
terra16f9sds6damtmyxj485l0cxczck6k7vyu28xg33,loop-ust,162974846,162974000,846
terra1y6785t9u6th7umecp3506hz477t7t4rtpj3056,loop-ust,186398608,186398000,608
terra138q985nmfjjesurrcwqzr75m7kemfwjl9rkxcz,mine-ust,437869147,437869000,147
terra1ngcgmr8vk97hx5fzk0c6q02jfujjncdjqm8qqx,anc-ust,734185329,658493000,75692329
terra1dxjsejvagrycrktc8sa4ra5kg2h4tf7y2zha04,loop-ust,385610668,385610000,668
terra18c3gwl3pw5m49gr4vghjs55lcjjsgdkru8yexj,loopr-ust,394792444,394792000,444
terra1vymymlkjkrc3nrav82gqlp66cwnqfmt3x6elw6,luna-ust,1912829,1000000,912829
terra1n6rd6n2mesnssg9y33jjwp27mu9khnwnecsxxh,loop-loopr,9108538298,9108538000,298
terra1yljfzc9n5mcj9qgmlx3d360zcp4s7u8cucwr83,loopr-ust,7705758940,7705758000,940
terra14atjwss7p0mgxjqzrveq59vupnf2esz5ar5tln,luna-ust,245434883,245434000,883
terra18jcs0mtlznw4kcg8kks28endl7uvfvmsuug5ru,stt-ust,1454005660,1454005000,660
terra1593mdtrvrp2wznq083lcuc0ds4hqnlen0z7xcl,lota-ust,788222573,788222000,573
terra13v5h6ec4c29nlh79cmw76qqhrq0zqj26yepdgd,loopr-ust,73697724,73697000,724
terra1qaju5jwaq0kmcrgv44q4zfu39c2v2e3cz2jxl2,bluna-luna,60243633,60243000,633
terra1m9h7u8utrh3cjw9fmuqag3wc6cv86elzweueah,loopr-ust,122165184,63419000,58746184
terra19wd29aerr6zz5tmy40qhqj7j75kjjf2hzfrn0j,loop-ust,67032495,67032000,495
terra19pkc3mujmsjae88fd36kj9u2y85g5v60qzjqec,loop-ust,125243743,125243000,743
terra1x4h2r2trwulqzsxhqmywy0flnvv8yuvn4uffg6,loop-ust,305874446,305874000,446
terra1wvxnw76j0zmacdnvjyltvytdtrmp75vznzr0gw,loop-ust,268712565,268712000,565
terra1gfq35vrn0ljtdqtrqav7kn64q0xksk93t0ak5t,loop-ust,6611611,6611000,611
terra1xlyym7mvq5p4a7jcvt2fu4puf6avekxe0grufm,loop-ust,8196653725,8196653000,725
terra106qrf6cttac5secgqtufv3rlv8fy4d0pnhplsc,loop-ust,14226216,14226000,216
terra1ut2a9qed7mzsf7wqzwakew9tjnm6xggsqg0rrw,stt-ust,22478126,22478000,126
terra1qults5acsjf7pdftzjgcfm6z0gec57mrvnt870,loop-ust,33424934,33424000,934
terra1grqz4epwzlh27ujvflwxghsn86nj43hchykv3j,anc-ust,16781281676,16781281000,676
terra1sjs6ylal0362hmsy5huv5gl8298pj3ksuqsntt,bluna-luna,160848,160000,848
terra1w4lz90vag3q3l0uqm4znyudf6sjh9fzxykv3vd,anc-ust,284744195,284744000,195
terra1ahj0e7z8704egs7e4fxv5v8ylejg9cprxfugan,alte-ust,21590780,21590000,780
terra1nlpmarp50tnhm7rpfhsxrmxuaj24s3n84xxwfa,aust-ust,227128269,227128000,269
terra1vammk0nszw8f0anf0vn4qs78wqg0dcf2cuswry,anc-ust,7237998,7237000,998
terra1usrj2e55jvtvq0hfl376dfsu9kv48z5j2dupc3,loop-ust,4952295,4952000,295
terra1xcgt8h0veh98zhv60zdgegf2vwtx2cl50v8wzd,loop-ust,52830626,52830000,626
terra14w3rw5jkgtfe6tlcgde4tn97lukgh39l7gsuvd,loop-ust,13794108,13794000,108
terra1jr0an9ve0ue6ckrkdcudt2r88ljp6amu6f9mk5,loop-ust,36699411,36699000,411
terra1aetzqeaem0u0wl3rd2srvaajvh25etfddddhgs,loopr-ust,276729225,276729000,225
terra1z5q2gc5fu00kwdamyux5kxt8sz744rptkmz8eq,mir-ust,80269333160,80269333000,160
terra123gm5hw4lzzx07cd5uf96cq2qnsw0tshry95ja,aust-ust,3851586477,3851586000,477
terra1ctds5gjlfwnsevq0tu4tlafaj7vh2fvpwyuztc,bluna-luna,57546269,57546000,269
terra14lppmra25w9phmfrx6y02tf9h5mxkvzwfahck0,loop-ust,5403301,5403000,301
terra145a2q7nv3l9grzgrqly0w0eqlmups6rfzquqs5,loop-ust,196945551,196945000,551
terra19z9w7ax3sgvxkq0y9au4xvrdwd60lgeuksavvz,loop-ust,107143971,107143000,971
terra1vwrjygls44r7sukfgy8fyuzhh07knpdqnk5vf2,loop-ust,3933852,3933000,852
terra1ek9ndx28wr0r3a5zrtk2uqa4gruv0l0fcnwjwt,loop-loopr,398872353116,110184885000,288687468116
terra1en9aq5zrupu3l36rl9nflad0jqsz4y35rfevpp,loop-halo,26752089526,26752089000,526
terra105gyenujzg2x80u8e03hs7kn4lu9gkeuapglh9,loop-ust,6894167,6890000,4167
terra1ah5hkf3afprw7pyftpynq5lggcccr3tmkgpltc,loop-ust,356098523,356098000,523
terra1txr2ewcv4hhhxwrjdyy4e0ea9juay4hnfz30zs,spec-ust,513826087,513826000,87
terra1xkvra8a84g7ky50j2pfkkxmhn03nwf9vjwvpmc,loop-ust,3181149,3181000,149
terra18rglg2542u5gk8fuw7n96xy29qhqk58rwea7d9,luna-ust,43757299,34938000,8819299
terra1a4n7amctfqqta0zglj44fputjqk6mtyawsswh3,alte-ust,1165837822,1165837000,822
terra1kkpn65xj0n5rlg59w4tzzwcn6v0ydxw8mdm0zq,loop-ust,19560643,19560000,643
terra152zwc6qsjadv7tp0kwg3ehkf757teg3nrxk0jx,luna-ust,548424630,548424000,630
terra1wh9cyfx6qylt72zrna63rjeka7yz82gn629tm6,bluna-luna,1025264750,200221000,825043750
terra1t0ujsh5lftuw4nhzys7896sma5eqxt8sqneaqc,loop-ust,882361,882000,361
terra1mv6jreapgdswtkkfzhldnrws0azgdwwu3hwy5g,luna-ust,372519684,372519000,684
terra14w3hrp67e7xg0c8489xqam739d5qrhfptgpc5v,loop-anc,1142933856,1142933000,856
terra1jxjjn9jrdrmf7yysavr6ldpq6w9py69ppsgwxv,dph-ust,11239180531,11239180000,531
terra1zvrmm66exv59ucjexv2gtp5z372t3xu7a9g0q6,mir-ust,2839425324,1963425000,876000324
terra1486edh7n7glty9usxpjn25muh7xmvqjfl83f2g,loop-ust,2822928933,2822928000,933
terra130drd6yqnyxlnvuddgt7khz6u2ttlze5up425r,loop-ust,16537531,16537000,531
terra15kna3v9fd9yr7sy6ml0vkzxrj9tx698er38lcq,loop-ust,3653028,3653000,28
terra1zg20e2ztkkrjrk0sj0pcurkez3rc5zvun8hr3k,loop-ust,14618568,14618000,568
terra1x8vn3u7na4a3gv56lam5zqjs3csd37x0pctvha,loop-ust,17605186,8803000,8802186
terra1ut63cy0cm26etgawf6ecl7e98fejp23xlqv2k5,loop-ust,6443599,6443000,599
terra12gvszuf65r80y3yn6lvvwjjzg0yywcgj9jlvqs,loop-ust,32016830,32016000,830
terra1tvltjpxr4enut7x7afwfza0lzdls36gtl0dugh,loop-ust,9990067,9990000,67
terra15w04luvl5vsxv387a8jfamfqzr4g04a8nmjf29,loop-ust,383200803,383200000,803
terra162n90y75hj79ft866d2dy3cwztl64gksdgrvv0,loop-ust,44309921,44309000,921
terra1zhjhuuu9zuptqyrjwc6vlspx8l9n5vq7rl9j6l,loop-ust,53126798330,53126798000,330
terra1s2vfv9xpng4xetpaptn2ftuu6aw0vzcpa3exyc,spec-ust,2464199713,2464199000,713
terra1a3hc4hzs8sph4cj48rs4g0cyysyndaa8n8z2e6,bluna-luna,41981199,41981000,199
terra1wk98l8g8h0ngydrmzlyrenq5zu9hlm46n9u3ju,loop-ust,16054851,16054000,851
terra10kmr23va9jn4zw8tkqfal7w6ng8wkgvwk3crpq,bluna-luna,251877048,251877000,48
terra1u22y6gk7ra9jkl85amjjqe5ky2kugcgjk49zs6,loop-ust,1608331,1608000,331
terra1xcnea2l34g4ece0d76jrrl50lz3yyal28vmdkx,loop-ust,19006523,19006000,523
terra1wzfmy3qe0kt9sxy5cq07dualdz0r9vu73jsmuj,loop-ust,42474030,42474000,30
terra14n9kzssl56jwfgypcwetz326mjcve5nmgpwc4m,loop-loopr,20580850203,17009229000,3571621203
terra1mq8m9cytthhsc8teltuf4p82agkwqdhlzw8xmd,loopr-ust,2945443290,2945443000,290
terra1ru64w7f5amlnp7t7epql9w9xxdkz9ld7l82d94,loop-ust,29596006,29596000,6
terra1je3s743jlls0c0qgl0qyqvc7sklwfcvyc57geq,stt-ust,346785095,346785000,95
terra1q92jvvlgxf0k05kvwlf97lz2s0wazdlxmrh8nn,loop-mir,89042618,89042000,618
terra1audn7zh286n2yyq3zsg0yl5mwaucjl6lgp9uln,luna-aust,361124170,180467000,180657170
terra1fltevtujt9z3rasn02m8nyspvzax0j6d4u3luq,loop-ust,26636482,26636000,482
terra12euqtpx2fgf26qmvyk8ct047a0s2h0jscc0lvk,loop-ust,468041213,468041000,213
terra1wquy9hmqafyhfq7h9yhpwksc5fcke0hykm4lkx,aust-ust,2707222410,923274000,1783948410
terra1w9kyk948jsvrs5hq5yxcvzsgljy7lu0j2p6qx0,loop-ust,156509737,156509000,737
terra1lu7ndr4zrj7nrlu5un9avsz9jpw6y8g3t7qclr,loop-ust,28977377,28977000,377
terra1gsgx09thhel60xmypkyxp7uynxyknxp6x4e3tn,loop-ust,1554157624,1554157000,624
terra1mfe7epgw4s5uqjm0lme3vjka9nzjyy2rs0jwf0,loop-ust,108026024,108026000,24
terra10cxwy080vfpdfhmstkvz3cup577rw8wkx6ga68,loop-ust,3963928,3963000,928
terra1hjaahlyfhk564yc8x0xjrfmr5vrk2h2c94y80n,loop-ust,464507026,464507000,26
terra1zdrghssxastng2leq0zjarypvx4juzm9zkn6wx,anc-ust,457913804,457913000,804
terra1dkuk3qsjyawaqfpqsx8ag55wd45y5zpqlcdh7c,loop-ust,11331491,11331000,491
terra14uftgnwg23ul9g0p8n4vypryu4wjr5sds6xsh0,loop-ust,1084480713,1084480000,713
terra1qsxajxmhlegmllhasspqdsf5n7g3rf8drzauem,mir-ust,1906665092,1906665000,92
terra1ne5wnhlhx857zmrm5fr9e6mgy5lv5uqppr8lym,loop-loopr,461734367,461734000,367
terra1mkpxu7pfraxvucu2dz30w75vnycpngda9wlmy6,loop-ust,318708315,318708000,315
terra1yyp3e954457da6aghdrjzhg7cu5k0uc8xjw595,loop-ust,32866247,30000000,2866247
terra1umgqrkcamqae5szn4stz58y5fppk4k4pladhr3,loop-ust,80485968,80485000,968
terra1eagrctkw0f0kutee6mfwg7pwft8t5afy9kd8x7,mir-ust,1381965595,1381965000,595
terra1g3utjtqc8tyhmutcsnck6kwuf2t64dtqjg4rjv,mine-ust,121337114,121337000,114
terra14pr5rywe0tn88q4muhxw9vpaaadhv0aljqehe8,loop-ust,605688455,605688000,455
terra1yq7anadflykv7l9jfq7wp7vnuksdgxezyrujsf,loop-loopr,11622639003,4566670000,7055969003
terra1gp2lcptqxfp3ws9spth53c8335m456kaaf4vva,bluna-luna,42923522,2496000,40427522
terra18qy0ju5hh233uxjq43gzv3ezuf57eew45cx2vy,loopr-ust,1980537392,1980537000,392
terra17lcyz5qe8rpusyamhxs48qu0cklf6dg0ys4xaf,bluna-luna,137714669,137714000,669
terra1qvyzd4s53sq6rausq66ktwfer4eyxa3avt4t2j,luna-ust,19202139,19202000,139
terra1zv48aqdpa3py3kwsh6n22gch4luyzrr309xt46,loop-ust,31945938,31945000,938
terra150pvv39wns2ahz8empxja8h437hndnnxuu782a,anc-ust,23601487,23601000,487
terra1kut2vh6t2afxwxkw0458rrzjfjsw0z2dwzg9qu,loop-anc,36207383,36207000,383
terra1avs6xvz7p6e2d02n7pse92m6qvqvxj7mvc4tgs,loop-ust,294003233,294003000,233
terra1nyzy6tln7pa6c48htq5sn20gpatr7kynx62g20,loop-ust,17402476,17402000,476
terra19kmxywv9uml8ap54pcx6v93jmy0977kvf54j70,bluna-luna,7028072,7028000,72
terra1kq374auxp9stae95nz2ynsadm68sad0yhkdcq9,loop-ust,6437947,6437000,947
terra150f0tw3cdkpqeccn3qy7wxy3tzfcppmk3rprya,loop-ust,982944361,982944000,361
terra17dccagqr28npt8ms7y7cklc8hgnygv64kzfqwm,loop-ust,191342739,191342000,739
terra1pgqyw580sxyl8drh6m56ehmeylaselgfelmq0z,loop-ust,365052888,365052000,888
terra1wrx83nqjnd5ncfa67kdmh5cge0a7ljqpsekrey,loop-ust,20652519,20652000,519
terra1xjmyx62ewdee55hrkhy5l2ypq8amys4xptq9nx,bluna-luna,12756617,12756000,617
terra126gf26pdlk5gp8qu27l3crsjhngaaa4vrjtvc2,loop-luna,16414323,6002000,10412323
terra1g3ekxr07tgrfjw3m7l79z2qmhnfledphsd4rsu,loop-ust,607792030,607792000,30
terra1flhwuy6t8n8p75fmtqj43dvxeqq0hxx63myd7m,loop-ust,998929447,998929000,447
terra1v6ujue0uqd9nzgtqvuhwncaqd9q6hacvsfur7x,loop-ust,49582148,49582000,148
terra1hh5wstdywza2z4lz3zl8s2rpc8mu9s9uwae8rd,loop-ust,2426917,2426000,917
terra1wgj0jvpzmwchygwrrskfqc4yz9zxydnj574d6p,bluna-luna,38328848,38328000,848
terra183kfpp3gls8a759eteh7laytfz93scz0kxtc9u,loopr-ust,9734312,9734000,312
terra15ywu5xwm73ry7nek00kk7kpxnzl69etjavtkdc,loop-ust,552466049,552466000,49
terra15d04wl9a9xgpyzwehjghtmj0avtupc5u2hgqhw,loopr-ust,12472835782,12472835000,782
terra1wutz48juukek2d6tt26cusjsufn9rd4zdwsa2m,loop-ust,59755049,59755000,49
terra1p5vqxlxlg9a6dz7pgm2jhemgv57rvf2y3ullrt,aust-ust,23177604263,23177604000,263
terra1zplyakwujkghfeq9c7mc082jwzkx6arxl5z9zc,loop-loopr,651158213,651158000,213
terra17wj0azuw3qw355g4zpnc02lsskrp0wt39r8ty6,loop-ust,6201282,6201000,282
terra1qg4sqszmngkzu6kwrgnm640uf73xrqlye3ag5s,loop-ust,5348856,5348000,856
terra1ghm60da7wj7gmrj5javw2k4cht6njzz9wk90pf,loop-ust,7224644,7224000,644
terra1ua4ysx0fj3pw7kmdqsukn8ht9m3w5phaudglm3,loop-ust,1189884583,1189884000,583
terra1kr8lcrz6w9zynxq0rmmz0wrgfxcksqzs3upkuv,loop-ust,187979670,187979000,670
terra147uxgtche0raru7dedst75a7lzx34ydqn5ayy3,anc-aust,1993894743,1993894000,743
terra1202mcgspp8fg65406yl44fpltmqllqes7rel3x,loop-ust,26043578,26043000,578
terra1cust2c8vrusy0athqh27ea9z0x8hwnclelxgmk,loopr-ust,51162054,51000000,162054
terra12un3rg3c65fhh7l24922vqg2zjqe9dvd5x6s9r,loop-ust,624961003,624961000,3
terra1tx7lwt6rqt3pzff466ukzr3qcvmxkf4svksld8,loop-ust,21444082,21444000,82
terra1ngfxktshy8m0ajagchy0j2hac09tt3y9fhvzzr,bluna-luna,9671427,9671000,427
terra1ttv8vg3h3a7duj6umcm2njcspqpmvzw8u33ylc,loop-loopr,10398498348,10398498000,348
terra1nzzae4kf39mnhweyl6ft66veqr39grzvm6ythp,loopr-ust,663454809,663454000,809
terra1mtza8vx5vxry87h73j64n9vhazayrlcwz0ffs9,loopr-ust,6443824815,6443824000,815
terra1l3gzwrdunnt4xggzn2e6qkysmvsavqz70pqhkn,anc-aust,1895658427,1895658000,427
terra1qstp8wev639wt5sfjzqdk7fvrtxsneuh37v8rh,aust-ust,7336388989,7336388000,989
terra1nuxlxnyxncdl8365cv7837ulxadmy4srjwen5m,loop-anc,3103375874,3103375000,874
terra1nqtr2elcp5xsrr7e9g9uhzxd44uc884jn8qud8,mine-ust,330220128,330220000,128
terra1v2qfexzmlsdu9kd79fzzr6qsl3fsd3yr47fnlu,loopr-ust,12486527,12486000,527
terra1jccmdf68na6v4nucqy49hd3tj2fkh5nfljxtsd,loop-ust,11916164,11916000,164
terra176puvhu5kghp54suy2vc75m6d4qy454szdl3u0,loop-ust,59482248,59482000,248
terra188dkjhj6sans3hvsxqmpxelvxuk8zdu93rc88n,loop-ust,78191500,78191000,500
terra1dg66744llzxj66kns76usk6wtg2y27wy20nu9f,loop-loopr,3032631001,1940385000,1092246001
terra17v8echf2uwmsd3znqc9m68epx7f873pgmuxx9t,luna-ust,1448375,1448000,375
terra1xzupdq3j433pcdpuhypnqch0v487yv5uu5l9cx,stt-ust,336538475,336538000,475
terra1y9sfvg0c04etq39et0r72hqtfumfjgx28kdgtg,loop-ust,37616927,37616000,927
terra1c5ppmyr8fdspylexuhvlg4tnyt9wxzuu97sg5a,dph-ust,9914398253,9914398000,253
terra1jr8pyu6xnu94m5pr7kuj2k9lqaek80rr9ghw8n,aust-ust,8935194,8935000,194
terra1cxz5phm74nvzhtgqydqfmhmdz4jhhk6mzqwzt3,loop-anc,184422600,184422000,600
terra1fp3myfakxp54su3kutsr2hm5hc0e4tr82zhmyv,aust-ust,31475591,31475000,591
terra1ynwxh7cp9artm3pyz36yteretfsdf247tsppw3,loop-halo,175105264,175105000,264
terra1lg3lted6a4yf7vwlqhwcpqn42mckveqqvkyjfh,loop-ust,2871235688,2871235000,688
terra1nj5tz6k0uvqslq2w5l4l8rx6dhymwcks4v2arv,loop-ust,145662170,145662000,170
terra1pu95j4tw4zlum6uqgle0atelxhvml34334yk9j,luna-ust,6540013,6540000,13
terra1d9wcplmpncdg8dt8qz2dkzpghqdssp59wpa0y0,loop-ust,16585690,16585000,690
terra1934lk2mphu229ze7sdww3aq50l883myw25mj8t,loop-loopr,20372342085,10176428000,10195914085
terra19vnr3zsz8d4s097q6cqealcnnkzm8cpyy2kgeu,loop-ust,147474710543,147474710000,543
terra1lmu7k7hhy5rjtp4g5pptm3896uczjstu86t2zp,loop-aust,2450628701,2450628000,701
terra1wx8rdv4dwaqqzpux4yd4p9gzkljvp9eaq4y54x,loop-ust,2753325,2753000,325
terra12avr9k7wurp7fvdqhpywla9kls2wuq7j32hkvu,loop-ust,14022690,14022000,690
terra19lmdvysxyf3c6fw4hhlla32anjuzh3a5w9s9lj,loop-ust,11801062,11801000,62
terra1jx4nnkj0wrq7rpzj5xz2p4r7nkhz3mp85808q2,loop-ust,738818865,738818000,865
terra1eqf03k0vq0w6ge3qupxekpdh6axdrhaq8257nl,stt-ust,332594012,332594000,12
terra1llud2k2z0ccz7newhdkt7044r0cu3asyg3vgl8,aust-ust,20918656,20918000,656
terra105gyenujzg2x80u8e03hs7kn4lu9gkeuapglh9,loopr-ust,84917551,84000000,917551
terra1l9pp6rugqulw4vs0zwpzkapl642pwg6uruy5n0,mir-ust,1133599,1133000,599
terra1hrxm3xgnml2xpm4kaj0lhdz8zgsfvkzugrr7ny,mine-ust,1260529450,1260529000,450
terra1xmmyj4ecat7mn54t3e0sqfdckydzz4kj0akj5u,loop-ust,14226325,14226000,325
terra1xh8w6gf8qgfj84y9l23cwh96ak2ehq8sl2vuc0,loop-ust,9027489,9027000,489
terra10ctv63c45kdxr4t38mkg4km8h35r92ext86x86,loop-ust,172538284,172538000,284
terra1k86y2pedv6hzhtr5d7pgy7frsc27n5quc6tqyq,spec-ust,9420289,9400000,20289
terra1jujzslepc6620zkhsfcjra0cpt5yadd4vqqe5w,loop-loopr,4965340798,4965340000,798
terra1p592tjphpqxar4pr7qh3j3x9anx53w6h56rde3,loop-loopr,415730226,415730000,226
terra1s20my2m6gc09twd9stk7t5yvplly3ukvd8zhvf,loop-ust,19503707,19503000,707
terra1z96zuzc7gztg6cz5xjw74crmtya3wapvrnuwpa,loop-ust,9224530,9224000,530
terra1f4wvpvrcj90etvstfat89w4xjxp2m0ywffa5lv,loop-ust,3602092,3602000,92
terra152yt98sw93q57gh5ne4twej3zf3jasq4qgwh4w,aust-ust,175423302158,175423302100,58
terra1dm8kl76y4cd84dprklzuwwtszu8ldey4lsu8ge,loop-ust,49420968,1000000,48420968
terra1msmuz96l8rfj5xz28sj3cnly0k7qqqvj0xc6r0,loop-ust,11758752550,11758752000,550
terra1fyu2hkatn20tlxsewptv5jvv8w2mdqv8lfprq6,loopr-ust,760761065,760761000,65
terra1c0ylqrz30ul87t54qwlf9xmprjfnzhajygzu4z,loop-ust,13815190,13815000,190
terra1pfa5eg2vqhzurgudc52dk734vwg23zrm5w8ucy,luna-ust,24959565,24959000,565
terra1vymymlkjkrc3nrav82gqlp66cwnqfmt3x6elw6,loop-ust,26148222,16000000,10148222
terra1h6cjawlznvx5hmzvcqras88thuva6x9swlveh8,loop-ust,6447876,6447000,876
terra1rufhr7cjakqth9jqg7gfrax6hevdwhxdscrnv7,loop-ust,181452674,181452000,674
terra1pc39uvj52hu8zcnemfcarmzxnufh9qgurlxwlq,mine-ust,2391564,2391000,564
terra1r5v8h7upu4hx67d0w37ql7u30vy8tphp827rfa,mir-ust,40943110,40943000,110
terra1q2q2r0d8wgy79zd9y6jm5vlmw8qlg0xsw3sjyp,loop-ust,194715560,194715000,560
terra1jxafzws9t4x45jv0rwhmf26x26gkptg4uvqyuu,loopr-ust,43804571,43804000,571
terra1q36jc5zqatleyusdtzyjx7xr0alpcuhx5pk6es,loop-ust,30252878,30252000,878
terra1h25e7aghalqfdwuh5453xqa8nwn23hjqxujs2l,loopr-ust,62147006,62147000,6
terra1y0a3gmca63nqper09fkmhn50385vpea2wugtda,loop-mine,142514296,142514000,296
terra1f30jw58774aw00e9pgkcusxe3xssltvmhaegrw,loop-ust,1033248389,1033248000,389
terra14r98q0gxr8fq8twwe8w9jrar7mz5p96hem0dpe,loop-ust,169505629,169505000,629
terra1jy96xjsaapcexn0dvdwpftrzfv22yupdgwrjqq,loop-ust,346223122,346223000,122
terra16jct4dg4u49fshws6f8vuzudun6r30wrfkz6xx,loop-ust,7902076,7902000,76
terra1snqt59uh8nt4sa0zfs4jxql63hqf9nawjcjgkh,loop-ust,163201138,163201000,138
terra10tv79xsrh0vklphygcnehtle7g7rsl6c35vdze,loop-lota,30824077,30824000,77
terra1gnkpa5mpa5and9lwsrjnv98yfm7kwed8wm0ahj,loop-ust,20206578,9956000,10250578
terra1x20pg47qxf40e3snnpdpard3qc7p3xmv805y08,luna-ust,96490211,61451000,35039211
terra143wekmle68xfg4kn9j2pefxl4sgmca96rfjag4,loop-ust,1633396,1633000,396
terra12ymmrnx07kvhlj9ay0yss3jsfsej0e90e87g2k,loop-ust,2712837,2712000,837
terra1v77jrdzzfyumnzrnjed8hz29uuqguwea56grf3,loop-ust,45647037,45647000,37
terra10d64vl4n6a5l0yhq38a3vl0397gl7k478ahm6e,loop-ust,382874784,382874000,784
terra1az25yhfvhxnqz4pw36l54pylvgp9wusnqx8j6e,twd-ust,239463711,239463000,711
terra1q5fle2ejrzrd4c57l7st6t99u34g5tqvl3zff5,loop-ust,4126880,4126000,880
terra19mfr7wasw4w0zqeupd7fe6kp8wzmhvdaxp9yt2,loop-ust,43734778,43730000,4778
terra1894n2ak0ngt0htyutg9r8ceukp5686rknenega,twd-ust,2730646582,2730646000,582
terra192c5a8tpmychdk2m73p48vy0t52msqmdz4m8s6,loopr-ust,163120499,163120000,499
terra1wl325269ftwqttt8l6s3lm2s5894dtyhu2qg4p,mir-ust,125219380,125219000,380
terra1eqzdja4xqegp6dau22u8p93963epr45vngk77v,bluna-luna,7539855,7539000,855
terra16j4mr2dl6ehpfjdvksmwk67wz5mrtgc922cvy6,bluna-luna,574270840,574270000,840
terra1x70jnp23rcu5usgeqhe23qlx2p3kwvkh49j5n6,loop-luna,1366122077,1366122000,77
terra1cea0dh3442tspg69k8tdpugxwt7ulprh2tykar,loop-ust,117465515,117465000,515
terra1dc27qtzan8z6e3tmya63jyekpqtwv3fyqhetff,loopr-ust,185443085,185443000,85
terra1q3sm5yaqpzckfptlwxpxh8q7gaujdnjtf6tt48,luna-ust,283488977,283488000,977
terra1hrhkgct97dkl9r4kpf8myuczmnwhen95h5ag8v,loopr-ust,42327910,42327000,910
terra1jq4ppza0ywaatl0s9u4a5a8rnd7qkflnr73eqq,anc-aust,73323820,73323000,820
terra18hym8k3khgyrzv3vwgtjewhapvjw3a5fnarfz5,bluna-luna,4992057,4992000,57
terra1wrmnja8enpw0e05g0tzladmhwre3u7hykcvzwy,loop-ust,3580699,3580000,699
terra1q82c092pa9l5w3zf67auy3xhnxngct7dc3wt2z,anc-ust,237882878,237882000,878
terra1sp2dgxmrd2k027kz0lsqg68xsw5hqpg2272j9n,bluna-luna,39706563,39706000,563
terra1ks62jzh5zrn4rduwgr2jmwrqsk2kvdkgvz4k6l,loop-ust,18928727,18928000,727
terra168ax0mfz8l4gmzw4z503u4rympwgcfxlay5nf5,bluna-luna,838273,838000,273
terra12tsyw3el3gzaschyyashen4hjvez2rj87uxjyd,aust-ust,8664008,8664000,8
terra1mk8wmj9xgrxaw7tx0x2wgtr488dsvmhd38laqp,loop-loopr,2820462831,2820462000,831
terra127wmnd6tp37m8027attnfhqm45rqchaysd2cj7,mir-ust,1133599,1133000,599
terra15rg3fqkx3svk0je4xhkucgww5qkykax9y2mahk,loop-ust,31505974,31505000,974
terra18usezfze3kfa29mxtyy9nf4f6j3m2w7zs69ns3,loop-ust,40816052,40816000,52
terra16y0zet0vu2weg0mjlhh2k39nqed8nskzh5k0jx,loop-ust,407374317,407374000,317
terra1yg53uf4ztgt3kpazzgzxkzvljcvxzrh2hujlmy,loop-ust,361793526,361793000,526
terra1a0ew2cpwu3fptd9tr2d8dvt5j3xdxjaqk6k5c8,loop-loopr,4039740681,4039740000,681
terra1vh29se6l0xm2c8lws24sfvnt4hkg0y5j8qej7g,anc-ust,58626774,58626000,774
terra10wtfpxyej3a6lmfktqehf9nccps2t6tguukyad,anc-ust,13857101,13857000,101
terra1jv420ux93hgg03757lsahayxtdpyhkzzqqjq6a,luna-ust,69245241,69245000,241
terra1ajl9gzgy62ewj4luctm2jxw20n83fppgc27f67,loop-loopr,2706983095,2706983000,95
terra190wk8muftqtmee4hf6dzlzkwcjfauxy9xggk0x,loop-ust,5570593760,5570593000,760
terra1s3huwhlpy076xunnp4agdvyrqc27sf7r05rpmd,loop-luna,58385716,58385000,716
terra1gn4yemknvqpgvhen5sl5qv0zwrdfclmf4e7ekl,loop-loopr,492645479,492645000,479
terra190sprv2yrfv03tj2szlra8fwy2c6ddz00zp4nw,loop-ust,15575902,15575000,902
terra154m4aqe0euvcrspmm58lqsw5lmq3ahuvvfmh7e,loop-ust,117068632,117068000,632
terra12au7zdpxdje2tkre2dq4p6jxtzcd7gmv95ymw5,loop-ust,4717339,4717000,339
terra1mpueafs7jf8thn9hkcu6rt2upv0tk5463zspf3,loop-ust,9697173,9697000,173
terra1sp6lhkxzmfqc9fa5p2pkp5skeyxhjc0cf0uxs0,loop-ust,12537919,12532000,5919
terra1ys3ymxt4lkzppqx9hh6hgsx6zd0jafnm6nsmf7,loop-ust,16512709,16512000,709
terra1xh55cf99046k8mv8ujqyn7n42nrygmkqz0sdp8,loop-ust,821226642,821226000,642
terra1nq8rqhlreyjksupwmlj94efjfx8ped03qpgu9e,loop-luna,229288106,229288000,106
terra1u4ysa73tkxv8p30er6kpy4c7whndgga46gtg38,loop-ust,1235846558,1235846000,558
terra1ywluuc06y4zrcyc7f3z6ls76uxygw7xdfvkghp,loopr-ust,69907182,69907000,182
terra1cm4t47pzkg0kqt53ypdpzmp77d24lmawqpw2js,loop-ust,425818859,425818000,859
terra1xhdkmhhpe5sux7fh8w5hz8u7wrtl7ajgn0ru6z,loop-mine,185200394,185200000,394
terra1fv4zxhppd5yu3wdx25xsc4tqj5j83krant2l4f,loop-loopr,1586504941,1586504000,941
terra1j5k8665xm5hgk62zzvtm0x6tc25wnsnscrkj33,loop-ust,33898770,19915000,13983770
terra12hraymww3ygp42y726y2e48cw7skzt4r00ja5t,loop-ust,6256632188,6256632000,188
terra1m48n2l96pn2g4e8d3nk3eg9ujg8kjn7cx39xxj,loop-anc,18079240,18079000,240
terra1kha4h46rlf2u7dupq800wz4lk4zzdn688xwh07,loopr-ust,769279765,423744000,345535765
terra175x93f5usknc6qhqs9jffyxe9ywawyt09jgump,bluna-luna,32074794,32074000,794
terra12w354laeqc34yys53q595nucqg8ls2nmfev5mf,loop-loopr,27883342273,27883342000,273
terra12fnsj4zsf8t072vwcx5e3q2qra6vpmx6wtg3ns,loopr-ust,137756551,137756000,551
terra1se4040dvzxazyrpm0er8g2rdj5dsk7fl03ekvh,loop-ust,169297297,169297000,297
terra1twdm9zeja5u9gs26nexcp54knujl8uq0nvkahz,loop-ust,21719991,21719000,991
terra1eju6e7f0l9l3v2apnkucc26xe0t454lcfwkrhk,bluna-luna,49639609,49639000,609
terra1ax556r8qn08us62px63ae2nwzexlt2wd5gx3ad,loop-ust,32168339,32168000,339
terra1d56p4jv73nnkch8xx0rdjg2hsu0k8gl9dhlu9u,anc-ust,579404875,579404000,875
terra12qql2eq3ecscskw9mva8xfqzf0e0jjdvl0wsvk,loop-ust,19669553312,19669553000,312
terra1vw668vuta6t6dnjspe396kf884xpgvdh6k6jkt,stt-ust,6709006332,6709006000,332
terra1rz84a028w496j8439cst6v2x9an9n6xsh4jk63,luna-aust,67433659,67433000,659
terra1l5t4vn57rnrhztrg49z3qu3hnq0g53wnxne8ze,loop-ust,24255526,11572000,12683526
terra1vew6l63lg243r7l0jks5fzarte5y3fhwa6khkt,loop-ust,11140129,11140000,129
terra17s460xd20z4g3de0xn4mxnxteeqspv947ec84x,loop-ust,24819324,24819000,324
terra1khm904h4mp7syp7zcrqtaeppkclhadgkhu20zr,loop-ust,26295929,26295000,929
terra19l7q7vrqe40km88fgd7kydj9479fsxak45g8u7,loop-ust,20489232,20489000,232
terra1y84q36hm0zkjghx4d9pguhwmxzn48qgtcvvmlj,loopr-ust,32323982,32323000,982
terra13nz6wx2mytf92czm0tcylrdf0ze57krygu5xza,loop-ust,1602890,1602000,890
terra1f48hx3nr86k6xcutlfy0stf6ml5jf8sahha35v,loop-ust,4974465,4974000,465
terra1jm6gd24e8vjqqxm3nxtk5sm50yyvlz22jaurq3,loop-ust,1629179260,1629179000,260
terra1ly6hp8squdyalrel5tntk0dccfzxupkdlcfrnv,mine-ust,7041863029,7041863000,29
terra1mvvz99nvz2mfgnyh7wrd44rhf5cm2leq5adx2x,anc-ust,1402528583,1402528000,583
terra1ejc6cvetvd7gf948v2nc84aq5e0xu2s5yqhp0z,loop-ust,24761733,24761000,733
terra1zxgva3kq0fhyjtfs8gsnl9f8zm8hh77sp8seet,luna-ust,1503607831,1503607000,831
terra1c5ppmyr8fdspylexuhvlg4tnyt9wxzuu97sg5a,aust-ust,121150485155,121150485000,155
terra18d7d4jxdpsasj20g9qldwwqr9xsgccr5e8h5qf,aust-ust,120644686,120644000,686
terra1dhxau45eeekcs00tnrgp2ajej0v8u8uuzr3a4u,loop-ust,88293980,88200000,93980
terra1wyx4uwdzxd574pp6fx5e4kf49l7353p8cans5x,loop-ust,52341193,52341000,193
terra10x0aaa56zrwj5t36msfdcx4jhc86y2h02shjpl,anc-ust,234467749,234467000,749
terra1vetgcluz0vglz9rgyrppdckfuwngpu5pjxwhpr,loop-ust,4748802,4748000,802
terra1z4ztfsk6wvaaz6ld9re84fhcrq5mksfqtl8p3y,loop-ust,5163154,5163000,154
terra1g9zzamk78h3rgca2539ag5rs5wph5fgkaaqu9w,loop-ust,11973974,11973000,974
terra1zcgn8df040auht6yxd85nm7schq2jt49qjzlmw,loopr-ust,7632713447,7632713000,447
terra19n7kea8ju5tc4kffq9kr6aglq8jl3xs2nw8lst,loop-ust,34584237,34584000,237
terra1643mgpk9ypwdv4r5t46c7zylwg8x97h4dk70te,loop-ust,87808923,87808000,923
terra1e2k2pncms3y32zqr98w5ndxz6703qggsdapnf6,loop-ust,5195104781,5195104000,781
terra1255708384krafkp835sxkxeda4ed3d5k02eept,loop-ust,23137228,23137000,228
terra1zlxjh25qwq2kh90y89jg9mkjmta67c2vlyh5vz,anc-ust,473679142,473679000,142
terra1pkny4qcdw2mxtjxdvft99ht040jcf6hrzn96ch,anc-ust,434213910,434213000,910
terra1z6aqfpsks24ltzrxkchmztwun82fer2vm3xrfs,anc-ust,688103184,688103000,184
terra14gh28vqlnae054x0pl058mz4hsq0p57pppuk8f,loop-ust,215039515,215039000,515
terra1z9septjd0tl5xsp29q7f5m8fa4sq0sjefz305x,loop-ust,48931226,48931000,226
terra1vuuffz3xcksqwv7n8mlzv526l5szrauvttch62,loop-ust,3001345,3001000,345
terra1tudg56nksaqz9fyu85h4yldccrue2x3wr3mwuq,loop-ust,8106580,8106000,580
terra13zjwdadt0nnxr44ydcmzc2atufxzw39cq4slt0,loop-ust,437358,437000,358
terra1wuglc3xrhc4w0vg8l9lh9msu47jfydjhvvl4rw,loop-ust,85929805,85929000,805
terra1pkwv5sz7rpufjwyxyzfxp25ye00r4x542kruf7,aust-ust,89466988,89466000,988
terra1d7kdqmmfyy3xfg47tl3j37lg7pjdy83ups27k6,luna-aust,243967694,204857000,39110694
terra16je9xehyk2cnkqmct52mdrta6lda0eflcj6y0n,loopr-ust,263329855,263329000,855
terra1tx0p20tugpad6k0zgq2cc0czrqylmyw66p8mhv,loop-ust,42348540,42348000,540
terra1yqdejrz95eqn2s9jktyqswq7l9vtace5x66g55,loop-mine,115582030,115582000,30
terra1nvv6279am8484gdattnydt4rtum32rkg975j57,loop-ust,29924298,13942000,15982298
terra17ffehcdwgerxsg7lqazgse83xq7rmx74ynu8ua,loop-ust,14586553,14586000,553
terra1282sn8mj3ut6myyz57q0nef6jdk06kj69ekjfn,luna-ust,112575707,112575000,707
terra16rlty84v0ctqswv2mepyrpwsgs6q4wypqt5vsp,loop-anc,1600969537,1600969000,537
terra1eyagta9vy3tvzlyhnpqpjydxj3h7k5r3zxx9v3,lota-ust,298333625,298333000,625
terra12rx5j86xe8cclmy3a5xnq9tj9cqj4snv4stqnd,loop-loopr,84009166,84009000,166
terra1ysupuydc5ec6f86qchv9j3jjfnsn6my4nzlcyr,loop-ust,382506925,382506000,925
terra1z90hs9a4meewk6dh42wedehpneejqrlhqxypjv,loop-ust,15121008,15121000,8
terra1s7sul68x29zhaa87kagudapgz8papqszar2yxx,loop-ust,149430818,149430000,818
terra1l282995md2hslcmgze00kfaxxrr4kzwncjrx7p,mir-ust,38368797259,38368797000,259
terra1hmq0prdun7pstuaavw477cxm5vywalkcqrf2ca,loop-ust,76632487,76632000,487
terra17vfnjg0wsvyvs6sgwq76k5gz2r0dmjxmh595p9,loop-ust,6004800,6004000,800
terra1ean7s3vpuj4znsagw9k2dqaxuxcfan4ku53nvl,loop-ust,688055588,688055000,588
terra1rjjqw8me4yu5v5dry0p5xfrm4aafh9cvuhlvwe,loop-loopr,1196771973219,1196771973000,219
terra142pm74252xrfpjnpa0mezhcmmg0237svv7nf7h,loop-ust,3188662013,1952663000,1235999013
terra1tahs8nwczgyl6hunlxfsl5z3gt3h9f9qmmlx34,stt-ust,25453976,25453000,976
terra143c39hwvjwydcl8h80avt57s6aseft2773w9ng,loop-ust,63166033,63166000,33
terra1sjljwvcdtec6zswdcwtzerwercz2w0mp7vjelg,loop-ust,107679311,107679000,311
terra1w0vt7s0lc2x2vnag6egy8v4z7p9r6uzsrnnwzv,anc-ust,235071275,235071000,275
terra14a0herwmyav98rgtryqdjlw0evmsyt5x7nsr33,spec-ust,16874528,16874000,528
terra1m6x8ydl7madx7jtgs3hq4h5u6e7d7fuuadytz8,dph-ust,988939075,988939000,75
terra1j0we9ydvl4n5ux66d2326nf6fdsyhlzn0pe8v4,anc-ust,12902524,12902000,524
terra1u9yz5mvf3l34nu0y8mvgf43nsdaufzk6sruh48,loop-ust,28532530,28532000,530
terra1y63yx5xr0r452d8zvdy2kxgda8tacueemt2mqu,loop-ust,3802636952,3802636000,952
terra1gdn2zsl60g0lf6qmmw07aewhpgny6r6j77r4q5,loop-ust,32695402,32695000,402
terra13qzpx7a9z8x990lmqnc3qgsylm5c5elflmcup8,spec-ust,374266533,374266000,533
terra1qcn994wrpnw22va7j32hlw2sd0txy4nfprx905,loop-loopr,58048766402,58048766000,402
terra1hrxm3xgnml2xpm4kaj0lhdz8zgsfvkzugrr7ny,loop-anc,121029737,121029000,737
terra1gflxqg0c5uulak67tc8z86tnnsnghdq5jvv4sp,loop-ust,232264880,232264000,880
terra12ww2ejr5zzl86r79xqqz3vcwq9h3hh932v9za3,loop-ust,5041271,5041000,271
terra16ar8cz5jkmggepuej286z7zu9efzgfng3j8k0c,loop-loopr,1274149708,1274149000,708
terra1z6fz67auje8laz66yn9wf79zgelv3x4rjspfgn,loopr-ust,1968740,1968000,740
terra1vlmwyk0lhnhtw4fl2vjkyvg6cgppj6mteg39ew,loop-ust,1742224,1742000,224
terra1dwn4rfcuaypss7w66r4agupf8zvlajwjplfugf,loopr-ust,2934845484,947006000,1987839484
terra1z7lucmrnvr0357zkvmkmcazngqggc0c8jvsem5,loop-ust,155327444,155327000,444
terra193stf86m5x0ak35ke7kx959ts0jasxczkr0j29,mine-ust,118990291,118990000,291
terra15733r2czqlxtf3cvmr0w73vatg602xn5qyapgd,loop-loopr,2227118160,263529000,1963589160
terra1yuyt0wnzfaze3d4t64n2255ps64p0e4jd6p655,loop-ust,517811583,517811000,583
terra1zlujjgxn6rcxkdwx5mc2vyygn9rc4pnh9al7hm,loop-ust,53169338,53169000,338
terra1ddgdgazld0wdkhx96tsg2gcq8t4ac8udnvuxzm,loop-ust,73943953,73943000,953
terra1v3vwvr83c0sk48gsdyx30eddz6swgv2kvy44p5,loop-ust,233532112,41027000,192505112
terra1az7taleq8jewutj0dftq9s0mmcj8tldc4lyyh7,loop-ust,13737272,13737000,272
terra1kr4xp0ruywaes6za6m9racf8wlshh7k8ehtl6e,luna-ust,147574403,147574000,403
terra1hq5xa4nj3ac9l2mcqqfnhe3lrq0m2k638llg8d,loop-loopr,71288187742,71288187000,742
terra1vq99agmdzfphlg9lpml8j5t6mrq4qc8ysr7mfj,loop-ust,27763280,27763000,280
terra145qg7hrh7jheksdpxhwmapdx6m725sztmd6fv8,luna-aust,21222137,21222000,137
terra192xfm5hy996ttccsal35jvy6tga34t3zwwkvtw,loop-ust,252163482,252163000,482
terra187dr89we93xyssgsgedsrpknvlxv7aerjwjdnp,loop-ust,21437983,21437000,983
terra13yh2k26n9ff50c4v5mu58wwawepsaxy2lgs5l4,mine-ust,2454602513,2454602000,513
terra1jchdd303pz429ytve53wvcazqkdrvz7an5q9dr,loop-ust,368596831,368596000,831
terra1qs39v7m5c4s3qr9azwnvkcp43psqzsgmsnxer7,anc-ust,124912121,124912000,121
terra1caz4sp8gpzgkfheml0l7d78hxxxzh0cmqyln6m,loop-ust,106145311,106145000,311
terra1fz9dapldcjr7r9jrtawxern5na4ul3p0cnwjue,anc-ust,298994966,298994000,966
terra1nzfsl8zza4n546gkn52fchmr4tl8wdnxjrce5z,loop-loopr,2456669969,2456669000,969
terra1ph7urhyc0mce3843a4yanjvchjammvgp8r8ej6,loopr-ust,12361065,12361000,65
terra17uwzuplgw5ag0jx8rdtaa8568r6tnmyns3h687,loop-ust,529542516,529542000,516
terra12406yyh5a0nmge083a7l8v6eax0e384wmpzrrj,loop-ust,365796079,365796000,79
terra16cgpf8nmhz2apref6xzvwu0kcq3cfm9mcwyfgk,loop-ust,187881181,187881000,181
terra1ashhnnqlrfdppx2xztch87zfmekhux9j5428a0,loop-ust,814772,814000,772
terra109j0cddy3gj0w84hjh007f5zhjm40www3jn0ce,loop-ust,5541163,5541000,163
terra1qznjtvctxr4s6rr3qnkvkyzmku25hke3selghz,dph-ust,4513174839,4513174000,839
terra1zy7h2hx80e46skd368e3eqdmrfq2q6nrg70ghh,loop-ust,70235611,70235000,611
terra1d6t3j5cxn6ythcwh89jx8lklhyhnsp5qkngz74,loop-ust,852684299,147996000,704688299
terra15x4duvfsaw4k6xvftdlg2prn2ys0xu4x79cvst,loop-ust,18619936,18619000,936
terra16g0t2y20gdpq8cflagwm2mnlxcsu3zesm9asnc,loop-ust,13820637,13820000,637
terra10gzms3pr092w9xplceqjj7lgrmz0phf9u9rgvg,loop-ust,36156011,36156000,11
terra1caz4sp8gpzgkfheml0l7d78hxxxzh0cmqyln6m,anc-ust,6286306332,6286306000,332
terra1hhaa9h7dzh8jdjvl23lhxr279tv3s7s8smkvr9,loopr-ust,12485844864,12485844000,864
terra1dew3pht05esev8qu0vq8ymg06sw2tygpwqqquu,luna-ust,16848605,16848000,605
terra19ajtl4y467rsxg77djk4td9r844knmdzmtz8xp,loop-ust,4599298,4599000,298
terra1da0lyjwlfp4655ky7zwu6r6783p8x3sdex0kdp,loop-ust,54320350,54320000,350
terra1rkg66cklt404thhndrtsnzt7lg2449rl24qqa8,aust-ust,223208256,223208000,256
terra130mewcxge9p83jtvuz802rnhaxedwut9etuywe,lota-ust,52244552,52244000,552
terra1kqva95u8ux0gxsam7q3jmevunhnq3k35ztyvp8,loop-ust,26647180,26647000,180
terra1w8420tnyyjj3rln52eg9ghty06pla4s5qf38xa,mir-ust,49528001,49528000,1
terra1cr0lejua6a06skygldkl2cxevppwe06cgz8avq,loop-ust,14207095,14207000,95
terra18t3ylavfpjw7npxdjcrh3nu2auhjrr5jquzasf,loop-loopr,20493936358,20493936000,358
terra1wll9sf77qlyjcdlhu330cwjm8a6fxn3jjldg86,loopr-ust,60976930,60976000,930
terra1ynx05u732sgxeyta25hfwwrn65dwnwy2cr9pge,loopr-ust,29233759,29233000,759
terra1f3syjwlqfnfur949tsz86dhtnkmpdduy565usc,mir-ust,21278224,21278000,224
terra1l3yvq7gjh2rgjzju503lhszxpergkg4mn0s20t,bluna-luna,341340280,341340000,280
terra1u8rleslsmq0zcjsnj5yqtzeldfks7hvfjk3zjp,anc-ust,626184795,626184000,795
terra18mkxvh6kjnnddkqysmkr5e5dmeu7lv0hwu73aq,loop-ust,20900324,20900000,324
terra1ldj88muw46vgme046379snz8h5l77c6ph9rtcl,mine-ust,333785387,333785000,387
terra1wnr7up93m4xawfke3mqay2ldpu2y0ka2x6hljt,loop-ust,344530620,344530000,620
terra1wf9fzdxv4a9cvm33kvt40lup0stqjtw0qpsl3u,loopr-ust,148168461,148168000,461
terra1hhrcr39nt8hjk2rt08dmyw8xwgvkfkcv96a3x2,loop-ust,23083461,23083000,461
terra14pq0jfz554quvwagd0zv2k8wks6w7ghcl4tq7y,loop-ust,49740170,49740000,170
terra1l9886s72uzqp5ea0drs4njzg28h8s0d5q9ek5v,loop-ust,2348340510,2348340000,510
terra1muueuspnlgcyjmkxww8urdqvpnsxquplypxufc,loop-loopr,231761123027,231761123000,27
terra1t579wux757ejx86d697z3dvcmvfc8g5ewp3s0k,loop-loopr,2984566636,2984566000,636
terra1hety6td9kgx94fr2zwt3k0g0tlnd224vqt0peh,loop-ust,322211683,191696000,130515683
terra1s56kv3tveet3wvhw2rtw3ehre6fj56ljz94zqj,loop-ust,1119437821,1119437000,821
terra1ydq3y6eygkrhkgqfu4aajqfuwhj2dkalyqqxcs,loop-ust,47059067,47059000,67
terra1hjfrtcyjpqtn9ttj8tzvkw9j4zgg4r5te827gn,loop-loopr,49758853648,49758853000,648
terra16nemt504js94m7q95pj8knrsqdm295y6xj73xc,loop-ust,15566072,15566000,72
terra1mxlfdhzaekxp4jddjufeczrvy05v9kgas3hvf3,loop-ust,8946700,8946000,700
terra128nh8u5vnf3refhadgj5lsuyhrgfrygm432u2r,mine-ust,88031801,88031000,801
terra1rkzwt09wuxdcn30r92s7u3fp2kq0yvxxurvfgd,loop-loopr,63552017,63552000,17
terra19rfppc4v4czqqs4h423f9lcmh8uv3ufte7uxh7,loop-ust,9341359,9341000,359
terra1z7lucmrnvr0357zkvmkmcazngqggc0c8jvsem5,lota-ust,59611592,59611000,592
terra1t573lnnetq4zs2d95jjwmcknssns7qqm4pcvmt,loopr-ust,640594112,640594000,112
terra1x7ph4fnsx2fpn65nggk64yfjjthhswuxp9684d,loop-ust,10572956,10572000,956
terra1wftqy77wk60ewe97r8l8gzn7hnl26x9hkrnsal,loop-loopr,1164468350,1164468000,350
terra1su4nxmtesn0uu2q6lh37xyell3cslmqe28amjt,loop-ust,1713658,1713000,658
terra1cakyups5da3a7nxv4pfht2rmefnveg64828yu2,loop-ust,20538199,20538000,199
terra1f9wpnxdyfgvg2wepnf5ugd4q4c48hjmadda827,loop-loopr,428593338,428593000,338
terra1uzdxvr4shr0v92fgcutm85ul90xvpj0pz86k0n,loopr-ust,80453884382,80453884000,382
terra18k5ydlgf70klq7lkl549l77uwsqq557p43de6t,bluna-luna,11473902,11473000,902
terra126z6l6rxlqkxl9w8aqeufkgy2rpa4tw0srjxpr,loop-ust,178211060,178211000,60
terra1wa6ndfa47e05r9t225fyx5upnwzlwum3u97d52,mir-ust,16948081,16948000,81
terra1z8qfx7qux2wuxnv43yczp3uwwk9rrth0hln8kc,loop-ust,2743740,2743000,740
terra14jr7t8cqhf2c60vjk4r2vq52emszsd8pkuwycw,loop-ust,53859344,53859000,344
terra1796gs2upzvj426mm9dcfayk8ze74pr764kdjmd,loop-luna,3013591,3013000,591
terra1nunr0l7fwmjwl3hpcftm7gztxr4yea6sl244ss,anc-ust,398405854,398405000,854
terra1nw5c3hc3t3up7hkxajx4p73rdfksaq2unns75n,bluna-luna,69289,35000,34289
terra16rjqll87x7gtgc9jexg49292u4hz5zpl0p9fcu,luna-ust,4578159,4578000,159
terra1tn6x22vz5e6qcyzpa7rzj3uzr4x089ccv4km2u,anc-ust,21350166,21350000,166
terra1tkz0rxjn77mzmun0rp957pj44p2uzekemq2l40,loop-mir,8753707,8753000,707
terra1ahj0e7z8704egs7e4fxv5v8ylejg9cprxfugan,loop-ust,8898814,8898000,814
terra1c9m5cm6xtaxq47ljpfr9kwqx7vt5eyatsw4fuy,loop-ust,2086539028,2086539000,28
terra1w6wz2h8ku65yru0smwadhtuyp5zugux5hatxaz,loop-ust,6406232,6406000,232
terra1vlgdag75yenml9m7r4z9l9nqnvpnx3j3dk7cad,bluna-luna,716015,716000,15
terra1p446f0a3tnszh5pg50v4020wlp9g07qnq9h8zx,loop-ust,454420727,454420000,727
terra1nup9lphq2lefm9faqnq23cx6v20ywtu3pr2j7e,aust-ust,850942332,850942000,332
terra1u376xnnv5gg0j5s9lp2v6ecrh0ranr32wma806,loop-ust,181121367,181121000,367
terra18ava2sulw4yap2uywrvt37whzghvnm7shvwqsf,loop-ust,337534242,168759000,168775242
terra1qnh36lgat9zc26m9wla8ey55nj4mtyyl3yjfuz,luna-ust,19461917,19461000,917
terra1d0r2pg738c6u3l4jrjsgw7w7xlxkp7fcqeek0g,loop-loopr,920517644,920517000,644
terra1cussnpzm5q44w6ylgzgql80f25ufd6t479rkut,anc-ust,279200812,279200000,812
terra1ua9en3zfzaxrxq29cardr3v8nrutdztym9ccqq,stt-ust,128782762,128782000,762
terra15jqkqcg7unnmgv48cmj6rzjfm4f4mjc0pckvxu,loop-ust,5248337,5248000,337
terra155aqcz7efn899xlyxyuyqnelsdsx7khpgcgvvg,bluna-luna,431523079,283264000,148259079
terra1kdh4psqrjxpf289y6zjrpae50qffmtfdw73ml5,loop-ust,269801713,269801000,713
terra159fxsdmk7gqrg3fklawz24kznee9xpzt789zxj,bluna-luna,99528015,99528000,15
terra1c39hxzzv2jufn0k0czeg9pjpds5dcnmcfxz6l8,loop-ust,144580197,144580000,197
terra16tdqpk30gzhnclpv3exkkxstw5nf30z0xckt0h,loop-ust,29180855,29180000,855
terra13s56yy67u6zjvwvtgy8apjc8emzweju4gpzfcc,loop-ust,1295537,1295000,537
terra1ayagm6m8ln6qvmu6pyzrslylw67q7m0z3tq60h,loop-ust,10545877,10545000,877
terra1l4mpnxhvrca26ge5mt4le7uh8yvcknv4ar42lq,dph-ust,30355536,30355000,536
terra1vk5yuxyyz3agme4460nnqrpv3macxy9yljknsr,loop-ust,101671360,101671000,360
terra1skna2tng8veq8n9h2wrx6wj8txt4pksdy7ep7y,loop-ust,25817585,25817000,585
terra1wrxztftzgpck6lp0va86k808k5pvanfe6mzp82,loop-ust,6066843393,6066843000,393
terra1v3u2ztzt23kzahhfrjjvvh7k5nanpgud87w3dd,mine-ust,1224748916,1224748000,916
terra1eyvqzhemfnv9s422d7x5yw2scpweh30rn0yx3c,loop-ust,9039148,9039000,148
terra1t8nu39e3s4m7ay5slas8zhq9mt9w0y34y0xt53,loop-ust,149304912,149304000,912
terra18c4ksdagpgc0ke22xcspg2tn6hewpz9etaczgu,loop-ust,524805354,524805000,354
terra1l9vx5paf4hcjmfjxj29exhysurqvr3dpcmtdqv,loop-ust,5681603,5681000,603
terra1mc08p2fuxjlq7cfzg5yyl486r6wx5kddt95l9t,loop-ust,8575381,8575000,381
terra105lvnvw45q7r6xdtcg8t4apmldt2asptlg8zc6,loop-ust,4600702,4600000,702
terra1qfhavhzlu5sp4w6y8y70ntjdvafym4n557zeug,loop-ust,1784168,1784000,168
terra1gxr5msgalwdklmd46c6ncd8p7rxc9rhlej3tjg,loop-ust,20706396,20706000,396
terra1gjj2vs3whklxcjnzca55t3f6yrktnf4y37552l,loop-ust,1889903,1889000,903
terra15ymv8tnwzxhk6ast0wkzj564uk0j9muexmutla,loop-ust,4642277,4642000,277
terra1v2876gjpf629u88pjaqh2altaq93tpdhrezdtg,mir-ust,515398843,515398000,843
terra18t7xhf66pa3n07mngssaeavcm72dwjuatpe433,loop-ust,4226577356,4226577000,356
terra1u48kjlf2n0s77v0yhkmle58rdqgrqmdam0cv56,lota-ust,1726610580,1726610000,580
terra1upv0ftwkgxf0wtt7sn6qntr9yfe8e5vlsfyd5t,loop-loopr,34917692,34917000,692
terra120ndvmup55vvcwvmsuxy4h4lv9dmgs9hklkudk,loop-loopr,568671177920,182902485000,385768692920
terra1zysj2c4uwz3g3pvd244l708q6g7hr6qj563nss,luna-aust,8401780,8401000,780
terra1ys0mrqrecnt7d9yg0rvpj8jf704dte70y90c54,loop-ust,14273965,10000000,4273965
terra1wqmvkzjq2gaf6pfhj5mnyewrh7qw6nj5rn2a48,weweth-luna,330019,330000,19
terra1hgmrztg98fvhwp3m04eptulrg0mvkka822e9n9,loop-ust,1866028648,1866028000,648
terra1kznyy6tta8ju607m9k464me4pyps6wc8emjak9,loop-anc,556212958,556212000,958
terra14ggz3gcu2yampd6xyrp8t9k76xdnmwuptchmjz,loop-ust,1671207294,1671207000,294
terra1xtdpnp9m77mkfv6yd72uthsu0tfan7646e4ucd,bluna-luna,49675562,49675000,562
terra175uue3ztzdemameswa7dpu60asrauzc8u08kmn,dph-ust,9836481220,9836481000,220
terra1crrges2lef2vue6jyap99ktnm5dd8dcpu99t2g,loop-ust,5212428,5212000,428
terra1za6mw0s69kfjvl0ct5u9m5amsuyvmtkctvxmuc,loop-ust,14200078,14200000,78
terra1dvlaa6qlml3jptlkhhr48w0yxtlshkc8f76l8w,mine-ust,24257637377,24257637000,377
terra1ngh50yj9ckntfcea36rux0zu7mph24758ah63w,loop-ust,472253728,472253000,728
terra1cjtrfkjlmcndtgh0fjnzlx5svme09tyerpazzz,loop-ust,10794113,10794000,113
terra1vjk4cvtuju3evdgcqj8n6xy7tkwy3nndfe3ve2,loop-ust,134891072,134891000,72
terra1c2uvx836slp28u579ymah0elkjypew5t59m9rf,aust-ust,3718731852,3718731000,852
terra19pkz2kk64uc6zjts2ejv59wvvfkkg2ylusm2kr,loop-ust,14279945,14279000,945
terra10uswk2ted5seqnx8kg5cxxndzzet5kx8lsg7kh,loop-ust,96597392,96597000,392
terra1r09xt7s5dlqf9ypfw3m3llx9ejv4mxhk54hedd,loop-ust,2305448,2305000,448
terra1eeye7cszslqenh286n4atlwlgms3afdcp6tauh,luna-ust,6253382,6253000,382
terra18dqxc2j9s3epgjzy9gygfn7h2s6wujj3t7k6w3,loop-ust,711300267,711300000,267
terra10v94ulkujhh5wsjk9y2p2pcluuru3m86uvw06j,loop-ust,3811606,3811000,606
terra1c5p98c6ejtn4k04zas60tryer3mhq7l9wgqqzk,bluna-luna,244948409,244948000,409
terra1arceg47e8xpwt7ttfh3cx7pjxep9d9vdrt3gtv,loop-ust,53034131,53034000,131
terra1rfyxvvdwh0kh3dhefulv46z0sgesnk60y34j47,loop-lota,5785863,5785000,863
terra1u4y369d7745ezmmyq5wtff6mc2zsm66fc6n76d,loop-ust,132575463,130847000,1728463
terra1u48kjlf2n0s77v0yhkmle58rdqgrqmdam0cv56,dph-ust,4918950774,4918950000,774
terra10ns02yzgk5s9zy0pg97400gsdkvam85675mgm8,anc-ust,2921226,2921000,226
terra1te92f59m4aemaaauh2qt6q6g62355ekltc0c2v,loop-ust,283375487,283375000,487
terra1lax8jeukdf76acp62kuk08wgymjg3v2k0z74kw,bluna-luna,1101821,1101000,821
terra1c5ppmyr8fdspylexuhvlg4tnyt9wxzuu97sg5a,loop-aust,40476411394,40476411000,394
terra13qgj7peja32a7ck2y5vjvywynh8eu9helthkgd,aust-ust,129200521,129200000,521
terra1kzha9473mcn7zdmmt74jfpqcz63dtcc6q3zu4v,loop-ust,104825298,104825000,298
terra15cvthqpl08509zhu0y83htlym3ttegpykq2avh,loop-ust,116114404,116114000,404
terra1luv47lksjyjxqesxej6av75mvrwzvxj5xluz5x,stt-ust,17738682,17738000,682
terra178k9pjnx7vmjty0nj0lc63znmntggm3gr6ae53,bluna-luna,6957801,6957000,801
terra10alcvevspdk630c64n8pp9a7n60v08vnm2j0e4,loop-ust,274378355,274378000,355
terra18wz8ntqc8xju9r2k0d5mfp6670lncv5sxyw026,loop-ust,122225568,122225000,568
terra1wjy3k9dczg3uh5tnkd8yeqvh4gtkk3fkwtktz9,loop-ust,18693470,18693000,470
terra1qdzh5rmzteg9yyh700f0wtnu7qcyxpuktzd9cj,loop-ust,38029280,38029000,280
terra1qznjtvctxr4s6rr3qnkvkyzmku25hke3selghz,loopr-ust,11142259988,11142259000,988
terra15hw89vfyxx5t4686m9cggmaz7qp0ktw5q7zhur,anc-ust,1724799439,1724799000,439
terra1uwge0pwet22tt356934f9zqud7fc6mgeuq6z9m,loop-loopr,911793787,911793000,787
terra1hwsthssfl8thntvwjm33nc8ksxe88g5tf54jwm,loop-mir,442171724,442171000,724
terra126l4drwzuldsujmfkwq6qcsse43uudxpqagjtk,luna-ust,5059203,5059000,203
terra1x0mx0amtpzhcjvrt0shmyw2w0m3ndv9d7ygp20,loopr-ust,1239448278,1239448000,278
terra1xrs6txj5t4uj8n2dm2xh2lplscddy3kknrafc6,aust-ust,6862463079,6862463000,79
terra1u7w5dmpgklln6gx4q3y6saw6vn5pgmsvqsh9da,loop-ust,317203141,317203000,141
terra1vgs7mt9sxmk9p9k2ufx6trwhkdwtrp8xp84v43,loop-ust,2615535,2615000,535
terra1cycjxpe6fje8a58pp45n8x04t9x8ekf7j62slq,loop-ust,37942250,37942000,250
terra1uzdxvr4shr0v92fgcutm85ul90xvpj0pz86k0n,loop-ust,2626254153,2626254000,153
terra1tgzx383ramjn4jgn3527ftl4zayp2eez88zthv,loop-ust,9027426,9027000,426
terra15rs5cqkvls0kdzjny02pkwm3px6gt5yqtz9a8a,luna-ust,6017740578,6017740000,578
terra1rnavzqexl526ke5vcf2su9nu248rpq43x55ukh,loop-ust,180648585,180648000,585
terra1rv59z2qlmm96yf8wmess3zjdhdr8frl7kufm08,loop-loopr,269148643,269148000,643
terra1ysdha336ulycwt85zjrzccmyu69hfwy58xe4pj,stt-ust,627576019,627576000,19
terra16lakypgzn6wt96rcw7c0tmgy43sdwhtqxlpzha,loop-ust,10593880,10593000,880
terra17h7mrsa4804873zjdn63jzh62y360l9xgrmp9l,luna-ust,7303547,7303000,547
terra1gc0twkkr2ghqs30dfnz0kpx6z9lmxugsfz5sar,dph-ust,1571224156,1571224000,156
terra1d7zjd37msmduhx2u56uj84vp03d4rhlnpe3hzs,loopr-ust,13893664,13893000,664
terra1wpthufafn4gev4gr78y6z4ngpkyreznupf8j5r,loop-ust,8946576,8946000,576
terra1rsxpj9nmggurzr5a656lrdm7dsdag7n20v9kj5,loop-ust,169362521,169362000,521
terra1r0qyw2klu5at2ut3clpw0tvdnekqc4h6a50n4j,loop-ust,11000891,11000000,891
terra1snzsr9py4jey00s2whr23spype9lhnflv470ga,spec-ust,1496826587,1496826000,587
terra169hlc90g3cj7pay4raxf59xxu2t2rpqnh2yu6y,loop-ust,24334860,24334000,860
terra1z8qu3unaq2qy3gv8s5d4k3almnx6wl4xj3ysq4,loop-ust,1688279309,1688279000,309
terra1ll2eu2c4flmh8vkyq90tzj0arllug0sn4n2ypa,luna-ust,121575691,121575000,691
terra1nrswfpsqmpue8ma7pul5lwnrzkk4cjcda82clw,loop-ust,25331713,25331000,713
terra1e4e8lj45k6x0q0mws92cfweaanyqjqzxvhgwvu,mir-ust,32302842,32300000,2842
terra1wwlypllc5s3jhr9xvn3uh8pfy06xqn7ld0sjxl,mine-ust,415745877,415745000,877
terra1m4vvdk8y8ekc3pquv57atspqhjwfffrm30v4zu,loop-ust,3432851276,3432851000,276
terra1deyxue29t6m2dlkmwmyekf3ftdm2c2dfyxx8nc,loop-mine,342271678,342271000,678
terra17ul33c7ua3rferznaerlsugdc49m6k60xe4ctk,loop-ust,212663302,212663000,302
terra1c7hw9jfnsfv56znkd3kawawfhck2a7s456ffnj,mine-ust,37721581,37720000,1581
terra1hesyrhru7tyyvd2wkzjeac9d2xf7ta9a3c2pa5,loop-ust,4486021,4486000,21
terra1xqsv6xwly64rmfhu3nme8xyru6j5myt2p7327w,loop-loopr,3057231043,3057231000,43
terra158x7qppkax0tpeql8dus3wc4gamtfl7gwrzgrm,aust-ust,7258102,7258000,102
terra1pzlpxjpza985kn0272g6rfme0e96tu0us92pye,loop-ust,9779233,9779000,233
terra1duyzcutph42ywmfgrpnqpe3e2ayhj9m86eze6a,loop-ust,31365319,31365000,319
terra172r5wp4tar86tp8g9a9cvlze4nr9lj93wg74lk,loop-ust,9158078,9158000,78
terra1a29p0vq03nsep2zm87z3x4mx9aw7gaup78zsyh,loop-ust,121314143,121314000,143
terra1x36p87am56jg9vk2hw38dl44sn4fvk2vunrlkn,loop-ust,3041607546,3041607000,546
terra1luv47lksjyjxqesxej6av75mvrwzvxj5xluz5x,mir-ust,24729510,24729000,510
terra1eph7uhygs0feplhmwqwn8uavycz9ey9psthkx8,loop-ust,19096752,19096000,752
terra1zlr8xu0z57dx4n8kxnf9ngfp36y3ktg0wm0d89,loop-ust,1038224270,1038224000,270
terra18tznek6zzxswss0gguuuq44ngrm2ewqplj5mht,loop-ust,467243979,467243000,979
terra1s3huwhlpy076xunnp4agdvyrqc27sf7r05rpmd,loop-halo,1908313586,1908313000,586
terra1su9eezuavy8g9meurwns94236en6aug8mqymwe,loop-ust,248045397,248045000,397
terra17hte2lwjkntj2hqs4dn6yxn6mz6uzfal39vmf3,loop-ust,97259181,97259000,181
terra1j9fw08g28dy6a385ltjljauv423nalu2xyl6n8,loop-aust,1791236040,1791236000,40
terra16k72zvkk4s7eurwcy5h4xaunsr0j7tmucwr4a3,loop-loopr,39531462713,39531462000,713
terra1hjdau92fp47tvw3ww5mwzay9r0gjvakvx5epe4,loop-ust,19510695,19510000,695
terra1d2mjhjhhjrtqwccz8xp8m5u2jxumc3rs3hkg4r,loop-ust,6112942,6112000,942
terra174fzaef3jpvnh2y82vpnst7wjwkg8ma0jp2nat,loopr-ust,7628359171,7628359000,171
terra183jkl3ufql8uuy6a2wevk9x2pe8vgze376krk0,loop-ust,20033999834,20033999000,834
terra1wt0efs6rvs3u3j9sfn5zct7kqq2jf7nnsp7ahs,loop-ust,121606162,121606000,162
terra17wwpmv438w0u56qmqlftvqtdz4z4n0jge5msr0,spec-ust,259073050,259073000,50
terra1ax38t0mh35g552eep7rfvtjl2855gudu9uher4,loopr-ust,35438956,35438000,956
terra1em20lkl976zx5a0gu4qet4fj86wqq383spcern,loop-luna,225897032,225897000,32
terra1xthdzzwktglf545mj3ssp23vdytmh4llvq7725,loopr-ust,12023852,12023000,852
terra10043vj93gzuh7glrljna27h5fklps634xlkal5,loop-ust,6594919,6594000,919
terra1842ghgn5jv2842ftkujn6rvnyg6t9utjpuehhs,loop-ust,8799465,8799000,465
terra1pypclasmmepkft52c59477s2nj0huuhnzuw2na,loop-ust,278931164,278931000,164
terra1x8gj5tdlx5y9hvjkdlf35u3w5jpvpqyc6sdp69,loop-ust,53400864,53400000,864
terra1sjg6qxvtqrkzc2cxl8kdya4709g7regq9l3det,loop-ust,640663119,640663000,119
terra1vu9sjkd4sw8d38hjcu7puafurcfm0kgarqtqym,loop-ust,9862518,9862000,518
terra18mvljrawqw90tvq7h37a4a50wnkr3h3yghlex8,loop-anc,713029739,713029000,739
terra194m789hc6295tax648w7ec5mfsx0lgd4hr2u5u,loop-ust,153674230,150000000,3674230
terra1tu2glaehgxtgwu7v3lg9z8txvqsemlm40cm4fz,loop-loopr,320264274,320264000,274
terra1fp0vypwyqhxas70lvc4f94z0vl0mjalyqzkfeg,loop-ust,5000990,5000000,990
terra1eep5c99733ee5540nj99sefx0q4humv3sk7yaw,mir-ust,739997868,739997000,868
terra10uksjzmzfseluu7zv7whalkwd85xf4xljzgzam,bluna-luna,151615819,151615000,819
terra1mwr9rsrw33lzc00z5e3fcjuqj6t6samyeav68h,anc-ust,22532526,22532000,526
terra1y3nqmqrvefc85zlax26h9wr6mf5mxsx28gyp7l,spec-ust,373557726,373557000,726
terra163gjxrd4l0v5eveg60rlrw74au9xxd7qnl6tuv,loop-loopr,2676159528,2676159000,528
terra1ms8346jet8c2svhzgevxerd7pc8l9jaank0lgx,luna-ust,789188961,789188000,961
terra19g2lm6crd5a8979e5uhyp0gq6slsfmjhu60xwd,loop-ust,400561831,400561000,831
terra1uyf3grwyguqg5nt66d0rpgh2tmfxff6gcejrpu,loop-luna,2394799,2394000,799
terra1mnxs6h35pqy9afkx7n2eah9ey7wgp2mfu2u8xq,luna-aust,354995377,354995000,377
terra192c5tr8h03wuxjcv6n9ewfmemn64gmdj3d67lp,loop-ust,101352506,101352000,506
terra19pvmq4ttddcys2qzqqkvnkjpkfh3q8wm60yger,mir-ust,223106678,223106000,678
terra1evcng68dm0k333yaa5kxey7wp0vslteffcrw9u,mir-ust,1254873700,1254873000,700
terra19hyu3fsfw8mtlqag9kq826gfd0cpujw6j0zj4e,loop-ust,5923685,5923000,685
terra1cml5mmsdh674943psrlvsxva3qxrc4qapq8t33,mir-ust,410290554,410290000,554
terra1h2wps5ege8ejusen03y9ntjl2vn4xku2zerxxn,mine-ust,20372309822,20372309000,822
terra1znjasyuxkhh89wu6hc6xr0mgp5t8urzkef9z63,loopr-ust,580811698,580811000,698
terra1kuv74w0jmlu4qu2tfdnzt04s5qxdw2625seslm,loop-luna,770099290,330996000,439103290
terra17l6wwu6xwqkedsl5h4dsmg2rl065260p28tjnn,loop-mine,1541729448,1541729000,448
terra172xh6g3jw6pt9dv7rzm85kcasg62dngd5a0pre,luna-ust,25104825462,25104825000,462
terra1ls4x3snanpl6fhpd9w7kyr7v5hafe6uq5w4w5m,loop-ust,17898501,17898000,501
terra19v0n0hayzykrw7mutfhe5ve8accq27jkffp89j,loop-ust,15994391,15994000,391
terra1736hkg6k77ltrd6sk2zeuw7g4rrg8hq7k96yqu,loopr-ust,38315390,38315000,390
terra17lmscgmh3saatatdcj6fjr0hq0t0zzpfr8r7z6,loop-ust,112503592,112000000,503592
terra1dxjsejvagrycrktc8sa4ra5kg2h4tf7y2zha04,mir-ust,5727520656,5727520000,656
terra1sxuj669hjtqm8m8j557jemdn0kukylgsjc99uq,loop-loopr,9010109796,9010109000,796
terra1ksacw3wcnjj905l65q0k6mm84qc2snpmln9cel,loop-ust,8824812,8824000,812
terra1v5cdtk78ayh4p3a4v2ycegk4wr7th4s3lakzuw,loop-ust,64516435,64516000,435
terra1vyl0tqta5329k9nw23pfnhcd0g30l88sf9rm9q,alte-ust,1135222677,1135222000,677
terra1vqkt3xnsdwqk3vwwdd30s29yan9w8y8s5l37f4,loop-ust,204460129,2900000,201560129
terra17xzdwvv83kzjppju7c5qrafjzz8k5jxca3txr5,stt-ust,564460194,564460000,194
terra1al9vjdp6g3afeadpxselqum5u26ednuca5nyzy,aust-ust,16917849720,16917849000,720
terra1en78vyplxa75tvhwk9axyq7essen4t09rcg6sf,luna-ust,1374929806,1374929000,806
terra1wujgpqp5vmnh7dtwcxe4mm53mv0s9zmj9araa0,loop-loopr,162681547,162681000,547
terra100rx2gwpmsmffwlc6t4g2j0m62zw0jttgsr5kv,loop-ust,27735052,27735000,52
terra19qdxzhap5s06c0ue49mky9mvwykcps3ed3vldl,aust-ust,2788038767,2788038000,767
terra163gyj5kj6xdcptxfwcevcsf347zesly0hvqg65,loop-ust,9385412,9385000,412
terra1xmja9vgns2cmwpg6w4sg4c9jtmp9tu7uedfknh,loopr-ust,61351806,61351000,806
terra1j40lzte3anghmdqdjj3n424npznm9lhhasr3hl,aust-ust,1031645746,1031645000,746
terra1cf03k52ya45rf7kmjzkq2mfkrl3zhgzpxtzjj9,loop-loopr,5551250903,5551250000,903
terra1jvvcgtyxr46506v9ngn3wmr6ygra0h67zjzwz3,loop-anc,4820276309,4820276000,309
terra1d92rkzuushy3fkve2x3lljjffw4r82j9arqnxw,anc-ust,144977584,144977000,584
terra1vxs3qmyfz3r6egpj7w7e6w9quxvjenvr4vt90x,loop-ust,1239271949,447779000,791492949
terra1uxx3elh4r5sqt2c5xjf7kleveatv7tx22x4u78,loopr-ust,83422367,83422000,367
terra1aw6gkk32nqek9gcwkstumn37mptc0vc7tuvpcf,loop-ust,7992556,7992000,556
terra16frpvqdey09rzs694l0zqdyamxem0jk4gj0nkn,loop-loopr,5017008332,5017008000,332
terra18qwpe9qesfl0w7vk67049qvnmq98vq08k6rfys,loop-ust,23074393,23074000,393
terra1nqtr2elcp5xsrr7e9g9uhzxd44uc884jn8qud8,anc-ust,225280699,225280000,699
terra19xx5vtudqxmjps8c94gmzdpntjfwhe0j6vl3gj,loop-ust,28430481,15708000,12722481
terra1xnpmpzxl3u8fcuf06tzplx483nwuxzcpkq8drm,loop-loopr,113833387,113833000,387
terra1kfljxudj3lved09styhzw05xsvxenry6qmtjcv,loop-ust,25521186,25521000,186
terra1f32effdm7q3xz8gy75jud7yw0jhrkf7yumm9xu,loop-ust,40626356,40626000,356
terra1dg4r27pldg83vy0x6tt79uus9nkc06jwdehhn2,loop-ust,14589367,14589000,367
terra1e5mm22334drpkgtsumpjazuta982cn4f9dzdr8,loop-ust,96819361,96819000,361
terra12crkqfulsv8n0mwew75rsckty264eargnpj4xy,loop-loopr,2174834660,2174834000,660
terra1dr0hmwn09hz93azzcehgxqq08nguum3f7dcrft,loop-ust,433747624,433747000,624
terra16v5ukpw8y6dzq8yndcet7txddr2e08xlwdpf5v,luna-ust,5579423,5579000,423
terra1el8hvg0zna059ely8g03ntzlzxs5gagfgnw97r,loop-ust,13305106,13305000,106
terra1kpu7eag64rkfee00vlz2xv4rpd60nwk596m3z4,loopr-ust,10323958,10323000,958
terra1rsyn72gd2dtncz3axztmmf28phrndyjjyu986k,loop-ust,154963192,154963000,192
terra139r8ygufakwzpnfrkk52hglf54devje7ey2ye4,loop-ust,121903031,60903000,61000031
terra17e0cx7s3skr73n9t824svderqxhmw7z7wcpfhv,loop-ust,89836064,89836000,64
terra1q0n23y8kgdeyalhty7qhrxdur5x2qg55ty2dyv,loop-ust,11445895,11445000,895
terra17w2eg04zhr55htlw3nfeh46dy3pueap57qpzvu,loop-ust,10243779,10243000,779
terra1llzv5fkd648mmzt9nfmfjumhwpcg9qq205gzpe,loop-ust,50183694,50183000,694
terra1tszs0y8sxlve3yx6g42ppe0cfglneqatv28dax,loop-ust,700211843,700211000,843
terra1tg72tmkf5lgtp72pda4fznwc957lw6wc8tvanq,loop-ust,52018581,52000000,18581
terra1uzdxvr4shr0v92fgcutm85ul90xvpj0pz86k0n,loop-halo,3249731902,3249731000,902
terra1wuve56yuc69tpv0v2gpjn26duzvxek2v7e9v8m,loop-ust,26155237,26155000,237
terra1fda9gmjq2ajq8m5mmp68s5xnt5lwmpgkgrzg9c,loopr-ust,2204163409,2204163000,409
terra1ky399jwnpfmnn0dpj0wzkc26kp4eaj6vqlux0s,aust-ust,920516312,920516000,312
terra1upp3cwcefhyhxv9lvepv8xw5xv8z03n89scz9n,loop-ust,44464281,44464000,281
terra1gkujlzytdnznmwfps2phyn0qghrhhvyfcupnkk,loop-anc,7156991,7156000,991
terra1t7ljk8ftykz5a99he4zthyd0q42qtatwq4220x,loop-ust,19661532,19661000,532
terra1l2nnyq5skkkryj2h4r7dadwzsynq72um5gw6qg,anc-ust,56328647,56328000,647
terra1cusdke2h6pwrj4a6rw96f4j5kyht2xaxwa0227,anc-ust,568794502,568794000,502
terra1n5g7s9svjctf3ulgrx6rqhfpln0gd9v9pfprvs,loop-ust,536755509,536755000,509
terra1pu95j4tw4zlum6uqgle0atelxhvml34334yk9j,dph-ust,28611946,28611000,946
terra18pnwpge7mjqpzrr4u8wslt0cy6futqgly7j89f,anc-ust,59902661,59902000,661
terra1mxgczmmjxrml3uj62qfulzwwelkh24kpuzvpu7,loop-loopr,3766400558,3766400000,558
terra1pjx457lldpdwhujtulsdyu3kvx9y3qxhwspugn,loop-ust,27312658,27312000,658
terra1guzznc5cser03fgj0eamludr92ax2sx3ur6vt7,loop-ust,47988259,47988000,259
terra1hhchj94dzn3yaxmvk4atd3rnfycly3cswwa4nu,twd-ust,901859674,901859000,674
terra1a8meyyd9fc2f7uvyr3426cze37aml0053rjfx6,loop-ust,1689289231,1689289000,231
terra1q5jjm7ghucl3sxcl3wr4quz57l6jcqt53thhu9,anc-ust,108178330,108178000,330
terra1pmp5pn4jdaew0e2tryz373e8whac40esazmcma,lota-ust,117466573,116844000,622573
terra1yc6c8w9aj9k4qyp9panvumusuhj9pnraa3yh24,loop-ust,33952326,33952000,326
terra1d33u7uf7s2lngqg562cl2v3ccfep6j777dj5yz,loop-ust,11263896,7062000,4201896
terra1ysdha336ulycwt85zjrzccmyu69hfwy58xe4pj,loop-mine,98157731,98157000,731
terra1umkermkvx66llyn8cy0ncumnprvupl0mck8jty,loop-ust,7284635338,7284635000,338
terra1ratk9n5gtuqakqpfyuhm5uyyqhhkq0uvz5yvkv,loop-luna,779307328,779307000,328
terra1h8557p440fdzzpmxtvev3pw2dtsm4upzm7nxz9,loop-ust,3167287,3167000,287
terra165z39442k35y0pap9vgc9su55yzhqa7gzn55nc,loop-ust,17186524,17186000,524
terra157g9pjkh03xru8tagpnwme9jr0wc3cqgtqut2l,loop-mine,551673307,551673000,307
terra1svvv88jtkhyqxcmcwyhn6snp4sk9s8c4y63py0,anc-ust,1639890542,1639890000,542
terra1ne6dsyn48vajnukxq06zkuzjsc35j5ngcrhayl,loop-loopr,105814935093,46163133000,59651802093
terra12kh2ztcg9dylhanz4rk583eydazqaglqcyrtw6,loop-ust,826676836,826676000,836
terra1gtywgk6pf4xfz0mh0zd2jx80gjmf0f4g7eh8av,loop-ust,6611000514,6611000000,514
terra10k49rxfy0avfdju56jvhc70hvtpxvgdpatx3us,loop-ust,34190231,34190000,231
terra1uwq3qd35y2c6x6p03hvje7vnq5s0ln2vgp7wx0,loop-ust,1667944,1667000,944
terra1j0mykj5ka9t0zxs8uwj8whq59k36k5p7u003ur,loop-loopr,1007863543,479313000,528550543
terra1qp7fkaf4xl04kh0x2gp5p4y07xz8jcdwdq6fug,loopr-ust,834836460,834836000,460
terra155qs5st94a5m9k9240lmjfzxes2tljzk5py7fs,loop-aust,10192273410,10192273000,410
terra1twwyx5stxqwzx7kxpw8fvclvrrqk4djsvr9qxv,loop-ust,52912007,52912000,7
terra1u3mn2kml0v28rdk66g8d0cwch5wggfekydenjj,loop-ust,1895029,1895000,29
terra1c5prznnfwnxvqplj6kjq67tatffqwxzng5pz07,loop-loopr,780237700,780237000,700
terra1sue8ngy850ey6wy25jkf5kkq4l8j7lv5qg535t,loop-ust,7098994,7098000,994
terra1tyuv54yjqkldtf5gnz2qmfkv04wcd3ahgg5udr,loop-ust,10424104,10424000,104
terra19t5kmq3stpn8kctn7r8r262hpn02tre3u6x44k,loopr-ust,174131718,174131000,718
terra1nnqf3lz2hshyaq308we7rtxksmk8rncm0ajgtc,loopr-ust,124094519,124094000,519
terra1xzzap9h809zzw8fm0qjqnme3yt4j64xv072x28,loop-ust,1543102282,1543102000,282
terra1d3vv03sghfj9lyjrwn76a5kla085mn8wl22jl7,loop-ust,44855791,44855000,791
terra1cpj5wudknh78lfkw3lv896zqs3ktw5scjgujf9,loop-ust,452785283,452785000,283
terra1nwfrwd43yuhc2q25y6k26g8mlg5gf7r2hyltl2,loop-loopr,6105232709,6105232000,709
terra1zpde93l3z8xfne2c6t6v7g32jyq07kwcq7zwnv,loop-ust,3906007,3906000,7
terra17yullckr8uejfn4a39n87mufvlrjevfq46wh0u,bluna-luna,47890306,47890000,306
terra1cw25zg2h6zv4x92e3u7gxhujxyfsn8y2lm0whu,loop-ust,4978186450,4978186000,450
terra14hn3nvf6rg5arat4xetyg5xjx6924utz7tyh4g,loop-ust,29610370,29610000,370
terra156w0r4a9z57tpmccvg0u30jn4yjzk2y74a3px3,stt-ust,50828311,50828000,311
terra150v4wusx8pl4k6k43vymrq2fcxfug8sttqzqqr,stt-ust,239946392,239946000,392
terra1nnyg82fu069c4zzlw4vxzm3fgeng0qsg8wqvf0,loop-mine,473774070,473774000,70
terra14pda4y3tl8g3x47sjej8tcn4p94ty2nquxupdr,loop-ust,39436768,39436000,768
terra1xwmkxghnsusccty0jr8nhay5gqhwlxvyynf4h8,loop-ust,490231582,490231000,582
terra1lz9ugye4ggrpsuwp5mn7y6wm3ql7jdvru3ylez,loop-ust,8920301,8920000,301
terra1rptlsjpea4trvdelvj080gange55mv7se86qjs,loopr-ust,779853608,779853000,608
terra14hswjykeg6fk2zszvl47zqjghmct4pjh7ldu87,bluna-luna,1259548,1259000,548
terra16497ay3n60nazn6exydlq70dkv3n85j42uu9d0,bluna-ust,14149608,14149000,608
terra169kayr82phyhmd6g2dkhmhyfdd2r0njstdt8ag,mine-ust,790766609,790766000,609
terra1xpmwh39gumkc60t2f976kyzc24s78rlegftmf3,aust-ust,12359892006,12359892000,6
terra139645x7kry55ac6jwfntar07v0a24h037699sl,loopr-ust,488810859,488810000,859
terra15wc880ueadludege5t2jf2vxs0jqmtwvdy02h0,loop-ust,1909881014,1909881000,14
terra1dy92vl6zqxa8r8xpxg68dge0fstwn9adc6m008,loop-ust,2919594,2919000,594
terra1dasszcavrdh4nqdf94day7jj9k7fcs0l9d76t5,stt-ust,26813623,26813000,623
terra1svnj6sfjt4jpqu4zyacjl68usm0g2zjny9s33t,lota-ust,178745999,178745000,999
terra1uv8pxssz0yh50unxw9uuy9q2neqk8esmhudr63,loop-ust,647859750,647859000,750
terra1wgulkfxn5l4h76c2kwc2l9gsmfd3ewgehak6wj,bluna-luna,55540613,55540000,613
terra1hvvhfedgvkv3rm9qa8jyr7papysfk4jpfae6pw,loop-ust,9785108,9785000,108
terra1vpkpllahg7e8seg5qedklv0p2ryzx9mu8ruv52,loop-ust,25937615,25937000,615
terra1uz3dc4jfuw8k6e8ugyrgvyg6nt25dxqlntcrrq,loop-ust,11114458675,11114458000,675
terra1vf96wnazvct9p63xexpd7yq9el9pzcmpmfhyse,loop-ust,13936460,13936000,460
terra132vkcl4d7c5mya5uwnaw5qzdp98ylj8f7afv0p,loop-mir,353512932,353512000,932
terra1hmfp3vktg22jwse074f0sl490lj8azfqdxhkkf,loop-ust,96566268,96566000,268
terra1avkh38676gxzy0pzzrmwsha8lv2wss482e2695,luna-ust,2581753773,2581753000,773
terra13lhenxzg8gpmrt0rctkgje8hz78sv2pdzzlp0n,bluna-luna,553271,553000,271
terra1v405pz4h23u2alfhdfmnvm066sv5aeqyudaujh,luna-ust,27539040,27539000,40
terra1nksfv2l40zudhhhlec50teq7tnl9rxjdxs4q7s,loop-ust,17521722,17521000,722
terra1s3m5xmx3sdpq3rr9egz5rlq7h3dddwfdsn40wx,loop-ust,5304046,5304000,46
terra17pdvclcglxssyrv0autldf4k3lyvf4umftfrrd,anc-ust,901451268,901451000,268
terra10xx46ahg4av6dy65vncwpn7vsc6v2c6nswjauy,loopr-ust,1898419085,1898419000,85
terra1pmp5pn4jdaew0e2tryz373e8whac40esazmcma,anc-ust,297108539,297108000,539
terra16f6rp4lelh8n9dfk6q8vge77g6fp5u3ecmhf5c,loop-ust,124380275,124380000,275
terra10relddhu5kttluahyzfe6pzaemej8rar9v2vyx,loopr-ust,9466533914,9466533000,914
terra1kznyy6tta8ju607m9k464me4pyps6wc8emjak9,loop-ust,2861010188,2861010000,188
terra1mv5muywfc4d3776henvcw3hutpz6wv9h5f7mh0,loop-ust,3529452,3529000,452
terra1gcq3l8sl0wnnh6re04z5p29jxazqffg0gvc90m,loop-ust,221984496,221984000,496
terra1tslqfdpmrzlznas48nzkucy03r9tt2vdf90dtg,loop-ust,106357661,106357000,661
terra12h6efzmph2zk8xjygu8tl0566xf0tz267w27dh,loopr-ust,1463352864,1463352000,864
terra17hv75nfuegrnqc7g0er5r64jwdpudjmkthtrjc,loop-ust,907880,907000,880
terra1kadf3cqcfyxpvdlu0sg82ayfkpv6g0nzmcmk9q,loop-ust,178951979,178951000,979
terra16ht6gu6m5qkttfju8wzezrp0egzs6e4w2pe322,loop-ust,29924869,29924000,869
terra1jtd7mlm9zqmhyufvqnlzzq50fln8vm0nmpg6uk,loop-ust,594691335,594691000,335
terra13vqlfe0lf6wukt0nxy49548af8eqxf02d3htap,luna-aust,101965963,101965000,963
terra1vsm2ylq5nf9yky2yt5n7acgf729nlmdsun94ll,loop-loopr,15458448917,15458448000,917
terra1utvzcz0lz9tw2yhqhqqdmdu960x4nuz89qx9kt,luna-aust,23596679,23596000,679
terra1p488cte2m4a0jcqnw8ganfwrqvxlr2l99umkzs,loop-ust,145367097,145367000,97
terra109cj7tufqzwpuj8pj54m9s2r6l5lgw8hhx8nhg,mine-ust,416371269,416371000,269
terra1s2sgq8j3w0957ngf7y2y5sx4a57j52k0a8k8xj,loop-ust,11789982,11789000,982
terra1fq8cz0czwg0gmjth97lhwanpya3kgz2xjzqvcq,loop-loopr,201019857,201019000,857
terra1m4xvhl523nrw54al7x3vmvyhly73zfvy76x4rm,loop-ust,29216325,29216000,325
terra1dffrt8qwkyc70gfuuup7xmgn4casv095wjhf9d,loop-ust,85815572,85815000,572
terra1dasszcavrdh4nqdf94day7jj9k7fcs0l9d76t5,loopr-ust,4430430798,932430000,3498000798
terra1zjfggdypemxvq7t5wy0edum9p98us5gfhtp86r,luna-ust,16509287,16509000,287
terra1p98nd4gud5fpk2wzjzj8wjc78gg7e4d6z6vh8j,loop-ust,15266841,15266000,841
terra1j6l072n7m8gzy3xuwwh67w7dtzwx8k0996xw2l,loop-ust,1156272,1156000,272
terra1j566uyxf0afkdljyngkhtn5umwav6707te4zev,aust-ust,1793531128,1793531000,128
terra1s838sd75ax3umwku9j407m9t0mfj5zg59hcp8c,loop-ust,293037,293000,37
terra1ngcgmr8vk97hx5fzk0c6q02jfujjncdjqm8qqx,luna-ust,126495421,43363000,83132421
terra1lmz8r49x8y78sad2x38usn4f0qpudg5l9ht7qx,loopr-ust,14434457,14434000,457
terra192d3er9qdknhq42rq9gkuwlaahkge36g9lhac7,loop-loopr,48162523314,48162523000,314
terra1gpzj5fma0vm2xpvusmltyz7q8uqee9f7dhfa0j,loop-ust,71711221,71711000,221
terra17a2p3c4gqn9r2vxh30p82fhrmkv095cjng6erv,bluna-luna,17894348,17894000,348
terra1vv6ezmw0mmz0sz692t8ny00us08u4kaxev44sf,loop-ust,13261857,13261000,857
terra1ng7zrkusdflm4t2e4wjk6e68zdg6rgpe3dxgaa,mir-ust,12126978,12126000,978
terra1s09eacgguxlj93xnqkpjd5ng38gz67lfq5mkn4,loop-ust,302863927,302863000,927
terra1axyyw4w36l7jhz3nj0xhy3gwccmmsusxztrxed,loop-ust,2778404,2778000,404
terra1duae6dt7sglsjawnz0pxvvqv58c76d37my0qjy,loop-ust,4908582,4908000,582
terra18nsu0dcctwf2mymatwsaw8kcdaxe965ej87t0v,loop-loopr,149336952524,149336952000,524
terra16ty3fe9cfyaj3k3femce2ffelw27kz26r8slx2,loop-ust,13728593,13728000,593
terra1ttcdwtcr8mu9slvhf9ggkl5hlfzrwac63wapsw,loop-ust,10942731,10942000,731
terra1r5w6zzsteycsp5fzhudl5cs7ksxay5vjl63t7u,loop-ust,13768312,13000000,768312
terra1736cd4esl6raqnsjmc2yx6kc87nf3j63xf583z,mir-ust,289999087,289999000,87
terra16g64rg6n8f5aku8v3r27eq72hctzd6jk3tctmv,loop-ust,146314683,146314000,683
terra10f2cd55d9hpsuwne30jtxa5a8k0t2uvnxtgcat,mine-ust,4547059937,4547059000,937
terra1jd9nkqwfesr005aupweyvznq697d96sp9z3j8j,loop-ust,6451787,6451000,787
terra1wmqcg9r33zvjt7t4vzm22lvjfj42yquvxk0xv4,anc-ust,41685946,41685000,946
terra1fhj9spmhx7n0xfha3qg8yuaw0nrr7x272anrhg,loopr-ust,707412633,707412000,633
terra1997dswkl2t3tpmqxhat52cyyz9ssw8pamgq4mr,anc-ust,567460624,567460000,624
terra1ehkjm2wqfhrx6hkc9jkfk5mxdlxnqjegp6vnpv,aust-ust,8951632568,8803330000,148302568
terra1vfadzfh7fdrcdwj0c4ytvduf8p2acrqx528lxr,loop-ust,93802104,93802000,104
terra1njekzf98cy4gse2nq2jjrmt038wsvk2vtwzfrr,anc-ust,896951451,896951000,451
terra1gy7u5wa7nsmzm6cu33jwc4sgvp50evmqug0f7h,loop-ust,4307226180,4307226000,180
terra1utdeapanx9r0qu3h6x9v57jzh504faf5p0whkd,loopr-ust,5739831297,5739831000,297
terra162re06e3wjz57qzu6zt97lx8xa9zt54kprphlx,loop-ust,12219022,12219000,22
terra16nj8atxxe6l9vyqfvjfy6xypryjfxjjz7cy5zt,loop-ust,40128944,40128000,944
terra1d87643rly2v4v3g8lw6te29mhgjtt6rexdwq06,mine-ust,1522463763,1522463000,763
terra18fs3weda0ey9wx6ugc2lxd3ecwta5gaq702xk2,loopr-ust,17176459885,17176459000,885
terra1u0lnjevlh5ysvsda2tf4hyg0gan97tdcfxqqzn,bluna-luna,11985044257,6762845000,5222199257
terra1p659ck506wzy5feqpxwfsg9q97a3lkvnn8z8tw,loop-aust,61777193,61777000,193
terra1uq2ke2qlahv78hggpfjcfysv85eq4a6qxh7lf9,stt-ust,6112028,6112000,28
terra1uq2ke2qlahv78hggpfjcfysv85eq4a6qxh7lf9,spec-ust,5252723,5252000,723
terra1m878jy4lzc8zmq9ulajvhkxx49ymmtegu3d5xt,twd-ust,25375164,25375000,164
terra16lxze4xucs9a9l2v4acv6ttyrzzg03u7u0dfu0,loop-ust,5186242,5186000,242
terra137ndt2q7nr520t3yekzm4fjxsqcjxlrl96w6kn,loop-ust,7208143,7208000,143
terra1kshz70y45ms9e6a24dlykexqv3aqt6vlsu57x9,loopr-ust,12412624,12412000,624
terra1lc8gmfwrkuncjfst2rgqv8fd6mdttd52uhfm52,loop-ust,19904102,19904000,102
terra15uvcru4cx9tmxnn7watkrz7emv5j5a5p5v2sm8,loop-ust,605467569,605467000,569
terra1a4ckqjnhzd66kveuqhuzvkg6f2rw8v83paw6zl,luna-ust,35774013,35774000,13
terra1pvjgsxxgufv6wuxlvdf8ek3wl23qutrk6akg9a,mir-ust,437705929,437705000,929
terra17m8jyg63xl0tmrpm6z0a4kv0026633gq6q333n,loop-ust,22841487,22841000,487
terra10wu4k96zh8hez9nuyn2mk575kyz0yjn34s28m2,loop-lota,200801559,200801000,559
terra1e9ghexxssqkpxuaplqytkyd75g4xvnf2xha7wz,loop-ust,1366058291,1366058000,291
terra1elzwuxhw0qxea257gnkhend27qvsmsf450mp6f,loop-loopr,5255882719,3377200000,1878682719
terra1ne0t8wctdcr67et76dl47d2umq9cwlfsxve387,loop-ust,178360867712,133789687000,44571180712
terra1sckl3gz3v4gaww3pgdt7jks8xkfn6fledjmrnz,dph-ust,1338925656,200825000,1138100656
terra1vuadzqxa4kqad2s7ly6lgqsdpec0r8h4e3jv6s,loop-ust,6728687,3364000,3364687
terra1xd689426q8mrwvaljukfshkeazjmtgegexa36k,loop-ust,11662880,11662000,880
terra166sl2cla5nntrkys8gyset568x54xwxv5z7kkw,bluna-luna,13726306,13726000,306
terra1lu8e897xerhl796mumarvv4m7xt504u6hw5yag,loop-loopr,8197037904,8197037000,904
terra18j3fxz33wk0jtwl3nhuaq5dva0ph77vpsgxtjz,loop-anc,390130317,390130000,317
terra1kanjdsupnfm59d8qhk9dcls98w075jeq8j0yr8,loopr-ust,63028992,63028000,992
terra1zeuj80zz0mvepn2vsvhkgx6tuve0xpp5fd7v9m,loop-ust,92623796,92623000,796
terra1nw5c3hc3t3up7hkxajx4p73rdfksaq2unns75n,loop-whmim,125036806,10000000,115036806
terra1l72xv27ez68v0swe9ha29txxgcple89dugyhre,mine-ust,2788690056073,2788690056000,73
terra10u2yyswzvz9jsf0stvacpr623lq4nj2xr0g35s,loop-ust,10739369,10739000,369
terra1ug38l2vvu6qjaum5hf34tpq2fm6lj72pshhdn3,loop-ust,416876047,416876000,47
terra19hcm0ydndes9ey3ggxeu2s0cfe0jcjxwvr2hrq,aust-ust,4292245522,4292245000,522
terra1dksmuk66dmc7283lvgedfm6g4ym9egc4e05eum,bluna-luna,9901736,9901000,736
terra1jj06w9mq53jxfjycrzvprqyxgzgvrx0u5nt0qw,loop-aust,1030027647,1030027000,647
terra1cxg0cc3rf5y6v6xa40z9757mmrkdr7e2g7a3zu,loop-ust,20769045,20769000,45
terra1cjv7m6gcel0hgqldv4mun2ygyvp25zx5k9jx0y,loop-anc,183429960,183429000,960
terra1luv47lksjyjxqesxej6av75mvrwzvxj5xluz5x,loop-ust,4927112508,4927112000,508
terra1yqjjr4cfdtfg8lann3jv7s7wkyrx70q6szedxg,loop-ust,7358430,7358000,430
terra10cpeejd9gkvtdqhj2lwjptk3wyj04yfjql9kqf,loop-ust,4743947255,4743947000,255
terra1zmd9aznfjlxgxetshky3jffa7yj9j4kqm0634h,loop-ust,1625702193,1625702000,193
terra1l0enj3crgr6zmqdkqw7khh88fr8lw32zu5388z,loop-ust,137118934,137118000,934
terra1te6j2pqtn5rac8c657c2kl7dkvpgx4xdh2nm84,loop-ust,22881254,22881000,254
terra103xg82d4c37jyd99rxwxxam84nma70f9clqfq2,loop-ust,4746437,4746000,437
terra1tjptf6x0xrgnys353vlv5gev728u5s6742tj5r,loop-ust,47965887,47965000,887
terra17ku8mt6n28dqvzs5sflqkh3a265p260lkc4pwd,loop-ust,136102686,136102000,686
terra1jeflkz2ysrrswqgur5a22u3xenyppmgm0kqdwn,loop-loopr,3992079700,3992079000,700
terra1gmpsjq4wn6aw3e5a8xq0xgjtmhzhyc3cxkfwdu,luna-ust,32056733,32056000,733
terra199pwxes0m99ja825tjkjahdux29rjeqkn3g36y,anc-ust,101216509,101216000,509
terra154ne44gl0p0fhnhpjce5wf2s5ryv7fedld0vhj,loop-luna,84917308,84917000,308
terra1uak3u358ranghcz6ttdxx6893yld7sujhh4gtn,loop-mine,6783817245,6783817000,245
terra10s2c3uyelljf3txn8nzyrrfz3rl8ucql6grtvv,loop-anc,2502133408,496706000,2005427408
terra1h9l4jsx6kj28nwce9k04gut2zmhmaawke3a02n,loop-loopr,2574326309,2574326000,309
terra1p322382hh856uerm6lmksm9jppxmclv56cy770,aust-ust,188622073,188622000,73
terra12qw54vdpsvhhfwpvp6gkuy30aecp3cksrq60cp,loopr-ust,32276415585,32276415000,585
terra1kgygae0ufdxdqlgnxgrz6qgx8x5wjn6paxdckd,loop-ust,50179354,50179000,354
terra1255etglnpu0ul3jpr4wx3uuakep0cqh97gaxxz,anc-ust,55785051,55785000,51
terra18uq0aq23yykt8m9j5c42k33c9p5hxpf8rrzc76,loop-ust,25691626,25691000,626
terra1ucrv77lg6h8hamur7ppam85rdstsd93mpaser5,loop-anc,585448318,585448000,318
terra1gqmwmz0xraehwvhpnm0fycgzekzst63p85rfpc,luna-aust,17724768,17724000,768
terra1dkc3rymxlnhxfqyp7yrx7gxmnzcpfj4r0ea55y,loop-lota,139151118,139151000,118
terra1xmqavjye6tr2j0z5rfhf5hntteadeavfanut2q,loop-ust,10739556,10739000,556
terra13rtc0psw6dysq9g9n2fg422qp6qs6s80dkdnlz,loopr-ust,770946452,770946000,452
terra1uxrxcmvrdgxvftfp76unt0azk3yzn57y254xht,loop-ust,38738449,38738000,449
terra1p7a03u7u9lm5k5jz5nug2k7w2yxgg5mulq4xg7,loopr-ust,602241969,602241000,969
terra1e2xe8080ksuuwu57lygesf89py9knthtjv4dsz,loop-loopr,1544003691,1544003000,691
terra1w82l3xwf8jlys2sat4fudwf7r8q0ezph3ze209,loopr-ust,626478228,626478000,228
terra1gtj6cw2aqr3ea8hq2p3hwu0d43krsug05qaza7,bluna-luna,114317742,77996000,36321742
terra1mj2q8tn03p5dq0xzad2hd2v3u234s2gj9vq5rp,loop-ust,454264446,454264000,446
terra1dam2azx79xduz6y74xzgqstslgfv4gm3p476kh,anc-ust,33348574,33348000,574
terra1vy6jj7a2502xkvzu220u5r79mgvmvrxv7eacu2,mir-ust,55358307,28417000,26941307
terra1v9xfly3w9e0xxm5hc9hvz6m90npjddhg6fkhll,loop-ust,13266621,13266000,621
terra197suf2z6jmmz0s7l0q2w40myj5ky4uem4dxala,loop-loopr,20291029420,13833402000,6457627420
terra1c58equfnfhyr7nuqsfl68tl9czv33tqzqt4c6c,loop-ust,1326059,1326000,59
terra1nmcx8mu8fqhd0kskxv8hr458p3pr5rr423zq44,loop-ust,8819568,8819000,568
terra1rskjymanwc7jshfg02axrdnsjra6guyx99t46s,loop-ust,150961051,150961000,51
terra1yqrl3y5tpgv7wnp5c3gta6edmwxy3jehjev6ql,bluna-luna,1987739,1987000,739
terra1gvu69tay4um0myrw4v6xaw09dhzh27l6y9ya02,loop-ust,9082657,9082000,657
terra17wwpmv438w0u56qmqlftvqtdz4z4n0jge5msr0,mir-ust,226430491,226430000,491
terra1arvh0qxqw0kuks8u4z9e56pp5e0u2rnxgr9gz6,loop-loopr,98110707,98110000,707
terra12xr7jx2gfnjgg3ssv6w55fnlaqzqqfy782dwye,loop-ust,128158879,128158000,879
terra1ek6m2dgpa0fs4e2v36fjf70u6xtn5z2hr73r34,loop-ust,677031777,677031000,777
terra19nce9n9x7zje2hmqqpvtd5dq4t6nmvluczk2c4,loop-ust,65178506,65178000,506
terra1xxuhr9gs7vas58xtvjsn53704lj8mffyajfqsh,loop-ust,83896950,83896000,950
terra1ga7x6aqwvpf8rux4l4h68ugm9ewtps2afqntqh,loopr-ust,551034502,551034000,502
terra1z9l7n6wx83svfqkxa2q782vm7ec0fkrueqcn4j,mir-ust,148338685,148338000,685
terra1wvlz4xfdz6yzq39accyuxkel4qp30lf38lmfsm,bluna-luna,48201097,48201000,97
terra1qmrzf2hzytf6fpuppl4qjs79mev92c5ecch2j2,loop-ust,4825830115,4825830000,115
terra18fp9mc2wg2d22runfc8ztrkr2re3dhphm6emul,mine-ust,30808902,30808000,902
terra1q3x3nv55xctrt4jx3w4ktmfmx3f82c0dhd04vk,loop-luna,10164510003,9667126000,497384003
terra1zqemjm0chk6x8qhgmjg0xsa26ehvs57ep66gz5,loop-ust,20378621,20378000,621
terra1xtdpnp9m77mkfv6yd72uthsu0tfan7646e4ucd,loop-ust,6261296289,6261296000,289
terra109mjlzrgvtmllphfedm7v8wy7yvgr5e0zkukra,loop-loopr,2562294563,922470000,1639824563
terra1ngukxcqxky57unmlfu4hdmxll6erq20mzlpssf,loop-ust,131531001,131531000,1
terra1lpfag8uf4cncvsu9a229a7rjt83x3nr3xr4mdw,mir-ust,49460829,49460000,829
terra1cwa2mm9tmmm3uxkqqa50lfmzmeap9a24j30nml,luna-ust,71104315,71104000,315
terra15ujetdtgc3r760quv4gx5vkj7jyur6ltm8rwea,anc-aust,652009332,652009000,332
terra142pm74252xrfpjnpa0mezhcmmg0237svv7nf7h,twd-ust,107292759,107292000,759
terra1rgpzpx8yt2827ekj2mcpw26pu4d0l4awd48cmm,luna-ust,1052884,1052000,884
terra1kw9x6qlknw0amy4fmlj8eht4ntfzaa8eqfex94,loop-ust,1359206442,1359206000,442
terra16t40zyaql7yespyxp39mqtdf7hvnhupprsm2z3,loop-ust,5372609,5372000,609
terra173ldkuyqgy7daxflydmmtlw96tg2mcqr2tkr0e,loop-ust,283459270,283459000,270
terra1g4xnrkkuccfw0e2rx8xk4vq0lg7a72v4yhl3d3,bluna-luna,726257944,726257000,944
terra1q3x3nv55xctrt4jx3w4ktmfmx3f82c0dhd04vk,loop-ust,60292550123,60292550000,123
terra1hgmrztg98fvhwp3m04eptulrg0mvkka822e9n9,bluna-luna,5958814,5958000,814
terra1htpvhsvgqcfxvkuh5pzg6tuuy2uuyrw0tmmmwc,twd-ust,146320226,146320000,226
terra1x0njjcge9xykawm7dy48va89vj6wvj77wy3a6k,loopr-ust,4289788776,4289788000,776
terra14uajy759k0l6rddhh5jhw6e0hn22kev9wu2lzp,mir-ust,49268435,49268000,435
terra155pg9k666va5ha7n0tk7l860dj9mjydhp5ajfr,loop-ust,151261593,151261000,593
terra1d5pwc9mqqvzuqegnh8scz4dhcn7ggq8rudr7ya,loop-ust,4916210,4916000,210
terra1h978x25tn3lr505qhp8zksywl7dka9jy5hahdq,luna-ust,370535923,370535000,923
terra18ckq06ds7ut5xm0a2wwvk3kl2jmcqua5yg2c27,loop-mine,51095028,51095000,28
terra1yrfux2jzyqf5uuf6j7k7rd5d82lnfhhf0dv3az,loop-luna,94636544,22000000,72636544
terra18h2u7mwksrxkyyk9v4lvpte7yeqqflyx5tc7mr,loop-ust,221111362,221111000,362
terra1rta99ennk3ax4mjky7vw7rdatdrxkh25jnf2q7,loop-ust,89661936,89661000,936
terra14w3hrp67e7xg0c8489xqam739d5qrhfptgpc5v,twd-ust,2637994433,2637994000,433
terra13v3nn6z2v0zu2g03ughesdjjemsvjs8x72k60u,loop-ust,16434105,16434000,105
terra1khxymnj28vvwg0de506tvs6arkvnw86p43n0er,lota-ust,3048125,3048000,125
terra1qpqhl4z005vr4sexl6jpuj69d9xa0xpf5md9sc,loop-ust,55092077,55000000,92077
terra1zmq9wgx5gv579spsfwdh4mrcf80xv9ge5vwxrs,anc-ust,265359919,265359000,919
terra1qrsf98ce0fwq6h3upxk59sl0l206w9kltdnfq9,mine-ust,61478898746,61478898000,746
terra1sdxag2gayvlr5as9dk6v630ql7pe8fz3048san,anc-ust,91624081,91624000,81
terra19gszrwreju786yqr5eecqzsmwzpelnsnanck9r,loop-ust,174296195,174296000,195
terra10p3v87cwdxnvz99xgq9enn29l43eqnhjxm9dlm,loopr-ust,602752938,602752000,938
terra1nrramyulah52d49cwxsc4wmnkxu8zf9hh6ngef,loop-ust,166688937,166688000,937
terra1z25f040e504dvvx29lteru858trrn4ftlum5ug,loop-ust,2916081,2916000,81
terra1vjga0w4fqc557aumr2sccum5hw38h2ukn024rw,loop-mine,136407851,136407000,851
terra1cz4a0nc6xe6u8z0gcnkkrc3yv0v7cc5cy3j45h,luna-ust,37061730,37061000,730
terra16qwvj4llnvu2srkexqlwq2j35spr554xn54d2r,aust-ust,6725741734,6725741000,734
terra14nyucgkdfkc37rn2dn50f96x8nkgw5sdsatrjq,aust-ust,8984938510,8984938000,510
terra15kc2dn0s6k2xmm9gx9x4ypxq02t9lv03wq2zh7,loopr-ust,114549915,114549000,915
terra1wnps2sw0nec7ttptkpk9xfkyx5aluqxxmmuky6,loop-ust,25476855,25476000,855
terra1c8jktgzvswcavwpa5hy0lzh48trm6h40fxds4x,loop-ust,21899060,21899000,60
terra1nuedd77u7f8cdx25rjgnpfe0xvmjn2tf9yrhe7,loopr-ust,80111822,80111000,822
terra1gaxvv4sq5sm58z4u6a2jh22c97etq009z0f7sr,loop-ust,161735796,161735000,796
terra1wnxhzh8dhg3xz7uewd2a8umgz52jeuu07lvdk6,loop-loopr,1199113044,1199113000,44
terra1rm9crml9n58ex2eyuxx9wlnep8jgynnw38tptt,loop-lota,119795276,119795000,276
terra1z83th5e2flnchacahufp23rl8lqugvtmgkpx47,loopr-ust,12180195,12180000,195
terra1ug9lyk4evpvhx30ngxq8k00w9gpuln066wqv29,luna-ust,5492582,5492000,582
terra1zvt3prnyc96v2flnnqgyfluwphp5fh02h0rmxa,loop-ust,145715985,145715000,985
terra1kcpvnfhx0mg77kz4j0dp7h7l9ytynp29rkrxqy,anc-ust,27782858,27782000,858
terra15t0rq69kg9kck43nscfnx2wj2xu8rnyyypknzq,luna-ust,80149284,80149000,284
terra1e88l99nsyuk4g2644a97ll9qm6fdshqg6zk7p7,loopr-ust,300796549,300796000,549
terra1n5v6ennvuvt6xtyywdelhwcv6jckec30jpx7g6,loop-ust,1175497,1175000,497
terra1jmg5l4p3ju2h27rf22lhcszlrqcqnpm8nezjnn,loop-ust,615495220,615490000,5220
terra19dk66srpyvl4fep37k46sx42nxtywfwd58sw72,loop-ust,28888344,28888000,344
terra1h04en0m94xmvcrz43g6yxlurhq9gtwzgd4q95u,loop-ust,279530822,279530000,822
terra15hvlefyuc9s80dczd4n4qwcglxhcnrr2w952wt,bluna-luna,49128821,39425000,9703821
terra14zgdzyz8sqzxzc6af9ys59k0mcwgzj6c8a07ja,loop-ust,13063949,13063000,949
terra1cpevlen8hnzg7ndhgywenqmkl2wpk08l58nlcs,loop-ust,387661533,387661000,533
terra1eq4rjz8wrk43ugayp9n703myddfyc58unt40ny,anc-ust,711995966,711995000,966
terra1k2qypqen3xtg20sqwzhsqq6p3tsup54r86xh5k,luna-ust,109449708,42041000,67408708
terra19acgkagj5vrp7wrefe0knzvm3hp2z0fz69wawh,luna-ust,89677200,89677000,200
terra1y9pusrv2e5dateunus75d7x7kcn483l5ed82fa,loop-ust,2546815516,2546815000,516
terra1wrw23385nj99pkmagk222kwn43aa7xq9ye7576,anc-ust,9470105,9470000,105
terra1t6arv7k6jq8mvxutwesfxmfmk5k9wyyq6wc46r,stt-ust,262646140,262646000,140
terra1hhchj94dzn3yaxmvk4atd3rnfycly3cswwa4nu,loop-anc,176706994,176706000,994
terra1gy49qugz2hxcm5su2ckr0egkctp2hrfgtakykz,dph-ust,2600921129,2600921000,129
terra16vphtkrjykadgu8pasrvk2qze34evrg5zcwjvu,twd-ust,168061764,168061000,764
terra1my4fgy0cnrg9p5wjq93qtc6dxt29f7a2jhnd2l,loop-ust,57618817,57618000,817
terra1mwfjpdth5fl38m43vre5v3xj3gx8wcut9zsx5n,lota-ust,6356596,6356000,596
terra1u7w5dmpgklln6gx4q3y6saw6vn5pgmsvqsh9da,stt-ust,201993936,201993000,936
terra1l2pa07axumatf3qh28hx53rkg7zrrt50xastfa,loop-ust,390246508,390246000,508
terra1u6xuf4stjnq3pwenvgq50hsp6fw8aacfatkvue,loop-ust,119078046,119078000,46
terra1yav59knt8ttd8rwhptsf0cyv3xtk2sunlc060m,loop-ust,338260030,338260000,30
terra16h2yszqgjlm7j550sh97yh8sj9krkhnkfqkast,loop-loopr,1651951808,1651951000,808
terra1wxv4z3a5ztr3wsh2ppr8m8xjkej68pu2jhs63e,loop-luna,25296918,25296000,918
terra1s2wcddd8jsa4nvse8hq3dffjd072znl9vzm20e,loopr-ust,4417248567,4417248000,567
terra1ulared23yej72xrfegu0md9cqkal2q4cz3rgc0,loopr-ust,1650246413,1650246000,413
terra1jhernq3v3r7v4ak638m4nkky3edvg5uavza9a3,loopr-ust,10528389977,10528389000,977
terra1lzzlcya3ck3x7crttthe4nqake4k4jljqr8v7d,loop-ust,3229999,3229000,999
terra1j5dnr9sjv4573d6cunagy5kd5vas5pj9x6ss75,loopr-ust,737344236,737344000,236
terra1qmtlqgdjskjan06zl36k7z3ptgguly3gll86nq,loop-ust,2384737137,2384737000,137
terra165h3dwv20k3hj4h022c3cnjurnr0046ke8ceww,luna-ust,113707261,113707000,261
terra12cpzrj4z644nz0z9txscrdhyqxd9awzv6zrazv,mir-ust,43232206,43232000,206
terra1twlc09t39ha482emc39z637alrecrhjxk62esk,aust-ust,375312911,375312000,911
terra132ax7jfhwzshxz29vqcx9ltuz0fapdkjuuryrh,loop-ust,466751,466000,751
terra19f7spwqund45ttef2j4e7vx7k8mkjngcdh7xrx,loopr-ust,10714850,10714000,850
terra1cfv7m6xtns3hrk8dya846fn3l87qg82ye9syc9,anc-ust,3108369127,3108369000,127
terra1kgx5xc0j9mgquleq8gg6jq6rwwpcx9syjxyu78,loop-loopr,7291538773,7291538000,773
terra1gxt6j7lh9wq4767knwvtsry2wr8qkt452rh2vz,loop-ust,5691439215,5691439000,215
terra1fqhs9yp325knw56u2melrpzzvl9um0c98sjyey,loop-ust,15646274,15646000,274
terra1sq3szr75fne8udrta2u8nxhxca2wq5thqk9peh,loop-ust,146036333,146036000,333
terra1l5wnzze86fwznxvk5zhrr9t9pl9stl8nnr82kk,loop-ust,43521790,43521000,790
terra1v3l8955qjhpvaep4ntyk5n3t5x60r59pdeqdfm,loop-loopr,316504842,316504000,842
terra15mzn3e3pe050tdskfgewdyvre6ktxrle27d6dm,aust-ust,439911055,439911000,55
terra1qwyw5jdsa46nmsjgmmagfkldvcjj9nuvxq22gy,loop-ust,147150592,99921000,47229592
terra1refgs4s3rw0zh8cjez7a4g6xq6qmp90yv9jec5,loop-ust,101688317,101688000,317
terra1828kkllagzyc03py0yjqm5l3l8qsrynlukrvw0,mine-ust,3355515773,3355515000,773
terra17cm77e606sjmyyx3c6kk4v2p090fsza363gasx,loop-ust,244784520,244784000,520
terra1rnpxpjwwua34kjjzfm8ap4hfvgseenre6wqm2t,loopr-ust,22113062,22113000,62
terra1qdu9s02j8f22d8e2p7q3c4u5jknvutquw2z56j,loop-ust,7417656814,7417656000,814
terra1m75rz7l3sysssczv2r508vhtvje9lan5jmrrq4,aust-ust,73761726,73761000,726
terra1ke6grlpcuu3kyw8vfv7t9dc0he0r8q25ejw4g0,loop-ust,1011037527,1011037000,527
terra146g0cyny2mdrlx6u4zwh3kmreuezf8sel7agst,loop-ust,38761119,38761000,119
terra1xw5quvy8mcxstcmuzlh0nhgnew5fcngym8v49h,loop-ust,30109525,30109000,525
terra1qqv0yg3tr8mpqt3zkn80ww9vth3mfkafv9tfny,loop-ust,92366911,92366000,911
terra144xjjcdmwjzeyekcxrrqa4e4kk8y3plsr38c0k,loop-ust,98081358,98081000,358
terra1anvcfpu6vy0una9rk2mae6jks0n6q3hzlykdzk,loopr-ust,1948288997,1948288000,997
terra1sq7lqr8kmhdxtu6exl28ygf0czcflexpsuydk2,loop-ust,47249933,47249000,933
terra13wtuxkhfly9arrrdcsdkm8vt5n9rjmtc8fka98,anc-ust,211159821,211159000,821
terra1afcxzwkf2d9leq7jqm4edp3zhm6hmxcr0uucj6,loop-loopr,12313148452,12313148000,452
terra1q3jra9ux89uf5fa9k2y7ffhyznd337qvnu7lqc,loop-ust,7414997,7414000,997
terra12dk2yxgsjcgukg72dxcdy83s8udwjhkkrrqlau,loopr-ust,330484796,330484000,796
terra19947mgvw0me8vgvqs0xd36pmxwzm25uytjk5wg,loop-ust,12832650,12832000,650
terra1eh8h7yh2ar4dcl6m73qe7j3w033m5wxzkr40zc,loop-ust,24326435,24326000,435
terra1rnhzc7v0z5yluams33hxvqju7snz8mh53c6u23,loop-ust,7634928,7634000,928
terra102xrq94nyp8yh2u23c54lvdx82z6dqyedrfduf,loop-ust,2434264538,2434264000,538
terra1mrmafm6vmkdel6gvczsxw278segvaajfav64ww,loop-ust,82314217,82314000,217
terra1s2srvcyzfa2agegawk7ux3vezm983lgqlpl4sw,mine-ust,105721663612,105721663000,612
terra185yr7z5pphjsutrhdy3zqqlk8v358eqztwzw30,loop-ust,433256683,433256000,683
terra1c4wh6muc268lhezypcnaakgjwm0cnfejrn753n,loop-ust,66100112,66100000,112
terra15rwa3e7pwh56cw5ausuks7lmkwn32njg0l4x7w,luna-ust,74873,74000,873
terra1hzfsqysytw4hej4zz4rgrec3lmhj2vdhj6e7tz,loop-ust,31135947,31135000,947
terra1tqq0gx4jj96nsewenwhngw7cgw63z5f2gvmsgs,loopr-ust,21901901,21901000,901
terra1h6jqug7lqu0x2dkl3xggp9qh7wmd5ltkcefnfm,loop-ust,20477514,20477000,514
terra1ehkqugeruj6emh9n72rtd0sq60afvrvqzv2zj6,loop-ust,77436610,77000000,436610
terra1htamz5c3jyrvkydq6dxpd6vgfucd4lyqfr8an8,anc-ust,71781180,71781000,180
terra1f0jnkgdwykksmwh0nlqm6q4avj7h8vnr85j28y,loop-aust,222773640,222773000,640
terra1xc289v47g8dr99vd9thxahvw5ykrejjr5x7zfj,loop-ust,65419481,65419000,481
terra13j9aw69rdm4qg29vl4nx3ttktqmz99dj89w5ta,loop-ust,35604831,35604000,831
terra1vtmd7vqztlvfcxg5dpsupxsstlealmdnqwst6x,loop-ust,8548309,8548000,309
terra1djtx6juw7t4mljd643mv2kwwz6svq25jkt0z03,loopr-ust,54662173,54662000,173
terra14xvx4cv47c05095pyxek4due5s0c6tk9h5k3ae,loop-ust,26778258,26778000,258
terra1fqvxz39ajlq3yp73rqjl8nvltd2h6hz7kz6qsx,loop-ust,25700535,25700000,535
terra1u4nyjd7n52tpwahxhndq06gnptn2eh4j4crxvp,loopr-ust,6061615,6061000,615
terra1kwmphpd23usfm7d76nf7e999zgtunef9fceltg,loop-anc,13105442,13105000,442
terra1w4zc4g26n0axr5as7x47kluknuwnpyt45hzrtm,loop-ust,25482831,25482000,831
terra10zq7888d34nddyepsywg89s945l7298s0t303z,loop-loopr,12331381736,12331381000,736
terra1q3xxlhsglak6ysytxkeuywj7458z7pn4m4mv5a,loop-ust,10325849018,10325849000,18
terra1fmt9nn8q848fhn4hs7vgczuqk9h2vvzmhtlr2q,loop-ust,22753844,22753000,844
terra1fyura8dvtv65532v8aff9asaznev7rgsr2qjah,loop-ust,45082924,45082000,924
terra1h9fwuz87h7wfkmackhq340l9qht2urjx3lfhlm,loop-loopr,26084876720,26084876000,720
terra1t2d3wdek3rh9qcxn6h9s5yjmajhcj5rr7e0q2k,mir-ust,6860314315,2152320000,4707994315
terra1cd5zs7uyz9fsa0d6v3cvmv9xtg2r56fe4lumze,loop-halo,341741056,341741000,56
terra1uw9uxh5x38unf3uqtrwqgc5ztsmypvdmj87w7t,loop-ust,335916639,335916000,639
terra10vzjv3nja440sz9vw2pmd253ygyyxu6ct0f94f,loop-ust,288907536,288907000,536
terra1kj4jtpp76q6lrflydtp0qa6sqvrx4njqps24jt,loop-ust,127070465,127070000,465
terra1pj29x5twxpapx87zy5zrqc4ae5nq8v9zc8kkhe,loop-ust,18521701,18521000,701
terra1u3wk4rs7uh0unvtkhq8fln4gm7ppcj9qyduyre,spec-ust,65881235,65881000,235
terra1stqjday9pw3lnc9max2pwhm44eaj3gx5xrc8el,loop-ust,7513197,7513000,197
terra154jgu76s29s33levqdr83v280mjgg667e92lsk,aust-ust,35791978,35791000,978
terra163psxwkvxwp808zw5k82trldpf0jw0x3n9vyd2,loop-ust,14950622,14950000,622
terra1jpaa0athdl3j97zqqql64aqqxrahtqyj0anp49,loop-ust,34427465,34427000,465
terra1qljeuz2fucke3f63wfyqmqqpv3jas9jj9q0e5d,loop-ust,304389981,304389000,981
terra1ht5sjg0m43ge9hvtg00n3mpryeuxlleq4gwpt0,luna-ust,2018018,2018000,18
terra1w723426y34cn304rywwvaqzdql6n54nhrmu8ns,loop-ust,187068476,187068000,476
terra12g55sen7vvfwdtrlzpgrdtartmp643s6wzxetu,loop-loopr,3142560885,205053000,2937507885
terra1760s0ks77vl6xge4t9z7xm9quetdfq2ngavemt,aust-ust,43285323,43285000,323
terra13w09rugtsmqaxwucnvm5xjh93s9cj6l2ra57pv,mir-ust,26228065,26228000,65
terra1dwuqzjx0vxhzjhtrqug45hyrkxs6k3np4z04rl,loop-ust,19138171,19138000,171
terra1qa9up643vw6qs6hy7790cvgwvlf53zwt625e3x,loop-ust,1204695949,1204695000,949
terra10uzfzmgzvkaukw0vp4g24kh3djffst3kfzjf0m,loop-loopr,3408747109,3408747000,109
terra1cdryv4h6mqj5sd3lxhehp6q3g7qpchgkqv6e0k,loop-ust,14575798,14575000,798
terra1rmcrndccyw7vlsdvdeunhx55p9cjv4uaayddhj,loop-ust,16090482,16090000,482
terra1hnvjjeesyk8w6adt3378dxxww2f5xpgsj3kt0n,loop-ust,950504816,950504000,816
terra1ed5p2kxxt2xxwnqpv06tf8yqaph76mrhuhfr4m,stt-ust,55455782,55455000,782
terra1nkgh6rqyklvgpug4j2hn439wgdtzen8ls0rtvm,loop-ust,9822935,9822000,935
terra1cts0ly6y9ffjkua7kv4hf073xd8j6kjaracycg,loop-ust,341099117,341099000,117
terra16r0g6gxeqc7nndctxl2tr0xcu0xz3szgwgptze,twd-ust,186644236,186644000,236
terra1je3s743jlls0c0qgl0qyqvc7sklwfcvyc57geq,anc-ust,34435142,34435000,142
terra1ue60zeqzaq23yq4p52yj0whez5kvz2jcgpk747,loop-ust,15398575,15398000,575
terra1dmdzm0guf6kq9tplffhs4yr98wur0arh4wckvu,anc-ust,471523644,471523000,644
terra1vz8d8n8dcvzjrxlyzw6g7myk6skdjttzzt2x20,loop-ust,297336734,297336000,734
terra1d4rm0yegjjdk879mc7xa5upypzluf5jx64m4n3,loop-ust,7972956,7972000,956
terra1usjfqc9rwz40sgt7l2zrvqaw78tgth59706ral,loop-ust,8816529,8816000,529
terra1v5dqd8fdck68tlqveulqwctdctrcl59ydyrem2,luna-ust,6828876,6828000,876
terra1c4xdltyk8jnreaxk9g294pfexlxw67ypj3nxe6,loop-ust,169208301,169208000,301
terra1h03ywgnd87rgay2urz7e43u8cff9cu3l626gnu,luna-ust,44851030,44851000,30
terra1u8rfpt0nwtuhc8ej5ukcaglsqrkr4g8zfelahp,loop-ust,182079483,182079000,483
terra1w8ttehs3ce22zuu4at9f5yghkq4nqh37w6d8w5,loopr-ust,1253601033,1253601000,33
terra1d8ke6avwyjzwkrpj6wa9rjl7af37c4n759zxte,loop-ust,687807813,687807000,813
terra1sva0d0ndj6mzj9p0lqvfh7p2epn9zzehgwr480,loop-mir,18311809,18311000,809
terra1gu9k44qqj4r2d9mqg68uz43pku3anxpjttquqk,loop-ust,42842546,42842000,546
terra1zhdmhmvha7zj3vnl9wm008x9ayemdp2t4ruykx,mine-ust,1428907926,1428907000,926
terra1frdr26ex65uvkf0yzjxwqdsnvsd998fq48935h,loop-mine,495520074,495520000,74
terra1tzuxn3leph4x7wpauc9235wr2rc3g98x9jswjy,dph-ust,768759142,768759000,142
terra17c8p4q0va6j79zwg8szg0yd4zf5vd4mljn2lmv,loop-ust,1740857236,1740857000,236
terra1j0ngkuyxx0aszp072qu6j7cfkh2yzn7jculnvr,loop-ust,26986847,26986000,847
terra1pkr32ugfugjdys8rua65u2egudnnz2yz3rgq96,anc-ust,40048405,40048000,405
terra10739jeywqznsxnpfa85zmn8slzz52j69amett4,loop-ust,5887883,5887000,883
terra1yv9rvp2f2kfsymmtcmpwnfv2y5htg0ne49azx4,loopr-ust,7254370392,7254370000,392
terra1yxnjrxvpfl86zxlpa0jkh56j5d2w9h4dqpg42a,loop-ust,171657796,171657000,796
terra1p5gz9uan8vctyju57qz9khhx7cc97vgxfvz8wt,loop-mine,2110454047,2110454000,47
terra1q8uv359v8pxdhd3wyz2ynssdpcyhfmfk78ax5z,loop-ust,250185480,250185000,480
terra155jreja2aqrzcjy0cnu7s3q3k4c9grrztt38gd,anc-ust,3382332163,3382332000,163
terra1l7r8t54uwa75cayu0zl94kp5fx4ru886kg5vd8,loop-loopr,6930857129,6930857000,129
terra10xf45p0avemfmzh7d3sf5ndzp057d5rdkyccpx,loop-ust,23801439,23801000,439
terra1js7d8euwzpcurp0flsflpprxk06k05vj2hg2ye,loop-ust,267023984,267023000,984
terra14rhxm5szhwg3rdzq3yc46vpjhqfsfuupn92yfc,loop-ust,1903233832,1903233000,832
terra17r257evk5y8tr8zzznvngpz2tamk36qhv0l40g,loopr-ust,158644493,158644000,493
terra1vtyhhyu06seuffqc57tq4vx70h8rper255evtm,loop-ust,13716365,13716000,365
terra1l80c6qc5xsjc8mzw7xmfspd8lhlc8g9q7hx6at,loop-ust,441406,441000,406
terra1rvq7ad8glqp2ex8nry7nvvgrh69q5yd50hx3g3,loop-ust,2448950486,2448950000,486
terra1p5gz9uan8vctyju57qz9khhx7cc97vgxfvz8wt,loop-ust,5907377761,5907377000,761
terra14m97zejmhx9anfep2jpkmnpuggxx8gahspqld9,anc-ust,33130255,33130000,255
terra1w2wn4kh6eyzrz43hg74ru5pwyvcpg2m9rlhzkf,dph-ust,83876001,83876000,1
terra1rgrr3fftgg9alxcetqxkkawhdpjx7arxt0jket,loop-ust,4734006,4734000,6
terra1qwyw5jdsa46nmsjgmmagfkldvcjj9nuvxq22gy,loop-loopr,1368263373,1368263000,373
terra1wyyn2f547thfxjhl0t78tdhxzsqtq0k89xtu7h,loop-ust,18184807,18184000,807
terra12wyz7jn76m6wz4tdhgukgm85pjs7dr8stsfmcv,dph-ust,31875870,31875000,870
terra17z4w5h48m5yez3llnz92gl457z7e947vvw3h0y,loop-ust,275195833,275195000,833
terra13wujk96ar5dzntp8uhjlr0s2akkffvdtf730dl,loop-mine,60346388,60346000,388
terra1gnnus2lecr96r3jadensx2v478s4pfasa4msge,loop-ust,85491271,85491000,271
terra1zhcuh80e3znp2udy3geyq9glka4zt3z5d67ymt,loopr-ust,32380662,32380000,662
terra1x0t7hxk40n7tw6v2ut83h99skzek48sg9zv8nd,loopr-ust,1208871556,1208871000,556
terra19tjvc2ns0j0kceczttzq0506rxlxuyr22undur,mir-ust,4240803859,4240803000,859
terra1wagxksqh584ljx9k3kdfk4y240n27wxuz5gpw4,loop-ust,39363683,39363000,683
terra189gjf7katzyyjx6sdwqrjnr04dx50cnqegj45m,loop-ust,8438179,8438000,179
terra1llkgsmmma4lafxge6z27pm8gz7rg67lj6k7ln9,loopr-ust,170627807,170627000,807
terra1g40085py2hn058nmnuun02ajpsllv9qv9zx4l9,loop-ust,233103332,233000000,103332
terra1s6ax7v9h4ts7pszxpp7y5qre9w4lk5342z7szj,loop-anc,14620179,14620000,179
terra1rhuhaw987h5mlwsh7x7zpjhmw7cxww5v9hwwth,aust-ust,125010663,125010000,663
terra16nvsezdxavtyngugyxq793vzjfslwh92csvye9,bluna-luna,10264240,10264000,240
terra1srdzlv9cp4a04p5spp8u3z238jslfch9yln6dh,loop-loopr,288306643,288306000,643
terra1wzzpeg4sgptuxt7uqccw4uh28vcp925ky5gmky,bluna-luna,10893988,10893000,988
terra1ra6pm7yy26mvjala2qt8hqmss75pmsyjae8808,loopr-ust,870677523,870677000,523
terra1j7erap6wrgssjeqp3aqeym50d5qkgwvmsxts30,loop-ust,11448089,11448000,89
terra1krf6jx08mxslz7ejcgacy2yex73lyq92uwqe90,loop-ust,7091911,7091000,911
terra1wc6xus49qvc502c2plpxwxutpu5gx620s5y045,loop-loopr,128442050447,128442050000,447
terra16eumm4n0d64mxezpdk07jcg6shs2qjr0mt7ykf,anc-ust,1079795323,1079795000,323
terra1suzjjmkc8pl2zgw3c6p6jpegufsnvsmzetx6r3,stt-ust,76900386,76900000,386
terra1xssp69ywygejde2aw5ytu8mfwy6n9xz32h96mk,loop-ust,31170277,31170000,277
terra12vlc6kfyjmu8rh84hzea5t300uxezutdfh4x2q,loop-ust,15990971,15990000,971
terra1axpf7n763qx7qqxxxmacklmsffh6jna7tav3kv,loop-ust,2051784,2051000,784
terra1uu875sj72zkmmh47ven5cspa9gsp09ze6ve7rd,loop-ust,4300767,4300000,767
terra1gwj0l4retx8mw0tlcpnlqv8g3plev50d0gh9mc,loop-ust,32750650,32750000,650
terra1eytptm3le6ru8kagz253vzjquc2023767perz8,anc-ust,1756253163,1756253000,163
terra1rmygt2y8tarqz04zzxsthxnr97vp62n2r9p5n5,loop-ust,15028501,15028000,501
terra1uxa8ft2nx5m28nzcdg2hwxnzjrpk7mwvnag2gm,loop-ust,46719830,46000000,719830
terra19g2lm6crd5a8979e5uhyp0gq6slsfmjhu60xwd,anc-ust,122387743,122387000,743
terra1km6pe4t0s7fcmfhzxna7z70p73puujtpw6378c,anc-ust,758256611,758256000,611
terra1v6v6sq6j9ght8k3kuwgkgf68z5st88m2v34uqa,loop-ust,690653312,690653000,312
terra19ff6q2h69ndj3xjxm7t5ylnns2tcf6m3lpk3h2,loop-mir,224993475,224993000,475
terra1kwfk5u73h8rycp9vghxfnq8q0jqx0xxrvaug9w,loop-ust,14297966,14297000,966
terra1ncd6m6dgj06nj3ruucju795lj2gak7k5r7rlzq,loop-loopr,8136385029,5216820000,2919565029
terra16cplsgrs909g3qalmn700cvnxznf4x2pulwrer,aust-ust,8882616656,8882616000,656
terra1g5q09nctrthdeshlgvll8cxqsfxlm8krvfrqxl,loop-ust,481217356,481217000,356
terra1ldj88muw46vgme046379snz8h5l77c6ph9rtcl,loopr-ust,939742051,939742000,51
terra1uwrj369rhgldc3f7xt709xla0yus5v57t7w2wu,loop-ust,13955145,13955000,145
terra1pr9u7fe74qyghvf2tk00vx686rx3tahkfku32r,loop-ust,99632533,99632000,533
terra14y2zlekmlxvstsdwl9rscdh8m8yfjtvu7gskrc,loop-ust,4264793,4264000,793
terra1zrqtuje7qp8nkac0sx5kay06weuvkj8r0khrw0,mine-ust,18200430337,18200430000,337
terra1md5kfkna9q85zsm9qenhdenjw38rxwera67f8n,loop-ust,10123588,10123000,588
terra19m2nxnrnyjn8784wp5jzu39lwd2zget0vd37qv,loop-ust,2122123613,2122123000,613
terra1m7ksq9y7j6hycczv2kdsy6wrplrqppesmcv5zm,loop-ust,445767403,445767000,403
terra1k35yn7kx9qf6ulyac97f7cqanv0l82sgd9ymls,loop-ust,192676130,192676000,130
terra1w28j9la43cd4mr50xm7y0xvwu9ryxnms3gzcs9,loop-ust,175419535,175419000,535
terra1e2h0w0cu5xxyprx2pn6lcc8ezf3zemp973d2qv,loop-ust,90522600,90522000,600
terra1jktw6ny0x8h7whmp33c7c7qvhtpxwxg0quqhul,loop-ust,33890018,33890000,18
terra1843r5gpdvhlmgf3heclm5va8h228j7hyjq4h8t,loop-ust,12230207,12230000,207
terra19h4yly802nph0xc4kv9qd3p45cg42ftd303fg7,loop-ust,17949254,17949000,254
terra1z2uvnt7szzj2fjsh7qgapap62e2gxfhhu373dh,anc-ust,11396484357,11396484000,357
terra16ce08wvf6e6h4nrtnh2shjfu8th6jn8ghy9zd3,loop-ust,65869628,65869000,628
terra15lfkx7l7rr3545c7k8kkcn75mf6wn2stzvxstp,loop-ust,11368296,11368000,296
terra156qe4jxmtw5fcne0gds2659rd2flvw9443fdaw,anc-ust,89893199,89893000,199
terra1ca50cqn4hy49sy9qy0cpc3a0063gt2lyd5v9p6,loop-ust,201181202,201181000,202
terra1terzraw0hd8lply6a90lmx3mk2k5mwft5uj4el,loop-ust,63796455,63796000,455
terra1eypejxaf27n3put36v0d8dept5y7v6qlfyrmsf,loop-loopr,57679360,57679000,360
terra1a6g69kvgrkt45a5he59v73p9v4uh05ex7vqlyy,mine-ust,377053329,377053000,329
terra1062vg8jzm6wm47zplttezp7u9gsknaxljv5lj2,loopr-ust,1027036095,1027036000,95
terra1uxamd4pzr334xt9ynkvv30vw9vaw8mh9gzfxzm,aust-ust,107372460,107372000,460
terra1x8dnneduax7plezuxks5e60emv7t6g4cg3zmgg,loop-ust,28584254,28555000,29254
terra1m5kdxv60akt9yrqm5snju7j6kqvddl32xz27w5,luna-ust,40952666,40952000,666
terra1axwhm6nquzqnhvcwv0mzepdm69zslpym6l4g37,loopr-ust,8093014291,8093014000,291
terra1hn3h3m9vjgl48fm6f2j575krs2a0u747kh60l3,loop-loopr,7742092615,7742092000,615
terra178r3eyvtn4rcyh69wqsnw5nhdqqzqjy6kag8hv,loop-aust,1270134014,1270134000,14
terra1s7sp87pr28que79kcq0ney5wx3sptwqqjys6y2,loop-ust,9631027,9631000,27
terra1vtgjc3g626nh7xm205jwvxg3sha6z78a2nn38p,loopr-ust,2818016957,2818016000,957
terra1fq4ked39jkmefj4prhfdc0l9kn6jngtznhj3ah,loop-ust,64431821,64431000,821
terra1hpn200etgyjxv9l45w4vqxas4zyqumkkvk3t6c,loop-ust,408261727,408261000,727
terra1u5gwgzres6jmvmg4q69nkd93zmwxxtcfynvmf9,loop-ust,7271386120,7271386000,120
terra15cfmxhh2yneq8dkkaxr6r8g853h3uqj4uvqjv7,stt-ust,6698675,6698000,675
terra12jlm8er9t2quz89smktqkqsfhpkdtd7xejtznq,loop-ust,1564380304,1564380000,304
terra18fp9mc2wg2d22runfc8ztrkr2re3dhphm6emul,loop-ust,393237445,393237000,445
terra1ew8tm6wwyk2y6a9nz0kpmd2gny08jsean4gsh8,anc-ust,325779146,325779000,146
terra1l857d28fmj8tygapla0uq4ft9vkg7j2uz26w5c,loop-ust,99263107,99263000,107
terra1s8h6q0sa2dwyt37n83lkgwwhfva4mrn79yhat8,loop-ust,27955813,27955000,813
terra1gfgnp6d7m6v0ntzl7a6pwh2cuntfjjftc83e9p,twd-ust,10791742,10791000,742
terra19s66396pcn8at3d99fej9rvyy00s4vjnmm2k42,weweth-luna,6587728,6587000,728
terra1u02kzrt3glv6060n9al46l4x4w92628gcn7tcv,alte-ust,45009393,45009000,393
terra1vaertt8mrv053pwelww7gatxsr98qrtll5jka8,loop-loopr,4016022,4016000,22
terra1ca9axca6a5wu5de9vh02la9d8l4hsj9tqvqgvt,loop-ust,128694613,128694000,613
terra1c0uhvc84ag4xtma73024spj5pmjam25rrqvy9w,loopr-ust,29515951,29515000,951
terra1t69s2xhqedlh8j2x575jm7n4c35ng740z0v9n0,bluna-luna,423562966,288000000,135562966
terra1trvzy02r5xz988r4v60tuyg9yuaz2qsjuzh4z7,bluna-luna,1001117636,1001117000,636
terra1tahs8nwczgyl6hunlxfsl5z3gt3h9f9qmmlx34,spec-ust,8225815,8225000,815
terra1rp68a9qpvxvsj0fueqqj78an9p4f5ptwv0kfgr,loopr-ust,135858910,135858000,910
terra1wtpe9ysvfaztzvje6ygmpu03xf5v0t8r6yk3tc,loop-ust,15582322,15582000,322
terra1w4g2geg94fpd89v57zuc0pvetl5k3yy9dn0f4n,loop-ust,44722232,44722000,232
terra1l0yun9pjcmenr8h6k7s8qa5ghh2chhyzxkrug5,loop-ust,44881302,44881000,302
terra1pdx947sjkpq4dmedr42ceknqzlj38vjdydc6dw,loop-ust,14899964,14899000,964
terra1mvq4q0zepjp0td42apueawacx86ryltx56fe4p,mir-ust,3645695,3645000,695
terra1wvs66x55d4ha5dznkjt6juj2a2mmplufqygml5,loop-loopr,12398018570,5914404000,6483614570
terra19wa7kn0al9th5mau72je9f2zj3gsfmfllfaq4d,loop-ust,113674442,113674000,442
terra1q82c092pa9l5w3zf67auy3xhnxngct7dc3wt2z,loop-ust,53038709,53038000,709
terra1vqecqjtgy5yg0v7j7vh7e9307u7e4kxjpamrdx,anc-aust,815773871,815773000,871
terra16rhnghpsmqaxhhqr2t063s5ekeyf2dgww6usfc,mir-ust,282492820,282492000,820
terra1uhjlhwf72wlkynnj0m094t6cnh2em9kaxsad2f,loop-ust,573993462,573993000,462
terra1x9wv8naeqf30ap55a4whrwqfuwzx00pp3gkzdu,loop-ust,45918514,45918000,514
terra1euf9hfak9jn8e8lv9cz7tr20mee5nxfv4ea4mx,loop-ust,49355681,49355000,681
terra1rtr5lkx5wdg0k0ne2wksf9zuwd7t36demk3s99,loop-anc,1185897301,1185897000,301
terra1gq4stq4p86tzwtpxhd6k5my00devzspey0hgd0,loop-ust,107471512,107471000,512
terra1kgmrp2rdwwxvjh7t8nxmr6gdzm6z7v6w259nvz,anc-ust,8111970,8111000,970
terra1vgs7mt9sxmk9p9k2ufx6trwhkdwtrp8xp84v43,loop-loopr,91136643,91136000,643
terra1fur6fmj57e953qz7ckngeymkvuaz4agv2l4kn4,loop-ust,7077437,7077000,437
terra1xjhepuqx5p0sjmmrfamm2g7fsalr6sr59nc42q,loop-mine,12772659,12772000,659
terra1ufpy5hmnvs24pp675dze8ay2qma92vnu2h97hj,loop-ust,1078943,1078000,943
terra1gnxqcqd50zhu2pqufpl5mvzqmtufqccqdxq6vw,loop-ust,52726009,52726000,9
terra1qcza0yd07cnr80hrx90lxyq7y6sy9x9gkk5wne,mine-ust,1234872718,1234872000,718
terra1yddyvtrfexfcwndncpnveq8zuqxk72dgjhv6zh,loop-loopr,125359062,125359000,62
terra19kcv6v3m7t9ssvvrfs089c36gk6a6qrfs58tjj,aust-ust,91339322,91339000,322
terra1gjrkn7tny230qn7kycdzz8yxfw2hfrcauf5aam,loop-ust,9961321,9961000,321
terra1adhz02pcarjenjp0037nqqs43aqjmnrw859x2a,loop-ust,12843746,12843000,746
terra1fndx4r3wlpvgnp2g0s73errrh6ymc5zvake9ey,loop-ust,37500221,37500000,221
terra1jt283vzh3n0kgsw0kf6svaj4mkpzuqw8vx9p62,aust-ust,344409466190,344185776000,223690190
terra1uu3r3h5wmv9d0pjc0qwtfg8tavhme6x4k05m92,loop-ust,69290881,69290000,881
terra1nzzae4kf39mnhweyl6ft66veqr39grzvm6ythp,loop-ust,78925400,78925000,400
terra13n70lgdl8r047lkmkx3vh6hujkcdhh0jyej3sp,loop-ust,9627684,9627000,684
terra1unhwt3e5vlk2ujs4awn8mukqqgfta9fz5kpr49,dph-ust,539857903,539857000,903
terra1ax38t0mh35g552eep7rfvtjl2855gudu9uher4,loop-ust,17339426,17339000,426
terra1vaertt8mrv053pwelww7gatxsr98qrtll5jka8,loop-ust,94401421,94401000,421
terra15ca2g8h94grzdmccf7dar03hqsy9u83hjyett7,loop-ust,5837925,5837000,925
terra1h70am2s4ja6h4x6yfc2gaja5f2ky0jc7an9u7y,loop-ust,11851684,11851000,684
terra19598trwtg4vqtlrndaxhwwpuyrqppvm0zh033y,loop-ust,11985109,11985000,109
terra1pk4qf3kqpwr4xgj88ucexvdyrqypdtuv9xxn3h,loop-loopr,646266331,646266000,331
terra1n7898hqlwuztyfa53tt43yylxphygrtfc4h83t,loop-ust,4209045,4209000,45
terra14p2nl7z5sacklvtgf2jjheuf5lq8u3l4myp2wy,loopr-ust,9199762666,9199762000,666
terra1a86p8444d86f3h599gljpsr0xlwmks9v2rnhqg,anc-ust,351479893,351479000,893
terra1zfn5l45v78v7u7azj3qjmffdnultmva6l5jsa9,loop-ust,4263089,4263000,89
terra1kq3nkwlhxgg7vzk3t6rpjj6w9d58mhxp890x2x,loop-ust,22145635,22145000,635
terra14vm4ldzua9lp45wscf5a0ztnl4frpg8j6d3g34,luna-ust,357266014,357266000,14
terra1k4tk06f27ckzfgwj8qwdxjphjdnjf0nk4pkvma,loop-ust,27919369,27919000,369
terra1ff58nx75yqzvawtmf2jg0qygdersxrlzr0uvcz,loop-ust,23455618,23455000,618
terra1mhdvkxr4k05ck3wlxuhpv68qc9vg0pr6ellk0h,loop-ust,1988623896,1988623000,896
terra1yl057mepr9ymjksfsvtd6vs0tcvrpe869n8pkt,loop-ust,7951870,7951000,870
terra1w2ufphsmesawd9fntwn60c856sedj2dr8gh88s,loop-loopr,388898391,388898000,391
terra1ew5fkc5ux7wk7jx29dy2ch8dg3gcn20p85tn82,loop-ust,44425579,44425000,579
terra1s7rc9xjrgxd7ugsq7ncmlmcwqdrx3h389lj75e,loop-lota,4305386946,4305386000,946
terra1nx4wqtxjuvpyxrkw3ptu293eyrvvdmws580lu9,loop-ust,15523823,15523000,823
terra175xc4h5najhkd0xwvjkptl7wcy5ggqzkht3xjk,loop-ust,199477655,199477000,655
terra1nndjnjxvt5ee0qpv0lfeqts4km79psuxnszhjx,loop-ust,6410559,6410000,559
terra1xxkhmudj0jljdgcxetqqa3unhrllkyutl4f2vv,loop-ust,9315252,9315000,252
terra1wvsugzhszkstexl0v6fv86c9ryjy8xm6u9t2fk,loop-halo,59329150511,59329150000,511
terra1fl78kjjx8979vxu3v5jhjng4wsppuxcfpm3d3t,anc-ust,53347069,53347000,69
terra1ytgumm4gfcfc44r9rqfhzntu3wwc2nruea68r4,loop-ust,10877418,10877000,418
terra1jzu7ye32kz8n9e6sa8uuqwxfaxfs4t7jml8xc9,loopr-ust,986735687,986735000,687
terra16lemdkxn00wx93zfqh9hft703h3e4zrl28v8e4,loop-ust,3942659,3942000,659
terra15v49yphalafra5lzlzu4llxel89g65z2v74hh2,loop-ust,14889481,14889000,481
terra1kqmvkwqa7y6npxmv2lct86ay39mdgz52fenevg,loop-ust,981766102,981766000,102
terra13s8rw82j4etd794m7907t5g8k8jrfz9zrmk3f5,stt-ust,69730363,69730000,363
terra1245vt64q5jlqkfu0wffy72sq247zn92ygntmmf,loop-ust,4817278,4817000,278
terra1vqy6c74qhuvk009y2432jp7slpl376j8dd7kpf,loop-ust,68348287,68348000,287
terra1xtmntlwthe3qxfa4pnknhzc7xmdd7r795rm8cj,loop-ust,637379390,637379000,390
terra1wqe0v8c6cqdrcum3qjjwdc786v79uepmzplmk4,loop-ust,5063922918,5063922000,918
terra130uf893v26f02vxf670qxh54r3aqcp62j32f2d,loop-ust,90617202,90617000,202
terra1ck4wnck7xayyzjv2yn6wcxu8ucrwe66dy9ulaa,luna-aust,239896932,239896000,932
terra14uy583vjudkgpq8xtd4m0zchd3ppuwfnmx2ugv,loop-ust,6046761,6046000,761
terra1ssamjf5thtx5lj4wn60p9zmuwx5vawnp7nprn3,aust-ust,129144673,129144000,673
terra1n5vaqyuj8uzz7twsf4fxufx636tnfqhuhd8xu3,alte-ust,700903978,700903000,978
terra1n2qlmg79detql8d7ttp8fx8dk55m5dm4ed63tl,mir-ust,60690682,60690000,682
terra1ff869zp6dxa4a5r3l0ng9rlh5xh3zz9yw0mlcj,loop-ust,47580989,47580000,989
terra1snqt59uh8nt4sa0zfs4jxql63hqf9nawjcjgkh,loop-halo,1545724583,1545724000,583
terra18w7vqhq3mlkdp3dk9srv307ufl5wcy869uv2en,loop-ust,128708361,128708000,361
terra1nnzcv7sjgcwp53mhf2h7zhu6407vqecywnn9vf,anc-ust,151930026,151930000,26
terra1wjlxng0f47n3yvukdnlfvayjungtwn4mvrc7ql,loop-ust,12824325,12824000,325
terra1n07zpmkdmjvejs75dvw0g6wpdymk5m025la64l,loop-ust,54319448,54319000,448
terra1ekvpnldlu6y6hqm6fcs38yumn2nmu7au4etsj4,loop-ust,9027470,9027000,470
terra1mqrda96ucfqtyydxd8ppxa57pqp4yuuux5gukv,stt-ust,7128129,7128000,129
terra19uzskv9wjj0vu425hmdjtgmgm7wdmwjz98lqsy,loop-ust,4607247,4607000,247
terra1plurk9emhre8qt2tqhrr3kalax8s73xs8laqea,loop-ust,3432731,3432000,731
terra13hu4aa7szyd0qtfkzskpjhetxvv8x7g785f9cx,anc-ust,1168936,1168000,936
terra1ans36a7eed594ltyhyxneay3037nu0jcghq56q,loop-ust,2451077,2451000,77
terra1mcrx3unm4n98n7v89t3cpzgdj0rh3pgr7sut4g,loop-ust,3209214,3209000,214
terra106qrf6cttac5secgqtufv3rlv8fy4d0pnhplsc,loop-loopr,516118162,516118000,162
terra1gkzrk4juqj730cujlnxnhanrld0uzr896va5wk,loop-ust,307358320,307358000,320
terra1sj0c3p62097kp44r785kvkj3w2u0epf43c2sqz,loop-mine,55916533,55916000,533
terra1882tyqzq2v02n2auev6edqmzrql0ejpxwjdlld,loop-ust,96712940,96712000,940
terra1xpc84uv64ndledgcld32w9qev9hzjfn0afz0gp,loop-ust,24174665,24174000,665
terra1z66y9672ulh5hhaa9t5nwhgra8retxn29wkcad,loop-lota,3246910573,3246910000,573
terra18c7xp9q46f5ypnv4r4zakjfxt5vpz885cje2vu,loop-ust,1688282527,1688282000,527
terra1kk5autanjs69jc7nufmqjqlgl5jdnev3j7ekj7,mine-ust,16014661,16014000,661
terra1zan8phqpmvtcykph0ktqe2tlvrzugdlqdrm8yx,loop-ust,1068895,1068000,895
terra1dwzzqj3atzfxz0j0uqqvk0f99j6cvv5zxxwnur,luna-ust,381556927,381556000,927
terra12dtyaagyz84a53a7m2gm4azqx9y8csphm5tdgk,loop-lota,2993888304,2993888000,304
terra180yaxe9fq54x84smc5weku2qpcynvmuyq8af7k,loop-luna,97284375,97284000,375
terra1m0q0fzxz7tgr8f4uuz5eantdk9juxp3qdnx03g,loopr-ust,54037703,54037000,703
terra1uasm4nlvp5z85p0kaxg5wz67mhge6kkr70q6s6,loop-loopr,82724510,82724000,510
terra1cml5mmsdh674943psrlvsxva3qxrc4qapq8t33,mine-ust,16843715419,16843715000,419
terra13zv4m7y6mktpjmqe9l5dfpxea2vd0xm49cdyfv,loop-loopr,680480069,680480000,69
terra1ne5ts4uqpwqmerjamf5dwarrcq3dcsnaanquls,anc-ust,66624237,66624000,237
terra1ht59kg68ff0myyzxnmuk72yrc59eeed9fmd9td,loop-ust,2589633,2589000,633
terra10y72dh5pmhjusakt0p3qc7enad54sf67rwdqdv,loop-ust,19193921,19193000,921
terra17za070rj4xfzhqcp9quc89z523t7nqlx7eqfzk,loop-ust,1929099,1929000,99
terra1hhchj94dzn3yaxmvk4atd3rnfycly3cswwa4nu,loop-halo,1041578869,1041578000,869
terra1sfl86jnq2w4zyzevvlh0mqgfxv5zknj4tv3vsd,loop-loopr,4508536956,4508536000,956
terra1e3eeqvmg46vmcqahyzuva5nxn8s0m89ld37p7y,loop-ust,32551785,29087000,3464785
terra1ju3qullg3gu6knlepm6y702ftp4k27zp9m2xgj,loop-ust,2206037,2206000,37
terra1e72kvfhcqjx7wzek6grnyz5kxf0gswxeylapfu,loop-ust,67592050,67592000,50
terra10wg6wcjarlv6fldxle6wgm295t67d3lhvvgj8w,loop-mine,119263858,119263000,858
terra1wp3t0k3rn4aerlay6z68dxpr8qveac0qjntm8e,loop-mine,44110344,44110000,344
terra14jgkala39z4097fdxc235cj27j0j56duk6zc56,loop-ust,80579675,80579000,675
terra1j8ppgmck5v9m6ur7nalrk59hdfkh2h5qszgk8x,loop-ust,2339816,2339000,816
terra14nvay3vwhqve6v4cddnzd4d2jk5krfgfhpsr2q,loop-ust,327519397,327519000,397
terra1nsnhsm6dhsqfj7pka492hga0nfpk4ulsc2te8d,loop-loopr,16201121451,16201121000,451
terra1rq2j347qxp9wgjgvtm6tq3d9m405fc0zppc5aw,dph-ust,1201792842,1201792000,842
terra1y8jmzjg3ej8dtks0wtra0yu8cjc523l3tpuzht,loop-ust,8881580,8881000,580
terra1z3elfz372llqdn65k5klg3868p7dkgrzu5fsqh,loop-ust,546425055,546425000,55
terra1hwdlzdjpk8uee9kk7nc26wrukqs78w299fufzt,loop-ust,309502606,309502000,606
terra16vphtkrjykadgu8pasrvk2qze34evrg5zcwjvu,loopr-ust,754252522,754252000,522
terra1hup2mmyjuj530jgcacg9p3z9gcpzshx5s89sta,loop-ust,99711519,99700000,11519
terra1a5aut2pf33qarjgjj8l8ac8chkrcvhmgagh7e3,loop-ust,298129378,298000000,129378
terra1hscaf8syx3haj6ccry9t6w5gmmt5du48xdrnr8,loop-ust,521817259,521817000,259
terra18yjtlq47l0fdz3pf32y6haf80h229ul8cgxup4,loop-ust,140482660,140482000,660
terra1hugk5nhcx9v7m74gt996zqtvx3m8t4lplj4luv,loop-ust,87566503118,87566503000,118
terra1q38h0ytzvsru49268nhd5vl5cmfakthrgslg9r,bluna-luna,6468264285,6468264000,285
terra1krcz5ny7qccjmq4cml0jcny97w7gdc9nut3u4d,alte-ust,407280238,407280000,238
terra1pa52spp286actguffk7q4qe24mh7rud4awrmyh,loop-ust,2143666989,2143666000,989
terra193g2upd5g85qfs76wqy4jjqw5q6ncvfuqz92g4,aust-ust,447747072,447747000,72
terra19k3s3gv5pfm3kh4utry9ty0hsulc2n8sv5shu8,mine-ust,1206898568,1206898000,568
terra17ref79a0lqc772ufjc527ztv9gfdld8qsc69ad,loop-luna,16820981,16820000,981
terra1dguck7s426g732tlr53z78c7gd6mjxlgya4r38,loop-ust,6341466,6341000,466
terra1vew7m34gtrjyqjrq382sa0cqldwj6am7mdm6cd,loop-loopr,3795511839,3795511000,839
terra1yfq4m2lmm8mgggycf8kfph5geayjcv9zka5rgg,loop-ust,13026181,13026000,181
terra1vkdkm4lvym3283yhp2pkv9puydknl4cg8e2zcp,loop-ust,194571537,194571000,537
terra139c9h3wpzkj0t49fapk3yd4xzgselt9xe4qcqy,loop-ust,9180020,9180000,20
terra1rfv7xv36tdaseq467ydfc6wm80mwcqn6u53aa7,loop-ust,9071416,9071000,416
terra1lx2yhs59grdxve6kx56342gsqamfjx7t0cq6xa,loop-ust,25287144,25287000,144
terra1chwtdkucefza66zsvthhsdj7p6nhzmvmq4pgmp,luna-aust,651069211,651069000,211
terra1luv47lksjyjxqesxej6av75mvrwzvxj5xluz5x,loop-lota,862965293,862965000,293
terra1qz28vjx57ewk397gkssxdp0ldec9yy6n9s0p6g,mir-ust,173277088,173277000,88
terra1qsxajxmhlegmllhasspqdsf5n7g3rf8drzauem,mine-ust,9034580585,9034580000,585
terra10y4vyfs3e7ammzqralu7fymavgufpcf3splzt5,mir-ust,56880682,56880000,682
terra1ql8pc948na9fnr903d56stj0yf96kvwmxd046f,loop-ust,27457700,27457000,700
terra10mlyh4ygfrr0ltp93s9jrjlxqfkw4q8snzxv28,loopr-ust,850594849,800000000,50594849
terra1jv96el5u284hyn5tnwws9v5dvqf65rl0z069cu,loop-ust,609824108,609824000,108
terra1ufsp59x2ry5y6d3wzfeqqgcqfe945pemm73vjv,anc-ust,81398828,81398000,828
terra1lapqklts0e6ynke08ltpngrwt2kv4z3dz627nv,bluna-luna,4362242,4362000,242
terra1kfj0ncewp227tydqsewx3n9pndrk4q47ntpwkh,bluna-luna,50845778,50845000,778
terra1wdnqkdygzxmrxwxe4qgc8f20y68pjrx49vjdsh,loop-ust,423581398,423581000,398
terra18wcjcn8jjf49hhe87vncrev7hwj9jte3eqnnjx,loop-ust,10608118,10608000,118
terra19t3w6umvjptl9p4sglf5ufrm6hhqzwhqqaq7vh,loop-ust,4367316,4367000,316
terra1nt9uspca9h38lhu7na2z0xl0qxhpq0z6rzu8ps,loop-ust,87191712,87191000,712
terra100npfzsvpcpy55z83t0w9kzsg09uxrydru8nd3,loop-ust,719856322,719856000,322
terra16tx9dflh3cpa6kws6sp0rfjdjxms0fss80szgf,mine-ust,169711021,169711000,21
terra17m2gjzzl7c0negnuh7kq04k8h0mjl0lrf0szeq,loopr-ust,72898748,72898000,748
terra14g9yva96yfpjfht00vvkpuqzqk4y0ysajv69uy,loop-ust,7489153,7489000,153
terra1yktd7h6hzq8euqc7n3v3p30l6ylxqxp4346026,loop-loopr,7045723081,7045723000,81
terra1ne5xjtzs2chkmnfs5dr72u0qj9uh5vt0kndt40,loop-ust,11548804,11548000,804
terra15jgnxpr5rrf6tx0ffsz07m30pzv6nnf0ghfjl3,loopr-ust,3428140614,3428140000,614
terra1cspl7m5lx4qp8tdr63vqltmkrk3jsdxqm55g7z,loop-ust,1883562,1883000,562
terra1ynwl0ggvcn45ls5x2045l667qppct5kzctrzga,loop-halo,1689705678,1689705000,678
terra1q6dgsh9meyvkc8s2uj65njmtksrzkdmh9zjn54,bluna-luna,493337847,493337000,847
terra125qy977vjm68alm44an4tk3ar0faepm3qngwe3,mine-ust,20398745,20398000,745
terra1cm8c6x2vlj7gv2stna8r855j32nn4rj305gvqc,loop-ust,6909769,6909000,769
terra12356m707vx0qc3rynj65r82m5mmuqrdfrjnnxx,loop-ust,2109481,2109000,481
terra1k49nwyjvwrhr63nz3w4hxlwv8tetyh87eq5yce,loop-ust,18892823,18892000,823
terra1vw668vuta6t6dnjspe396kf884xpgvdh6k6jkt,loop-luna,18836682648,10571988000,8264694648
terra1cykwj2pau4anzu6esjpf93kuhvhksnxq7a6pgl,loop-luna,509022833,509022000,833
terra1zd6v8895dkpcgezl6gnvplnhxr7aq4msuev7w2,loop-ust,25224546,25224000,546
terra1tttmvg8qr27hs6hu7y4r3qalhsdnqwzs0qlsv2,loop-ust,3076273078,461435000,2614838078
terra1qfu3e72gx24zj7sag9nfrxr3r2xxrcul2a5w4h,loop-ust,20592399,13300000,7292399
terra17ejjyfrrztpcertwz7xgjmtrme5w69fcqk56ys,loopr-ust,347819446,347819000,446
terra1sffx8xhyc6twldvspgeamhlxzrzzg3p7yvz54h,luna-ust,91945010,91945000,10
terra1qa75pshkv6nad64elwyz7nns2uu27dg2dns97l,loop-ust,69114796,69114000,796
terra1x5409n7aj8kd0rjefun7gwghckuxlza70c6pxw,luna-aust,27286110,27286000,110
terra1e3n39v7vmjmp4gnaxn9ftpq2qz5684pz7d3hl9,loop-ust,47603435,47603000,435
terra1hkn9x3cz86cufqwwy9m6wfhc8h2vxzt8y5fzwr,alte-ust,24107235,24107000,235
terra10s2c3uyelljf3txn8nzyrrfz3rl8ucql6grtvv,anc-ust,1242250819,1242250000,819
terra1uq2ke2qlahv78hggpfjcfysv85eq4a6qxh7lf9,loop-ust,112376248,112376000,248
terra1ek00ey6praq3970kejymp3346em0fxhjjk9fk5,loop-halo,942491172,942491000,172
terra1ge3xtknumkeuz6z3dhs082g40xf2led9ksnay6,loop-ust,730245198,730245000,198
terra1jyc467fcv2zzr2dkva4nvkcs9d53cel9hjlpvt,loopr-ust,509307944,509307000,944
terra1yn4dqhkyfpy47qlk99a7vrwgvwlhg3mxt5dgrm,loop-ust,1063471381,1063471000,381
terra1fsyg5tt37nvs2lpkxct6cffx3etvxjzq0yfe5g,loop-mine,2528052407,2528052000,407
terra1ukta2y2py5e66es4u0t3hz79n2wp9d54jcu955,loop-mine,123327326,123327000,326
terra1f7a22fvnqkqdgqyynxx8qfc9lttnag3ynfxrqm,loop-ust,52390920,52390000,920
terra19xuhcnes7f5ujvsqqxth8k8lx0gr342mvj4xhf,luna-aust,674652352,674652000,352
terra14el8csf899pzsypxa536qqae68r88mttxqaxux,loop-loopr,1473226698,80220000,1393006698
terra14y9n5wrsqsr9ypjh7gxvl8fa5f8lctrcqkhhux,loop-ust,16122048,6522000,9600048
terra1893nj46qgeyeprsvj9qhwpk95mw9uerffqxwrk,loop-loopr,408764869,408764000,869
terra1wmpha0xy4s2m4x05h6elpczt7dvc803xfth9ge,loopr-ust,216097668,216097000,668
terra147wyc54drnndtn8z0pc03ge0ecmsx23wsfjs3l,anc-ust,1081438458,1081438000,458
terra104803ywm5nypy672vvamctzlh7rfmd560q06gr,loop-ust,70652595,70652000,595
terra1jx39lpahpqth46f3c7dtgxkfj6730fkm4jjvxn,loop-ust,56456441,56456000,441
terra14vm4ldzua9lp45wscf5a0ztnl4frpg8j6d3g34,anc-ust,569119163,569119000,163
terra1fwkgsfws4v4vnzej4w2z55t7tp2tfqfvny3k74,loop-loopr,11642162528,11642162000,528
terra1sssest56e79kncgafep33wzkm6uc6ag76u5k6a,loop-ust,660587257,660587000,257
terra1kjpynmfgyff08exnxwwphac7gfcg4du8npkhcw,loop-ust,26071995,26071000,995
terra1mp5stjevtreca0eejhwnxga0f9xzt54pheaq8e,loopr-ust,128046907,128046000,907
terra1eq45lzd0299wehcg8j38x3dyrelzqqjh6y6h6e,anc-ust,2069478436,2069478000,436
terra1sx4k35rq94rp8fysma52drzvg55rkm0443t7vy,loop-ust,106587880,52039000,54548880
terra1emr8z0l5d42w5d2hz4gh0k03x2tnyp36zml9vp,loop-ust,767472250,767472000,250
terra1vahtumm5lll59x5s43l2d9hg8spkn50d9cl3w0,loop-ust,559958910,269893000,290065910
terra15shxmmv35tjwjn2xxf9sh5elp9r4hla9f6g0qu,bluna-luna,10550589,10550000,589
terra14cqvgl5nnugzw5feczjde7ljza5dduqcdmm3yj,loop-ust,26786501,26786000,501
terra1rf0w22jm8w6mfzt5faw4reptpwvqfdnta3ewnl,loop-ust,5278549,5278000,549
terra1983t8wa6hkv4f9crd5m6ksq83l5efe8raycyfn,loop-luna,6849511103,6849511000,103
terra19cgvfvpaw7fy26jucpksua5nyhqadvpzvng2a8,loop-luna,103828976,103828000,976
terra192xzxk0775qxu9w4y8tqladgx3grxjnep9kae4,loop-aust,208481659,208481000,659
terra1qne3jmlgrvylw0mryn0p3lu8r2p6skpapq97zv,stt-ust,653626180,653626000,180
terra16qhgzzdhyahzfzk7tngtmx4un8zn9grxfa8shz,loop-loopr,1926482249,1926482000,249
terra1stlmduav8tkg943zszje8wr2eljun9xkrdmrxu,twd-ust,233055352,233055000,352
terra1l0w6037ur3e8wt7m9t5xfrewdyvpgexpdrlp2s,loop-anc,222274926,222274000,926
terra1uw39v8y5czse25wvy4g6vdepfzlyhgt2s7nk23,mine-ust,194753861,194753000,861
terra1mx7hh8ptzyx9xtkdtuganrtce2h2tnk6zzefme,stt-ust,255376905,255376000,905
terra1rzq8l0ps4qtg3yn28xjjsw2d0ccecqrq0vdpy4,luna-ust,2233097888,2233097000,888
terra12u4m464cw34ntz7479yhd3kgtleg43l6ku0jnt,bluna-luna,369962048,369962000,48
terra1xkxhjhmuphjznjdzm2vypafp979klmu3nchgsk,loop-loopr,1953014645,976507000,976507645
terra1pyc0msqea78v0a2ntfv3qkx4aw777mwrryxlpr,bluna-luna,53110833,10706000,42404833
terra1hzdgacy387lgm433gwjg59ve65clpzsmwhu0pn,loop-loopr,16294319188,16294319000,188
terra16dddjrhxukvjr3nqn0yu3nq4sayrppgpkdxyd2,mine-ust,5679443609,5679443000,609
terra1tcdnlghcr0pf2z0dd9g3v27ksxkad0lw2srqj2,loop-ust,8905725,8905000,725
terra1sp5xxctx40ajqgykcrlqeau57dmkwhaah2nm4z,loop-ust,2842195301,2842195000,301
terra175x93f5usknc6qhqs9jffyxe9ywawyt09jgump,aust-ust,16602281280,16602281000,280
terra1203u0eld7wrn6czes0cdv0x87zcpg3p5756ekq,loop-aust,102996161,102996000,161
terra1a3y0kkpsyr8qje5ttv8k3ch2q6zwc0gyx9tapx,mir-ust,374395524,374395000,524
terra15733r2czqlxtf3cvmr0w73vatg602xn5qyapgd,loop-ust,223998431,223998000,431
terra1snqrc8zd7eanl50spjefz3w4nmu2ywprhkfuw8,luna-ust,4907776711,2157852000,2749924711
terra1sm8687se6kcl9hrc4nfakcxwk2yjwm0pr5zyrg,loop-ust,30148752,30148000,752
terra1lhcg20cvct86d8hfkw9mxp9h0u5psjrmg8qzp8,loop-ust,5586490,5586000,490
terra1q6dgsh9meyvkc8s2uj65njmtksrzkdmh9zjn54,anc-ust,17794584,17794000,584
terra1qrtnxnvrq8dtu8a5z4puekn5y3fu67t566dlps,loopr-ust,243687232,243687000,232
terra1hftvnqjjsqnsvymjr75ehte9jj3gvgyejju0rd,loop-ust,8671215,8671000,215
terra1ej7pj580kd5h6cc65xeqmlc95kkf9ld7uuqsxy,luna-ust,172900718,172900000,718
terra125qy977vjm68alm44an4tk3ar0faepm3qngwe3,anc-ust,4293899,4293000,899
terra1lgs7wq4vt0qdw4cerrvm6jk6z49fh7dh0f3gvp,loop-loopr,3038908774,3038908000,774
terra1rdqan8fjdlx9j7y7uv7gfwn4hd7tukfwlymcxd,loop-ust,237426779,237426000,779
terra1wh8rsw5pj03na8pr95qulqq4y0hdhymah7ekux,loopr-ust,54002114,54002000,114
terra1cqt8zpeyd2l5n3aqf52f2gj8p0q4pzlhctnf3x,loop-ust,46469333,46469000,333
terra1plgcvj40wkckwle8upfdjdeawetgpg2myxv3xq,loop-ust,10926804,3514000,7412804
terra1d3p0qt3nzfz52mx3kx3aecjt2kay4enr993tk6,stt-ust,25361202,25361000,202
terra1f06k0npvmrp5upjxhh0myezgcvca8df7n93pc9,loop-ust,24908366,24900000,8366
terra1f3nklzvv6c0pcdvhsv9lry7hl8lu2u4acs0yth,loop-ust,40869171,40869000,171
terra19zc9zgn3yzqqn6s7wefkym8hc4y7ve5nztxhag,loop-ust,25187327,23000000,2187327
terra1e6durqy2y773hy7zygzfy0zpz4g9atzptyuece,weweth-ust,919726,919000,726
terra16s38msunk2yxkvh02sc63rl3ckv2saylp0nt4f,loop-anc,16154307,16154000,307
terra12xxpa9j6l5zmghzqgx67a8yfyh47rt9c6mefnc,loop-ust,343219402,343219000,402
terra1z6kt7vnllchmxa84h6v5y7hrttma9t8qqr997h,loop-ust,1196297,1196000,297
terra10579ne80elgjefxaua84uu7mz43hyfk3gw9sex,loop-ust,87084907,77988000,9096907
terra1zgc0gwtavpyg64svv2nh2q9896eqhv0yp4553e,loop-mine,26120130525,26120130000,525
terra14ld2twgjlldzgtfr32acsv22awf6qpxnrfu96a,loop-ust,33669721,33669000,721
terra1lu6tnzn6k3jlddd0hnaedgu92k6djn3nlh6ufp,loop-ust,69733695,69733000,695
terra1vxu64wvzqq5lx8wjcxtsh49sev2dxqhruxkzl9,loop-ust,1867506,1867000,506
terra1fsnmx6qaz56d0msn2ps62hr933tsd9wmxttu29,loop-ust,26667361,26667000,361
terra16y9quzrk7y3dkv3k7pfu4zqvn9zqkankv26ncl,mir-ust,105659845,105659000,845
terra1q9mwsjtemgtljrv8pp6xflr2yy5txcpexpkga0,anc-ust,63537124,63537000,124
terra1f37khs2lg75en9df4vzn0drtkzazg2pzk9tyrx,loop-ust,56190985,56190000,985
terra1zxpt46v36grapd57qgfmjh6scn93g5q0zlmrzh,loopr-ust,18508066,18508000,66
terra1xghxn5jhs2ma75zstm0mpgc9pqqtfxpx0zkjpe,loop-ust,95807346,95807000,346
terra1chakn7v0h2kx77j884asprkxr53anhu8kc7c5k,loop-ust,90395608,90395000,608
terra1uw9ufg7y8rsf5mr9qcfq70yr798uh6yrk5svv5,loop-ust,764795660,764795000,660
terra1ly8s4zkju2l8tqwpcunmqq8sr22dtzyl94hydc,loop-ust,1499008963,1499008000,963
terra1j23jx5p4sd9hw6002jxk93whaaa58d6ldp6nxh,loop-ust,9062388,9062000,388
terra1nuxlxnyxncdl8365cv7837ulxadmy4srjwen5m,loop-loopr,25616548773,25616548000,773
terra1m3eh6g9j27r6etcnrkn35lxhl3r3w5hz6ayr2z,luna-ust,441940492,441940000,492
terra1rz6mvtmlr869ltt2vlrvnvctjwlhr7e89d2gkq,loop-ust,3167347,3167000,347
terra18pn3xfthj2j2melkwrhakwtph2738mjf4ug27v,loop-ust,63784459,63784000,459
terra19xvd7322gp86376g3tctcnmsjh0yutjc4ggr6w,anc-ust,857489793,857489000,793
terra10plc3x8ass5734thwzlq6rwtks3p7fqvd9d74y,loop-ust,269181147,269181000,147
terra1xtkuv8fqhud6vme5x74p9fh0zwfps2x0c5dgx7,aust-ust,66963720238,66963720000,238
terra1utmvaag504et5ljru3x6cj2lf37vcj5jr3hk6h,luna-aust,109474756,109474000,756
terra1x4r73lf7e2f6hpgpd3ze67xeclnkt5ez2td6rx,loop-ust,322885206,322885000,206
terra1f44m6ylrufl3k0ge8txrzjxnmwg9dv4sw52ynt,mine-ust,29894323,29894000,323
terra160lml094xruqkufvapdm6j3qph8ppkrjt2m4dd,dph-ust,52658284470,52658284000,470
terra1anjghvh6cs20dmn89sdfumjk0kt5py3l8m5dgd,loop-ust,991027872,991027000,872
terra1t65pnvrsdvljzyrspf63jttwqcng65qfawm0m6,loop-loopr,12002709223,2912056000,9090653223
terra1kffn22y7xkrxafxlqsv38t072rr5q5k8qzyxf7,aust-ust,51885787021,51885787000,21
terra1lv6w5xy9enl8877l3ayhuhc09tyrcq070s5vg9,loop-loopr,2943851394,2943851000,394
terra1ntsj2xw5wr05cwgdjjpvh5q9ey886je4gecsa3,aust-ust,31411707,31411000,707
terra1lq69npvnc8cn5k846ydr7jn32r8p9z292rxfyx,loop-ust,127509155,127509000,155
terra13j5gh4g20f98ph5xhad5kfhzp5a5uygz53jc8v,loop-ust,34650073,34650000,73
terra1su7sk2esv86u0n3yzcwaexkpapdp79fh2ac29d,loop-ust,814385,814000,385
terra1hhchj94dzn3yaxmvk4atd3rnfycly3cswwa4nu,loop-ust,640271644,640271000,644
terra1eknp55zgf2ejmvhww8gwktntxzpxzjaefgaxp4,loop-ust,34841846,34841000,846
terra1vu9sjkd4sw8d38hjcu7puafurcfm0kgarqtqym,mir-ust,5295943,5295000,943
terra13rltw54cntkxd7crc2ftmuvjq8yhsuvsf9hymv,loop-ust,6710739,6710000,739
terra1dkt73n6a927j05yp9al5j039rsyzupk9l7pqe9,loopr-ust,3110151135,3110151000,135
terra1srauw95m600l65x8az4vcjzx8f4v5twpqpsaef,loop-ust,1480670,1480000,670
terra184wnd5fvu9g8k6smqxpn26wy3aj6rhmnlx5ytl,loop-ust,4429248,4429000,248
terra1ehkq9h47zzkj97p7rm3jdka75muglr0nncu06q,loop-ust,2710917,2710000,917
terra1ac2eak66fazvngrwhq2ce2d4p64slpce5pg8py,loop-ust,1674184,1674000,184
terra1w69dhlh767gygwuzzmtfgsvkjzmcqu7pdvugv3,loop-ust,17072774,17072000,774
terra1krcz5ny7qccjmq4cml0jcny97w7gdc9nut3u4d,anc-ust,57176522,57176000,522
terra1z0q7qcss8zwuerdlua4fak4lhc9qnrp9pewrre,loop-loopr,1539592619,1539592000,619
terra12rhy6l20yzmmua4q82zqwcx6mmw4yvusmw96qm,loop-ust,9175021,9175000,21
terra1qd0k3le6vhnguyqw5yhq7js6qxdf65m8hqx0m0,lota-ust,119666573,119666000,573
terra17etj6e89rxekruxgh0mjxpak7uzl64u6mnlcrx,loop-ust,5662817,5662000,817
terra17qrynkxjyqw32zmrgjfvc329glwecp0tye9dee,loop-ust,25712364,25712000,364
terra1zf6uv09yg9uw5tst87ntkvxpua2uhtm72dfay6,loop-loopr,446854051,446854000,51
terra1nrms0pjaaagt33a6pxt28twy6rzj3ywvna2m4x,loop-loopr,374316403,374316000,403
terra1ta2cd55exqme9x2hz0mn93edxnv84vf8uqqvyu,bluna-luna,300190468,300190000,468
terra15yfuxx53yrc6n2uezkwu0f9ytk0n2ync56pd8j,loopr-ust,318604184,318604000,184
terra18jcs0mtlznw4kcg8kks28endl7uvfvmsuug5ru,spec-ust,109869530,109869000,530
terra13n3jyv2nu0l4ep8yfmvsk6hu25cnxvmf6ssnx3,bluna-luna,1992528,1992000,528
terra1vuy9vthqpw88tmnuyhefkkvd2cmqry00ay9tdl,loop-mir,209104545,209104000,545
terra1jy73htmnq4dgvty379jve4xa6df7mz8gn7t7u2,bluna-luna,25085068,25085000,68
terra1y553g9hyysya55z4jzjay7mk00dqw7wznuhqxm,loop-mine,2352207,2352000,207
terra1x62n75rq56ad7wyrepc7k99u08m4rs0w7nz9ce,loop-ust,1778696,1778000,696
terra19gzah40r7etwg5d0pgmflvjn0f8jysg6fcfper,loop-ust,445927095,445927000,95
terra1xewsshzn56nvdhym4h6hrj0j5k2372pj8azjh6,loop-loopr,2231041453,2231041000,453
terra1y2a5t52sjrayvtm8k2nde04sdhl4crfjs2njpp,aust-ust,221344656,221344000,656
terra1s5k0pda4ecksfezs4phqr2k40psszjwlvypxlk,aust-ust,21581150863,21581150000,863
terra16vphtkrjykadgu8pasrvk2qze34evrg5zcwjvu,loop-loopr,4138244297,4138244000,297
terra1cex8ad77czq5heztuphdf3ucuqkta2v2tllzup,luna-ust,46050828,46050000,828
terra1938hplwlz7y8jjtug5gl749x4md2q7a0mhtefu,luna-aust,22945850,22945000,850
terra179kcz66zpqg3z36h2dknq6ptjrhrjt9ahw3hs4,loop-ust,4004530,4004000,530
terra18nnfawweja5pv8grvkpxean6um7kdd379z26td,loop-ust,148470986,148470000,986
terra1jkjl68px8afe49ypec9zmthwhv0nuq92d0p52v,loop-loopr,6424811375,6424811000,375
terra1h202e34294gkpqrqt09nvnfq5u3xgmhl4v7rg2,loop-ust,21899690,21899000,690
terra1v2ugtedvd8rqv7u6zhlu8k3kyamyyv0q297cnp,loop-ust,708067116,708067000,116
terra1qf3tcqt9w67gzx790zcj7qjk7tf4y58hcr3244,loop-ust,1353082613,1353082000,613
terra1yp9fwzxtzt9wen3j6s4zkrhdvk860tqmzkrnl2,loop-luna,533964356,266726000,267238356
terra1grryr70t5rceyn2haht3eyfl33sh3e3frt53ev,bluna-luna,17443334,17443000,334
terra1a5pqtxtdxhxtt9n6ee3m0jg292tjgg37406dfc,luna-aust,978792829,978792000,829
terra1l5v06uc7h2dd5jjpkqq279p57k4ar9q43gktrn,dph-ust,459872810,459872000,810
terra1htpvhsvgqcfxvkuh5pzg6tuuy2uuyrw0tmmmwc,loopr-ust,1285702105,1285702000,105
terra1hffcqu8gc4uyvq28twwgk8plt2vutawyzxszdl,loopr-ust,8371772,8371000,772
terra109j0cddy3gj0w84hjh007f5zhjm40www3jn0ce,loopr-ust,48280413,48280000,413
terra1f7kkujqpjauhkv3yrna7zrvz8tk6d3dydw70tv,loop-aust,101968092346,101968092000,346
terra16kqpnn2vqsascfam00hmcls0u7u8dmp3r6k4s9,loopr-ust,65592088,65592000,88
terra18fhgl5mz3eyv7xqqpq7meed2xvrk2qfr035ma8,anc-ust,13874838651,13874838000,651
terra1xg37u349veke6qt2umnc2xuq98c55lt29plxtm,loop-ust,22860755,22860000,755
terra1w6p06rsndqsppn9a2krp3etehaydr2vqdl7hcl,loop-ust,20180089,20180000,89
terra1y8mp3rx28lya3vdzurye5nm9940dkq37treevj,loop-loopr,1227550122,1227550000,122
terra1srelsrxyq3sk5v28chy3cldz5yyen26f9yc55l,luna-ust,119655075,119655000,75
terra1pup87mqke65g8qljj3n9syxe0ta2ty6d932dl5,loopr-ust,5447104888,2896850000,2550254888
terra12pf2zgr3pkjt8geec56g8wpqdx5uw29eym4ymh,loop-ust,169374078,169374000,78
terra1gua3s973rr480h38csyfu5y2pmketuddrxjx4k,loop-ust,439947873,439947000,873
terra1mhqjqqqa6dtu0lezz8udu4kg2vx6lxtyz5xpep,loopr-ust,1111908284,819795000,292113284
terra14l4p4jwxzrgggrn8lertwczvecrj82eydt0c92,loop-ust,9193985,9193000,985
terra1kxzcshv0u3ml7fz54ulh907wsa9x4dsw5um29m,loop-ust,31239302,17562000,13677302
terra1xmkwuqluym85wdf3rufkfz8jcsnd8gnycd6xnn,loop-ust,15641738,15641000,738
terra1mdvecnxwmyc2my2nn6jxfnlsht9kw6m0r5cqnr,loop-ust,1309228272,1309228000,272
terra1vdxhvl22q6krwqrtregu2a68ynq450uvqm283v,loop-ust,2127906,2127000,906
terra17mavvmnn8hj7l7etmwshdhrw0arxpec8dkncdj,loop-ust,66971313,66971000,313
terra1jwhawfnxhn32egzadunwrnk9ngpmrfdmvs8wr9,mir-ust,584195190,584195000,190
terra1garjrj8v3chvv37r2v259q2h7vfjpwlf7asewn,loop-ust,154530886,154530000,886
terra14jad4g24850l85ms04pxuqwt5wmnyq23qfl0m5,loop-ust,3884253017,3884253000,17
terra10nv0wkhh9l8fc8jpne0gcg0aff3v3ck27qzlhj,loop-ust,346260532,346260000,532
terra1ndmk2y5nfkxmqdhs9l3d0ymymsmx7wxqykt6yn,loop-ust,14601567,14601000,567
terra1ts7jr79m6jglxanrmvsnfg8a7ltvrfakenxkhk,loop-ust,15755879,15755000,879
terra1hx90zpl8y3enkznsky59vgtfxuedhdnxgfzf7p,loop-ust,8549900,8549000,900
terra1rkk6u4q3a0dd6f2xnrr8hvn4yctjcpn6zj9m06,loop-ust,231183628,231183000,628
terra10k9cl78vywqtrefur378xzla85vdnhsazqydmk,loop-ust,2140172,2140000,172
terra1vvdr9g6yhf9x7t96d84c838aj24tg6gd4jxh87,loop-ust,9443015,9443000,15
terra1n2f6fz73l8usk5qnuf73prpdsxce70lc9860xk,luna-aust,2363329,2363000,329
terra1y5p6ylg0c5tyf8hf3arnthrmtaypmqhec8j6uj,loop-ust,32920381,32920000,381
terra17k9xqw8mltt0nqyr9k2f8rxt28xrs8p9u2qnrv,loop-ust,16021683,16021000,683
terra1y5ftls728qcrkpshwt5afzrluuva484j7nvnxy,loop-ust,26480321,26480000,321
terra19weduflchx9nc4j8xns5uqjzgwn3ds487wth57,loop-ust,31333610,31333000,610
terra1qyvtkydcqda93dq9yq6vvw9sd95h3ugfdu796u,loop-ust,1283914012,1283914000,12
terra15l39dtp2dhqgx2pkmfuzkmvcfejx40g6qtdqwx,loop-ust,19181810,19181000,810
terra1sm8clja36gm7nprwk7eewyehf0fhgpgg0g5nd7,loop-ust,93843192,93843000,192
terra1aayw0afj8zh67qpkzrsdat5ga0wxsnnn30lttu,twd-ust,19531738,19531000,738
terra1tsmgd99r52p99uy3uvzvf6j05sruxw7etqd7jg,loop-ust,226316772,226316000,772
terra10usruuwmxgzrgjcgz0fl6qwt0d0rgvse64vmws,loop-loopr,57327492021,38941579000,18385913021
terra1kxxy4wxlv7w4c2fh8maj8vnqva5qmaqzgnvmmp,mir-ust,1133288,1133000,288
terra1dyyfatcnt9klxunjhpgja860cxugn7yz0pak7a,loop-ust,3736963,3736000,963
terra1xt2m04gl948e9d39mqcsz6av95kkur8t6yaqnf,loop-ust,19198164,19198000,164
terra1uu56jxhl03uzhtvhy38qgxupec2nklxe9pq73m,loop-ust,118041544,118041000,544
terra1aw60rt7et2p6lnn6jk5zhpwlm69v6s3qt6ar5a,loop-mine,110932402,110932000,402
terra1ppfarp7vfp2pnzfz9rh0yh4rgg4nelk4kvnj77,mir-ust,1549806591,1549806000,591
terra1pe922hyyepfhfhxgy5zactnuj85r3zzqq5muam,stt-ust,127362980,127362000,980
terra1xnpmpzxl3u8fcuf06tzplx483nwuxzcpkq8drm,loop-ust,57206362,57206000,362
terra1svjurfaj5e4fj43g6xh76uc70nsenjqgkwcq5g,loop-ust,217721736,217721000,736
terra1wtffru20g9x8hdn5f8wnvxqz4slsg9xfu24k02,anc-ust,299356589,299356000,589
terra19zm4n59hkym6yzw32t06a0r7wfn88shr2ppdxe,loop-ust,1423493765,1423493000,765
terra18z40cmyv7uzwulfjlsy2l7x2yyw4gkdfzn39k3,loop-ust,39771225,39771000,225
terra154hlgr2ujx5gdw3ch7jvqkvmynxazm93nmx68x,loop-ust,1342461199,1342461000,199
terra1rnpy8m6kmw8kvga9s8xhepc5a5skdqg8zvjfud,loop-ust,394336241,394336000,241
terra1nlc5h5t24u257fs7k0hdr4d2dykdd8vulj9pm0,loop-anc,84432564,84432000,564
terra1nqgxmc0z4n6aapclxthd63tsf0dsfg4t437ewm,luna-aust,1086268832,1086268000,832
terra1gdjndvdq9aedh879g42uqeadu0ver8snpdwu3c,loop-ust,115366384,115366000,384
terra1hcf7z3wq9ccdyk2zlc5z2e8de7dfpspqepppwc,loop-loopr,578748442,578748000,442
terra1x3la7334r4y53fdh4m7kvhv924vk5rtg450nf8,loop-ust,1696262,1696000,262
terra1qh3c03p9k47tgtt8efcxfsdz8p63sdvy803gjj,loop-ust,1617562,1617000,562
terra13439s70nx2hdg8rn4r84fv4c0vxawgxn7hvt3t,stt-ust,216507803,216507000,803
terra1dmy79pc0y33nemllvsdl8tqenu879fuldetq4l,aust-ust,6076875482,6076875000,482
terra1n6y8dku46m0p7gk96gqgnhyry0vlnfumr0rz2x,luna-ust,41049076,41049000,76
terra14lwx5ad5yh7he2wd4vyevluww44j08h4c3u4rd,loopr-ust,356144767,356144000,767
terra1lgu78alpwfej24rk0j30pgfa4s8xa8p4mva0l6,loop-ust,5529691,5529000,691
terra129py9c86yxzhsrtelcy0p5m2kx7q60mzzw3t0n,loop-ust,5521348,5521000,348
terra1f9g3dywpf9ypdhh4xd4mnt3m36e2405m9fn44u,loop-ust,134036082,134036000,82
terra10qe32mv90w9t0gvgn6vh74tpcuy6fsqhh3xtrf,loop-ust,251207057,251207000,57
terra1synskplp27gsy64680ynedldlh2putxntmcjqr,aust-ust,62735684,62735000,684
terra1ua4lk2je7nu05fal7z328w3u7dzs6m2tz2sus2,loop-wewbtc,118044161,118044000,161
terra1h8ptn36cnm90kff583qtn844x60s8hc5nzf2gn,loop-ust,12807098677,12807098000,677
terra10z7ghmeemtczgmflcd745nxj5g2ff9nzxz3y7d,luna-ust,1451617384,1451617000,384
terra1q94268nnguhdper7ssylfczrgswzfk082cj29v,loop-ust,71039847,71039000,847
terra15wmkruhttqdk2lzfvuunta0r7s8gwt65j06ec4,loop-ust,97348580,97348000,580
terra19s5n4nttf4nrf2rhtnqj786p5pyhjk3asykrg6,loopr-ust,57770464,57770000,464
terra1w8ntzwtyff27e4w6lz74uqesc809qg932j6j0a,loop-loopr,7193080465,5170169000,2022911465
terra1yywhdh257pzxd4egkfrnsp0rcl67gzahhy0nt7,loopr-ust,6364996124,6364996000,124
terra19hjmw0j22wgx3f3dksp84ae87lfa4fju79mtsy,loopr-ust,1473220835,1473220000,835
terra17n7xxzwmzd528mhzna7cgr2xd039gsek3h3a4m,loop-ust,22175053,22162000,13053
terra12utmvcjlnfrgkysf8vv2p2xq9pv9y8s8mdgyhh,loop-ust,236602243,236602000,243
terra1pmw6yealvu4smtcfggklsg8n0l75uf84v96hdj,loopr-ust,25244005,25244000,5
terra1rp0nvx5j6tugswyk558d9s4hxpdeyvu6kat5d8,loop-ust,25382751,25382000,751
terra1uemcv9umjzjn3ew6e82rynsrsm5pgng8nw3yzr,loop-ust,23079898,23079000,898
terra1xr0r3g0tt0z5zehx9xk5qmkzddj770au6hdfe8,loop-ust,19560122,19560000,122
terra172yhkc2awwjxd2q7dme7ds64uaj2r522w5kx5n,loop-ust,7145248,7145000,248
terra1d0r2pg738c6u3l4jrjsgw7w7xlxkp7fcqeek0g,aust-ust,3736242,3736000,242
terra1pprklwavslz202yz4jjd37ryg3q4grh9eg00nl,loop-ust,10675118,10675000,118
terra1aun4fx4fhm5p9rw9vsv7y9lr50vy9zdu02l0xj,loop-ust,17575178,17575000,178
terra17n0jk68de6axjgeurpg2wx48m5e6gdkn9dnd6z,loop-ust,3834377,3834000,377
terra1k0g4drjqgvgm6e7px4sty3dpndq746hv20gmqp,dph-ust,45897567,45897000,567
terra12axq40xezakuam8nsxgykum3k3ya2p0dteq6q4,loop-loopr,114171324,114171000,324
terra1hnvjjeesyk8w6adt3378dxxww2f5xpgsj3kt0n,stt-ust,585642217,585642000,217
terra1cxfljgmh0j8cl3uaf77dfxhz42pyrkku7d36k8,loop-ust,21511897,21511000,897
terra17p7mxfdwa3uefsxc0pllugr8ggs8n74055fzun,loop-ust,40082048,40082000,48
terra1n5k2ce4cf6xyt9vpqr30eshu47fz0yqaexcaz5,loop-ust,4007883136,4007883000,136
terra16x0n63erkderv2t80jvd5ysr05rr6j2pcl6me7,loop-luna,29922218,29922000,218
terra1eq45lzd0299wehcg8j38x3dyrelzqqjh6y6h6e,loop-ust,1204625242,1204625000,242
terra1ly6hp8squdyalrel5tntk0dccfzxupkdlcfrnv,anc-ust,22583755,22583000,755
terra1t3pe54rj3x9medh2uc394xaz6jjeq64w0a8f6x,luna-aust,110225184,110225000,184
terra1yxusr2qjcs5tszfk3aenrrtq537tr29wprzpua,aust-ust,13047826917,13047826000,917
terra1l7fndc0danwut2dr0zv5sgand8sqypkvdvl4kl,loop-loopr,23990986,23990000,986
terra1352cdf83h5pkvv57anjgtjuvfth45fneurrcu6,luna-ust,158407084,157407000,1000084
terra1pd599nq343euxvudz0h503plmdfjxhsv4vkafe,loop-ust,148656924,148656000,924
terra157g9pjkh03xru8tagpnwme9jr0wc3cqgtqut2l,loop-anc,182695835,182695000,835
terra1kpdv6cnyvfhrpmde6dtcu4j08m7waz4xsxc0gm,spec-ust,178127270,178127000,270
terra1q0vkft2yrk8xwnh7a5p24zjx7tgmsjawy0qt38,loop-anc,20738841,20738000,841
terra1wxc4ufxg48h56kqhaaegzljjmup53rjxj70y5t,wewbtc-luna,886627,886000,627
terra1weh4r3stmsvsgmpwkwh704vv9tpnc5dr57eg2e,loop-ust,12609463,12609000,463
terra1kcl06evzsa578ytfsc677ahvxjlh2vg6vja4z6,luna-aust,20482918,10241000,10241918
terra1nech6j8xv237ne9hya4t4fhvl3cx59faujfff0,stt-ust,16960194,16960000,194
terra1yfccxa57k2hn80xyaa3vayzx8ayeqp250px23d,loop-loopr,544953473,544953000,473
terra1sys9egjsfd9jpkjq8dsdkpw2qts6c5u6z46wqf,loop-ust,133131226,133131000,226
terra14uajy759k0l6rddhh5jhw6e0hn22kev9wu2lzp,loop-mine,74109676,74109000,676
terra1aumpdgmhwg0az2cezsv9zwna08eu0r9ull8k27,loop-ust,8790040,8790000,40
terra1c2qgghsakxp8ywc7dzhuyr674s8tlgyazx8jmp,anc-ust,11276619,11276000,619
terra1ka2dkmyxv3jdgr88wwnf3dcpxeaw9np5vm4lx3,aust-ust,97623766080,97623766000,80
terra1t09f386rauta4vdq7ujqfkgvnevycfgcnjgjeq,loop-ust,308931394,308931000,394
terra1ktf5z3rg4g9nm7twh8f4hhawjw7kjsahky0rwr,loop-ust,44741313,44741000,313
terra1d8a75wmdhdpv329krmm7r7e5ecl642vn43fe3v,loop-loopr,1179299902,1179299000,902
terra17y5mk3q8rd2vz9sc5fvwnysndh3764vcq3dngg,loop-ust,10953947,4653000,6300947
terra1jqgd5rtw0j96sjkdg380ktmqxhp246jr3kvhnd,loopr-ust,138881677,138881000,677
terra19detjnm6cgygjjgd940hkfmtwx9w28tq4g09gz,loop-ust,10080512,10080000,512
terra109ysshtyxc4dqkwczlxj4a0fw7legrprjchew5,loop-ust,152001655,152001000,655
terra17crhxhvuvwg9emfh03f0aent2ze5qnzgxscp36,loop-ust,6018481044,6018481000,44
terra1exztd4d3euvgs6dcnvcykge5h8rfg9e9ugamhf,loop-ust,125607579,125607000,579
terra137hr8v3tyc2d7xl6e58vpjmxmtw5thwyrtmt94,loop-ust,10614735,10614000,735
terra13q7f03l8s73ypd6q8e3wpyswzx4qr9ajsvvtkn,loop-ust,30699192,30699000,192
terra1vmdzwhmxctyw3jvq688gek4jj27wlyz4da7uzp,anc-ust,11393045,11393000,45
terra1asjtv935nj2qc6j2cunhn97tme8y03qcksmz4t,loop-ust,42817387,42817000,387
terra1rnwwe0z6juwm476fxptvadkwphclxw8kc3ka5k,loop-ust,7553848,7553000,848
terra1wle4rfh42z5eld5cshtmgl0dgm5me0f5wqru04,mir-ust,54382874,54382000,874
terra1aenxrphj4a2g08gc59shwdwuzgwcf3thge06dk,mine-ust,1804430385,1804430000,385
terra1z5ny2weu47992enksv75sfwltcs2acj7k4dhqp,loop-ust,234267060,234267000,60
terra1gn7mygefnuussd748mfa39vylsa5h47pzggez0,loop-ust,472704950,472704000,950
terra10xkx8u688q9lh5z0cmau7mundv2kuuc0wyhwh3,anc-ust,64671300,64671000,300
terra1usjuvsvy87rugueakd026lmk890cs0awaww9tx,loop-mine,112453718,112453000,718
terra1fqseg3xdgsulj9trug24nxggm2xzsrclu9dqqh,loop-ust,31108678,31108000,678
terra1pvh4n0prtk3q7mgszeqh9q0w5u2yx25uql2ddm,loop-ust,1126035357,1126035000,357
terra1u02kzrt3glv6060n9al46l4x4w92628gcn7tcv,aust-ust,178757468,178757000,468
terra1255etglnpu0ul3jpr4wx3uuakep0cqh97gaxxz,loop-ust,16399503,16399000,503
terra1xtl6r2pq4l3w4pyl4ufpg6dqvp9dd7ufrpvxjc,loop-ust,8380082,8380000,82
terra1yp62d2cfh4wwzhg6kk6ytvgtneu2rmygrf5pw4,aust-ust,3147906167,3147906000,167
terra1ssfpxgkzt4yj0unmzx0cmrx6mhm5kl0g2mvy3k,anc-aust,20433138017,20433138000,17
terra1cd5zs7uyz9fsa0d6v3cvmv9xtg2r56fe4lumze,loop-ust,146130950,15873000,130257950
terra1d960ss47vnm3m9ayzkz5whdxveuufc8hkx6kzs,anc-ust,46821120,46821000,120
terra1aph5swvs4jlpwcgmhc3sfyaxme78wglnfnyhvt,loop-ust,20464105,20464000,105
terra1vdq322mjeznpcdnyt6r5nmma07fnpqrvu9sa99,loop-luna,22327607,22327000,607
terra14nhn924n7uz7w9d7v0s2gyq2yq2u65x6leyhug,loop-ust,47479959,47479000,959
terra1ppdfw8z6pks2gj4l3dqlh70wmlw7tj6a0305s2,loop-ust,4933958174,4933958000,174
terra1ycglq3d97568q54gxdzu2udmv935tjavhclc4g,loopr-ust,123621535,123621000,535
terra1vzgpfeu6kl3sps69y6d0xvsu8unpa7tmg9p9yk,loop-ust,13768460,13768000,460
terra1wrcxk9sjdz9zr328d2uarmucwmrlvkxds2rec5,mine-ust,215262939,215262000,939
terra10puch4xawtzqgvja36zxlve8qukfrlkkm8vkxj,mine-ust,8758758,8758000,758
terra1ka92h9k0znhcnw4ctu9tlkj0tek2za8s9r5ktt,loop-ust,8655976,8655000,976
terra1t66tw06njwpx6fzmy4shl5p2t39ey2al0u7yjd,loop-ust,408719880,408719000,880
terra14xsvr4l3w234p7asuaalw9vz25p26g8njm3u3m,loop-mine,55227186,55227000,186
terra12fh4gw265ez3z8vf58x54ga0x9h3dq5pl4mcnf,mine-ust,461894441,461894000,441
terra10y058qyqzvmrwkxu98q9aahnvrssej79x6tyx3,loop-ust,42580218,21290000,21290218
terra1894n2ak0ngt0htyutg9r8ceukp5686rknenega,mine-ust,427466069,427466000,69
terra1l995yv2my0kn6ujapkmkq90kr8mmywmphwgfgu,aust-ust,44814578,44814000,578
terra192xfm5hy996ttccsal35jvy6tga34t3zwwkvtw,loop-mir,328126889,328126000,889
terra1wv64xsyq44ny9yeq9ncfnfwty4yfsvemsasdmp,loopr-ust,19276822894,19276822000,894
terra17d8s906fwygz74czjhvsg8wz9ud7chl5fvnzd3,loop-ust,32992420,32992000,420
terra1vln9qwxgn8uwwl6unu7wu7jkjgafujy03ywt7l,loop-ust,66664460,66664000,460
terra1fs9lvmfca9qgsz67u3cr894nxua495lh35a4mr,loop-mir,886116646,886116000,646
terra18x65krpw3h75xc03r2w4nuz2eu72qzgzdta2g2,loop-ust,115592232,115592000,232
terra14racck6gzml2tq420vq22uakk667awz7r7t7js,spec-ust,15252720,15252000,720
terra1zrpvtq4sruztxs927suc4yjv49caj39r83436w,loop-ust,95603087,95603000,87
terra17vzemvdnzgd3kh62gj43yeuewgtuftl82f5vv6,loop-ust,16471570,16471000,570
terra14en2zt84uw5cwh6mjs6vz3envhklkfer5q5a7y,luna-ust,25654786,25654000,786
terra1pswgq6zs3hjatx3082ynu50y7d4lphnckfvhlp,loop-ust,59684174,59684000,174
terra1xuqaqhzys65afe9v9njmchue9y9nv55ckqwvx9,anc-ust,285568237,285568000,237
terra1vtgjc3g626nh7xm205jwvxg3sha6z78a2nn38p,anc-ust,207241252,207241000,252
terra1k23vjkazlqd30zpqu25hk58vspz5q22z8mgk4p,loop-ust,25000569,25000000,569
terra1krfc4nvzqqk55a66qqrhqfq3qn9l23e859cw2v,loop-ust,5881401,5881000,401
terra1d8dxw3ss5mvh7ajak4u7c0ay5ntfrun7k0esf3,loop-mine,1562238802,1562238000,802
terra1fc2s5dy9zsfwgfeh25sgs23l0g0n4q282jgm5j,anc-ust,318185819,318185000,819
terra1059h7wp7g7ut8rue7xp64c9m5l57lpe4ee8hkt,loop-loopr,12874614,12874000,614
terra1fpf378yk69x78we5048aw8y2lcqe0w9rq53ahk,mir-ust,63425174,63425000,174
terra1gv0fahfuxvczsfj0fzm2qpjzwz5g52ejfdhd68,loop-loopr,258998239,258998000,239
terra10qdt964netzczs5hv34nctqfd5vv5q6muf3mmr,loop-ust,1530507123,1530507000,123
terra1x7s77swg5nr8fxqz4gsgr42rp82m5p5ylcyry4,aust-ust,1027387515,1027387000,515
terra1u4vnmpxc47a2sgtefnrfptv9h2v7wmqslwrj9z,mir-ust,35586628,35586000,628
terra16mapfgddlhraurlxvv49mup8fzc0vc4puga83u,loop-ust,19147631,19147000,631
terra1438sak4hnt46p75jfhteu7vk2fztw7umg60lzu,loop-ust,168180505,168180000,505
terra1p3fdh9j0q2ncywteeaaxmh5t8j6hw2h4mas5py,spec-ust,149808063,149808000,63
terra1a0wjvx3vn3cnk5qfayhqzexvltlvzytfa06g4l,loop-ust,4073029,4073000,29
terra1mdmchr9ex44395ugft9xqqmgg73tnezvcc6fdk,loop-ust,3722849,3722000,849
terra16u6k5m4nf06fuvqhme2yg4d7wmwq2fu6q7xh55,loop-ust,9728907,9728000,907
terra1szc986crtz5e9xm6a6ed96h2jpejv6ee9aw7he,loop-ust,283130816,283130000,816
terra1wtffru20g9x8hdn5f8wnvxqz4slsg9xfu24k02,mir-ust,547788247,547788000,247
terra1tmwy5xwqz5q2zqynrd8dtpcxftgsrey6vvc743,loop-ust,29851385,29851000,385
terra1kr645c6k7thcvfwy6gv8cux9e0s6a3y36sdzx9,loop-ust,95195486,95195000,486
terra1zzn3h8ekhkza26dqd5prx0ukf26u39q9awm05r,loop-ust,1638705,1638000,705
terra158vrp9z7a9exettzc6d78nt8kedr3f0vv20rge,stt-ust,102875549,102875000,549
terra1g4q8wh0s9ynx6gxm0f3t6njqgvcusnh4ewx7pu,loop-ust,118474919,118474000,919
terra1he2akewfp9z22974qa9k7ctqden72drfvjdwt7,loop-ust,12967098,12967000,98
terra1djuq2q9p88u6t2qpng95hc62exa9lm3xmuzn0k,luna-ust,5836904,5836000,904
terra193stf86m5x0ak35ke7kx959ts0jasxczkr0j29,loop-ust,52702590,52702000,590
terra163845gs9d2wge3fp8nx5m0h0z04s20vceyrgzw,loop-ust,942919965,942919000,965
terra1curhxmy7zuc0ankzdyrqfjeke97m7qnacjgpdv,aust-ust,446817157,446817000,157
terra18982r05gp9h6rgkww9q56aptwne84ehyl8cl66,loop-loopr,1569690087,1569690000,87
terra17zugpuzhvfrrfhuj28wkv9sygskaz727rq5qua,loop-ust,21263299,21263000,299
terra1jgg504ydq9lnz3muar09re44c5x70ur3ncg9qp,loop-ust,17147338,16000000,1147338
terra1jphq995kmgu2jlw7s9h9y8jqj74add7at2vutz,loop-ust,56690649,56690000,649
terra1z3xehzh2xnzt49ry39w2ga5sypty6zn5ygxyzu,loop-ust,25703044,25703000,44
terra1lpc45w8qrl3j8mh5jn82u6tevp67940ssym2f0,loop-mine,616756579,616756000,579
terra1zhdf559pksgxfvypm5nvef3h0wkh0petkcp0z7,loop-ust,19222430,19222000,430
terra1czj5ds6hxuuwhqvelcgmztdytxnnmvvrfcphlr,mine-ust,5944669536,5944669000,536
terra1nyfayrc05cy96er3e7cmyxmkelg9p26rl3k5tj,loop-ust,447314192,447314000,192
terra197dcxqxzy79aejnz00df7u5jn9ecs0uwqh0vux,loopr-ust,121916219654,121916219000,654
terra1q0wuqy59ee2lh6prwspzjrf7g8hhdvj0fzp6n7,luna-aust,32071052,32071000,52
terra1048utzagsqfu6u5fu2r6lg5yqyqll2zhgeajkj,loop-ust,22088311,22088000,311
terra1eahaxenujjzzx3kx8zc6qw332j352axt4f7lun,spec-ust,640882718,640882000,718
terra1n5vaqyuj8uzz7twsf4fxufx636tnfqhuhd8xu3,kuji-ust,171665307,171665000,307
terra1j3wn36e9y0zwle9xwhqrz862y9xhewt9ltr6qa,loop-ust,4247136,4247000,136
terra1k86y2pedv6hzhtr5d7pgy7frsc27n5quc6tqyq,twd-ust,64481081,64400000,81081
terra19xuhcnes7f5ujvsqqxth8k8lx0gr342mvj4xhf,loop-mine,786232907,786232000,907
terra1s9n3gzvfgvwx3q7ejr0qh4la0lk829qc0g4mux,loopr-ust,2043324491,2043324000,491
terra1hmaffnlsqf85r4pp3882rawyuyrdwplu2h8fu2,loop-halo,47441441,47441000,441
terra14racck6gzml2tq420vq22uakk667awz7r7t7js,anc-ust,139322096,139322000,96
terra1v2876gjpf629u88pjaqh2altaq93tpdhrezdtg,anc-ust,1784083542,1784083000,542
terra1kznyy6tta8ju607m9k464me4pyps6wc8emjak9,stt-ust,99767089,99767000,89
terra13cn0yvd4huyhd4u5xp2qp9uqdk5l8wmm90tu7l,loop-luna,2295151,2295000,151
terra1kznyy6tta8ju607m9k464me4pyps6wc8emjak9,anc-ust,554501755,554501000,755
terra1vwkes0l5ed4095ws9qkyz7hl7phfq2p60jh64m,aust-ust,1573350655,1573350000,655
terra1r3j6xus7swqu285rp9kajj2vmh9cx945q08sdf,loop-anc,5365255396,5365255000,396
terra1mgs5fzn4gyyqxnpeznhpanzd5mpcfs2c96qs7p,loop-ust,7752853,7752000,853
terra18l6a8upn68us5dm2lkyq6lddjgk3l6gz0ktfjs,bluna-luna,57430927,57430000,927
terra1h4c8hxalrr8gvd87pf385lkhfgfcql024yp844,loop-ust,46964985138,44103097000,2861888138
terra16dfjk6epq3lv58kmal9an69tux793zuvxjvvgd,loop-ust,182665428,182665000,428
terra1emg4nzu8aauy6yt3zrrpf04cppg64x5hqcxtax,loop-ust,17921875337,17921875000,337
terra1stmwalha62zhwejf3r9np3h2qlqce0pscynqn6,loop-ust,14911451,14911000,451
terra19rdwmulgel0j6ps0lk74v6pva9f68lwpemjjle,loop-ust,2637185898,2637185000,898
terra1zsjhfrxm6yu9wtz9fljt6z2jzue5muejahcthf,loopr-ust,64944895,64944000,895
terra1xxh64wt4t9t2xwsrryd7kxz546urwrnqa52dsm,whmim-ust,49761285,49761000,285
terra1a4z79zhzma67qe8tut2s39ld42prvur50qjem6,loop-ust,33786613,33786000,613
terra13lm20nwwcpxwdh6289ukl370ej5pu25mnzv3ym,loop-ust,260887289,260887000,289
terra1t4v7m56znpqvg9ruaslkwmhgh0zp2s5sx4s825,loop-ust,127797158,127797000,158
terra1dqeqeu3rsq344qvnzf0v3av4jk49k3rmyyj3tc,bluna-luna,10898227,10898000,227
terra1flpf5zfspa0knrq3smk7qhzjg0gay4ak6spfj7,loop-aust,92543687,92543000,687
terra1afhqv4acq9w8dje5wmw90zcvq52gq0t3k22re9,loop-ust,7429111,7429000,111
terra1wvs66x55d4ha5dznkjt6juj2a2mmplufqygml5,loop-luna,24870364,24870000,364
terra1zv48aqdpa3py3kwsh6n22gch4luyzrr309xt46,loopr-ust,144085843,144085000,843
terra1pc0w27ye38rjyhu4gtw7wu8ac656c7l4vuv6g0,loop-ust,33739128,30000000,3739128
terra1aaf7wnsx3sdczwvevg6nvhc9f7jja957ahms8q,loopr-ust,661815657,661815000,657
terra1dc6v9r3u2n4tfnpztv35wfgfzg7cccv8tumnx5,loop-ust,23426217,23426000,217
terra1pvp9fnqdr5kv3cvcfs9u5cnugzu2ewcqktfk8n,loop-ust,107515753,107515000,753
terra1km6pe4t0s7fcmfhzxna7z70p73puujtpw6378c,loop-luna,4964459262,930949000,4033510262
terra15p0l3c0umwmy4ce7ekhsst7tu4q57nv4lm25vl,loop-ust,850936,850000,936
terra1yxr4gmyym0dlsmu5cgtxaxjeed8c7hdmshyekw,loop-ust,9962587,9962000,587
terra1ytd2k4s4gc6xn8uymcqjcykhnqp0jq6x0j8k4g,luna-ust,7931091,7931000,91
terra1c7yyj2ydcfm4tqn046nak7835prmaaehv79jp9,loop-ust,27265705,27265000,705
terra1yl87aphc788zzmlsxyuuputvvsn504qwha6nc8,loop-mine,1121115451,1121115000,451
terra13auw59rp4cgjuzc6zs63f2c6qn5c07dqw349u4,loop-anc,32852574,32852000,574
terra16njllcucy7nnzdle9nagyt465m73fytdt27m23,loop-ust,37950780,37950000,780
terra163gjxrd4l0v5eveg60rlrw74au9xxd7qnl6tuv,loop-ust,91583240,91583000,240
terra1n55crmpd939f549rus0wz9vtnjmmtmrkk9u24t,loop-ust,19714684,19714000,684
terra1d8yg8fh9ud2qfm7ld8nk057yevmw70ucw5mfzw,loop-ust,5351368,5351000,368
terra13nlfn4g48nfn9gtdtszef523vmck6sqs0t6aas,bluna-luna,4220843,4220000,843
terra147lpsrte5rahycq8y5v7nksphkv8zny5xrxyhk,loop-ust,67225198,67225000,198
terra1qd7rg626am9tdswz6m3h6mnn5jpppwafu20y49,mine-ust,369747076,369747000,76
terra1lv78qv23p85u489lrzp2ecevy3lu20whl5vgny,loop-ust,245764949,245764000,949
terra1tw2zmzhjwx5m6sttgrc8fdj0phkr9qc4hrqemj,loop-ust,186517507,186517000,507
terra1kche9vn7eq2t4kwx7yup4hc0x7q6hshjy7mrd7,bluna-luna,15966669,15966000,669
terra1fh73qf4pjr24evw8p5uksgdhnw58x4g09wf0wd,loop-ust,10201914,10201000,914
terra1dc0dhenwygygxckjxxl6pl26a0ejzu5pv9fvga,loop-mir,483640741,483640000,741
terra1acp2rn4fw2fglycgmy9ggpy7u4a4l08fv0rvj7,alte-ust,1307630163,1296781000,10849163
terra1dg66744llzxj66kns76usk6wtg2y27wy20nu9f,anc-ust,46724631,46724000,631
terra19sdt9sxdu9jwd3pfankvtugn6vsjf6h03a0euj,loop-ust,161078049,161078000,49
terra1z2g830s9mr9e3leesum7jqxun7a8dzf5jec430,stt-ust,25717255,25717000,255
terra182vvhxz328vmc4v35e8lq0nw5t009nzgyseumd,loop-ust,27323957,27323000,957
terra1st4dw3c30mda3wuy2aph76yvqundqqxz6xzs2v,loop-loopr,75806061,75806000,61
terra1wcgmsmyulyvnlkwacn89wq8sd5cf3pyszf4l5e,aust-ust,92329921321,92329921000,321
terra1lj6zhcftlxdv7gvs92kq5wy3eflvclqf5wqej2,loop-ust,5295438,5295000,438
terra1wxr5lazfvcs4grflnfmvt30p2fcsgkphfcz2ep,loop-ust,257540544,257540000,544
terra1w9cdjfra06lj3hnk8zgxsz8r3n55zc9xj4vd9m,loop-ust,78648555,78648000,555
terra16rwvsa0d3q4780yqws356y89plxk3kmsmy5fhd,loop-ust,4586798,4586000,798
terra16wnxw0lxnedt5755ghxqpdxxd26l2xq8975ftq,loop-ust,21584783,21584000,783
terra1at98wqe6949ra6rzx6ruppq0cyz479m5x2j8ry,loop-ust,51258867,51258000,867
terra15vnz99ruu52msht7hpww2t5x2l2vgq2hxjzlkp,loopr-ust,165749629,165749000,629
terra177f38k4hw3ruvekjc0p2h84ykpf22ugmkmrduj,bluna-luna,9999902,9999000,902
terra1kr0d8a28ryl0hv3g8gcrjnhq9nzywzsutpl57d,loopr-ust,13683186,13683000,186
terra1lwpedqt5scfjpz0fd0vuhqwdmmktmcuger4jxw,loop-luna,22147652,22147000,652
terra1czufk3x78twtqfn3x794tf4jkyvxmredduvwvj,loop-ust,24314313,24314000,313
terra1cpv09zpfhtjh9tyngrk0q6m94ludtc7v0k6s4q,loop-mir,180147085,180147000,85
terra1ulc3na0xacjpvmxzvf84wha9rprvta9vmx4fpn,loop-ust,10188381,10188000,381
terra1zc3kt8m53ec3qph2vgsmj9tnzafszsg70395x4,loop-ust,370027584,370027000,584
terra1l9886s72uzqp5ea0drs4njzg28h8s0d5q9ek5v,loop-loopr,19216080197,19216080000,197
terra12fwtp3f7ydsy8jy2uh85cjd83el97mgxfjdlfl,loop-ust,4597643,4597000,643
terra1jlxsfkjn4tjawzxdyk3jvg2a5dlzyx3nrs2ar3,luna-ust,1374993671,1374993000,671
terra1gl42ua6xvenm9sy7fam907cvr7jsl86l4znc3s,aust-ust,19985769,19985000,769
terra10d4lpc7k87ygytj2pgac9cx3ry322m49twqyl8,loop-ust,3519411070,2113840000,1405571070
terra165jahg2kgsp25fqj0edhqceha72un3kth3m02u,anc-ust,57450726,57450000,726
terra1uhzfy6qpvq4sfnaf366pshl6770phhgjaflvl8,loop-luna,8776465704,8776465000,704
terra1z9khm4j6yutx05v477jdyjc5khdgfqsyje45ua,loop-ust,6686842,6686000,842
terra1p3340n2ra5mhy0j4nsvvulmfrgngrhe3r5fzef,loop-ust,137267867,137267000,867
terra1gywvxe36afsgn4tvpylwg64u4smpm977d4g4lt,loop-ust,10117550,10117000,550
terra1km6pe4t0s7fcmfhzxna7z70p73puujtpw6378c,luna-ust,1288934422,1288934000,422
terra1hxmgf7xmeq92n7k0jfuvrr9lhu7rhuxam0x009,luna-ust,3298721296,3298721000,296
terra1nc0e9h0ez2gcq2keskj2q36gkvvnnhpl20as06,loop-ust,48260275,48260000,275
terra13qh84ddsemmnskx6jzzpm4plzvwcdjd04pdqhr,loop-mir,8803921347,8803921000,347
terra15354whta37qepx5ng4cqmq92f9qq7ycegfcuf4,loop-ust,24593999,24593000,999
terra1pvmpqflage0g46vpwqv4x49pdfd9dqwlrdcrye,aust-ust,53622750,53622000,750
terra1tdt0vzg5pt7e8z04sre7lehw6swmafmf49xa5r,anc-ust,24271965,24271000,965
terra18d4r9z8skvyv4hfja8plf2vee5d94r4yvnye7l,loop-ust,61267984,61260000,7984
terra1xes7sjlcnu5k948vpp55jf0pxrnc8rukwwz2tg,loop-loopr,10555923689,4578703000,5977220689
terra159fxegemdd5tnhf0cayl323vrjwukjyhfunukn,loop-ust,711081002,711081000,2
terra1efk4gerzguuecvv30yyj2lw6vdc7nhfpjtw0g6,anc-ust,1730445913,1730445000,913
terra1fgkvpljzyuwenk3m4gt8sqp4mkkme54rlxq6at,loop-ust,17073168,17073000,168
terra1yv9rvp2f2kfsymmtcmpwnfv2y5htg0ne49azx4,loop-loopr,3501522190,3501522000,190
terra19aq02lzpq7mwkywm2nl97nwsg8le8t3w87k99a,aust-ust,8937879275,8937879000,275
terra1qx7yamx50yremrk083h95v704s6u8afvrh4a02,loop-ust,44074180,44074000,180
terra15tqkkwh7npcwls9cwh5lm7hxd9pey2jm50p0sc,bluna-luna,478902997,478902000,997
terra1vn9rjj93mf4ks6wdl3wn9k6qa36cgzmttj7z2k,loop-mir,213408712,213408000,712
terra18rtx9wxmcngkd6ep2rf7gap96gftd6vk4slzts,loop-ust,10790219573,10790219000,573
terra1tk280apkxu7dryjqjxjxn49n3h56uwzlv464f4,anc-ust,164744932,164744000,932
terra16w0aknuunt8lhhsx0n2h2k7enxt9s5pwlg5hl4,loop-ust,447252831,447252000,831
terra1fpf378yk69x78we5048aw8y2lcqe0w9rq53ahk,luna-ust,8498410,8498000,410
terra1xs5yyk2hf555v9wm3ql52qpclvctrads4ym736,loop-ust,14885075,14885000,75
terra1267ktxfherz5c6qn4gtlgrnv683379qx8xm38t,loop-ust,162061245,162061000,245
terra140d68h05dh27qg668t9cg4e4sdltnwgxa7tp2e,stt-ust,111319783,111319000,783
terra1wax7nveeam7d6ujkv688mgf35vudwe7e3383je,anc-ust,2797234279,2797234000,279
terra10prjnq4k98mgn3nzcjmyjs4svtk6gpt9f9t9h3,loop-ust,44773083,44773000,83
terra17yvmvcm7perd5qw6jlft0pn6qdnphheg4tr909,loop-loopr,2473460756,2473460000,756
terra1e6t9zf4s8nkwppdrp3umjrhgujn6pkr9n6d7yl,loop-ust,2404668201,2404668000,201
terra1ad6nhtv7mth8x0klud62hxwy7vawc0elwdu0r7,loop-luna,25323796,25323000,796
terra1x2q3r3lvner0hqkns64vuwj3kaytdt28cjsv7c,anc-ust,547579559,547579000,559
terra1cugzud7d07txea8zj067nulgrt6uy3acunhy6h,loop-ust,2909525292,2909525000,292
terra132klqrjk0mzg4f46j902ftehtnuqj5xt93rj3f,luna-ust,8187158,8187000,158
terra1q7mueynwd0ya2q056y45rcc8l4dqxk6zsjythj,loop-loopr,2375273177,1375000000,1000273177
terra1ulsv22930nvterml89lh7f4zyst2c0gm4s3ycv,loop-ust,234516782,234516000,782
terra135ddxr7nql9zfwmshh7m6g2gfczuvqset0nzug,loop-ust,1796939,1796000,939
terra1gxwyr4zhq4zpq2stpfr3cngmqvelw45gahr23g,loop-ust,35683359,31215000,4468359
terra1ywcj0qmuvfv6v97esqd6qyptsw2cqzya8fx4kf,mine-ust,288409750342,218943357000,69466393342
terra1kg38v9f2kaj8ekhr8ztyy5s0n3z5w86kcxwz28,loop-loopr,2852923866,2852923000,866
terra1636625acwtzgqqykaqcdjnurgm29lqlwtxnyys,bluna-luna,39700920,39700000,920
terra1a87zqqhkxqn8n6r9l9vtl4q92a2yf8wzr5wtav,alte-ust,3262863661,3262863000,661
terra1cylr2m2533xecx9krcqedpcgs0cxcy508k5fvn,loop-ust,431648461,431648000,461
terra123cfevrfje9wp7zcrtrcg4edv9wzxsl8kxx964,loop-ust,1808231285,1808231000,285
terra1g5lewfx2u2hguhhhqsc0hvnxk06pygr3lkrrnm,loop-aust,11390993729,11390993000,729
terra1rv0zn0723guxjrw0lxqwv9skn6ypx2xfnv83nt,loop-loopr,239169720,239169000,720
terra1x247cx3pgasqd0gjmyha45m9f55s60ymy7kpdk,bluna-luna,52170761,52170000,761
terra1mj86z3msle02tfmtyl6a4km05zp6dwd2gv3hvu,loop-ust,25364521,25364000,521
terra1q9njllxw0c90tj0sw6fp9885y8cf5u26dvx4wq,loop-ust,46063502,46063000,502
terra13ngj352k76dwq8mp7p5fe8795tyd2lsn0gyhsl,luna-ust,27423356,27423000,356
terra17teeysayge95nlnuzswewt5he4xzf5jh824qjd,loopr-ust,17903618965,17903618000,965
terra1c9v0wwnrh2hfhvlg6sh37ct4dctws6mm7nak7z,stt-ust,349475659,349475000,659
terra1rnq7ye4cam6vh33valm0ur9xwwncl3ee2yneke,mir-ust,148653038,148653000,38
terra1j7mrdsu0j4slzj8fz9n20vv5tftgnc05aq2yue,stt-ust,27067432,27067000,432
terra1pe9gxszyrmrqjfj5gngds672de93h6zf9pyf9t,loop-halo,2531210563,2531210000,563
terra17kssyxx58zehh3qrnw2rgjvsqz4h2lmurljrfc,loop-ust,2124212,2124000,212
terra146h6rdkd5shalfxm5s87y6ht2erq32tgd2jecw,loop-ust,109142262,109142000,262
terra1e4qffulhmgajndtnj708mxyd5usd2pppk43whe,mir-ust,306900216,306900000,216
terra16tsxznd0dtrk0kjacjgtcrxnrs746aqe3wde73,loop-mine,1577299415,1577299000,415
terra1540l8qzs27a0ymh3pl7qyxm7tsgv327lmkuf83,bluna-luna,83859930,83859000,930
terra10keqrgfzlt0u0r8ydpyvk2q3hvynpcaglc0jjj,loop-ust,1111448,1111000,448
terra16tqwjfa8cdseh0xyv5929zya4hdpqdt0832k9u,loop-ust,1612427672,1612427000,672
terra14prje0zpq75ef6cl7ea6avkemww9rwq7s5ylfg,mine-ust,411749661,411749000,661
terra1z27jjk7r0ewftee80ukxwff8p8hzesd3gv5tz6,loopr-ust,37010406,37010000,406
terra1sqf5rvehqm97ft8vvp95wj3y3cjn3vzdy6qlaw,loop-halo,376563381,376563000,381
terra1hfdjtp94zq4n23darzd8ndch55vr8qys5dsgql,aust-ust,26922330034,26922330000,34
terra1kut2vh6t2afxwxkw0458rrzjfjsw0z2dwzg9qu,loopr-ust,1585906130,585906000,1000000130
terra1zeyvhtedydxaws4dwwjuu8yd2gmtmt9gne9vc2,loop-ust,896172446,800000000,96172446
terra1c0ctrq02fxjthplve0akfq4ea9xpd8xlhj6gp6,loop-ust,4878528,4878000,528
terra1na2rwrhxy23h2m0cy435x3pz6kza2uvydhgncf,loop-ust,5409893,4290000,1119893
terra1wtffru20g9x8hdn5f8wnvxqz4slsg9xfu24k02,stt-ust,196574914,196574000,914
terra1mu9xklq2ty6kzqswe4znrsu3fj2ekumejxx7e0,loop-ust,6051716,6051000,716
terra1hz8fzj55qdpa7y3u5890pzf06ekml6xudjmela,loopr-ust,327982026,327982000,26
terra12rl0hd6j7wq9scj02hym3a9jylhjy6954g5p9v,loop-mine,4078209,4078000,209
terra16p43ltcau22w32djf5agq37gnqhuehkwpvkdm3,loop-ust,9022956,9022000,956
terra17ztnyhzujny8yaaq9s89rskqkzfzalvjhfy6g3,anc-ust,23033737,23033000,737
terra1lts9sek6lzmf4cajtc8s303l700vsacf3jlxh5,loop-ust,110887631,110887000,631
terra1gpex9avc5gtjqsd00asd3z9zch2j7ae2v29z5l,loop-ust,4550499,4550000,499
terra17pn5323nge6y8mk52zkdgyx8wg653r42c4y0w7,loop-ust,13853864,13853000,864
terra1hnysf4hrkk78nsdnd2qjjp0mfkps45gu97gmsc,loop-ust,75786911,75786000,911
terra1uw8xtkeh529thsc4jncyz7zg403xaas2kyeuwl,loop-ust,3582311281,3582311000,281
terra1c5ppmyr8fdspylexuhvlg4tnyt9wxzuu97sg5a,luna-ust,77722859,77722000,859
terra1skw0wv3hfaqt9j0ypeumyatvujfm5l6rjmh6yt,loop-ust,461825,461000,825
terra1sklp3pmdgt2206ksg7s95gfxmqxs0xqwgh6f2w,loop-ust,489009085,489009000,85
terra1350eaa3g2gqg6jgzhsfjajladrnu2jey22gt27,loop-ust,18565937,18565000,937
terra1dz2ht5p7pycsswqj6jj9cktvpz9yu42pv0dy85,mine-ust,204060752,204060000,752
terra1yvakhfnjf9hagyrjyvfvjr7fqtmf7yqslpaqpy,loop-mir,1854833893,1854833000,893
terra1fysg8p67xyrm0wnw40hyelgm2h7x3c79e63dmt,anc-ust,4933031522,4933031000,522
terra1sqnlwp0gh22ysc8yx8uty7k8hjgf77d4w7tsme,loop-ust,249840372,249840000,372
terra10lcr23r7pmwva6pdfhp2htzkjzrgq6yrp3pflj,loop-ust,3218701,3218000,701
terra13qygq74wwr0f9vn0807e095d7egzjetu8ejnys,loop-ust,1157680476,1157680000,476
terra10xx46ahg4av6dy65vncwpn7vsc6v2c6nswjauy,aust-ust,155719257676,155719257000,676
terra1aaprn9deunqh4gyj0wfwaexgpw3jq3fkll7nfd,loop-ust,60438955,60438000,955
terra12eu4as0z09erkf98hj0m5p50dpkwrnqadm7ha8,mine-ust,296035666,296035000,666
terra1929zpuflzgwfv3m094h5qstd2227p37f8asnnc,luna-ust,20185810,8049000,12136810
terra1rlty37ufck4qgyuta82vt4epjj29aa20yd64qh,loop-ust,31410647,31410000,647
terra10xx46ahg4av6dy65vncwpn7vsc6v2c6nswjauy,loop-luna,469569351,469569000,351
terra14mtcah52qxjkrd64zaja8vsxcv3vxsh2jeh6r0,loop-ust,103819405,103819000,405
terra1zt723gxgj27qxhnj80zdsd6ru5499q00yzak30,loop-ust,42424549,42424000,549
terra1uw39v8y5czse25wvy4g6vdepfzlyhgt2s7nk23,loop-ust,199277196,199277000,196
terra16mnsdnl65cxvvhvtltlc7rarm6r2wndp0fkgnw,loopr-ust,969218078,969218000,78
terra1waq2vke2a53xkp8frwu8uxpna4g0rsh676acd9,aust-ust,1071854868,1071854000,868
terra190wcnjlth092h647z4gvzv5gp6chwuyfheeyrj,loop-ust,17428179,17428000,179
terra1z66y9672ulh5hhaa9t5nwhgra8retxn29wkcad,loop-halo,13015865184,13015865000,184
terra17daca2q0pzd69f9tw0kv0dfcnw0fswzz4h4nqc,loop-ust,16778607,16778000,607
terra1wlmsdgflt40h06a5g8eql8dvc76gx9kq9tlhj8,loop-ust,6965015331,6965015000,331
terra1ps8huw6lx383fzslc74x0apkzly75e0h685qvp,loop-ust,47713119141,28998214000,18714905141
terra1m3qt4gknps2v23hcxhh2jajfw5ufr62wn82zwd,bluna-luna,74761292,74761000,292
terra10x0aaa56zrwj5t36msfdcx4jhc86y2h02shjpl,mine-ust,568010730,568010000,730
terra1k6zaq2gs2czyfyj7gjkv7jc7r0kd4wtgvf0wdn,alte-ust,106139218,106139000,218
terra15hvlefyuc9s80dczd4n4qwcglxhcnrr2w952wt,loop-loopr,1234347644,1234347000,644
terra1mzq7zj6vx909qcgrs2y68s88lxd0f0eslgzt65,loop-mine,70551319,70551000,319
terra1qgqj2f2na0ktlcfdz06ne7w4lzu52x4tuh5qa3,mine-ust,4818510843,4818510000,843
terra1n2e2z866kclcgj73wfys80a7rtvfq9ftts65gn,loop-ust,3630241,3630000,241
terra1gqax9p28c2pp4rqnnl4a7rcfcvmfremm9nupzq,loop-ust,179522153,179522000,153
terra1d03ppywn369qzajeuqs0dge29rchxteaqasn75,loop-ust,803257877,402706000,400551877
terra1vu9sjkd4sw8d38hjcu7puafurcfm0kgarqtqym,loopr-ust,103045885,103045000,885
terra1s6avfkhqzu25cxp94h9pwe64vxrtd4kayn2zza,loop-ust,85350008,85350000,8
terra1v7wecuhv9apkafe2e4l940khkczeq8t0w02h68,luna-ust,13171246,13171000,246
terra19p2enw97yh4fpsdx5keac47m9d399cykqa9553,loop-loopr,2926451107,2926451000,107
terra1c2jt5qagk3l5kva6ltd0kypvtgtzh95dzrduc3,loop-loopr,15690208213,15690208000,213
terra1rcus83pvn6uvt4hfc3kvcqjg9wx0xhsunfdpfz,loop-ust,2670030,2670000,30
terra1gkg4077ae2wu83qwey0lsq5yk0ruu5udfc9jq3,loop-ust,396505795,396505000,795
terra1h4q7sj0tgxr5exary2nc894rr5qhdwll6nhax4,loop-ust,933253,933000,253
terra1dyqjymav9pkek26l3mfh4uuf3kr7s9c7ds4ttk,loop-mine,22447668,22447000,668
terra17lrjrktf2rdj9mqe846n8sgxj4wxc8tv6c5cjh,loop-ust,517164906,517164000,906
terra1l2luw86x6nyeqws9akecrlcrg0rq6gq3chzxqz,mine-ust,4570495051,4570495000,51
terra1yvqrs2me6qtpeg8ugnzv2msuuzp6m3djyh3f3n,loop-lota,10203898,10203000,898
terra1etwq0q8wwnmq7322kz4v6ff2dcvwfm634vdkqn,luna-ust,37927586854,18963793000,18963793854
terra1rapu59acw73mxua5wac4jf979rr03m6fxfnwcw,loop-ust,136791331,136791000,331
terra1ck0y2en9pqralx8jzf4lvp72vspz6g9x8eydlz,loop-ust,75303093,75303000,93
terra15apafc7u9gaqfvyp2tk380dxn026s6puqxc03l,loop-ust,420892981,420892000,981
terra1djxpz93j2lrjktqky6snq49scld94ywxrqgxmg,loop-ust,28286427,28286000,427
terra1fcpj3fsxexkm6e8mm7z86hn6e29r88c3dfq4n7,loop-ust,100890235,100890000,235
terra1ndnqvhz3smsq0nuejf2ajnk9l8etn24fkl4k6y,loop-ust,11772980,11772000,980
terra1gyw93z3qezdgyahg3z3zyuxn075vgpug8uhpks,loop-ust,40090680,40090000,680
terra1lrnak5x740vxjs8mxvzlnwqc3rvqhq2qg4jcs8,loop-ust,34712348,34712000,348
terra1lsve48sqrhknvlvze3p7k0pc7gtvl68wanjvaj,loop-lota,354523954,354523000,954
terra1agtdtpvsutau0qxfueu2xq33jlc0suqqh0k6xn,loop-ust,9016234,9000000,16234
terra165gnzkmfltju6p8v4sz7vw96m36tnnw9ff3wr9,loop-ust,19674502,12363000,7311502
terra1u2ekx3prpyqmq9khhvvmdaakn9yy3qjv02x24x,loop-ust,6301133,6301000,133
terra1ct5sl6znunr35huh7yasmv20gskump3xwl68hr,loop-ust,94272872,94272000,872
terra1qhllgwcrsxtf7wr2quzv34y4emwkr4d9rjr4rf,loop-ust,21681986,21681000,986
terra1jhwhy4kp2r43gndjh9lgqdvnlugpjm7h6aaczl,loop-ust,85048352,85048000,352
terra1ypg77s7anewjwn2xl8a4svdnnh7ns8l2rr7p9h,loop-mine,1089548,1089000,548
terra16vazku9aqs35ez2s3f6s8yswh9z8yfqqgmrh9e,loop-ust,50401466,50401000,466
terra1whhz3fnhea77998xwdngjxzwn93tfehk7rcj6f,anc-ust,1369737051,1369737000,51
terra1ywluuc06y4zrcyc7f3z6ls76uxygw7xdfvkghp,loop-ust,3292063,3292000,63
terra1fmsjwsn62wr8vegj9zmznwv8wemzc83kghy9hm,loop-loopr,11410227,11410000,227
terra1m59dmzwxd4nv32cydvnnz5qxz5a0re9jz727z0,mir-ust,2269696363,2269696000,363
terra1uwk4zljy2vwflaec90v9q9lgdrkjntpp58zcae,loop-ust,108420701,108420000,701
terra1lqppq8v8spa43hw8nytdwv3tu7chn22gxykeew,bluna-luna,1351917,1351000,917
terra1az7kvr09cj6t8jw2u2ah2jr523rgny4ez3u9tp,loop-ust,4934448,4934000,448
terra1skm8vws6gp3krxupulm7lsd324g4hfq7lvt2lv,loop-ust,42514341,42514000,341
terra1c2fe6mdepy84hsazggj3k65a5jj3we8z5ltp4p,mine-ust,12153248920,12153248000,920
terra1sxszcyqqp5erd5lguvkx7dv4mfry24wvgjuhzw,loopr-ust,62500086,62500000,86
terra19hjmw0j22wgx3f3dksp84ae87lfa4fju79mtsy,loop-loopr,755657716,755657000,716
terra12wg6fxhmv695gd0qwu5pn48kyq7rzqf6dzym5l,loop-ust,416759291,416759000,291
terra157lkumrk8wdm5krhnknusv22xajvs8h6jl2dun,loop-ust,1112318477,1112318000,477
terra1nees63cx0mxkkcagwy9k74wpch3h2zqnl8sjf0,loop-ust,55688699,27844000,27844699
terra1vct6vfh9a56v3xurnc690hrqynnppwk94uej66,loop-ust,42838653,42838000,653
terra1jplkyvysfdjr8clu4zzp70ymfq4xmy7k3v0n4h,aust-ust,44998142,44998000,142
terra1hdr9rjrlqkschempf0ktlx89yhlgm895zrycp3,loop-loopr,19061085673,19061085000,673
terra1aqt0w5jrtd7d4h7vqref0n0wpdv4y679hyy76e,loop-loopr,1400812273,1400812000,273
terra1dxrmu90xv6v5xsckaagvzhdydk6zh2znevgzl4,mir-ust,35804751,35804000,751
terra1f7kkujqpjauhkv3yrna7zrvz8tk6d3dydw70tv,aust-ust,23770752632,23770752000,632
terra149ezzqpvla7t7x2atu8k7aykay6zp86z404fc0,anc-ust,89760489,89760000,489
terra1ayf2z8hek6txqyy6958v786e5plglq4ey3upyd,stt-ust,174502056,174502000,56
terra1pewnysd0msavh8q6vmhfvnvj34a5m3eppu09d5,loop-ust,467147146,467147000,146
terra1ehkdglclr5qk8533tspax4942enacaxa9mylth,loop-ust,10924615,10924000,615
terra1d57dp3q5an9jajy8d3q5g7rxrqplj4jat42lva,stt-ust,248895246,248895000,246
terra1stvqdtsmc2ckk003z89ykkzv9tqk9s6t6qxz4u,loop-ust,86287480,86287000,480
terra179lkh57ajysmmvldel6dj6fdf4hme3r6cmdxl9,loop-ust,23528827,23528000,827
terra15qq8hsnpcyp7g9lc9qvhdfe99q6lmtnpz65p20,loopr-ust,1790503870,1790503000,870
terra1e4skyt0jmecsewg7qsccmqsxfe3e8pdguw3ttg,loop-ust,118154875,118154000,875
terra1klx2x54hj6rhvdcp57mz6jagf8mkmgr4dshcdc,loop-ust,882229842,882229000,842
terra17pc23n4m3qy3gwsv9zd34qpxrfafypz629lj78,luna-ust,461017358,225432000,235585358
terra1366t8m7hljga99gmm7g8wxchc974zyzefpqts2,loopr-ust,103286267,103286000,267
terra1ea9jjsrq0vsp9949kk5q25mjctn5yawaxdheky,loop-lota,248854626,248854000,626
terra1y2a5t52sjrayvtm8k2nde04sdhl4crfjs2njpp,anc-ust,221983589,221983000,589
terra1s7nxlep2jyux6p7pcpwqhlem7g6guk99c5dyvz,loop-ust,86795222,86795000,222
terra163s79lsyshez835nn2mq8lvpm53vxtenjhsuv2,loop-luna,3592789,3592000,789
terra1nzd0f9pdqg59t2pt5dud8t4a4uzvatdl90jmxg,loop-ust,345261534,345261000,534
terra1p7382c8pccmnqm6qur757a83nxegygf6vmhtd8,loop-ust,192026344,192026000,344
terra1jy73htmnq4dgvty379jve4xa6df7mz8gn7t7u2,lota-ust,620752914,412146000,208606914
terra1k0z3pfcwwplekcg8zv4kutp6exaa4cerrkt2hw,loop-ust,46968921,46968000,921
terra14uapeeadtcx6nwjtyrgwt3wfptmn5eck68x4dd,spec-ust,651479441,651479000,441
terra14ue8tjg0gpd8wkcq0y65steyst27whyglss4r0,luna-ust,3194695,3194000,695
terra1rzq8l0ps4qtg3yn28xjjsw2d0ccecqrq0vdpy4,anc-ust,935847161,935847000,161
terra130xsrt9vvawp4y3z02usjgpdt7jres2elgfuyt,loop-ust,88110366,88110000,366
terra1tqncy7g24v9w4xpm6qt2whr4dnwjk9kv4sa8ew,loop-ust,9126616,9126000,616
terra1qrsf98ce0fwq6h3upxk59sl0l206w9kltdnfq9,loop-ust,6928907776,6928907000,776
terra1yauztjxnv4tnfm3alqmq8uv52jlm8lhv6nnd7l,spec-ust,135221526,135221000,526
terra12qzhrx7csqyp82ewmwwwp6v75xj3qgtm458qrz,loop-ust,730114730,730114000,730
terra1n2rd5xutup5vvj0t0djwmta24302radjkcc9hf,loop-ust,9106354,9106000,354
terra1vz05zjv894xnzf8l00s6xglpg8ryfyj69qyqp5,loopr-ust,135045304,135045000,304
terra1n2ckw7c49a8nhtm40lyrurhw54tzujwn3tayql,loop-ust,15329713,11496000,3833713
terra1kpu7eag64rkfee00vlz2xv4rpd60nwk596m3z4,loop-ust,203191644,203191000,644
terra1ggz3j8uh0ht8rhhtjtgwyx20wxx3ln24e6yxnw,mine-ust,410314414,410314000,414
terra1gzgc3ptg660uhpgxhhntder8wyfeg0vsugzn8w,loop-ust,78276472,78276000,472
terra1m5zjpwvkf76dvd8pf6dvsf6mdqemrsx3zdrwt2,loop-ust,486289596,486289000,596
terra1kkr558r8d2jkzm0hsh445w3hlleh4djdtnmh70,loop-ust,7275112,7275000,112
terra1xhapnxv3pzn48f3xyphwaex2a083hj46uptlj3,aust-ust,2065181448,2065181000,448
terra1ej7pj580kd5h6cc65xeqmlc95kkf9ld7uuqsxy,bluna-luna,49816461,49816000,461
terra1kqq2c03vehd0gc9f6a95wrsvypuey7dncnw3uc,bluna-luna,38248593,38248000,593
terra109dc4za59kqhd37euayeuuall80n9wlyy0ut2n,loop-ust,6314284,6314000,284
terra196djkp92vqk7pg0z009xs5q8uk5ezgj6qs327p,loop-ust,897496377,897496000,377
terra1pqd2wr3wlhcxq7wqt8eeymzcfhhn3cx769vwt2,anc-ust,15633835626,15633835000,626
terra1d7wtx9g39n7nv2stq2vwgv5wyqw3f3rtku86hq,luna-ust,7654813,7654000,813
terra1rjncy8eg2h4lnkssy9m3cyr8zququ3rt060en5,aust-ust,5591965427,5591965000,427
terra16hzm5fxwa5207w9lkgte3n9c9t8sg6u26gqp5g,loop-ust,294374953,294374000,953
terra126nsny6lt7a3wt20g0k5ul6s9th24cmsngcr6l,loop-loopr,393192366,393192000,366
terra1m9m88qxttvxashvtcv3lz5ts7yu7r7gf73gtmw,loop-ust,58753803,58753000,803
terra19vr49zklx59mgj5ax7numwmn3vaykdzfxqkqga,loop-loopr,739474153652,739474153000,652
terra1s3e3xakynzkw53hmujasejpuek55deapyyfg5a,loop-ust,60920216,60920000,216
terra18cpypw4v90cmepqer2d8q4eu830hj0qw6cj8e3,loop-ust,89776969,89776000,969
terra1e9wgwsgsjlkdmy2rltjguwdya9fpp2jrvdts7f,loop-loopr,200533311,200533000,311
terra15f38h4932axwwysfnspneg95l7w2pna92dfmht,loop-ust,5677923,5677000,923
terra1ew6824jrxkkqra87xl8t20ddrfq0hazu4hfwfx,loop-loopr,610614352,610614000,352
terra13pz88dzxkl8jy42lsjwzlhch4gjn7q9uyk8m2e,loop-ust,478566945,478566000,945
terra18yulft3pryhh6xtfg4zdcul34gaj8unf689emq,loop-ust,395865807,395865000,807
terra1xe9jx2cvet32rd4j0gq4wllgf6c3djh4z6ausu,bluna-luna,455165721,455165000,721
terra1ljjfkqn40x294u3f2uzd7xrj4pg4v4q9gceee9,luna-aust,404669420,404669000,420
terra17quzv4jzakh0rulsxz00n8s7000gap4acr3cr2,loop-ust,25717352,25717000,352
terra1pgz5h59pa3k9exad0ju80efqw56zlvd5n8gqns,loop-ust,12624256,12624000,256
terra10xx46ahg4av6dy65vncwpn7vsc6v2c6nswjauy,loop-ust,51540585904,51540576000,9904
terra1sfrrar3l6ee500pdlttf54l0wmayqq0ez8fnc9,loop-ust,98532066,98532000,66
terra10vntfy2rp7eueq27xepzmmumqwxwdrxpz3jdm6,stt-ust,7947664,7947000,664
terra1dxr30nwwl96hsnwk76z6c88se5al5c45sfpr0x,loop-ust,9473116,9473000,116
terra1fasmsp7ue3pv96mr9s9pc67w0wvhy96vmus62s,loop-ust,393785237,393785000,237
terra1vtgjc3g626nh7xm205jwvxg3sha6z78a2nn38p,spec-ust,10819988,10819000,988
terra13k24u5rcz9p9j46yhulyeg34z40ff89wf0yaqm,loop-loopr,1642606874,1642606000,874
terra1sqq2xfe0q4p2uckmy96dkqfhpathwgq5nlyyc8,loop-mine,10402261,10402000,261
terra15yfuxx53yrc6n2uezkwu0f9ytk0n2ync56pd8j,loop-anc,63614498,63614000,498
terra10lp6svq9crz47jatv4taujha8l5s6aj55wp466,loop-ust,2834633,2834000,633
terra1s2jxcal9mfh8380gjrucjfd66d6s9eyejwfxg3,loop-ust,43838790,43838000,790
terra15sv8s5tasty5mukpmfpqwmhq68a999kd08y4ae,loop-ust,39107915,39107000,915
terra1mfpwpwx2qgczgqgwsl2jzu9tdq4tv2gqaw2x9x,loop-ust,17590953,17590000,953
terra1685yjrjwur69v05cpmjh4r29qssajcffeg0wx5,loop-ust,144859572,144859000,572
terra1t6urhhpzwy5jh0wsa62zuy3l7zrg750djk4kez,loop-ust,8642493,8642000,493
terra1jvs56m7m4rul7j33xusecnkgv828ra2wufmv63,loop-loopr,18077960566,18077960000,566
terra1jvesu78v95x9pwv43c5jemrz597unjv68p4y96,anc-ust,53992076,53992000,76
terra1dam2azx79xduz6y74xzgqstslgfv4gm3p476kh,mir-ust,30270617,30270000,617
terra10lqg6w08gkjyvkzlam5lw2z6ewlc09rfg9vntm,aust-ust,4251752443,4251752000,443
terra1azk8q49w92gj7c4rul3qstghlcpe9mt4qrjtc0,loop-ust,3059724,3059000,724
terra1fxfs9c3r5gafk0gjzd73p2fxext0xc0x3v4kzj,loopr-ust,26983785,26983000,785
terra1en9aq5zrupu3l36rl9nflad0jqsz4y35rfevpp,mine-ust,28579276153,28579276000,153
terra1yg8j0tk5khqz05ahenzf3k2e8jzqf9wh3ttvyp,loop-ust,194913383,194913000,383
terra1p4m2cdngvh34vwal3pecf9t4xjuqhryujsaywx,loop-ust,63202107,63202000,107
terra10epul476m7wufraudp0rpxrfsy5kc9mzqanyt3,loop-mir,18019722881,18019722000,881
terra1d45jx82h4daf99yqp849sznc49nn5pzfl0s72v,loop-ust,35772211,35772000,211
terra1xu3c8aqy66ydgke98sunqquy0ef2alp5jncf42,loopr-ust,36530918,36530000,918
terra1pjfshf76hpz3pzqqrlpnyhv6ud7upkhpu6r809,loop-ust,522857386,522857000,386
terra1g4fxjajcymw3ynmjj8jnp4ljah86z9vzg6un9n,loop-ust,286773377,286773000,377
terra19wcy3yvjcur49asxn9mzjaldaysmh9xlsp058e,mir-ust,751459436,751459000,436
terra1egt43djsz6h8vv0h80gmrcv7s8ykxa5x9ejmnt,loop-ust,9056365,9056000,365
terra1807jh6gwz0saj8sgk0akh4snlp6af8ym6ucsrj,bluna-luna,16037311,16037000,311
terra1qs9aycn8e38t3krlnedzdharjr2q46088haahw,aust-ust,229620182,229620000,182
terra1cznez26jekchxwed7s3hxq2yn9ws88y4tunjhu,loop-ust,51379343,51379000,343
terra1dg66744llzxj66kns76usk6wtg2y27wy20nu9f,luna-ust,649627545,649627000,545
terra1snxxujl49asuw25hxnce9r94fret5wuw26v5f7,bluna-ust,217978066,217978000,66
terra1hp3emmjswnv689n7agjazn64gfcam9cf72tgx7,loop-ust,8089907,8089000,907
terra1wyltjgu53kgu9f6dn2z8nvp2w7zqk5m0k452zc,loop-ust,19070834,19070000,834
terra1vn8r5qc2pyuxqus2mg50lamx4ty9zwy8rp3arp,loop-ust,7773482,7773000,482
terra15wkzgn8zlrdvkhncu5ah3f9lcu8jldzqxnw30u,mine-ust,15530035416,15530035000,416
terra15733r2czqlxtf3cvmr0w73vatg602xn5qyapgd,loopr-ust,192231629,192231000,629
terra1kxywe6k849wrnxahtv8h3r0xdewa8ses9sdflj,mir-ust,262132199,262132000,199
terra1pwx6qqwpdda6j0uwpjrr5lxkm7nzdghcms9hsg,loop-ust,1420602516,1420602000,516
terra1u86hrcq2e4t8r0k5u8j06a0r63jv8zmden0k53,luna-ust,6584048,6584000,48
terra12exsuqf0lcnq809hxs7lczx2plax7ljvretu8c,loopr-ust,417169028,417169000,28
terra1lzglpxwjpx763g43su3mthlar77e2wq25gplu8,loop-ust,1333204437,1333204000,437
terra1w3ejs34her7fu509y7yqdeh5pkvmhu89lx95ke,loop-ust,8409756,8409000,756
terra1lhxuhgcadactg82ss5wjf5c0m95ldnm2fvqk7c,loop-ust,7882968,7882000,968
terra1dk6l076rm4d907kes4p85smetd86mtwewhs2kq,loopr-ust,46449868532,46449868000,532
terra1lth936gslsn954gggldc8hajkdulrgt3qvprm0,loopr-ust,55075113,55075000,113
terra1s2srvcyzfa2agegawk7ux3vezm983lgqlpl4sw,bluna-luna,1651328469,1651328000,469
terra1yxfgvtq2f5q77du6mjll6kp27gn4cua72r4x55,loop-loopr,78123260730,39061630000,39061630730
terra197rrasa42sq6hcg5r9tx5rfrehx43r9yzhev0h,bluna-luna,26026970,26026000,970
terra1lth936gslsn954gggldc8hajkdulrgt3qvprm0,loop-ust,7763771,7763000,771
terra1gtwthyqqxr40e2zvft5uuvnlhwwewsny7cuqkv,mir-ust,42649212,42649000,212
terra16e72dacdmvcxdtk7l7ve8hxrg4n8lcv0uq0pf6,mir-ust,2950981464,2950981000,464
terra1t5apfjqlwqtau48w44rnszjntcdy808mkympwt,loop-loopr,109665161,109665000,161
terra1lrrlqflf5c0vrqn5540ddzng5e3alzerxg2qu8,loop-ust,17154091,17154000,91
terra1nur53qh4cuh8pc6vp60ps059k6m6dlzrjswwff,spec-ust,45151296,45151000,296
terra1l0phqd22tm32vhuep2td503glse827r3r35h4r,loop-ust,66557624,66557000,624
terra1wy6y7m2j2akzeh0c7ysv3v7dqx8xspxvydpgmz,bluna-luna,27792492,27792000,492
terra1tp0pe48j6lxez93kh383yv55cvl9u22dnpkjtv,loop-ust,796332588,796332000,588
terra1akr8s8jrlzwe8nfnxwq2m0l3l4vlc6dnl8s2w9,loop-ust,17130798,17130000,798
terra1k5smyh2ktefqtmeyh544fu0eazxpks2k6x55ak,loop-lota,124741824,124741000,824
terra13nm0xfaggm0tcnr0jna7wf95vlryfsraevqa4h,loop-ust,851071,850000,1071
terra1qg0f0cewcn3vy8wktpvduylt4rxje0elg04zw5,loop-ust,9350768,9350000,768
terra18e7suxwmum84j5scdmn7wltms7ek87f53teatc,loop-ust,852246619,852246000,619
terra1eyagta9vy3tvzlyhnpqpjydxj3h7k5r3zxx9v3,loop-lota,1128311502,1128311000,502
terra1s2z7rgg5srxl9y2yu8682ddge0dj530hz8ksfc,loop-ust,16890650,16890000,650
terra1t0snlm8p53d7kffwkxrnt4el0ddl8zyq7yaxx4,loop-ust,61243761,61243000,761
terra1n6rm72fdk8ak6s3hmt7qcaewlexy4fshvjpgp8,loop-ust,213870506,213870000,506
terra1hr9lwr3shat46d5myypw7j3henh82zhx2r03hw,loop-ust,70992319,70992000,319
terra1a0dt6rcr28s29wg7w9h5ryjrk3x7jehr8juqzx,loop-ust,8914466,8914000,466
terra1f3cjztgw9zc52gcfd588cf5ddh7zxtugx8zk3a,aust-ust,35869094,35869000,94
terra1t22q96uum4fzvyzv45xjl7lhcj46j62ycx66n8,aust-ust,897129921,897129000,921
terra1f603hlwa4mp3queeqdjxxdglhtywtjnqed95fw,loopr-ust,223726253,223726000,253
terra1a6n2e26aml75lczpkn90v6k5lwcrj4y5f8yq4l,loop-ust,23457688,23457000,688
terra1a2zecv8grma0y4txvf8fwrnngfsq22y5wqk2r8,bluna-luna,3396008,3396000,8
terra189smxct3ar4fdqh63duerlez6c5m0m236ar9rc,loop-lota,6151512,6151000,512
terra1ac08ncyfele84ac2udn3n7rcrnkrvyux2wpwsx,loop-ust,36250245,36250000,245
terra19qkh5ugt5cz3c69vyzv5axk4skcaucc9m350f3,loop-ust,2202571,2202000,571
terra1cwq5pzhzeqqe3c2zajgl0v7gecjw34y7at3gt5,loop-ust,132627113,132627000,113
terra1jt0p9faj3zfuza806fdg8dyjse0k8el8rnruq6,loop-ust,7115261,7115000,261
terra1vx20cg5q8n2gx9ukxp50xr5v3e2s5m4w649knv,aust-ust,1051106104,1051106000,104
terra1yskqux3wx2ay7gwzsfk934vcslznyvk6nfn52s,loop-ust,427830414,427830000,414
terra1guzznc5cser03fgj0eamludr92ax2sx3ur6vt7,aust-ust,1851988968,1851988000,968
terra1xsglrhexmj6ex6pc97d0sshakxshj7ptqgsryl,bluna-luna,58760,58000,760
terra13vqlfe0lf6wukt0nxy49548af8eqxf02d3htap,anc-ust,16499936,16499000,936
terra1ld9kx2umesmp46qm80ns9r86syffm865y9sxqm,anc-ust,33813266,33813000,266
terra1czz9afkt5yq5d50fmpfl68f3ruecp96xnk88rk,loop-ust,1372946,1372000,946
terra1gzyum7wcjqfzyy9fz4sz6g74jmgmnfqascauu4,loop-ust,4864387,4864000,387
terra1ymkvtv4u29a3egazpyn3c2049q20t6qzyt66xa,loop-ust,415292347,206214000,209078347
terra1vsyh9c9jxd8q6zt8dw4vl3prxgwfl9t2gmq2v8,loop-ust,223221201,223221000,201
terra1rcfumxet0cgzx00y4aqc6amy0anse49ntmwuvq,loop-anc,26458954,26458000,954
terra1yz3nr726qvd49kzzuzjpl006dupwk3x7g3687a,mine-ust,1136660824,1136660000,824
terra1z3chnvlsttg52uys8saehrl274mvfgv6ug8jk7,mir-ust,76993735,76993000,735
terra1ypfmj94w79et48g79gwav4w9x7hxakfzty9y3a,luna-ust,2463173740,2463173000,740
terra1p2ukhtajatjt63fdyhtzc76lgnaevujxuqcj68,loop-ust,658699288,658699000,288
terra1srs42yef0y83vy7xdpy5dcjqwcwr5zlmswka5j,loop-ust,16890640,16890000,640
terra1n827w4lzy8w6ymgtzwrvntxwjg527nhztfw5zd,loop-ust,204884341,204884000,341
terra17yh4mhmj43p78hty55akenjlcx3txucrye0v7z,loop-ust,377546118,377546000,118
terra16tx9dflh3cpa6kws6sp0rfjdjxms0fss80szgf,loop-ust,249363087,249363000,87
terra1qpfz2kak2u8a2fj99srsr7g3p3na4xye0c8dhr,luna-ust,1563880515,1563880000,515
terra1yw9kfcetgw6xrrhwyl8fp459y4u0rjf3gq7kmp,loop-ust,200102313,200102000,313
terra1282sn8mj3ut6myyz57q0nef6jdk06kj69ekjfn,aust-ust,897128193,897128000,193
terra1098efvh38fm9alxhpy6fn2uwdw82nl6l50u3u5,loop-ust,504622691,504622000,691
terra10em7em9t8ssfpk9wsdacrf6esll2ehq7sm570c,loop-loopr,222958699,222958000,699
terra1jz2xrqfhkndda6es5y8xpesdnahjensyhv3u4q,loop-ust,686803527,686803000,527
terra1nhfm56gw4aky6y8arrpsdvynhrtltlpz7sa3cf,loop-ust,2422481,2422000,481
terra1mkg0guucnavngxvthea34l74vqzez9zfw7sxcf,aust-ust,1125546843,1125546000,843
terra1kswlzhnzn9ejjnv5mev3stdh85tfz26jt8yazv,mir-ust,255789703,255789000,703
terra15rpaemjq5rhqxjnzph7493fk2a3llzcct7n6k8,stt-ust,7319140,7319000,140
terra1yrd9skjh3gglyzv2yddryqyqvfkjr6klsrv6p5,loop-ust,35736181,35736000,181
terra18dm7yqg606lfgh2r6nmgfn20gnwuwhww94hev4,mine-ust,14676298255,14676298000,255
terra19mmgu2t8qphtlydmejxcc6vq2l2r0x4muyk2tw,kuji-aust,62610494,62610000,494
terra1rz0lhpz8p0muvngx0u8p0hm9kvjwrywuan29nv,aust-ust,447360224,447360000,224
terra1wktautr2zzxh3tny8fqcdsjjfd92thmzfm3cgd,loop-ust,23712620,23712000,620
terra1a5r9hcmmg5m9rlwn9syf53h3ma7u9z6req9623,loop-loopr,590364287,590364000,287
terra16resj0npl0qcqzc6rln73lpw09qk3hrfhwndsu,loop-ust,5535198,5535000,198
terra1l28pky07umychj0m4gmvpm2jzzehgw8argu0e3,loop-ust,74228560,74228000,560
terra1e5j3r4jq2hanqeveasp32ms6hnsa9t3zrclqxn,loop-ust,107557114,107557000,114
terra10hv80pk3pu3mn44ypqpgwle73utyzl3dsnan4t,loopr-ust,23968125,23968000,125
terra1a50xpjnxwu66vzf8eggjtypeg4nf675kuj84gl,loop-ust,1127021196,1127021000,196
terra1ddxct5x2v2wc76dgwtvpkt54drcjjr4hth2yfc,luna-aust,14836242,14836000,242
terra15cvsu779jlcrdj0cp7nsvn8uf7ghfcca9x3lkw,loop-ust,10582387,10582000,387
terra1qzc4efn6e4p7z0hxuvgs2am7zlxm4aad0zs5ag,anc-ust,163818421,163818000,421
terra1nnqf3lz2hshyaq308we7rtxksmk8rncm0ajgtc,loop-ust,420141120,420141000,120
terra1ctcckvyn82dhrdmlutal420k8xsnunfadkujrc,loop-ust,107262973,107260000,2973
terra1d2h9n5uj0s4uzql7z7a8anxl6x0ydywafsd8xx,anc-ust,389479780,389479000,780
terra1w99xpz2ewz29updeehp5ejdavngxn2a73tx3lz,loop-ust,3148540267,3148540000,267
terra1znzrm5mvc0spd6sxvr42zvkac8ahkewmjtmwye,loop-mine,193954810,193950000,4810
terra1zcgn8df040auht6yxd85nm7schq2jt49qjzlmw,luna-ust,20394318,20394000,318
terra1mukkwus0hee7uqj5d204hy728jq5elralke9ma,loop-ust,9237856,9237000,856
terra1dxm8yy0ahva3p9rhqmj638gykuv4rwg4r066v9,loop-ust,18865851,18865000,851
terra1udjdsl86w26jlyddhw37gs0jsmu0gmkfep788h,loop-ust,2855828,2855000,828
terra107cxdjpfsmfgy3t78cpqtpu7mqe3c6j59hlahg,loop-ust,10507957,10507000,957
terra1uk8nxyx0rr3myt5j4fkr88g7z054a92sljqp8y,loop-anc,2069098,2069000,98
terra1822xe928640phldkhg9up0eyk6a070jp69xvnm,loop-ust,364824772,364824000,772
terra15f3h7nzq4pqa7cthttg86dmapk39z0wzqjmxff,bluna-luna,99146082,99146000,82
terra15g24jah2t0hr459expkm2tj3d659uhz58fes7d,loop-ust,5153701,5153000,701
terra1lduyfy6edek6xavs76kuew9zptul5xt9jv6ql0,anc-ust,20860389,20860000,389
terra163uwcre6vyxxrh845s25zmakdr53apfnapq4sk,loop-ust,147158241,147158000,241
terra1r8jht05uz2407mf9vqshenc2cdtgz0lqh4n4r2,anc-ust,740697879,740637000,60879
terra1dex74xxnygpl3y2h08xq55vz47829eqzpr0qes,loop-ust,2224983114,2224983000,114
terra1pvrmp24dqcnt05s6uapy4vx6nqyl29cc63dsft,twd-ust,2186949151,2186949000,151
terra1xewsshzn56nvdhym4h6hrj0j5k2372pj8azjh6,luna-ust,55070631,55070000,631
terra1jymm3hnevnrskq0gk8jv47z66wv2g4v8lu96hw,loopr-ust,11870216,11870000,216
terra1u3prputlxv54yw9u45qh5khw4gkz9ykmt9s5vf,loop-lota,2138606754,2138606000,754
terra1ve0mch3rhze6apf8kvtls7puvpt6wdj59xsy5d,loop-ust,4995003287,4995003000,287
terra1w4d283phdn8tyhr5js2fghgs5t46693qevg2nd,loop-ust,1026560075,1026560000,75
terra1ajl9gzgy62ewj4luctm2jxw20n83fppgc27f67,loopr-ust,942722241,942722000,241
terra1we55evw3vpjzm8m2ncagrlsesgkkcfda6926e5,loop-loopr,4471260939,4471260000,939
terra1lnf7qytuqky84hz6tncde2jm7yqru60g77rln4,mine-ust,23454689666,23454689000,666
terra1tzxazvpy256mdgzw9hgg49mlujtk27gt0el45q,mir-ust,116929397,116929000,397
terra163kv7wvj23drgp0uhykdf9mt7da2d4ayffkw3y,loop-ust,10787231,10787000,231
terra1kmg4u06m8lv86kdxe7c54y33f70xdvjdq2dmeh,twd-ust,68120921,68120000,921
terra1yzkvucgyds263ev0t783vjz5g86sdtk6zttyye,loop-lota,115921222,115921000,222
terra1tsa9whxqtyd7wk4064v7y64437he0q40d90uz6,loop-mine,42566531,42566000,531
terra16ykx6f75chx3e5qv7z2xu9ljmy0kxac99yvqd9,loopr-ust,78778454,78778000,454
terra1l8dq4k2xgyvfj95etfrujd8fkkm3hkydghcf3c,loop-ust,350239077,350239000,77
terra1r086c539nhw5t6khsjy3xe9x3s9f6l5v9rdz9x,loop-ust,231883701,231883000,701
terra15kf8wyw3cc6p37qpmmjtacrammdmpkf3etfca4,loop-loopr,2461049077,163114000,2297935077
terra17wwpmv438w0u56qmqlftvqtdz4z4n0jge5msr0,anc-ust,1899284876,1899284000,876
terra1gu4z5h4k6umudeayggdaa7tpskcufuvxq8u6k8,loop-ust,203117603,203117000,603
terra1j2dv35a8lv7g4h4qtkcnwlluyyfumqklkkjshg,mir-ust,37858695,37858000,695
terra1zz8v68hjuh4dr0e79xgmwtf2msf6yyfkf6eml8,luna-ust,185754273,185754000,273
terra1sc37wrye8vjr044ulgtu5azdym0dnffgvc9cvh,aust-ust,60138235,60138000,235
terra1rjkxx60lm6vy67alw0ydquc7gr30f6pm4ap2tm,loop-ust,2121381,2121000,381
terra1dyl28v697m0zgv3y2x760sczgpp6p9xuk0x9sl,loop-ust,88098117,88098000,117
terra196djkp92vqk7pg0z009xs5q8uk5ezgj6qs327p,stt-ust,253889443,253889000,443
terra14rhxm5szhwg3rdzq3yc46vpjhqfsfuupn92yfc,mine-ust,675992150,675992000,150
terra15tynl4g5e34u3dktv8vl97zvzqz037340k7asr,loop-ust,187467239,187467000,239
terra10d5lgphc747zxeg0ysc0vy8ckjzf39nfaw0t4l,loop-ust,189499344,46133000,143366344
terra180478vczlw6062vs96zd20z5y8jtcsm2cyg8ge,mir-ust,882280465,441763000,440517465
terra1mlwdsp2n09hvhsdx7p3f9kj3zpdstrewgxxu56,aust-ust,8946462,8946000,462
terra1h7xez5tcvdaxyl3gv6mwn2yphmyfreks8akp8h,aust-ust,888791843,888791000,843
terra1xvgn3gr0xcedl9l5jsfff6ghy4y6dk56zd8ysz,loop-ust,17659815,17659000,815
terra1zgt0m3v7fd463y9vtqmzesxsuuvrf0nr0s87px,mir-ust,7308967,7308000,967
terra1245kv6xx5qgflvaylm5g5h64a82flt2rwaj420,loop-ust,4849066,4849000,66
terra1ze9xcp49vkn260f7aayyrmvqusvp03mhshyy50,loop-ust,137580031,137580000,31
terra1fge9l32a3745r6z353wymdylz8620mjljvl0aw,loop-ust,296504879,164848000,131656879
terra1zxz08j4qy2pl4f7mfk4tle7lvnk00jckr6k20w,mir-ust,138604837311,138604837000,311
terra1hc7rvyzt37vu3arl3y3625e70xksmtwj0qkzv3,loop-ust,7995968,7995000,968
terra18dm7yqg606lfgh2r6nmgfn20gnwuwhww94hev4,loop-ust,5702410065,5702410000,65
terra1er2nsdte5cv24nqurdcjepq6y0ck6rszhckewk,aust-ust,3402812390,3402812000,390
terra1y945wth8wmycp0ewl95cwdppcg648xgc5ls680,loopr-ust,1616726524,1616726000,524
terra1y97j3ka8e0wsk7auxs7vjfxwtw3nuxmxzqqq6q,loop-ust,14104440,14104000,440
terra14eyhmuyaulcxz9l8qd8q8g5n79zhzvfjy8ghun,anc-ust,250580113,250580000,113
terra1c3nheuru0lsp24f427jt8rzdauhp0etfxrhtv6,loop-loopr,364302600,364302000,600
terra1523n5tgm0twejfa8hnrpm5ryf4rznkpp62xhsp,loop-loopr,89870511,89870000,511
terra14m97zejmhx9anfep2jpkmnpuggxx8gahspqld9,loop-ust,169112925,169112000,925
terra1ny955x975dpcnyajslyv7sek8yh7ycycj7ynfn,loop-mir,106923318,106923000,318
terra1z066lxy9ydg3ln8lq778fa77a0fkzd3l8q5twe,loop-ust,234027484,234027000,484
terra1mh36avlmupds95gcqwalfrn9rzttcykr7p7nuk,loopr-ust,14847758,14847000,758
terra1ks8qnyyprnjt9alxk9j98hm60a4522jrhc2avx,loop-ust,47477866,47477000,866
terra1s7nxlep2jyux6p7pcpwqhlem7g6guk99c5dyvz,luna-ust,1128999358,1128999000,358
terra1jdz7qfks2atr90w3m4dzpafmpqffesklxw67q3,loop-loopr,43535538,43535000,538
terra17ref79a0lqc772ufjc527ztv9gfdld8qsc69ad,spec-ust,53443332,53443000,332
terra1rm9crml9n58ex2eyuxx9wlnep8jgynnw38tptt,stt-ust,6889095,6889000,95
terra1rscs77p4tencvqa72c0le9aqe5vtrqtnwdwymv,loop-ust,14294708,10000000,4294708
terra1yhh0exxtgl3u4g0t0cktxpvhdhsjjgs4ju7vvt,aust-ust,1434635979,1434635000,979
terra1ufw2d3h2tx07ha58svv0z62sks770ffq3vhwyx,loop-ust,44733269,44733000,269
terra1fwvpwm6rt70jv43ma39kglscnry8g0zpys8v7y,loop-ust,8005636026,8005636000,26
terra137j4j0f0n4lg69vswqq9dgy8eh7h68c0z4ydn6,loop-ust,7563692,7563000,692
terra1mvq4q0zepjp0td42apueawacx86ryltx56fe4p,loop-ust,1025740929,1025740000,929
terra1mderj5px573t0gpup8rjwjmuwlru6ykd2a5suz,loop-ust,544260833,544260000,833
terra1kg0qy2kz88nwh2ev5cx4mt2mvqyljrxe5vvks9,loop-anc,3113635,3113000,635
terra19yj6aatshhwakrekrqjc2e62429wwn34fy407d,luna-ust,41799588,41799000,588
terra1zlszngg35xmhzyjlzj8je52h3jdf6axstjptyl,loop-lota,8268396,8268000,396
terra1xu72h0ck35whurzxeqdjqkfqmfw3fr6tkc46pa,loop-ust,214806991,214806000,991
terra1vgxkllxhe4jtq3hg95ae3h0uwfxwg73s53zfde,loop-ust,7140948,7140000,948
terra1997dswkl2t3tpmqxhat52cyyz9ssw8pamgq4mr,loop-aust,407616242,407616000,242
terra13xzft44k7x67zahkddmrrwf2p70y0ckqzgwl5y,loop-ust,49177371,49177000,371
terra10kgvv2ve7cygpj587u86hahw3ac5w9svxs6tyv,loopr-ust,32306461,32306000,461
terra1rf2mjnqmx8xjw409uer3k5yyh8nzqhg4xplukk,loop-ust,11642065,11642000,65
terra1t4nffa4jw04vth4w4dxkdcf9w32hysaufrzt74,loop-ust,397114763,397114000,763
terra1zhxk3en9ptmew3hnpj0dglvhdlrkyxx5fh3pqa,loop-ust,8819800,8819000,800
terra1gtwthyqqxr40e2zvft5uuvnlhwwewsny7cuqkv,loop-ust,38552081,38552000,81
terra18vg5jr45hr0mfkwpfe207s6h68halla9z6eqe6,loop-ust,17622740,17622000,740
terra1qults5acsjf7pdftzjgcfm6z0gec57mrvnt870,loop-loopr,360836742,360836000,742
terra1c84l8l9nnw2kwrdflzf9jtjdsv7yunrha6khqs,loop-ust,396032188,396032000,188
terra1kut2vh6t2afxwxkw0458rrzjfjsw0z2dwzg9qu,spec-ust,25362067,25362000,67
terra19jzukqc2x7z4a3fmxvrle9wq8zqjcuv279ua4l,loop-ust,90671916,90671000,916
terra1htamz5c3jyrvkydq6dxpd6vgfucd4lyqfr8an8,stt-ust,34991168,34991000,168
terra1deyxue29t6m2dlkmwmyekf3ftdm2c2dfyxx8nc,anc-ust,59985003,59985000,3
terra10nqyv6cpm68f8wj4qeu5d6g6j85449at250g2x,loop-aust,1008887519,1008887000,519
terra1yrfux2jzyqf5uuf6j7k7rd5d82lnfhhf0dv3az,lota-ust,40953007,40953000,7
terra1c5cz7j6ak0melv237dmaa0mm9avwk7llad5ck2,loop-ust,36952203,36952000,203
terra1vkyz5n7tgcw3jszm2savxzkmvw7t7mygd79hhv,loop-ust,634317964,634317000,964
terra13sq3zm8gt329cvtq48s89krl0z32wwq3gwz7cm,luna-ust,497967917,497967000,917
terra1m0hamqk4m0svg5qc00ygz73fzku8yfhvcdcs78,loop-ust,5358741,5358000,741
terra1t7vdl2ndwpkrzwmn0jxhznxp7yrdfsr0l0e970,loop-ust,10260099,10260000,99
terra1v9ezsja73azc6225wx0qvt3catjwrgqpczmka9,stt-ust,3834554,3834000,554
terra1x7r0n675p2r76dn2w3d32n4cyxhvsujgsurnva,loopr-ust,7884342,7884000,342
terra1sffx8xhyc6twldvspgeamhlxzrzzg3p7yvz54h,loop-loopr,1727391040276,1727391040000,276
terra1uexj25srj2905vtf9ef99y8zflwsychlw8w5ac,loopr-ust,9668373786,9668373000,786
terra1d92rkzuushy3fkve2x3lljjffw4r82j9arqnxw,loop-ust,720541985,720541000,985
terra1udjjh25rq57amwl0qpa2xjdflu3a87efw90gh6,aust-ust,2789013007,2789013000,7
terra1ght9drk0lvzf2zyeaxx6vq2fv3wmmz7fksphee,loop-ust,101887214,101887000,214
terra10mqxtnvqh4lc3uhpwgv2kw4c7gtvmrstkxw0xx,aust-ust,34888099,34888000,99
terra1t3uktf0sgdsxgaq9fm2g94e5plsmugwdjrla0d,loop-anc,2949090705,2949090000,705
terra17cm77e606sjmyyx3c6kk4v2p090fsza363gasx,anc-ust,279814094,279814000,94
terra1ls940q82lag2wzr9ll0h430csd8ftklk60775e,loop-ust,362067172,362067000,172
terra1dsz5zapvdzfuvj8qrj708kc3jkugxkjl5vg2yt,loop-ust,1016427860,1016427000,860
terra1xr98zv9w0ut9kescg6rewe2vsv0dvk3eyl2sru,loop-ust,18667216,18667000,216
terra1rycf2ealas4klj2szcj9ydu7svnsrk50r2gxzr,loop-halo,737041094,737041000,94
terra1mna02g353h929g4yj5x8u5603427c562ues7xh,twd-ust,401980487,401980000,487
terra1c2usq3wd22lkt67n3cp5qayx0yghaqlngz44g5,mir-ust,5671014,5671000,14
terra1c07d59jze4qw4ltmudul7dthdyt4txzr8pdxk3,anc-ust,86505271,86505000,271
terra1m878jy4lzc8zmq9ulajvhkxx49ymmtegu3d5xt,loop-loopr,80442089,80442000,89
terra1pdp2m9qkz46yur44z5pjtdyufmfspahcy6mct9,loop-ust,28827624,28827000,624
terra1dcmeu5jplpwvjcfw4kevmahhzvda9695w8u320,loop-ust,5349421,5349000,421
terra1slephfpqt6xglgj97xe82dh6tazs9d5zwelx9w,bluna-luna,132067682,132067000,682
terra1tw92r0d597hwajdqc9gkkaru2snmgg06ecycg3,loop-ust,110509412,110509000,412
terra1ljhyy88c7epkz33mpq6s5msze7ts0js5nqzt4p,loop-halo,176785609,176785000,609
terra1dgpatkhv8p08jepl4j497c9wdysrhrs2fes2md,loop-luna,203466703,203466000,703
terra1hclhf4rz8jz3qqky0dd8av74ucuwy935grdyyz,anc-ust,28285303,28285000,303
terra17uwzuplgw5ag0jx8rdtaa8568r6tnmyns3h687,loop-lota,813317423,813317000,423
terra1suugpavg9g7wkvyaekmukzssd3vaumery0n29z,loop-ust,4673824215,4673824000,215
terra1tgkvdjvgq9wr90ecgjcu6378hmwc2pwyyv9cvu,luna-ust,16132099,16132000,99
terra1u33s2k78ws2p3tkcghw9pwjgg880jj0h3f0uu4,loop-ust,35712486,35712000,486
terra1lwfse7qwr9fcz999drwdgm5ze23km09xuppasd,mine-ust,220871620,220871000,620
terra188qaujdxeq3a9f8ekggzvs73qxjyvqt83smeft,anc-ust,143010466,143010000,466
terra1w7pm0tu49gr85zd906e2wl5ufcvyrg9zu68j26,loop-loopr,10036455280,10036455000,280
terra17c9ajw042v4kn5dzrw8x0ua75ytqaytr4r3ygy,loop-ust,1612134228,882193000,729941228
terra1fla0sv6ecp0tenzav96xn39lten4rsmjupnwx8,aust-ust,446388852,446388000,852
terra1cz2wxvymtnh3kpq7470xd0ry0e86kv8uqh0wl3,aust-ust,1200763836,1200763000,836
terra1jc6hhc24mn2cs2c0r7q3djwgzhcx5ygflq7prh,loop-luna,28458359,28458000,359
terra1yv7w06u3scjhznfwcfa995r23mw5zk37dawc0c,loop-ust,7839557,7839000,557
terra14pyaylv9lw3s2pn9dzkxs2xvt4pmfppe34gdl4,bluna-luna,20637200,20637000,200
terra1f55mf69r4tveagtyuhc0arpx5eefg8g830glnr,loop-ust,9187517,9187000,517
terra155ev4kupuzhf6lsckrtdyr2j5nqs5u92gpgp8c,loop-ust,481092376,481092000,376
terra1e6t9zf4s8nkwppdrp3umjrhgujn6pkr9n6d7yl,loop-loopr,89753892816,80838814000,8915078816
terra1vm97e7rx56xexe3p556cwq25q0cnz4qm92k8ay,loop-luna,3998206,3998000,206
terra1h9lugxqhl6d7kj626hjtgmwu8dyqpmf0ptqsq7,mine-ust,148930277,148930000,277
terra1e0t8vpjltsc5mkjckx058z7zexrxf59nug23ma,loop-loopr,10756268565,7202000000,3554268565
terra1ya8sjd6mztul7ad2kq7dse5gz2qmqsds7tn9z7,loop-ust,487431661,487431000,661
terra150k5xcwhuvegyjz9tnw0sr6y9y7lz5rrq0xx6x,loop-ust,442845611,442845000,611
terra1xnmq45nwvffyaqytak9x6g0jacnq78hprttus9,loop-luna,12281652,12281000,652
terra1uz0swpljety3htpwuwpehr8xutrqflelncahhg,loop-anc,458265143,458265000,143
terra1rqugz5s7c5gp6nxfr54lqd893gu6qcj83p85zm,bluna-luna,259096201,259096000,201
terra13r6tcnut59gnspad6acajwk57hrjpepm2r4zc3,loop-ust,4747671,4747000,671
terra1vllkwfe5l4rwue5hegtxq6zl8eu6jk4wxzr7fp,loop-ust,207556721,207556000,721
terra1l4d7mr657jr2ccm96yzq9fumcx3sxfeqqajgc2,bluna-luna,5330112,5330000,112
terra1vx6e3py0s0md6keg4cqhsg4hcnkh9m3d2pmzs0,loopr-ust,21437086758,21437000000,86758
terra1894n2ak0ngt0htyutg9r8ceukp5686rknenega,loop-loopr,82531894023,44654082000,37877812023
terra1rg4ra3xrew5ksjvavh7h976hcm9xzag8gj9922,mine-ust,2465563044,2465563000,44
terra1gr4jkynql6ma4ygj9mt843jxwqrfgm0trf4ljx,luna-aust,348533907,348533000,907
terra17fcr3m35nayq9pge9fxdhpfpfuxxmjrg0nw85j,loop-ust,7957408625,7957408000,625
terra1pa4gmyl9ajwnrzr0753ex83cgwed7pul5tvldy,loop-halo,4608535520,4608535000,520
terra1k5y6sgv7666xp88tpk2vf95fwqgysugk9t80dz,loop-ust,4210014,4210000,14
terra1mzqhtpdsgtey3yntcxg29ps6zex52rccxu6r8k,loop-ust,94787067,94787000,67
terra1azgwlqywlg8tjynreewqam4j4ws6zrx7sj00hv,loop-ust,8212229,8212000,229
terra1dfpuswl9jfrqzq2a8vetldtw6tvrqt7rztthwd,loop-ust,121633294,121633000,294
terra1wwshahmdctm8scaanf4xa6ml0q6p976u87nsrl,loop-loopr,7095703186,7095703000,186
terra17cyfd67kzxf5q653wmwajgumnkctfde8qua5z6,luna-ust,78396050,78396000,50
terra1l0pazxfxgta88t3d5gw2c6xa0kazf5h752xjgd,loop-ust,84575309,84575000,309
terra1vecksldn3apr34tnmh0skqpzx5ahdmvdtgda27,loop-ust,11799942,9822000,1977942
terra1hx9ksa3wt84ef32jkgzsyr84e4vyz7fn6zxs0s,loop-ust,7085136,7085000,136
terra1t95eetsjfr8g2cnrnmcqlwl5qlppxpns406qlv,loop-ust,8865102,8865000,102
terra1qsyvrv6yh0awalx446nwtnt9juyruk2qdgfg9e,loop-ust,69115339,69115000,339
terra1alyp9gq7xu4synxdyh4ukjk66zfhhlxc0nj9ph,anc-ust,19749965,19749000,965
terra18lw94xpdryypezcvu8xkq2ljkhzlwlkxqahcsu,mir-ust,1756401461,1756401000,461
terra1uzwde6gq6lxz9evyf7c9xjct7rdumk3zgmk47t,loop-luna,9030396,9030000,396
terra1fpkt8drzu9kume299fqmurfa09qtssztencnkh,dph-ust,620233665,620233000,665
terra150v4wusx8pl4k6k43vymrq2fcxfug8sttqzqqr,anc-ust,166042218,166042000,218
terra1pxac26uz9rr76svs27nyy0pk5akvy5cp7yvklv,loop-ust,47148671,47148000,671
terra1j8tzpsszt6ywky6gj2c76rdxsx0rph7umrd6su,loop-ust,87223287,87223000,287
terra1u4ysa73tkxv8p30er6kpy4c7whndgga46gtg38,anc-ust,4791503623,4791503000,623
terra14prmtxsv3hwh2w0n00pchu6kefmkyrre4y4mwh,loop-ust,65643917,65643000,917
terra1rvq7ad8glqp2ex8nry7nvvgrh69q5yd50hx3g3,spec-ust,940635982,940635000,982
terra1uangm0d8dh6zl5mpcazuwvwjq6n9j3w20m749t,mine-ust,1533414163,1533414000,163
terra1jzu55cqj6vfvrh4ygk2kr6tct30r0qvqh7yqmx,loop-ust,71973021,71973000,21
terra1ccqj26zumsdjc4zspcm7swgzctc0ghkpwcyruw,mir-ust,2404012,2404000,12
terra198ejlfn94zxmar8l9pkl2j2sn23ejlsq0z08na,loop-ust,9086767,9086000,767
terra1marp87z30n7c4kasuy23kl4hfmakcn72revkhu,loop-ust,23541242,23541000,242
terra1dp86239x4dsvsnryflw6e7cu9xlcg43qnp7s3u,loop-ust,117866291,117866000,291
terra1yqrl3y5tpgv7wnp5c3gta6edmwxy3jehjev6ql,mine-ust,446696269,446696000,269
terra10y4vyfs3e7ammzqralu7fymavgufpcf3splzt5,anc-ust,59825668,59825000,668
terra1y9ma5e9td5pgkdhpq5t4m7ka9pxg9u0tvns9qd,loop-ust,1068721952,1068721000,952
terra13szg0lsygrdcmx7fqk39feka4juzyapx798ex2,loop-ust,2144378,2144000,378
terra1mx7hh8ptzyx9xtkdtuganrtce2h2tnk6zzefme,luna-ust,64407511,64407000,511
terra196djkp92vqk7pg0z009xs5q8uk5ezgj6qs327p,mine-ust,44113388838,44113388000,838
terra1eq45lzd0299wehcg8j38x3dyrelzqqjh6y6h6e,loopr-ust,10949226541,10949226000,541
terra14ww79dld9gxuy6kxwd8gv9q4d7hm6u5zg09qrn,loop-ust,164507323,164507000,323
terra1la5y8lwspl8unl8tndksxfkkq9d53gcqt2937e,loop-ust,5352811,5352000,811
terra1frpawvy7yfs0p5m3kq8jym47xzfmpze5vp625u,loop-ust,351208389,351208000,389
terra1pkw8gadty9e35fyujqapjkkak5xn3pqszx7jks,loop-ust,25869839,25869000,839
terra1z77yar2zfa3gdzyn307ta597smgxgugvep6g7n,bluna-luna,94734787,94734000,787
terra1nkv0xdph5caqjqnpqgkhm3c239ddze2dhn764n,loop-luna,8865277,8865000,277
terra15z56htrnxt5e0za2f23upymm89cjc7ppwskhsc,loop-loopr,1454678974,727339000,727339974
terra14dx5gp4cchn048pvr8uugaxftlk309xczc9rd6,bluna-luna,10026616,10026000,616
terra1t5fvzdkv3jve5s3ueh9usd30xmsd7jca6ewlls,loop-anc,3953976,3953000,976
terra1lv3pt2rjw7azeeszfgd7wtlaesdxn9arq2ddsa,loop-ust,25837157,25837000,157
terra1d89cmg9wv9k2vujkhsn7wl9w7c88st2ufh2kaz,loop-ust,18975250,18975000,250
terra140vscykjscfxcqmmzc60nwguv0v6ke6hfv5yhr,loop-ust,4473690,4473000,690
terra1aqttkceqvxecrt5w3n9ujyed0sc2f9tm4qx0xu,loop-ust,752069045,257052000,495017045
terra1h4wwplxaggvac76pldq0fz7x5h8dff78pkf6fj,loopr-ust,41373858,41373000,858
terra1zvaahve6x0h7lxav8yusssqnnlz9u2x0g7e3y7,loop-ust,509307777,509307000,777
terra1lfxszk7w55lylqkl2llrrt3y5mjy0tf5tdnyth,loop-ust,8073277,8073000,277
terra1aul0a0nnssf6zhr4vr4rqlpsjmswk9n494g3q5,luna-ust,220092792,143449000,76643792
terra1nkv0xdph5caqjqnpqgkhm3c239ddze2dhn764n,loop-loopr,694691514,694691000,514
terra1rrljzp9j7t8wplud77ytcwyg6ynk9zhhnhurpe,loop-ust,45893095,45893000,95
terra1gdtsmjs3cjpr044e0d83mkcl8g4vdqje25ucrd,mine-ust,19906510436,19906510000,436
terra1eh5a3nrl03rt4uulqumtn5p4jtlsya50le6u3p,loop-loopr,2325603788,2325603000,788
terra1gjha87t5x69e5tkpkmg2d3374le7l92knn7yfq,loop-ust,24307674,24307000,674
terra1w83atc8xpgh0tc0g5krk8cktg0zwrg7ejuprn6,loop-ust,27097399,27097000,399
terra1z9l7n6wx83svfqkxa2q782vm7ec0fkrueqcn4j,luna-ust,372039436,372039000,436
terra1rwgk5acr8x9fpz3rjv7u0d09jqvpp54a9cd4dh,loop-loopr,12962363703,12962363000,703
terra1vvyggk07mgv0m9kmszq4ftwmgxpq7h2m2m3hgs,loop-ust,5483537,3020000,2463537
terra1s4e02v9077nkl2j9wpk5u5had84p5re22tm5we,loop-ust,292750002,173949000,118801002
terra1lc2nj7nfhcvl8ytqxy6ccasenu4et7e5t0w4k9,loop-ust,66422759,66422000,759
terra1clp0wlrxjpxjs960yz4ep0h433zckdjtcpjgpt,loop-ust,526586765,526586000,765
terra12fdsdtl09qwrtq06zs349u6law4v77x0wdlnn9,luna-ust,40823634,40823000,634
terra1kxq23486jatzg2953f2p34ewsug4wrlneusva8,mine-ust,8282837,8282000,837
terra1yyteyskcsn87h2zlae3damr6ngex852fe50wm6,loop-ust,2421270,2421000,270
terra1ejem30f97a2tuc6mrs2p9pp2hwnwqhg48jz3jg,loop-ust,53255462,53255000,462
terra12kyuy4sqrjwxpq6z5qp4rn6qhh0hd8y23g49lv,spec-ust,4180179,4180000,179
terra12xgs0cdh5jl3exc9jf6kcr3cdpgnpt7udh8tnv,mir-ust,3754891509,3754891000,509
terra184249he977u7hg2ck7ac479e8l4v23gmftzmua,spec-ust,216739342,216739000,342
terra17mks8z3e3jr8xfz8u0luvj2h392zwuzx57kucs,anc-ust,187750104,187750000,104
terra1ne6dsyn48vajnukxq06zkuzjsc35j5ngcrhayl,aust-ust,182319744,182319000,744
terra1atsjmssvcy4598w25l43mm6yj64prcref67zuz,loopr-ust,170032363,170032000,363
terra1uympdefyt4y06ecsuc74vn8du40f4vpyqdyhf2,loop-loopr,1404788945,1404788000,945
terra1076ntzhjzdkk9wv2r3xyn72j24u0xrmsetl52e,loop-ust,1509575,1509000,575
terra10qdt964netzczs5hv34nctqfd5vv5q6muf3mmr,spec-ust,805328970,805328000,970
terra1vxczk7fypywlr75prpkf05a4yajql29wzq4g7x,loop-mine,498446169,498446000,169
terra1nutcgkuuzsyhyymtu0ww5q4cv7h0mv95n6j6qw,loop-ust,132867426,132867000,426
terra1m6x8ydl7madx7jtgs3hq4h5u6e7d7fuuadytz8,loop-ust,97993781,97993000,781
terra1xure5cxdvf4hqfc4kz582kl38xpeldls49la7g,loop-ust,5366662042,5366662000,42
terra1ssrymlawz5dtdza5h353gye4fwrssynjnc5l5l,loop-ust,4236218,4236000,218
terra1sur56hk8hme0qag93lgwnwkcqs8trd25gysg38,loop-ust,3625405,3625000,405
terra123f3ksukk60qsrp24577hk7dmgg8y9n944yxv6,loopr-ust,20974688,20974000,688
terra17gcyjrwpzh54y0jn6wk2l5zjfj32c64zgracg9,loop-ust,8817938981,8817938000,981
terra1q97dyg5yqelfxh7elymp5ugqep546uc9ztmysr,loop-ust,84083483,84000000,83483
terra1g89p5238xqelpagl4jg64tqs3g359k2qdvtcdh,loop-ust,9357955,9357000,955
terra17dhel6tawdw6d90esax8nst7twl7uwx2pqg2uz,aust-ust,671077880,671077000,880
terra1dw4ndydy02jmhs8a4ds5gug08twh36ssdnkjww,loop-ust,43280481,43280000,481
terra1u2zynda33t56rz9zuzce6rycnc3nz3nlclvpun,loopr-ust,5570217,5570000,217
terra1epywsmjq5zg5rjyp3dkgekmnxpularqf3sey0s,loop-ust,26099688,22421000,3678688
terra1p6r2kk482ahfdq220el08pwlgg4dkeknt3afwc,loop-ust,1908689,1900000,8689
terra1pwnapl6yl07pzjcvundc9x4en6cjs924fjeve0,loop-ust,5182445840,5182445000,840
terra1zqzw5h98w9rfz88mk97rum7wvkkxjcmj5p66f2,loopr-ust,777198395,385270000,391928395
terra1menyrav8sj2h2m046xq2qeqslwquhmvvjq4j5l,loop-ust,516542343,516542000,343
terra1qgdfc4tmvyntms27rechmqeg5lg33uf72apa8g,anc-ust,58158710,58158000,710
terra1932ucgvtt3rp5xf9hlhys3ufhtgess5ftlqf75,loop-ust,10610850,10610000,850
terra1r22a33kr9rtyn54xqedtk7cfgz97d0dt4l223l,loop-ust,7330767,7330000,767
terra1q99eqdw6wy2mfszxapf3a32s8qf2x0ueh3mt2m,loop-halo,222511449,222511000,449
terra1sk7rqm7rp80uavtzx0mkcdeq3uspzqlndps80e,bluna-luna,1974082751,1974082000,751
terra1ddtqa0cg8psk2y4gh7a79aatsentppffmhc04g,loop-ust,12757177,12757000,177
terra18s5lmssdgz7rg0z3rndpthqzgadpdw807r7skc,loop-ust,21440298,21440000,298
terra15sgqcaf448kmu38zjz0ugwz9q72fjxjd46xsyc,loopr-ust,14382097,14382000,97
terra1pa52spp286actguffk7q4qe24mh7rud4awrmyh,anc-ust,5569372005,5569372000,5
terra1uy587vqsng79qe4dgez3fmrrt3d9hepvcz4sxy,loop-ust,30212234,25000000,5212234
terra1rffgk2s3gwgjwu63y9jvkuu5mg2czvtwm9uy5y,loop-mine,3143103,3143000,103
terra12ftswuepava8cg0kh6e2g9dp83p5zjkceyr3cg,loop-ust,7971593,7971000,593
terra14t79fanlfn7r67ul5pdmxxrw8v0879rjndcpj7,loop-ust,201445111,201445000,111
terra1q30w457ajdph4slzxx90p2ud58atcj9xqjad2q,loop-ust,7352645,7352000,645
terra1h9r69eq7yay0hx4rflawd6dpypp0scark44c26,loop-loopr,91827877,91000000,827877
terra1tdt0vzg5pt7e8z04sre7lehw6swmafmf49xa5r,loop-ust,101180306,101180000,306
terra1t5n5e43qe2r59qxz7jn4r3gyqgsr6kv5nge6sj,loop-ust,2430035,2430000,35
terra1nqtr2elcp5xsrr7e9g9uhzxd44uc884jn8qud8,bluna-luna,2384740,2384000,740
terra1fth8pyeag88pj9ej2nj52m4mcn7q48wq3ust06,loop-ust,26127740,26127000,740
terra122y9prhlkqgxxr0jyncqca22nk5tm53e8l8m6d,loop-ust,233612744,233612000,744
terra18ne28dzueu5626wnwnjhq5gc7lmn06lg8rnfew,mine-ust,3655712425,3655712000,425
terra1cn70sru5ut70rgr8trq9q7kjqtkcuefsgfzg36,loop-ust,379969667,379969000,667
terra1ctzpc46kfsl4xlrn8rktrq2qdusc8xylykmag4,loopr-ust,619829369,619829000,369
terra1sq5p354lm44n23naqc8c3hsy8hkf2f8v2kceu3,aust-ust,125993558,125993000,558
terra1l5m68ysuuyafqgtexpwg9dae9ldgnjee3usctk,loop-ust,1895489860,1895489000,860
terra1q82c092pa9l5w3zf67auy3xhnxngct7dc3wt2z,mine-ust,355401504,355401000,504
terra126yzfw0u057jm59l2umsm0293ls37ejepfpqpf,anc-ust,1337442569,1337442000,569
terra15r77m6dsc0a3l2jfr7s9zqhs4dgu68hkr6zsun,loopr-ust,56439309,56439000,309
terra1glncasj5fhd626wapsrcchq2k0hkcsgrydduy0,loop-ust,1010392,1010000,392
terra1200sk37fk6dafq9gs38e6cnhs5enu0kelgr5gd,loop-ust,52346192,52346000,192
terra184249he977u7hg2ck7ac479e8l4v23gmftzmua,loop-mir,237760916,237760000,916
terra1juj2tkj8szu54exaxmyp0mcyz96mq83vjq9dtf,loop-mine,44931195,44931000,195
terra1dfzexup39vn9l7qlnp7rgs2zlhzs6nglyl0juu,loop-ust,112543817,112543000,817
terra139pxfyw2k9feh48qpzm584qt4dzp4n972332c8,loop-ust,32082396,32082000,396
terra1ghl6atx3u80ruj0wqdlrautkj0mt468jle5w23,loop-ust,14638563,14638000,563
terra1msarpm37mf08y999gjrma23td7lg0nfqjn55as,loop-ust,94296529,94296000,529
terra1qwyhk5e9v9557fk86wtagcvkkkn4w57qzh4y8h,loop-ust,197801163,197801000,163
terra13ptvrc055kqt423ufre43qjrtv57gg4pgywclh,loop-ust,86430332,86430000,332
terra1al8ka5jzyrch64syecaq0heq62wmuujcaynmf0,loop-loopr,13748432849,13748432000,849
terra12rx5j86xe8cclmy3a5xnq9tj9cqj4snv4stqnd,loop-ust,572018058,572018000,58
terra142t98ryupmdqz3cyzukeexdg4hh42dm3q02y9e,loop-ust,306116841,306116000,841
terra1ydxz2m6kmrte56lt4lvkle9leh57667xta4t6t,loop-ust,3342531,3340000,2531
terra18dc0shnv6nqnvw2zsl2xcjym56zzat60lxv0um,loop-ust,121138947,121138000,947
terra1u0ku80mg0efw9cp7h4hr4kcdvy34d3pegljjcx,loop-ust,26646371,26646000,371
terra13um8w62a6z3n6yhhs2svqc3h4h7gfrvl64k5z7,loop-loopr,756965088,756965000,88
terra1wk83eh9jgl9ydcscn94p9ttyxrm9qw9zvw04ke,loop-ust,20829989,20829000,989
terra13yq5px8al4kd2kgyzjx5w7g3p0g246rdm9f0zz,loop-ust,39427115,39427000,115
terra165guaq9qnveq5ear6a430cqk222qtq8dkrxlpc,loop-ust,3561508,1762000,1799508
terra18f9s6xhzugd25jpnjn2hhyazuc0qd9r5ma2wxp,loop-ust,16827282,16827000,282
terra1uyftprjpe9u3a2l437ax62frch9dkemk392a25,lota-ust,11164941,11164000,941
terra1wdqu8x5255nfevln55cs40m3dn8hauyg5c83xm,aust-ust,534251023,534251000,23
terra1r00xs6z9twj27w8mfx5lm7g07cafk9y6ujhcz5,mine-ust,1119104250,1119104000,250
terra1z9c6sxhh5uv3nmmnvf709kqx5kztryzk0vfmwf,loop-ust,1141577713,1141577000,713
terra1wqxtwjyxqupnwczrpyqrx70qrkxfjq6jp59q79,loop-ust,5868985,5868000,985
terra16t0sd7m3jz9hc7anxrnfsh0ap9ed0m6jwcdeah,loop-ust,14618568,14618000,568
terra159fxsdmk7gqrg3fklawz24kznee9xpzt789zxj,loop-ust,4702074568,4702074000,568
terra1qvfkzr4unum7ct2h3gltls6mfvsr7l77ecq8s3,loop-ust,52464274,52464000,274
terra10vvyl3gjxzllwrfy0amv50xqm9s87nxr5kults,loop-ust,1366308529,1366308000,529
terra1hzh3aw2lnl77ju24a8yeexm29qckf6zlwwlj4p,loopr-ust,14618937,14610000,8937
terra1tw05mdtarq0q3lazt0sdry9sla6mgx9uf807t3,luna-ust,1390858323,477057000,913801323
terra1qr3tu94lv4x9s088yj3lzq8qdykjsvsw7jnnu3,mir-ust,12520774,12520000,774
terra1jg8ml4tzmsvcwwjwnm7j4xhz7md37p4u3qvac7,loop-ust,50794469,50794000,469
terra13vqlfe0lf6wukt0nxy49548af8eqxf02d3htap,loop-anc,23295200,23295000,200
terra1nahsv3vdfkdd5qjw89uwv20fvzzvvchs862sdk,loop-ust,524922840,524922000,840
terra1fsawegja5434aql8sazytzvyf5dmryseup9mfn,loop-mine,521004972,521004000,972
terra17pkl2clrsnpddxcwmvpxly3msm5c2d8p20thuv,mir-ust,20409245,20409000,245
terra1zeavxg36gcc7n7sswuvmcexz9eh7hu6txeuhx9,loop-ust,4014394,4014000,394
terra10y7g2agteda02m4ys2gxue5lvd0kp28yqm75r6,loop-ust,1785178,1785000,178
terra1v5j37353x5pcvy74fc30fjud9kpqmlh63qc9w8,loop-ust,69275451,69275000,451
terra1cfl029d7nh5j3gccsnynwr3p77hxm2l8rcckfz,loop-ust,384608275,384608000,275
terra1t6arv7k6jq8mvxutwesfxmfmk5k9wyyq6wc46r,loop-mine,453493029,453493000,29
terra10g2mymej5g33hfdxp0cf6gy8ap93kz9mq3zcsq,loop-ust,3046401791,3046401000,791
terra1ec4zhutxmsdvxscn2a57qfqqqdnp4gjfyvymtp,bluna-luna,70439292,70439000,292
terra1w0lhgk3yx4dlfu2r2gck2f4ag4jwgp2hlnj3u7,loop-ust,60297704314,60297704000,314
terra1p3qmlmjzl8ackdh5ez43g839wwdkpjj8p0jeqp,loop-loopr,128361280722,128361280000,722
terra1kp9sukpw3cuca7zdexltf8d9uy4vkn2zkcqeg7,loop-ust,1373704157,1373704000,157
terra1fr8f0kv0a9j4dafa3e73u56ajmr8c5l0adr43c,mine-ust,467305999,467305000,999
terra1wyajq7pnstzr9e0mggu5fzsgcalw9atlxkrj0l,loop-ust,48951598,48951000,598
terra1thxwrkxqrkj2q8m23mxdnnqmm6vmjefks9lc3p,bluna-luna,3017332,3017000,332
terra1ne72smzt4uyp8ctqwgd8e4wf9dk23r9cs9hltc,luna-ust,3498555,3498000,555
terra1mghfncrl9pxw3c8mvphrafzg427xhu89nk5948,stt-ust,9557929,9557000,929
terra1z4vlpnfw876qavlkz4gxfjzlsqag220wjactqj,loop-ust,37842390,37842000,390
terra18s7hlsr60ujsgm3awq3zund428mz6dvqzfk7j2,loop-ust,9608875470,9608875000,470
terra16rt2r4meepeue68za3x6nrfu9ak874mnhfgdtp,aust-ust,896966565,896966000,565
terra1y8hlypkak9x2pkdsm6wstwtqrnpne0ykqcfn2d,loop-ust,1763291,1763000,291
terra15qnc59ka76j89qnzp7hmpxtdmac4fy2kaud9w9,loop-anc,670315144,670310000,5144
terra1phv9s3jr0z9tc2dzcnx68vdlgrnptmcynxu203,loop-ust,12743402,12743000,402
terra1a5eq8frezavckmp2z7us8qunfmgzcd5pe8pw38,dph-ust,26634532,26634000,532
terra1m89rflxt6s6z9ejf8uund9yyx55xjqrcrfj7tz,anc-ust,287735623,287735000,623
terra1wmyuztmskkqmmeghxvg42dsd5lq8e00y0jhqyc,loop-ust,2546672,2546000,672
terra1vw668vuta6t6dnjspe396kf884xpgvdh6k6jkt,loop-ust,83246820574,83246820000,574
terra15r5ggzytwg99hvxtnww07agv0fxv0gar26n7k0,loop-ust,7462593,7462000,593
terra1ad37y2ywazsrtjf7ev08cg78chc3g6jegt2xvr,loop-ust,44108406,44108000,406
terra15rpaemjq5rhqxjnzph7493fk2a3llzcct7n6k8,loop-weweth,12414502,12414000,502
terra1npvjanh3xm7xquggfs02xvrtue7kmpr9x6sjh4,loop-ust,20194539,20194000,539
terra1jnym6q5g2zeupvl2fqcvjsa5y7wk9jk5l34tau,loop-ust,17256595,17256000,595
terra1yt5rd6d9l6xg9jfupxez2keckf77x7ffu237m6,loopr-ust,280197051,280197000,51
terra1lcmd05g8lqy6nq5dlwzw3h3ysnfrf37uapmk85,loop-ust,112201840,112201000,840
terra1ke94x3w7dsu2ct4g9cmvn5esd270ugr4mc75g4,loop-ust,44062919,44062000,919
terra1czka2eycealr9dnnwp8mdzevgj5v5xnseh4fu0,aust-ust,350736533,350736000,533
terra1utmvaag504et5ljru3x6cj2lf37vcj5jr3hk6h,bluna-luna,11017617,11017000,617
terra1582mgzfx0kyskmwn0c5ggun7h84gqtg2aqs7am,loop-loopr,6432570915,6432570000,915
terra18psvkaf6lgknjjjjttsny350dzr2e0gmecwqv9,loop-ust,383892649,383892000,649
terra1swmcderx85hlavtkhrzpczym2qvdw7kngckfln,loop-ust,210055059,210055000,59
terra1nnzcv7sjgcwp53mhf2h7zhu6407vqecywnn9vf,loop-ust,255640056,255640000,56
terra1a8meyyd9fc2f7uvyr3426cze37aml0053rjfx6,loop-mine,1056051558,1056051000,558
terra1dpyswv4h7k6twn4c2v6rx94c97h7u3vykmnlml,loop-loopr,3433315337,369148000,3064167337
terra1ywcj0qmuvfv6v97esqd6qyptsw2cqzya8fx4kf,loop-ust,20216644496,20216644000,496
terra1r2xdju0yqzcm46drr880qflefx9r6yepc5uusq,loopr-ust,204669519,204669000,519
terra1qed8352kd2wphdtscrv30jqj4xlxexm874eyuy,loop-loopr,1928888049,1928888000,49
terra1gaxkmmfx9rzygece99rf8xynrdt4n0myzeu4jg,mir-ust,7668541,7668000,541
terra1auwg2scdt2jq7vteskpjfqets2f4j4ferwnchj,loop-ust,278565244,278565000,244
terra1a0s8ya7rn524a77ppkpv58qs49fmgj0tejwugq,loop-luna,16334621,16334000,621
terra19y3vwqe54x7f42w9d6ymj0x2l5k33g7pprj5rn,loopr-ust,95455924,95455000,924
terra1cxg0cc3rf5y6v6xa40z9757mmrkdr7e2g7a3zu,loopr-ust,189185517,189185000,517
terra1hkk7xyremcmqvf8d35fzaxlcg4zn7fglqeknrv,loop-ust,5298647,5298000,647
terra1kuarvp0hw9czfz0czc3kayzf9us7cjvylg7aq8,loop-ust,68098849,8098000,60000849
terra125u2cg02ylam4y5aqxc0pvjuhu5wxfsjey85f7,loop-ust,117622690,117622000,690
terra1l62yvvjhnlh9gjluutf8zmcaxnn6qmpjgf2xfk,loop-ust,54411453,54411000,453
terra1dflnvxx00cdnk5x5lnjqxvrhh86dhza68m6wvx,loop-ust,17724868,17724000,868
terra1rvucy866u9wv0kwtenpuntldj3ya64ptxrp6lx,loopr-ust,297924739,297924000,739
terra13glr5rgpgdhtsjqpdy5uzz9czl739z6umkas6s,loop-ust,93056662,93056000,662
terra1addlt6kl96r67qzhc7dzhkye5q7q3w989wm4dk,loop-ust,1445083753,1445083000,753
terra138y8gu5fmdygt4cmnjtpk55djrdg35ytmys0lq,loop-ust,6662661,6662000,661
terra15fev8t4sf0e6qst2lx3x64adlhhz7826wwfzvg,loop-loopr,5121737626,2675247000,2446490626
terra167w6x30fywvcqdw3t2egr2pueley97ntt8fepd,aust-ust,62807828,62807000,828
terra1rn48valemnzcejpsl2etdsmlwpk36qtx79xzyv,loop-loopr,4941986164,4941986000,164
terra1c8na7v4jluqm6hjm3l3jf0xy2r6x09fnwjqmxq,loop-ust,972367,972000,367
terra1rgmt3mjp2u0lu0th00j846qfvr6gjl3uhkt6y8,loop-ust,4363380,4363000,380
terra14xgdgsymwu0dgma7cmlp57n06qc4mqr3fkp5nf,mir-ust,943289084,943289000,84
terra1787jdyn9tkxwuj2hezttukz6raxy4hxx40nuuh,loop-anc,6869254,6869000,254
terra10f5py9e2nymzmhlkmdjhafakl0pzxwe2tm62f9,loop-loopr,26056086758,26056086000,758
terra1ytqah4kcc6rzzjjd2gewvrymzmlqhqej087v98,loop-ust,71751877,71751000,877
terra1kedc0s065n8x0fump8ukqyrt7x99tj08yljza2,loop-ust,1004331263,1004331000,263
terra1tf3j2anvhap3snexdfujeyfghdk3rwhqemn390,loop-loopr,8013763797,8013763000,797
terra12kyuy4sqrjwxpq6z5qp4rn6qhh0hd8y23g49lv,twd-ust,11391039,11391000,39
terra1ehk27wfrd3fzltc23hm4tp8gsy5atj7plvatqt,loop-ust,33272854,16636000,16636854
terra1s4phhpl50htlmxh5xqtjd77ljlpwve6fuyz2zw,loop-ust,131414011,131414000,11
terra1s9alx5779rexhyfc2853tk4ux9fshcz8er2zz2,bluna-luna,12796046,12796000,46
terra107pazzdz2fxyjqf4p45j0q7mhlesru6xy4qfx9,loop-ust,8440902,8440000,902
terra13y0y6fwnz9x6y2rpaxe299vhlt9908hg75efgz,loop-ust,16765696,16765000,696
terra1ukhxzky99hg992vyrxzv05pa4ny9ufql25jma5,loop-ust,17035535,17035000,535
terra1ck9pu2kewntdjh7azcpcxsqm9atmu04gqfkq8y,loop-ust,330923393,177629000,153294393
terra1sqjgurzj2t5qsyrwp367mfvq3nvldca3qnz5fa,loop-ust,70937582,70937000,582
terra17f5ukhy2tpfnmy9z887al0ch2xpd8l3t6j9uav,loop-ust,15597469,15597000,469
terra1u48kjlf2n0s77v0yhkmle58rdqgrqmdam0cv56,spec-ust,302826476,302826000,476
terra14w3rw5jkgtfe6tlcgde4tn97lukgh39l7gsuvd,dph-ust,65256172,65256000,172
terra1p03d2sz3pz05fgjpznvwd0zz5436qgqdm98850,loopr-ust,966088184,966000000,88184
terra1xl7hzxhk5uzqw2jsdraz280qd3aae4laz4rnm7,loop-ust,16653511,16653000,511
terra1lzklyycevlr2glvrtf229m2ym7fjynyf3yma9n,bluna-luna,1006260612,1006260000,612
terra1ywcj0qmuvfv6v97esqd6qyptsw2cqzya8fx4kf,anc-ust,35687597359,35687597000,359
terra1sg0pngy8z9xt0mawlweuzuyldu3cczspjwn3w3,loop-ust,706460,706000,460
terra1dcdsg8yjaxhhzcarqvfjt69gduv7k0cxnlznuy,anc-ust,315740812,315740000,812
terra1q8sy39tfj4jtety2k60quwsl353k6wqwmamkf9,loop-ust,4874736,4874000,736
terra14e943vc6ez5dv3nyyfg5t22yxc3m43favn2t4v,loop-ust,7937751,7937000,751
terra1cuv0gl6ly39pter2pnxu5sxn677xzx2k363n0y,loop-ust,4807555,4700000,107555
terra13cwa0p02tzfcm5psc2ctmg6qjvfxznv5gry7gz,loop-ust,6261497,6261000,497
terra1d57dp3q5an9jajy8d3q5g7rxrqplj4jat42lva,loop-ust,400378979,400378000,979
terra16zsjd660k6uzdkw3rwvwtlz6hlxeq0srf008zf,loop-ust,12942010,12942000,10
terra1e3ueyu5mmx6ncf02uqvnf4tpephx6u7ewflzfw,loop-ust,360657821,360657000,821
terra1gmpsjq4wn6aw3e5a8xq0xgjtmhzhyc3cxkfwdu,loopr-ust,5614400524,5614400000,524
terra1x02lm5zqma7zqh23w30vnpgyqfef0kjwut7pxk,loopr-ust,3907330965,3907330000,965
terra1aayw0afj8zh67qpkzrsdat5ga0wxsnnn30lttu,luna-ust,11884462,11884000,462
terra1jhr53mvw9avlt2ncncnnsmegm5u5tel9z7dalk,loop-ust,481175645,481175000,645
terra1v9zl2km7dqjnty67d80y0u7njygxzt0atfp0un,loop-ust,115429271,115429000,271
terra1uumrp4v875t7twdl9gcadysyeycnf8vqt4wpjg,loop-ust,91270918,91270000,918
terra1e9zqndtalkvda5qvjtwx7z85ulhanlr8yz4a4s,mine-ust,781145675,781145000,675
terra1eqvt7cyuw89zv45365xlyjfspe8m042e8dlvwq,loop-ust,39079964,39079000,964
terra14hxc38fpnug8zydl224t9yd4ydp25vf23tkdvh,loop-ust,473337721,473337000,721
terra1puxua6965u4ttq3322q406zw65vx9p4h3emk9z,loop-ust,31549605,31549000,605
terra1yl9lmtufxkmeh68ssxg3w9fqcdxgrv5na02wsr,loop-ust,4294950991,4294950000,991
terra1ru4v29kyt268ls0n7chz7fu7ql54kx07val4cn,loopr-ust,10168806,10168000,806
terra1dck2drxtzn47gy3a0h385jty5dl9nm2kkfhxkp,loop-ust,24751027053,24751027000,53
terra166ygzs2z3azk8qqfdlqtsd4pc6ayhq29s37ydj,loop-ust,13590868374,13590868000,374
terra1jv2d793fy44tf7pq0qxtaljhyg0ldnuyk9hk4e,loop-ust,9896984,9896000,984
terra1tw92r0d597hwajdqc9gkkaru2snmgg06ecycg3,bluna-luna,22615499,21623000,992499
terra1az7taleq8jewutj0dftq9s0mmcj8tldc4lyyh7,anc-ust,859252,859000,252
terra1zqqpmepqxkjgl8fq5d5uemn0tlc5dqm8e9px7a,spec-ust,16534938,16534000,938
terra1wykpuc8c57w745l7fyt3n357f7jsfpgw330ank,loopr-ust,27602558,27602000,558
terra14s9yat2sphq4gtamcjf8jlj3ryx8pl3xjar7nz,dph-ust,26452182,26452000,182
terra1d3p37v7z8fglulydwuqm28xd96j9hnkz8nwn5h,loop-ust,3952816699,3952816000,699
terra15crsv6s5u796av74x6479ndkn56gxqh5h3h0nx,loop-ust,58945469,58945000,469
terra1m3ehtx5exukl4t6fq0ydryll0gkc9duvzpd3kl,loop-ust,205336285,205336000,285
terra1eahaxenujjzzx3kx8zc6qw332j352axt4f7lun,luna-aust,2586817734,1282819000,1303998734
terra1mf6ya89wej7lwyqt627tp5833586fvsy8h77nr,loop-ust,19668490,19668000,490
terra1y8088whkxjj7wc9zledmg8hc3cn0lnld50mcmx,loop-ust,147749633,147749000,633
terra1jaskdtwwdarrzy374cgnw6ttv90nyzd8s4rns9,bluna-luna,306782923,306782000,923
terra1glrevsg5q2z7nuvlsy79jsf5xj7tw5w0rn63cy,loop-ust,540704051,540704000,51
terra1yvecrjxqf2ahqlvy9hvrqy5elup98zdpy5f7e2,loop-ust,58097888,58097000,888
terra1m659txkt2vt0gsfapr583qpkdmvy0sw5gh32an,loop-lota,368321101,368321000,101
terra1y9a7sckpqx4t5nah8ggraef8hwtt2pqv66wr3q,loop-ust,12225073,12225000,73
terra1cw64hyyn3jd9sm5lqyp9p9668z44e367mfxl22,mine-ust,705335961,705335000,961
terra1tfvg668nkrr6fga8m4mdqnyjwzzl3f23wzzdm8,loop-ust,875957508,637819000,238138508
terra1d2x8xcmm9cm9slnaxk7cdxh0fuykc5dkpagu8r,loop-ust,566398874,566398000,874
terra1tp0pntu8knrr5cetvvqqcu79a8tah9ky9kccz9,weweth-luna,2964755,2964000,755
terra1kxm0s099wvppnhjd84l3hckpsyq9uyx4yzw83t,lota-ust,430232495,430232000,495
terra1ucde9xfp3c762jav9vghtmv3ft0rafl3tl0rll,loop-anc,1237284607,1237284000,607
terra1vfgswn3ns3wwhrgr8fk7xk6jqfyzmy7x3m55cw,loop-ust,14656526,14656000,526
terra1en6t4s3xdd8az2whrq528axkhmw66vyhdke2ag,mir-ust,1638158,1638000,158
terra1mugaud6ucn74fenjcne6jxhdtkf3428pfhu7xn,loop-luna,194991279,194991000,279
terra1aqn5yysrzphajjhmslaku4vy4r3dr2kxll5rt7,loop-loopr,267773991,267773000,991
terra1jey930whs8d6cm8l0s229s07u6amlm4lhx76qa,twd-ust,7777987982,7777987000,982
terra1d5mlhvut57yxtg2y3x5l7s5s8x5z4w5rxmwn84,anc-ust,163146552,163146000,552
terra1rrsl54k0jnpqrm8u5q593tjk6c8f630g03uh7z,anc-ust,136762277,136762000,277
terra19wurz4r4v0vchjtek2wmkelypad65gfmt549gn,loop-ust,2122316,2122000,316
terra19cc2wpemkkw2me99jcptxmaacjmureurc99mfl,loop-ust,10845951,10845000,951
terra1x522ccnh83jgwmc0drnhuz9e0vft5dt9dg2xkl,loop-ust,27129571,27129000,571
terra1alpwqnntrljvslcprr8drrww2yekp77n7hncwz,loop-ust,53394786,53394000,786
terra1vw862l5chllgjqyn3rcq5ydp5qjrfetqad5ywm,loop-ust,51941499,25000000,26941499
terra1jf0rruu7xulwf926hellln44dyxr039hhlc7x2,loop-ust,421355215,421355000,215
terra14rklcw90k72egefyuu4sy4ullwwec8s07ec5fl,luna-ust,24614282,24614000,282
terra1p5jahyzuxlax5gfeclp2f0hmwuq3hzsy0hzygt,loop-ust,27079351,27079000,351
terra1dg66744llzxj66kns76usk6wtg2y27wy20nu9f,loop-lota,88905547,88905000,547
terra1p5qdx60ty4jt23aucsvpawpt4sj5jm0vh96qkn,bluna-luna,14491589,14491000,589
terra1thdhz34840uvlrplw2mc2pl5cj348ed0h4veu9,loop-ust,105107778,105107000,778
terra1puqfczj5743k97zxrtlteax4ml05tx0k3eff8j,loop-ust,58481220,10000000,48481220
terra1gk2g94htu5j5ydx25lwuljtx7dpnqtf52p7trf,loop-ust,18222649,18222000,649
terra18gsgfhfjjpk8dkx9s9tyg8qv543569v4mv7npd,aust-ust,167759427,167759000,427
terra1ceuydvu4hf5wa3q8awch7ewdv0k0hs5wmlppx4,loop-ust,16808362,16808000,362
terra1dyqjymav9pkek26l3mfh4uuf3kr7s9c7ds4ttk,loop-ust,9929884,9929000,884
terra1g743ajak2dya7flcdrv4cnwsxfach9tz75d90w,loop-ust,2353257,2353000,257
terra1gt7w3tm4adfgdlz2pw2l8507u0kuf0r6zzhu4s,loopr-ust,3381441158,3381441000,158
terra1kjffls0uva7jwu35h77gl27j4w3zk0alxmahcx,loop-ust,50502883,50502000,883
terra1vlwf840sd4zpreayt7ey9cum5cqm4u73hmhm7y,loop-mir,100657304,100657000,304
terra1uhnsl3f6vyvr0dzjdcqwfkk576mhcswunuzcwn,loop-ust,9355359,9355000,359
terra17rcvedtxudeenv28azwptd288l7qkkc2kf7nm9,loop-ust,22199230,22199000,230
terra1u3prputlxv54yw9u45qh5khw4gkz9ykmt9s5vf,loop-ust,4632695944,4632695000,944
terra1dy27llhjcyw37ewtey4spwqs9zrutxalgqadyr,loop-ust,89635883,89635000,883
terra1zgc0gwtavpyg64svv2nh2q9896eqhv0yp4553e,loopr-ust,5359961381,5359961000,381
terra1f8lj20clvlc2w2dwgd9dhptv4xm3a0mt677r7s,loop-ust,15562571813,2184917000,13377654813
terra1mk9e5x4s6e3k9ntvzd3qwe385gynf0g8w7fqxr,loop-ust,11160173,11160000,173
terra1a0s8ya7rn524a77ppkpv58qs49fmgj0tejwugq,stt-ust,77593516,77593000,516
terra1f3tcvc6n76f7zx5cdqr9dgcd6kw3td9ecdgjkk,loop-ust,504639521,504639000,521
terra16sd2lysku6nt08mcg87kjxerj9s7hx9vjr73q8,loop-ust,52720022,45000000,7720022
terra1uxamd4pzr334xt9ynkvv30vw9vaw8mh9gzfxzm,loop-ust,22755001,22755000,1
terra1pqrgjl97hpsnwgu0dmsleh0hjy2yhwuwgj3l38,loop-ust,137762286,137762000,286
terra1ur5snkc2xk9h6tndahdad0mcxvhzhxuujere9z,mine-ust,13580580,13580000,580
terra1pwqeahhmpgnvr5g5kjafnz4a6u3eykay8nzaxl,loop-ust,7566210,7566000,210
terra1lys850qh8r7eksj0vcfmykdgchqulszpvv95ul,loop-ust,49021225,49021000,225
terra1dpjlf5t5fjk0kculasvd8hkvynpty5udlulgs6,aust-ust,5385537097,5385537000,97
terra1l7n5uhhltcx0hcu0grqdcnpr6lc422tx2rz27n,bluna-luna,75518537,75518000,537
terra1c96gk057mj4tn4yc5qwd0flhayhegjearf7fw6,bluna-luna,127114874,127114000,874
terra1l8npwgzgdp66l347809j50lrmuycdz3mrvy3xg,loop-loopr,1970157072,1970157000,72
terra146smxctaxdahuvuzw8cuj85hum6jqecsff05hm,loop-loopr,4884054005,4884054000,5
terra1k6zaq2gs2czyfyj7gjkv7jc7r0kd4wtgvf0wdn,loop-ust,12446917162,12446917000,162
terra1zpfl7hn2ymtn283d0r24zgmkn3ueq9mn7mdv23,loopr-ust,43022307011,43022307000,11
terra1dg66744llzxj66kns76usk6wtg2y27wy20nu9f,loop-ust,7318147626,3154964000,4163183626
terra1rkrpg6dcdd0sxcw6a26z8s07cv72y5auu6w5d8,loop-ust,15203964705,15203964000,705
terra1smg69mxmvsnx8yln63apg536rvtwkclphcgvyt,spec-ust,29447381,29447000,381
terra199wwap5ryyq7gezfh5c6wd7mjhgs2jc8y2ga2t,loop-ust,119457559,119457000,559
terra1zwau404yh47zfp9hptghv3hkqs92m5gyc99q75,loop-ust,1887355,1887000,355
terra109sdpcepecfjv686ntluqm74krvmgr9qyvuux7,loop-loopr,1460491605,1460491000,605
terra190l3jg6lf68hntus6cxwt36v89kqm4qeyw405w,loop-ust,8783163,8783000,163
terra1pdasf0dsmurhkhp4qczw5n4jefgdvpmk46z3ph,loop-ust,42912819,42912000,819
terra17ve3fc5zsdnaqk47j62ulv4j2kvyn8mqwkhmtn,loopr-ust,72754215,72754000,215
terra1tadqzg742x8g825f8x6p54g3gn8k93q5yqn4x6,luna-aust,25315228,25315000,228
terra1dn5jzdurvh7vy5k85jq0c9pg0lzmrjncvxlvqe,loop-halo,474875926,474875000,926
terra1auxwyshtz7rexul68wdmr26w4vd0xjsumdcuhr,loop-mine,776055070,776055000,70
terra1trztglxg7rlw5rkdg2pq73na0w0ne5e304kn97,loop-ust,506394656,506394000,656
terra1np2sks8xke29qzfy8x0qv6499nltwcsyx2fkr0,loop-ust,26231728,26231000,728
terra1pqelhsudr2d94a3teefz9xdlvsm3np2sasg5j3,loop-ust,103960911,103960000,911
terra1yhjt3q0yk5d4xnle5rdcfjw7pzm5rwc5p7slsd,loop-ust,9919716,9919000,716
terra10epul476m7wufraudp0rpxrfsy5kc9mzqanyt3,mine-ust,45618143,45618000,143
terra1d5vstqsle0hsdhqhlhf9sdmkyp3djtva0prkgv,loop-mine,351557019,351557000,19
terra1f44m6ylrufl3k0ge8txrzjxnmwg9dv4sw52ynt,loop-ust,147531702,147531000,702
terra12u96604wwrql2u8220ad7q6rdjkmvu4vjqacat,loopr-ust,22568487,22568000,487
terra1jnh8fvpdhf69ehpfpds4qlwhsa54ccuu0aey84,loop-ust,669675132,669675000,132
terra1exavcpam98yejl4ltzym80m5k7sxyyzh95sxas,loop-ust,50573200,50573000,200
terra1rted87we0hkk5pdx5vjsh58je9ffzcha6h2k57,loop-ust,41371720,41371000,720
terra1898x3vxcl903clgr276gw5mdvszc75ycwj29qn,loop-ust,6905179,6905000,179
terra1m6fphwer9dkatyzurwdzhsy6wey2xgecklf876,aust-ust,10431498129,10431498000,129
terra1y6rqsejdvx7lvr5asx9r4r87x5550ytm7ddzfq,luna-ust,71084884,71084000,884
terra1gsyc2g3hsn0hyfk4pz7t6naxlx43aluteyxdxz,dph-ust,309703288,309703000,288
terra1hlrktpdvn0kuj29ldyykkuz75d5vatlskns5e9,loopr-ust,622604455,622604000,455
terra1ka44dy0dyjzspcm7a7jw93e4xj6wne9a954mqq,loop-ust,26148742,26148000,742
terra142fjzc5z4psynnaevr008nuaq6la4whlqygj38,anc-ust,4967760909,4967760000,909
terra1zt5gvfyha6zkleguaugr0l9wjau7f2977dm2p0,loop-loopr,707232953,707232000,953
terra1amm052qw0wk8ehpv48t4hgn0g5qj28ltyg6l9p,loop-ust,469541810,469541000,810
terra1h4s2cqemma63rmheazdy2yq44q03m9pphpfj3m,lota-ust,93891114,93891000,114
terra18ez5g42udwf2t6hxmxlr4aurtct6tplnhhh2qs,anc-ust,60231870,60231000,870
terra1sw33xax7a3u26qkuzjnrpe6yazt3sxqfr5pv8s,luna-aust,12794146,12794000,146
terra1uv67q5tu6lepm8a67wdkxamr434xmlzwkjk87e,loop-ust,48412857,48412000,857
terra1z22ry7j9249jxhr6w5rrc8npmnyfd57ul4l727,loop-ust,5573838,5573000,838
terra1cqm8j0vvr8lnngf8lrp6yww90mhxrfd88zwese,loop-ust,35720343,35720000,343
terra133p6hqeap2gejnu30wjer8nhurkgt9nzcwq6s3,loop-ust,57558799,57558000,799
terra1r5uzcrjmdtq5f38r6z4hrqv47erx9qlrlhdkh0,loop-ust,18531642,18531000,642
terra1d8xf42ahkjv03p7manytkzr53s2hmrvlqej33r,loop-ust,49825306,49825000,306
terra1pgxaarmaf3crzkcdkf8zgr6ddfjgppxtptswns,anc-ust,133990459,133990000,459
terra12mftks6qpm9ex7awe57ltg36c92dumhezpqaqy,loop-ust,7075443,7075000,443
terra1w5mlze6wn7s2lcatv788jn2ppdcdkfc48rtvqu,aust-ust,6393051707,2653636000,3739415707
terra16pgymlu23wtqhqnf05fckrpjvl7rjeudlevzev,anc-ust,1478989993,1478989000,993
terra15x2vjhg08qfq5lgsh042mrhe7y3tjxd27yhpmn,loop-ust,580328750,580328000,750
terra1muk7mpg27wnn42cdanhhtxu7achftcx0wk3yer,loopr-ust,530648593,530648000,593
terra1vrs8hx4pr03tqdu0amj9xr55d5ldqsgq3rlfl0,loop-ust,18973694,18973000,694
terra1h7zrw8ryhvfh29hyenr4l4w3hg26u6juuw55mf,loop-ust,9435139168,2327447000,7107692168
terra12mtg59cu4tquvmkpvptte2jc933z4wrz9a9fcw,loop-ust,2556586955,2556586000,955
terra1krmq2mf27mf993zzpqx4e3yp7j72mtswy2adms,bluna-luna,86999135,86999000,135
terra1255etglnpu0ul3jpr4wx3uuakep0cqh97gaxxz,loop-luna,4547072,4547000,72
terra17hax5lw3cnwkgza26rs8zm2w6whvmzmyphxfdf,loop-ust,78939955,78939000,955
terra129jk7nkptzcnmsdr6cxa6zu9mm8lgnvwfrlmpa,aust-ust,275712415,275712000,415
terra1ny7q7vx403tjvpelqljk2kt3ctt0h5ftfsydvv,loop-ust,10673489,10673000,489
terra1k66aslh84l5l889tqn0x4dz34p0fn8apk2c2wr,loop-ust,40916241,40916000,241
terra1kdgqzctsc0a29dzgvzrh74z3uw6cfuggd7pw52,loop-ust,2120364,2120000,364
terra134eq3da8hsyzav2khc8zsvhmkk3eqstfjf8tfe,loop-ust,158888631,158888000,631
terra17a8ts85k0dc9h7tgat4gxe6pmua8x2laam2j70,loop-luna,812571796,812571000,796
terra1q02t6x062xkm6e0e0m7kddntfdfplcryq4uw0j,loop-ust,484012763,484012000,763
terra1p5j8ugsmk4txw2lumvgyel88rzx9mzg2s58qw4,anc-ust,884441582,884441000,582
terra12dk2yxgsjcgukg72dxcdy83s8udwjhkkrrqlau,loop-ust,1033896,1033000,896
terra17hyn20rajptyp3q32dp9mr06lrkjlvvapkzpht,loop-mine,254620747,254620000,747
terra1dasszcavrdh4nqdf94day7jj9k7fcs0l9d76t5,loop-luna,16351867,16351000,867
terra1l5urqvqthunnttvazje5mnvy5u2ltqvu0e0zwm,loop-ust,52274754,52274000,754
terra1f066c33xjezdqkl3xk7xmzk9aut4psshz52qk8,loop-ust,10355775,10355000,775
terra1nn20cvvwuwqgwj2kwgz0xjr0403rz8ehhywp4y,mine-ust,5091333,5091000,333
terra15jydgd5hgqxamln370veasl990z07z4n4x056k,loop-ust,4319907254,4319907000,254
terra1sl5yq2yyra5nulrrdlcfq06pyg0xg5tyq32ntv,loop-ust,17209261054,17209261000,54
terra1v5tvzfgjfykcclwwjgndd9j38c23dwezmzjnsw,loop-ust,4211382,4211000,382
terra12rk9jsaaf9y429m0ydgjfufhd5h842rlnazr2k,alte-ust,1250623047,1250623000,47
terra1m9ca2ef3ckgpuamquwhgvfxh2hn9fj66wyas0l,luna-ust,55769311,55769000,311
terra1kh9e2474m38lf7uh69j2nwd2x2kgqym7yq6avr,loop-mir,22573950,22573000,950
terra1axxyw9edap0m37r2tysnqdhynsxwr3h4c0k7em,loop-ust,371099106,248177000,122922106
terra1866dqhxgrzzrcvu0x973sgq09nq076k3fxqjyv,loop-ust,349956463,349956000,463
terra1cjv7m6gcel0hgqldv4mun2ygyvp25zx5k9jx0y,twd-ust,68016301,68016000,301
terra1kd5m0yjgxtxe9ksze0v8fj5qgzrxh9thpll8c0,loop-ust,1824376,1824000,376
terra1c0nyws636wv9m6eag4uam6x0twtrgcemwym347,loop-ust,151810947,151810000,947
terra1wvsugzhszkstexl0v6fv86c9ryjy8xm6u9t2fk,loop-anc,7968022131,7968022000,131
terra1fda9gmjq2ajq8m5mmp68s5xnt5lwmpgkgrzg9c,loop-loopr,2114717871,2114717000,871
terra1ezhnn5ptetjvxv4ydqx3rgqa5z38g95wn6fue0,loop-ust,4851435,4851000,435
terra1e7wdrxne493zz8wnfjpyhpcl9k7umqk8jdqw27,loop-ust,340335451,340335000,451
terra1fy99t7ke2qkkdkwv822df9mjyna2umhx2v70nd,loop-aust,4041511301,4041511000,301
terra1fmu34nv6hmajygqpqlrgxlk94ks3a6rj0zsdry,loop-luna,151988622,151988000,622
terra16mlchudjaldpn3ee95njtzd8tm2plgps7jfplm,loop-ust,48531210,48531000,210
terra1ng7zrkusdflm4t2e4wjk6e68zdg6rgpe3dxgaa,mine-ust,13006219,13006000,219
terra1jyhxsudlshgnjvjpp3qaq7agl9dn6vvj9svlfc,loop-ust,20028461,20028000,461
terra1gzt82vgy370xf3pzgjs6kftn7t5kgvds3yux6u,loop-ust,8206885,8206000,885
terra1kuu9huaafxynppt0hc6fycywycfedy9pw2n6f7,mine-ust,1449030398,1449030000,398
terra1a9hcq4jluc44l5ecl9hpugjca9ktxqzyhcckk8,loop-luna,150983083,150983000,83
terra1e8lan8h25yn865tqqqdqvz57pp54u0eelryryj,aust-ust,520236299,520236000,299
terra10rg0gndpgnhs4t3wgyd6p70n3krvd8vvdhcssp,loop-ust,21984944,21984000,944
terra1y0mzw92ss6wz9flmfd3uyhg86xrj3t06558p6x,loop-ust,492108458,492108000,458
terra103avk27ekcztj8v6pny4vuyclwt2w6fe8mxlhs,loop-ust,1075939858,1075939000,858
terra1d0hhz08e3z2w5am6tvxsedfr7u0f6a2d3ssak6,loop-loopr,436250524,436250000,524
terra14adge4r5tvuvqjuvd66kgupmee8l39wnna2lg3,loopr-ust,3567213467,3567213000,467
terra1xqwelhp2hwvkx9sg4hg8qj7q5cusczwle7z6sz,mine-ust,35820821291,35820821000,291
terra1dq4ru2aj68ntstfj0xky9efw4u4xy3zxqrg4yf,luna-aust,213870026,213870000,26
terra1zstf4e0au48fy56kkztsfea2m4fl4nd040etn8,loop-ust,626976313,626976000,313
terra1u75lzcg7xsz5ap68872xqvtghsms8katxmds0a,loop-loopr,944655994,944655000,994
terra1f87ql8evzjgfpxnxc0eft3ms2l8r0lqgyrlwmk,luna-aust,2560359905,2560359000,905
terra166sl2cla5nntrkys8gyset568x54xwxv5z7kkw,loop-anc,4992151002,4992151000,2
terra1p3gt9ckxenuam99mf0ev632gupjjzh8pfxre3h,loop-ust,5781066978,2408616000,3372450978
terra1x8qntfj7xpy8pt4e7pgrzal4qwrfjt3wzyd7xg,loop-ust,40512539,40512000,539
terra1dwshfvsfjrueahjnea55ur0gt6scju6we3h2sy,loop-ust,108994315,108994000,315
terra1punjngf9ugvthewuaerld8hc8nf74r260jmxeu,loop-ust,908564388,230604000,677960388
terra1p3fdh9j0q2ncywteeaaxmh5t8j6hw2h4mas5py,loop-ust,195443778,195443000,778
terra1nzn9c04swnpyn9lvsc99h5ptqmwxypszx235y7,loop-ust,899941,899000,941
terra1ehhrdwq5m2r3wa5m69ajz5e2u7dcxsmx7ntmgp,loopr-ust,133240932,133240000,932
terra1tyct4jl24wc7rju5gl8gzrykhx38pulx70s47r,loop-halo,1433048652,1433048000,652
terra14fzl8p5pkpstjxp0aand725t5st2m6yr2hdv49,loop-ust,774708323,575217000,199491323
terra1wv05zfm84lkjztnd0zrftw43u903c6hajtexc6,loop-ust,2358306883,2358306000,883
terra18pecc0nnptjj3sgf0kv7cphrej35d5e3zuwxtk,loop-ust,36896739,36896000,739
terra1cjvjqyuw58upk7h7w6rkmkgg452mgascq8c6jy,loopr-ust,57464439,57464000,439
terra1l0dgcu3lvjjq5gsnd5hv8rs9hgvkvnyqyl2jch,loop-ust,317249897,317249000,897
terra1lsuswjrprac9mk8uspjhy8w7ffezh3573xgl5j,luna-aust,525794699,525794000,699
terra1g7k5ee5z9fmkzhhdx69g76025qpdn47kl3e43m,luna-ust,2923814395,2923814000,395
terra19p7uuk6wwudf85hcq4dprgem874nxa8yatz7af,bluna-luna,25519444,25519000,444
terra1aghh2nt808ud27qsndpkwqs7dw0uz6n9l0cek2,spec-ust,7025149,7025000,149
terra1fsawegja5434aql8sazytzvyf5dmryseup9mfn,loop-anc,321479016,321479000,16
terra1dsea8f7pv3g6kulc04lg4lz9q56ahdqtll8pax,anc-ust,2115692694,2115692000,694
terra1gr4jzdycsj0kap7u33qc9lmyqhyuz9x7nrtj8d,loop-ust,44124980,44124000,980
terra1avmsnad9xzv9hkwf2npawjx0syuerkx2dzqu98,loop-ust,257282605,257282000,605
terra1kumh37z8dz7um07dxuqtxn40rlckrheyqlvyyj,loop-aust,160515417,160515000,417
terra1eajylxqu7qcfr46s7tdwu0ypuj0dfc6zjpjpc3,luna-ust,933037143,933037000,143
terra1svcg30pt95np3txzsrvkun43mq90fl2znvlsj9,loop-ust,1463631053,304064000,1159567053
terra13ndlnkylx827x0gpxxfnqseqn69pjutaka6p2v,mir-ust,1223880858,1223880000,858
terra1ldsgdk0lmhds2tkvhplyfe0asmzdnmhrmytf7e,loop-ust,1579246633,1579246000,633
terra1gr9s465rknnz6fadu9pnj4v6lk2fmrlu8u8c4t,loop-ust,39389460,39389000,460
terra16tsxznd0dtrk0kjacjgtcrxnrs746aqe3wde73,loop-ust,905481661,905481000,661
terra1fkgfwcd0an2cgk8yyh7jnx35waxapjzf75egd4,loop-anc,315853040,315853000,40
terra1jv859cmh9p6g32tcx3pcs7rc26w7vc2gnn896j,loop-ust,2578103,2578000,103
terra1z7sa6g7fjgk4znl00hj5v24rpaudrnwgplqech,loop-lota,80593331,80593000,331
terra17crhxhvuvwg9emfh03f0aent2ze5qnzgxscp36,stt-ust,82069913,82069000,913
terra19sm8ztvprq8vs945rfdw5hdxmzxd9909ae4dty,aust-ust,1986497590,1986497000,590
terra1y6vu62cq93u5dnt55wh6fxzyy8elwmsnyawaa2,loop-ust,2305349,2305000,349
terra1cg6224dekkke3yelvj43psl3qstkwp938l224q,loop-ust,30458146,30458000,146
terra1fr8f0kv0a9j4dafa3e73u56ajmr8c5l0adr43c,mir-ust,25883350,25883000,350
terra1ptwm95qpefete69pf792zcd67gceh3j9ul8jhr,loopr-ust,20464812,20464000,812
terra1pjah7gezsjxg9cne03zwh4czjsm0mua80k0xk0,stt-ust,776239,776000,239
terra1p3qmlmjzl8ackdh5ez43g839wwdkpjj8p0jeqp,aust-ust,12363499121,6040543000,6322956121
terra1c4s5a6dp7hz9f9rccnk95w7k8cnhk0k3zrf625,loop-ust,19181815,19181000,815
terra1slf68ysnrpcq5kryk9ma9yaxhgu3uekkm5ppl5,loop-ust,106431551,106431000,551
terra1sjvc05tz50tpdqhmhlx6cqe5x7jgkkr3k9glmp,aust-ust,380303896,380303000,896
terra1szktfa3jxjajyzcrwmrucer4v5gyu0qljncpdk,loopr-ust,10898029,10898000,29
terra13lmh7zyl4rtvvxyx9tszwfv4efsmfz7ad4rz2q,bluna-luna,76748458,76748000,458
terra1p5qdx60ty4jt23aucsvpawpt4sj5jm0vh96qkn,loop-ust,121135325,121135000,325
terra1s22gkwl6vp2jj6272vmdky0wfrxldp9acphntp,loop-ust,752891064,752891000,64
terra1wkz5gc8ch77k8kfsj29727ypap3l424ew6yx7g,loop-ust,4429026,4429000,26
terra16shgz48eqhpv4gwx6tnf7hmsu38rmcfskp0hmv,spec-ust,10596028,10596000,28
terra1sk5hahj2a7yhxlrsjxd2hnfqvhdm633rra883c,mine-ust,2504894,2504000,894
terra1jf6v5q05ar9y7durhu4he36rc3hkwd8wrtg8ge,loop-ust,13407939,13407000,939
terra1r0t3du4zm0rnr0qpdqnwzynyhuqamjfzknerk5,loop-ust,10892728,10892000,728
terra1n6crs97xmrguyafslksstzaq334d8sh52w4ms3,bluna-luna,20406258,20406000,258
terra1kr0d8a28ryl0hv3g8gcrjnhq9nzywzsutpl57d,loop-ust,16517869,16517000,869
terra1yxwlhlv0yu9855p98yky8nkh2tkszq7t5yhc84,loop-loopr,24991080,24991000,80
terra19vr49zklx59mgj5ax7numwmn3vaykdzfxqkqga,luna-aust,1171185477,1171185000,477
terra1w7ej8k203sk0zfnjm5xxhhh8v54z28nmc7hq3l,luna-ust,1906023737,1906023000,737
terra1qgqj2f2na0ktlcfdz06ne7w4lzu52x4tuh5qa3,anc-ust,4040483555,4040483000,555
terra1e93lh7x82m4gjar0jvtfk4v0c2e0ze7p9hhhx5,loop-ust,1796678,1796000,678
terra1vdq322mjeznpcdnyt6r5nmma07fnpqrvu9sa99,anc-ust,164165246,125908000,38257246
terra16xd5elf9zttnr30lkapazjw7n9uk8slxwa8a33,loop-ust,102447738,51224000,51223738
terra19thtrth4yer0g07944wld6xj2vrk4tkjf6uv4r,loop-ust,25669179,25669000,179
terra1693e82ln4949r96e5mv3q4gps3ytj9lq28mpl0,loop-ust,2885084,2885000,84
terra10h5tec3ulkepdtf9m4a66wvassslv344gq7j9s,loop-ust,219577922,219577000,922
terra1a46p4umvsuwz8c2lfn9v0836dxucjeshjh6ecg,loop-ust,5942111,5942000,111
terra1cqr9w3ddkcm2tvjz75ffgrjtqtjgeulzye57ps,anc-ust,488486609,488486000,609
terra1uhqjze3dr2aezrup34v9090yr45nu7g5lt563x,mir-ust,4697334326,4697334000,326
terra1fhp6s6utkfwqx2nu5mwp5txgf3zx8utuzfks25,loopr-ust,18091500,18091000,500
terra1gvs9cdynxx4uyukklh2qaepp8u8es67jt5da82,loop-ust,11982829,4518000,7464829
terra1q2tngx85emw0rtvwl5k5su97usqs6qsuxjelre,bluna-luna,143804522,143804000,522
terra1k0rm4nxhzhsjrzm7etgllw8kjju9gaenk6zcnd,loopr-ust,11879151,11879000,151
terra15emfhjfana9tzkrc8l6v9jp2y8g0yurw38zcj2,loop-ust,16831390,16831000,390
terra1y0awmpd4ndhdnu6c3rvj4mquh2j5fe6rjjq2p7,loop-anc,659950051,659950000,51
terra1skstd4804mxrgzlhht7jysg3w3n9l0xzlu8mun,loop-ust,924306817,924306000,817
terra1vhvla6uk8z26r0wgqm963gjf8vzsfcvlstc5mc,loop-ust,409839608,409839000,608
terra1je3s743jlls0c0qgl0qyqvc7sklwfcvyc57geq,loop-ust,516490568,516490000,568
terra1vchph62v7fv63xjfcrz7tkatn6g8w5kn2keu6d,mir-ust,64991982,64991000,982
terra1herkhtkxwcfcnpprk00my6ep5r77dfq50nehx3,loop-ust,14869957,14869000,957
terra15z4mdj96n2rkvag2ynthr9j2ug46fa8y7rzhrh,loop-ust,4794328,4794000,328
terra12ksldgkw455veemcvn0mm4g4ejuz65u4uyldtv,lota-ust,7219817,7219000,817
terra1wzddr64cshy649y6mdrsrp5g77nk9a5h7lza9r,aust-ust,2187834020,2187834000,20
terra1f65x7up0trkywt052lnxpmr6hqlkh4uue0cr5d,loop-ust,10421781,10421000,781
terra15ksf0l4qy94km7auqaeczjtty82hfhx9n35mvh,loop-ust,195396715,195396000,715
terra1uxpz2sgh3u9957wcnpm8k5a3p0mey664u0s7pn,loop-ust,25690568,25690000,568
terra1p473c78yx9ffhuacksmrplmtmnerht99h47rnk,loopr-ust,590516779,470851000,119665779
terra1p3n8yqu0sm973d6tl0ml0vusl9ly5cd4kyxgaf,loop-ust,461767898,461767000,898
terra15rpaemjq5rhqxjnzph7493fk2a3llzcct7n6k8,alte-ust,259244219,30091000,229153219
terra1cr0jttxqffwwqxmglaykewga0wj2x5ay5ekspa,loop-ust,102610789,102610000,789
terra1v3kf6amujv36qsgedvadum4ezu2wj58e7q6twx,loopr-ust,303701416,303701000,416
terra1yy9s9s0qxgpdr69j59v32sd83z37r8ljy9etpk,loop-ust,21408793,21408000,793
terra1gyu3efp7g0xaq0n5l86vtn9gu08c8887t6x3ck,loop-ust,9495498,9495000,498
terra1q94y6t2udct5kmvw4vktmncgq49gr5r59zr2pn,anc-ust,729138583,729138000,583
terra14k52agc3an76uhxwc308yhmwszf2hs6lzpxn96,luna-ust,310726399,310726000,399
terra1lman5f0jvtelxa439qppcmpd2a86cqtlnkgtch,spec-ust,669330016,669330000,16
terra17cc4mc50499p953paxrn7kqmcwqndf488djhpl,loop-ust,248999888,248999000,888
terra1nxx8kcqwgl94e00275ctnx24g6u54ccvdq8tjp,loop-ust,4227908,4227000,908
terra1sk8tv78e40n2jwdpdym49rjre8crsthzvna7yl,loop-ust,96114775,96114000,775
terra169lv6z7u0w7sgthrtluhq6p6lxatqy68pqamxh,loop-ust,537611413,537611000,413
terra1yqawdmlxnzw6c5c5vul607hh5svz8yzvxwwn27,anc-ust,12683492,12683000,492
terra1s5rc2sxfw5ky63grj5knpz2macefn0a0qyf7sr,loop-ust,35002362,35002000,362
terra1txa6jwhatehfttq946vk0f7sha96fcnyau6pyg,loop-lota,84293547,30920000,53373547
terra1cdpceapd8emf6y7q4gp3mnhy4hd0a4qza5qxrl,loopr-ust,594979175,594979000,175
terra1w4ndjrgkmhp3ecxydsqew4q973klecrffphtx3,loopr-ust,45989382,21898000,24091382
terra18wq570pdck4eyth0cqu8282nt4mmsfqgxjg8cc,loop-ust,459187624,459187000,624
terra137tcevv3hsyxppuswz0x4nfp4z8xasyzavfx34,loop-ust,5746494,5746000,494
terra1kvmd8kjkjkx80e6nyhdwpqms7u2e4h6x6j0zkt,loop-ust,8512549,8512000,549
terra1x3zjf4acvsg2faana2g6ygkfdkw3w4y54gkemt,loop-ust,1387572036,1387572000,36
terra14zqcc8zzrsustsh03l3xyhzman3tne5nhjyjjy,twd-ust,4512653101,4512653000,101
terra15g7r8xtad3rw03dva6f5e93savpjfqvj2vtjpy,loop-ust,11667840,11667000,840
terra1ssexjtum82z20x9pagz8g334p0540ssfulghp5,twd-ust,72900649,40000000,32900649
terra1z2ykdre5m3ydpzfz23snle4caxdz4lfgh6eld3,loop-ust,9868658,9868000,658
terra1380v000rspymwm7wagsrwg6pnfvw3lvmjd89fj,loop-anc,324947856,324947000,856
terra17w7xx4lg2s4h2f6ufkkgndslwdu765wjsw0vul,loop-ust,74808658,74808000,658
terra1u23tgd34g2cq8vl6clzrzqycker2x3syrzzff0,loop-ust,4326047,4326000,47
terra1737f6nn7c4vqmqgzlvu7hu0rk4mctkxnnxtc5r,loop-mine,127480256,127480000,256
terra1kyj6fsw8f0s77vzs3t9qna7vqczt6y679gvlf6,anc-ust,41362016,41362000,16
terra1tq7r46av085ycj4q7v0d9aa78kd396q98xn2ap,mine-ust,2196364550,2196364000,550
terra1kut2vh6t2afxwxkw0458rrzjfjsw0z2dwzg9qu,lota-ust,20510695,20510000,695
terra1tkw2hag5h85qvds6as5g77xr25amt3scm2f2kf,luna-aust,2155874753,2155874000,753
terra1lstvuglrvwwl4wza4vtvtugzfqvlyllylfpzew,bluna-luna,987944,987000,944
terra1k7vsmjygdpq920hrcy7kfz8pnmahjqxm504mwf,loop-ust,377211246,377211000,246
terra1jmujgfazwxzjhu66szdux8w0vk4990nk9sq7z8,loop-ust,1500211353,1500211000,353
terra1ssfpxgkzt4yj0unmzx0cmrx6mhm5kl0g2mvy3k,aust-ust,35935231727,35935231000,727
terra1n5k2ce4cf6xyt9vpqr30eshu47fz0yqaexcaz5,loop-lota,785802896,464277000,321525896
terra1908z6slyzus8vluks4xcf3dq84f9h8n4c2gzx7,loop-ust,8161227,8161000,227
terra1p5tnf4pw96nr94c4yexgcs2er8js5v3gs4yqet,luna-ust,16380425,16380000,425
terra15rczj56jrcxaj0xagx0yz35kkkd6ylreq7zx36,loop-ust,4594775,4594000,775
terra1ne5xjtzs2chkmnfs5dr72u0qj9uh5vt0kndt40,mine-ust,1173478532,1173478000,532
terra1j6nv6dsu5htgrrfgmwg2rxzwp2ut6xegshs9xu,loop-ust,18583345,18583000,345
terra1e7rmkjgpnn7a59npr2t3jzfxs34fnphrzrzca0,loop-anc,58846165,58846000,165
terra1wjghwtncdwgh4nz43e2d3cxmz67wzlfvsftj34,loop-ust,15161717,15161000,717
terra1yfgqltvwpmwwphnrp99rz2ythlj8555gcg7qsy,loopr-ust,5757447632,5757447000,632
terra1pkwv5sz7rpufjwyxyzfxp25ye00r4x542kruf7,loop-ust,14187250,14187000,250
terra1ywved20n3t66taftxsax36urmgw80yv2tqsmuh,loop-ust,7082764,7082000,764
terra1hzyzys3s7s7xsls5gvsta3z3ylcy7fjcnpgmas,loop-ust,75048527,75048000,527
terra1252u8yqheu83n4xcdtvt6vt34q68uh2us385de,loop-ust,70025271,70025000,271
terra1lv2t2qlhgsj7c5cxy6cm5l65dcqw7q6cjkzfnj,loop-ust,94186752,94186000,752
terra1njm7vzchuvvhsr7t74h9qwkey2js5p2zrqrcx4,loop-mine,2087421625,2087000000,421625
terra1peh437hcvvqge3ekdse65a0x4m24e54599axp7,loop-ust,110998380,110998000,380
terra1lwfse7qwr9fcz999drwdgm5ze23km09xuppasd,loop-ust,51974978,51974000,978
terra1jymm3hnevnrskq0gk8jv47z66wv2g4v8lu96hw,loop-loopr,2872097,2872000,97
terra1trvzy02r5xz988r4v60tuyg9yuaz2qsjuzh4z7,loop-ust,110563037,110563000,37
terra175xc4h5najhkd0xwvjkptl7wcy5ggqzkht3xjk,loop-anc,14182655,14182000,655
terra1rv59z2qlmm96yf8wmess3zjdhdr8frl7kufm08,loop-ust,65139908,65139000,908
terra15rhnxrks9yukcxur200j2zkj733vyuyzt6xpqu,alte-ust,502230773,502230000,773
terra15sr63u06hzq78a252t344plmhumej90mf2hhuz,loop-ust,15855668,15855000,668
terra1ve0axkm7kxuuf2myrd3hpsplnpn6p4w2f2k3yz,loop-ust,564149548,564149000,548
terra1js9nnufk86huwsyv8e2wcnhfk49eldpy2j66tn,mine-ust,4941972312,4941972000,312
terra1uz7np93nz24yj52pegqfgctd8sktkel22w9lr2,stt-ust,3550720,3550000,720
terra1t57jkexp22565e3nlnph2s77jhewqx4k8pvrpn,loopr-ust,49452308,49452000,308
terra1napc94jpsenft6zy3xtmd2jfplpz4axunhaeuj,alte-ust,8448650,8448000,650
terra1ymfy6428yyrlqzsggqk9c9nx52p3epvhu3un0e,alte-ust,17862985,17862000,985
terra1rnpxpjwwua34kjjzfm8ap4hfvgseenre6wqm2t,loop-ust,2844490,2844000,490
terra1a8apqeta7qvu9kmzw6wwxcscfvxcrzf0djp2qq,loop-ust,71625578,71625000,578
terra1fz68ze6l00747sjlpj5am0ash8pd9tvvv04ma0,loop-luna,16220377,16220000,377
terra1ql20t52mqfj4c6m9cas5aj5rx3yx535nl2gg0g,loop-loopr,1043480607,1043480000,607
terra19keym9q7ggtvsmzdnapgx3u3zfwmsdp7l84chl,loop-ust,3662533,3662000,533
terra1qysf75dh30y9y6juf6yxz7esy89gx9s8mv2k9e,loop-ust,989385315,989385000,315
terra188rcszkxu56s8yk6603pp470zjat8cx7ygzqwj,loop-ust,39398042,39398000,42
terra15hm9hq5afa25ujkghrsygeg0e62fu0ppayqh4g,loop-ust,9174635,9174000,635
terra1psdr9kw4d5yf8e3rwmpxpqm7xh7g7k8yn3hj4v,loop-ust,529875516,529875000,516
terra1eg3pzhswz34n95np20czr26ncqa93vtp2dl3d2,loop-ust,84418172,82473000,1945172
terra1esgccj6v7nhdvu9f8nyxtpyg6m3e2jx0mgcc9l,loop-ust,4179678657,4179678000,657
terra1a7gwydyahre4cnxxmxd65856zlxdj0y954dxuq,loop-ust,89002207,41103000,47899207
terra1w2twtwgq7lswg6y449fzduvsq3a4mycqp2a8pz,loop-ust,200389455,200389000,455
terra18cqee39gu7mwvxuu9e7rsny4lym5c7hq83fcaq,loopr-ust,1402092719,1402092000,719
terra1zsc289c6smfqfre8gkmgsrpndesz7zrtk2hrh4,loop-ust,80638078,80638000,78
terra1q0wuqy59ee2lh6prwspzjrf7g8hhdvj0fzp6n7,kuji-ust,208323609,208323000,609
terra1sz5lw8muf46k63j8wdy3j9vnwd5drhglljkevn,luna-ust,53173196,53173000,196
terra1r8mky84969ztkncrsptd2ecvs2rx64q7dreu60,luna-ust,567577242,567577000,242
terra1r3lz0qfc3mhl6axkppw6rnjzd767l2de2tw63u,aust-ust,53180419812,26356372000,26824047812
terra1y6yr85yrs5gsgyy8vzvs82l9pplyse3upphl0d,loop-ust,48809870,48809000,870
terra1fz3r0unctx5zw5ywa4ghcj04fzz5t0dt3fhn58,bluna-luna,1007087266,1007087000,266
terra1fksx4zpja8g6m9vjdvperlxd6qw6k20xwqk4ft,loop-ust,7214323,7214000,323
terra1dxxuls2x5g0f300nycrdxk5wuthhfku7dnasvp,loop-ust,128806912,128806000,912
terra1e2h0w0cu5xxyprx2pn6lcc8ezf3zemp973d2qv,mine-ust,197820107,197820000,107
terra10gk76upgzgnttdjxdu2f9eggws8xpgas59mnhp,loop-loopr,4101981129,4101981000,129
terra1x46cese08vqfmf7h3k64qedhgmpr76y90e22ca,loop-luna,178018605,178018000,605
terra1x93u3euzzdmc03fevc057usv2zucd0hzypgw3p,loopr-ust,253128846,253128000,846
terra1c84dvxruxrt659ct34zgce00t58pvu2k8udpd7,loopr-ust,125835477,125835000,477
terra1yf67zn0mercvtgwqx0mrnzlvc9c6sjvn9rms97,luna-ust,136641878,119821000,16820878
terra1p3qnjhtfzps2qj8fcl9gur6d2cqw54t63dfndk,loop-ust,473492027,473492000,27
terra1tyvlqhr0k8a39ppzajckxqmmnlvsmqlnvnhnpe,loop-anc,240767492,240767000,492
terra10hx5lclwxhwvr7m8wmpe5z9m7d6vxd8dypf8s0,loop-ust,513181471,513181000,471
terra1x64fjzsjk5mjszsmsn6l59ksf4uvdpucm0vffw,mine-ust,9871596310,9871596000,310
terra1r6udznj89yczwa6sgq5ezm9lysjz5w4fjm9vgz,loop-ust,18041745,18041000,745
terra1tqqv2x8vdy4n0fdka3837jew84ehnzncrr9w9v,loop-ust,3820313,3820000,313
terra1p03d2sz3pz05fgjpznvwd0zz5436qgqdm98850,loop-ust,11515143,11500000,15143
terra15zpetcnjmg5p53na6rvyp6vvm7gnf0qcfrn8p9,bluna-luna,10938260,5334000,5604260
terra17wa6ed8fhhfmu6fhjcnj6qv83a28n5s2vtkkpf,loop-ust,8595761,8595000,761
terra18h0teeyz94vspv8m9f3hcq5nzyh04j7j0zap9x,twd-ust,1742412859,1742000000,412859
terra1yfgqltvwpmwwphnrp99rz2ythlj8555gcg7qsy,loop-ust,816486839,816486000,839
terra1e3g3cu90rypuxn835rvyy86smkeenj5d75zpn3,loop-ust,141067852,141067000,852
terra1nur24wp5c5mpwg0uuzr9s84fu9dm0zfg5r4cgm,loop-anc,9160149840,9160149000,840
terra1dmltsdxah5tzkwvcll2mq0e3ns67k7mqy6vsdr,luna-aust,9156672,9156000,672
terra1qpsrppcrjdem6tgjq58z2xcwvrv6mv0kxm7ej2,loop-ust,17666851,17666000,851
terra1uud9ugmncxdek64vhldxs8gdr4emfexv6mfy5p,mine-ust,113034896,113034000,896
terra18s6yue7ema92jh7cndpzajh5dremu9ms3xyazq,loop-ust,5212780,5212000,780
terra1akjllunad0x7fmna56reurnngn8vqjy6d2lndv,bluna-luna,2611574,1976000,635574
terra1lu600d7z95f2zmndt64zfwyq9n5rp8wun9ppfn,loop-ust,752458176,752458000,176
terra18tlc9chk6cr9nry5h34ny42cgutrxz2xuwl0wr,loop-ust,176386611,176386000,611
terra163dukqmx6nl0q3n2q47xennv32d0ufcdh86kpr,loop-ust,68371865,41899000,26472865
terra14y878vqmjsuyallcxzm0q89t8xsnw569ml3pt3,loop-aust,101349319,101349000,319
terra1kdafayqerrgr762kv5gstswzfn888aphw0rydn,loop-ust,4595866,4595000,866
terra1xwmkxghnsusccty0jr8nhay5gqhwlxvyynf4h8,loop-loopr,1783667401,1783667000,401
terra13zrxq2lxaywcervu9yme4u7ylt3jqn82z7myhs,loop-ust,251229996,251229000,996
terra1079l3gzhlnyg4puwax48a4sn7mxd55u73wmy6f,loop-loopr,859300137,859300000,137
terra1rgl8gnnlfztwum82sx2dwu4wsgquh30aflvprx,alte-ust,120384280,120384000,280
terra1jt7vhm29j0xq4g509ymq9m28dechsaqdzx7t8p,loop-ust,250130078,250130000,78
terra14a0herwmyav98rgtryqdjlw0evmsyt5x7nsr33,loop-ust,70697002,70697000,2
terra156w0r4a9z57tpmccvg0u30jn4yjzk2y74a3px3,kuji-ust,126831607,126831000,607
terra1enh4sg9yymnlxkw2l8m9xpjl9kfynzuapum5ny,luna-aust,295189465,295189000,465
terra1en78vyplxa75tvhwk9axyq7essen4t09rcg6sf,twd-ust,1485272738,1485272000,738
terra1x9tcjpmxw5457j4jsgwrhhvcdtewtpc8j7d883,loop-ust,4731644,4731000,644
terra17dqzgg6ushj3n9xpsuzrydewyr4q65nsjgs0g5,loop-ust,9685101,9685000,101
terra1athym672y3gzy7mghpg7wppz046hn79x5ad4y6,loop-ust,4934836,4934000,836
terra1d3g6gqsua9ac0lg86kdzsj0nal8rm0sggpn6lx,loop-ust,245811675,122914000,122897675
terra1nyfsjd3w4ykkwku6p85dwct0lcc8fev3jtc33e,mir-ust,6805764,6805000,764
terra16qhgzzdhyahzfzk7tngtmx4un8zn9grxfa8shz,loop-ust,9770100,9770000,100
terra1sffx8xhyc6twldvspgeamhlxzrzzg3p7yvz54h,loop-anc,5909242812,5909242000,812
terra1qjyf4p0wvpk8v2gtjkwzln0mjvn0ste5rpurkq,loop-ust,15217297,15217000,297
terra18mw04vqyzpt0j8zkz9vt9u4yuzg03uquvt9snj,loopr-ust,20499771,20499000,771
terra1gtj6cw2aqr3ea8hq2p3hwu0d43krsug05qaza7,luna-ust,792526626,792526000,626
terra1s6avfkhqzu25cxp94h9pwe64vxrtd4kayn2zza,loopr-ust,851694220,851694000,220
terra1mvt96rgff0hqw607x5f9pz82f8fdlj2449kt3a,loop-ust,66913124304,7276676000,59636448304
terra18qachv7yg7ssxq3y6t2pxjp2vfc0fhkhj5wpxr,loop-ust,100726333,100726000,333
terra1nxslf0d3w8625drzwgcwvlgee2h2zaapg6yz2u,loop-ust,456677103,456677000,103
terra1ky7xarqx5t30hqhts6w670hsyd3hu469llrc7v,luna-ust,30726748,30726000,748
terra18gkzt0rz4wxrnmnjpw0055cywh4kkskykkw7m8,loop-ust,20726524,10363000,10363524
terra1825cy4yx7eug3f6m99h8yqydylms3gyflc54zp,luna-ust,1528272636,1528272000,636
terra1mucsnktu03qa7y5nduvtfwfl0ezth2n737e5s3,anc-ust,3781935271,3781935000,271
terra14rklcw90k72egefyuu4sy4ullwwec8s07ec5fl,mine-ust,1838280641,1838280000,641
terra1tkz0rxjn77mzmun0rp957pj44p2uzekemq2l40,loop-mine,20938731,20938000,731
terra1qf75z04pjwhe5wdfv66e5rwvgvuyj0q7whamm6,loop-ust,4248777,4248000,777
terra14qq9pk6xvm66u39prw5nvja3j8fspy7xfjmnej,loopr-ust,223865715,223865000,715
terra1vhvla6uk8z26r0wgqm963gjf8vzsfcvlstc5mc,stt-ust,154910723,154910000,723
terra1mdj8qzgnh4r7474cevknz04c6hu6yy4hkvwthv,loop-ust,45056816,44056000,1000816
terra1px3lk56fq3jamj6p6rw6yhkfljf7dgzrh2nnud,mine-ust,24631088474,24631088000,474
terra14a9228nh9k2c043ym7xtupj2avz3e6jgy6k0kv,loop-ust,30206545,30206000,545
terra18wqc0n60slndkjnrv6zq2t3y377ggac8ncykmv,loop-ust,167341882,167341000,882
terra1hjw6ppau5dkxhmlq76phycz8p77thq63zujmtu,loop-ust,1650108,1650000,108
terra1f00a3g2m3svah7u84wpytpa9gwklr55vmhxada,loop-ust,34777425,34777000,425
terra1fgsqwev0wkkef22680lphwh37rvgd8f5hrje05,spec-ust,504143651,504143000,651
terra1vl995t88n72wek50gvetrj3wux2cxqzwpw70yq,loop-loopr,576078321,576078000,321
terra1ewjuhz8c0a285frxf034qcmljlam9eg7s9q9g4,anc-ust,56409460,56409000,460
terra1qpt55gnf2tljwpx93q4gmxl92qu04thphv7fcc,loop-ust,235958584,235958000,584
terra1akzl5f2y5kz5qmrwx82dpy6rsemw7es92xev7k,loop-ust,1485700910,1485700000,910
terra14y49vlhu7qf374523qykatpeeqxzmjy2256v26,loop-ust,44384273,44384000,273
terra1qg5rh20s49v6d7sj6gaejusfk48fy96kdzmfqz,loop-ust,1049507209,1049507000,209
terra1ppplan36m5g0fqaqa0we0720suxpr4qqm33gzv,mine-ust,395932341,395932000,341
terra1ccjzv80m6vdpvu2krxg8ck28dngwp0s8d9fln6,loop-ust,145576348,64923000,80653348
terra1kskx3u70wwftt7hxsa286yakvtewhtenau6rq7,loopr-ust,347446599,347446000,599
terra1ymwgg5ryqtll32t3rp0wunwqh7yfr57xr8gq3p,mir-ust,48069690,48069000,690
terra1f3nklzvv6c0pcdvhsv9lry7hl8lu2u4acs0yth,loop-loopr,758123083,758123000,83
terra1ftu6xj3tpuykg7vhkdr38dezkdmcq37zyf6uwp,loop-ust,8984520,8984000,520
terra1dg66744llzxj66kns76usk6wtg2y27wy20nu9f,loop-mine,178106774,178106000,774
terra10vth5p576a0gk0js2ufmzyf6daafg0fa5al595,loop-ust,3200610,3200000,610
terra1yx045lgnf0296lzh532sxzy5wq4d0l8jlmwkpp,loop-ust,96033773,96033000,773
terra1cmpj8m8wrma84w5s7tvlxmhmmwd4gsdlv3q3ta,loop-ust,1376218360,1376218000,360
terra1l5edg4jy4q6837luq4v3fefpgem5wgnjp7hn0m,loop-ust,5610471,5610000,471
terra1g698f7g36hy794cmnlu5yj9kj4ef2xx2x4kjx6,loop-ust,76251415,76251000,415
terra1uk8nxyx0rr3myt5j4fkr88g7z054a92sljqp8y,loop-mine,4855055,4855000,55
terra1mjt40uhn4ryz5c63ttdeap0v0u6c85u6yjx7xu,loop-ust,42726265,42726000,265
terra1djwnx2wmtn3d5tjvh9eq9xvfmy6a7s8j0ppqaq,loop-ust,815073,815000,73
terra1xdyqyl32csv0pxcy3z8fqjvaw857a05lmwfpcy,loop-loopr,1610703362,1610703000,362
terra1gy6ng7zeknz9cs5sv45vgnl70aqnw6d3xcuyz6,loop-ust,19629458,19629000,458
terra1hhchj94dzn3yaxmvk4atd3rnfycly3cswwa4nu,mine-ust,2324667001,2324667000,1
terra19lqukep4tv9jhwr4y2culwm7llljg2hfh3mt9g,loop-ust,28800232,28800000,232
terra1t5fvzdkv3jve5s3ueh9usd30xmsd7jca6ewlls,dph-ust,147511465,147511000,465
terra1q7hqh8ehkl448jnjp7cpdadv5gvawcn5ml8vyl,loopr-ust,16613710,16613000,710
terra16vkwszhw877vz0lc2glyx56hs4r0sy7v3h2plt,loop-ust,4955756703,4955756000,703
terra103qss8c0vel5qw9zynmjvrr6d62j44w492ez74,loopr-ust,657212411,657212000,411
terra1lyu5nyhge5ys8mhx23he2z0avzg8szl2juc3v0,loop-ust,4970525,4970000,525
terra1fmudl4fx32fs0anz3qrra7966nq6dpuajeler8,loopr-ust,130807613,130807000,613
terra15cc0uxfzjk6lcrfqakawmyzafsx8n8z0swsfmx,loop-ust,18471593,18471000,593
terra16zvh5chj8kwztct2x5lgzv77q53jl7laz239gs,mine-ust,140352545,140352000,545
terra1as52tsm6jkw3y0km4lczrp2pmd8jk8gsmu85ks,luna-ust,4066624,4066000,624
terra1s8nqwmwmqy3zmpqqnyz4xf3v26g9hn022eecea,loop-ust,804742655,804742000,655
terra18cswg5dxjkhused95fw6mlqwvzvlf4rz42vmya,anc-ust,1989200458,1989200000,458
terra12zm2pegllawynp2n3m773cl6gka4ezrhpjdung,loop-ust,54332886,54332000,886
terra173xd2r48lqh0h9hgk7gwrfgjezta3c9774mxgr,loop-ust,22219441,22219000,441
terra1l6le2p4ut8kyc2qcaua36avq29zgyfd7wda7hd,anc-ust,8740541529,8740541000,529
terra193faqfnlwy392exvwyuppgmr6cwt8q2vmg59fa,stt-ust,136591052,136591000,52
terra1l0a9tenqfmf388w5s72lfvm4xnz4wkexltyywv,loop-ust,191334167,191334000,167
terra1hnx4lekwr2rjunden0mfn7yraprsuvqsuhvhc4,aust-ust,8935101181,8935101000,181
terra1ufz7cr47d38jhw2wuzjyc8xwdpf4dx4luzww2w,luna-aust,11650433,11650000,433
terra1zmd9aznfjlxgxetshky3jffa7yj9j4kqm0634h,loop-luna,263327531,263327000,531
terra1d7sz9wfce04w7e4876f3wqd7dykfsjaqxjj6ee,loop-loopr,335688864,335688000,864
terra1z7sa6g7fjgk4znl00hj5v24rpaudrnwgplqech,luna-ust,19704920,19704000,920
terra1wnyd54qkw0wcs28h5wc008p92rug0shev7f3h4,loop-ust,43772748,955000,42817748
terra1zyjgpw4e604dahukls8q8qjvrzgl2uuvdmwqga,loop-loopr,660183409,659000000,1183409
terra1ug9lyk4evpvhx30ngxq8k00w9gpuln066wqv29,bluna-luna,12992599,12992000,599
terra1f3tcvc6n76f7zx5cdqr9dgcd6kw3td9ecdgjkk,aust-ust,89622071,89622000,71
terra18th94dgvvw65gyv7s9hlwfrgnr33tem50dx092,loop-ust,89262969,89262000,969
terra1y7q68hpw3ndkpalvec7ckcjeq7clj3m20jpg9w,loop-ust,302044600,302044000,600
terra1h3xrm2mlegw9xv39ch4yuhe2f3fkewavacupax,loop-ust,3033298,3033000,298
terra1swql6le4nw0geasnypv4lwelkfx6h5hwwfl8px,loop-ust,1042181860,1042181000,860
terra1p0jr6jjt4hn9pyr9mj82pkhtt05uj0y5up62zj,mir-ust,2319305191,2319305000,191
terra1a8cz2wf47n2s5k0sc963ewgwz3y677h96enf3x,bluna-luna,3010510,3010000,510
terra1srastfsghnlvfvljm76qhws4mh64x4vtjzumw4,loop-loopr,2140072077,2140072000,77
terra1jt7vhm29j0xq4g509ymq9m28dechsaqdzx7t8p,loop-loopr,181987738462,181987738000,462
terra1lyqh3tumum237j2yusan42c6j7xd4grtggaylp,loop-ust,3267819028,3267819000,28
terra1q3jra9ux89uf5fa9k2y7ffhyznd337qvnu7lqc,loopr-ust,73773927,73773000,927
terra1847mdzynlzcj0qq30al6fl4fyu5mke0946w7m7,loop-ust,36316028,36316000,28
terra17vxwt4ycl6k4cm5uqlfp6a0fd5jqjasy6z8rag,loopr-ust,53162999,53162000,999
terra1aw7w7thc0mvwx3m5cd8n3h8laaff7mys8uv7zq,loop-ust,5015665,5015000,665
terra1agwsardw8amsjhgj8mp6czclp8c39hq29fyq4f,loop-loopr,4124793603,2070980000,2053813603
terra1ldxxlmfzjge0kuhnsz5yuqj4syqwugcjk53888,loop-ust,4638597,4638000,597
terra1qprltcy5w3jdg9caql609gvlz9wue0g99zzn84,loop-ust,46520714,46520000,714
terra1ryxde766xx354060nuj8ulpvpyxh930zj0ahkv,stt-ust,500111899,500111000,899
terra1jdr2p67x2t7agkes28588232qc8xcdx4lnj4ut,loop-ust,2695064,2695000,64
terra1cygvjlqtm8ha55fauvedvjlva9vuxrw3uuj30c,aust-ust,2788472643,2788472000,643
terra1apqvp25rmv3q8kq860mqrmpk5nc2c2fhgkf0zk,loop-ust,11126248,11126000,248
terra1ep6hr3gr0vhnwrfc7enung45rzt60czsywqws4,loop-ust,42814451,42814000,451
terra1p659ck506wzy5feqpxwfsg9q97a3lkvnn8z8tw,loop-ust,294250239,294250000,239
terra15wya9ljpjlvqk4c6q43qv4mjcdcvfswx3g84m4,loop-ust,104899505,104899000,505
terra1mlqgtsnyyaazcmvplzqwm7clwxx2mwegg7qpy2,loop-mine,263737923,263737000,923
terra17h2e899ldvdmqdhljjeq5ym5rq6tukztpw0arf,loop-ust,13078117,13078000,117
terra1yec5587jv98m7c4xlcem78h5dynx876yue3k4n,aust-ust,8971362507,6279370000,2691992507
terra1klxazgs7kmvsu8l0qzqzh9fhpfcqh9u34fmaqx,loop-lota,5602033975,5602033000,975
terra1u7r6yu9aysrsq2qhmc6pqw2knf2l89ykcef3v2,loop-ust,255076222,255076000,222
terra1jzesyujw7rhru340vmvvyhkw5updu3eaz5ndud,loop-ust,3042553,3042000,553
terra1nnyg82fu069c4zzlw4vxzm3fgeng0qsg8wqvf0,anc-ust,903484394,903484000,394
terra1jxq0n7v0f3umdw4ztln83rsrr3msu8vyt6u3lv,loopr-ust,134068490,134068000,490
terra1zdx53y6cqpcek5tx6c39p8kugkscfeha2l4x7c,loop-ust,2950157,2950000,157
terra145sujdxd3nqadzfmmnkc9xzp9tsw6qhzlr9yj7,loop-ust,715465328,715465000,328
terra1nffeln993j6lyzzwnzmxxuxav893aldngfp6v5,loopr-ust,8332789606,8332789000,606
terra13r2fy0hfs44xyhfn7yy2fmwwd3uq93l6t8t3d7,loop-ust,5789527408,5789527000,408
terra1796gs2upzvj426mm9dcfayk8ze74pr764kdjmd,spec-ust,21456575,21456000,575
terra1z8awg5s06shghc255d0p9a5adefxzdgx08wz0l,loop-luna,71887971,71887000,971
terra1j0sg0jtantq5d2hxu0zncageqv2tdd5z7a578n,loop-ust,155517628,155517000,628
terra10mx52q9ugplaq03xhvk5gyjndutzqjkdgpgr68,luna-ust,804001169,804001000,169
terra1q3dh7falsh2v4l0v4h736uzq5cgladww808sw4,loop-loopr,2084495838,2084400000,95838
terra15nxamujzqarkz9sz3g9yf3m24f0lwf897gs84p,loop-ust,587737659,587737000,659
terra19hjmw0j22wgx3f3dksp84ae87lfa4fju79mtsy,loop-ust,54503244,54503000,244
terra13y3vvavf445dmunx22gyrm5mafycm6jkv8t3xy,loop-ust,87871366,87871000,366
terra1vunskf5a2cmk3ewxahjuh5m248yyhhk5njnvda,loop-ust,2751327,2751000,327
terra1nnd7cfew229aquqvt8gpnhsxjzc2j22t3htjkn,loop-loopr,2096709858,2096709000,858
terra164ztew78ed4lcl9cdp86atchm9rfvdpg4c8cm4,loop-ust,4320467,4320000,467
terra17fv9p6hsfa8r7dkjjqxhe4nwr7js8rce6nqm60,bluna-luna,1124986,1124000,986
terra1wll9sf77qlyjcdlhu330cwjm8a6fxn3jjldg86,stt-ust,7575272,7575000,272
terra14xlnftshfhk6srz64gw5236562vyzc3cxzdgma,loop-ust,9022369,9022000,369
terra1q02t6x062xkm6e0e0m7kddntfdfplcryq4uw0j,anc-ust,20105459802,20105459000,802
terra180cx8j4uvgp36sy36qzg3v2ke7j8uaepzdyp8v,loop-loopr,11952912376,11952912000,376
terra1a4vrfcwugne292qfv53m87z90swauwn2t4jdrt,loop-ust,3903841,3903000,841
terra16597s2a7jhx9sfsq06nx2d9tayay2qw3epn908,loop-ust,121149408,121149000,408
terra1kwdt38qcemn9p75w7hyx0wk0weq3jqrugds8eu,loop-mir,18375422,18375000,422
terra16yvhwhqmcn5extu8v6364d8e0xlf20nskgxek0,loop-ust,53227869,53227000,869
terra14unzhtjmza548npy08djdc77ymr8r09a2mr4d8,loop-ust,5513802326,5513802000,326
terra136gm0n08wxuyg0y0kc4n6dyym24an58a22lwlj,loop-ust,93699783,93699000,783
terra15fgzugd658k8r9hls3w33mylkvxwmcf2kff47y,stt-ust,27757213,27757000,213
terra1c6ehtcq7kw7xpt5qv4wje0vwk6scj8350stdn2,loop-aust,1550289044,1550289000,44
terra1ahxy5twlu4scs554sl8772at3jtqpdnxf6yee6,aust-ust,89560733,89560000,733
terra17n5szwtudnyctq0r03rqy6qav4rt3ptaxjetty,loop-ust,46507977,46507000,977
terra12xgs0cdh5jl3exc9jf6kcr3cdpgnpt7udh8tnv,loop-loopr,22103115267,9191391000,12911724267
terra1dq44nrcfuf52euk8zc8g85z7p99prhuqc9qe7a,loop-ust,740975967,119894000,621081967
terra15mvdx6ekh0gzfd43awa8xu493pgnczt76zlzse,loop-luna,62777375,62777000,375
terra1cg78a3gqp3ptmsqhnxuzeuxqj0t2xeu06kqyar,loop-ust,26295230,26295000,230
terra10gzrym7netezznha44ycvdhe4qg78v3gv73ym4,loop-loopr,649511252,649511000,252
terra1fzuuh4g0vhvks9ndj0xxzeck2zdqnc838zcm9t,luna-ust,17789483,17789000,483
terra16qlwc5pdz4pxfcmkuxmc9uthfan4rn9v3aumm8,loopr-ust,48011217,48011000,217
terra1s2ymz3n9e8w279r4ym95pv8uzn6avrw8hzcdwe,loop-ust,15729662,15729000,662
terra1ajh7cmcy54nqngnegrlk8pg8z30yu2uh6v3s84,loop-ust,208268658,208268000,658
terra1rlepe77jvpssz8wrtvcqfsc97wzdph49u6mjj3,loop-ust,17271533,17271000,533
terra15utd285fvtdeugpafuvspwf2pc7r0q22mr7v4w,loop-ust,18316691,18316000,691
terra1zuls9nn9dcuhmj6shz955aavzqv79qs9jrl25f,loop-ust,230711035,230711000,35
terra14adge4r5tvuvqjuvd66kgupmee8l39wnna2lg3,loop-ust,72652620,72652000,620
terra1ufxzhmrne8f3smyun9y7sxxxflrqylaxwxymj7,loop-ust,3194588,3194000,588
terra1snrpcavtmqfcgzazvdrehnw5tmxsar0nsjjt2l,loopr-ust,5154516643,5154516000,643
terra186xvlatl4q6lfcm2umxzav9l3uz2lw6vs4k7ly,anc-ust,40397227,40397000,227
terra1nffeln993j6lyzzwnzmxxuxav893aldngfp6v5,dph-ust,665740588,665740000,588
terra1v44w4p5j5gf9lj7ta7nng2unwf3dglj72cka44,loop-ust,100663879,100663000,879
terra1j3q95uthdhq4zd5ma2t255l0pc66h46ggxprq5,anc-ust,5008969149,5008969000,149
terra1djmt8l0k5a5audmqdmhgzxca708nmzcpd80tas,loop-ust,6389950,6389000,950
terra1kpdv6cnyvfhrpmde6dtcu4j08m7waz4xsxc0gm,loopr-ust,8957061939,8957061000,939
terra15t55att38s852rhhpj4h05u5n4hqpwteq0ezxx,stt-ust,83772990,83772000,990
terra1wda7prarg6w93n2yjak78l783cjhds54ml0mpp,spec-ust,11466989418,11466989000,418
terra1krd5nu6x3qvz2ce8s4xa7nllgr970ln9upf24z,mine-ust,1972757535,1972757000,535
terra1tu0lx26n8vjkpfjrjdyktnvt3wqfdtup65lyj5,loop-loopr,39485646753,32953909000,6531737753
terra1e7549wlryjzn656kvmujhmzlxf5l0ag2dkw3pn,anc-ust,13818543,13818000,543
terra16r0n7d5zulg2yf7lpd8jxxgru7pe9x2hj64urg,luna-ust,369861225,120000000,249861225
terra1qrnwa552mzf5e4fxqh40x0v7yyzf3jx5jfp6qp,bluna-luna,2699949,2699000,949
terra10ummdvtmwt7clhvnp7lmag0zxdssrx6pht0dpg,luna-ust,84365100978,38809648000,45555452978
terra1xfsz20637lv3qn442mflag9zrs0ru8n4n3fz6x,loop-ust,45568755032,45568755000,32
terra129qw2wdq48kjrcja3ydj54j03dxfw8jpnmffku,loop-ust,10841505,10841000,505
terra10kedcyttxskycy77xr9legjq7yu7whs4f836ey,bluna-luna,995763859,995763000,859
terra13sa5zhy5w2upasszcx8hepy7g47f3p0vcy756c,loop-ust,2038677759,2038677000,759
terra1ucde9xfp3c762jav9vghtmv3ft0rafl3tl0rll,loop-luna,73429265,73429000,265
terra1fmudl4fx32fs0anz3qrra7966nq6dpuajeler8,aust-ust,768604258,768604000,258
terra1zkg2d56hr6ppg3jtzyx60zx7qwum4ajdgewzqx,loop-loopr,368199779,368199000,779
terra18982r05gp9h6rgkww9q56aptwne84ehyl8cl66,twd-ust,38795860,38795000,860
terra10jptmnqycfvpexq899cwp0wygugpqsy8p3yuhf,loopr-ust,41545023,41545000,23
terra16xy8t3g8j99r0kx2k8zznnvrw3pd6sgkqpnp68,loop-ust,9909489,9909000,489
terra15xlu4w4qsrytrdlp3g2v8vfxtl7vttcq5jykpw,loop-ust,29889332,29889000,332
terra18r5c4c6punnl6yvkgzwa9uz5cz482rhgeu64d0,loop-ust,478532581,478532000,581
terra18rcwga6h867kwwcas33ag0g0nqcvr80lpdn95y,loop-ust,87189861,87189000,861
terra1pxe9w2yytsg64qv47p2zexwn2598c0kw3y8dc7,loop-ust,45213924,45213000,924
terra1y97ftpsuj5w6ya09uhttn989fk9w78fqsp3nht,loop-ust,78176745,78176000,745
terra1qwyw5jdsa46nmsjgmmagfkldvcjj9nuvxq22gy,loop-lota,9307508,9307000,508
terra1zptgfexp9kquhhmu28ada89tzmn9hs900zejpn,loop-ust,82486582,82486000,582
terra12kgrndemhfhlp9d7ars5e2wdazwmku3s3jls3m,mine-ust,187922347,187922000,347
terra1vn04p4qpaj825yaw397d26qs2akhctgrzpvtnx,bluna-luna,2220236928,2220236000,928
terra1cgg2epkaw9pquwst43zlhqvrd2dmgnqvx5xaqv,anc-ust,863056028,426692000,436364028
terra1rccr67f2ahjg84jwdaeluyeyxj05enwkm5hzza,stt-ust,28629557,28629000,557
terra1e2r273rkxejvlceepuq7ngfa2j7d6ux8vf6pwv,loop-ust,1798022,1798000,22
terra1l88vfz3sqzdh7dgfm8v8hr5vlwqs45t4gaqt48,luna-ust,109020525,109020000,525
terra1uzmlhflc38t67fpwqgxt8tq6q5t2rm6hsfp45m,loop-ust,256977312,256977000,312
terra1a7rhn0xmpq7s2gy9huwj67tmpz6f5app2042de,spec-ust,144463341,144463000,341
terra1svg9mv5g7y08cglk5yzdwszzt6457mk2pup3vj,loop-ust,17207506,8872000,8335506
terra1yssg9kfkqegthcy0x9hw57vax7dxz3wg2nal8v,mine-ust,324225970,324225000,970
terra1uny3j2hzxtk5ggv3kle52vxag9m6m0r9rd6nsq,loop-ust,112768697,112768000,697
terra170e09edhu4gmyxxc799xjsexe25jjpj6zcdv0u,loop-aust,222674601,222674000,601
terra16lxze4xucs9a9l2v4acv6ttyrzzg03u7u0dfu0,loopr-ust,20462296,20462000,296
terra142hnt6w0marvwhqqtlpqqhjcpaz4aprqyluqqd,loopr-ust,539710011,533413000,6297011
terra1z0lz9wz7ucp9scawlp7pktvgyvj7emjzf9qeqc,loop-ust,5202497,5202000,497
terra185qnkyeka996le2h7ph80dsxjepeds2ygsvhkx,mine-ust,153986621,153986000,621
terra1wwm8msc3an7tqphcfwsc7ehafrpclv3xmxu6c8,loop-luna,6988093,6416000,572093
terra1l2ykp8a6mz02lq49k409l7pa26c97t9307al6w,loop-loopr,869755918,869755000,918
terra1837y6rzt5dwq38ekzf4gks2u390zm5rpnl4e94,anc-ust,40747380,40747000,380
terra18frmgphxnzadzf0ldq36p6k4z6tkhyqac07fsa,loop-ust,34077071,34077000,71
terra1m4hm5yxht692rju5ny3j68y94aw35zgaryh5lm,loop-ust,4451239,4451000,239
terra1qgfwlyvl4c4ds7yhprt6zd2vpjva4e0dgf760f,loop-luna,29254601,5000000,24254601
terra1snqrc8zd7eanl50spjefz3w4nmu2ywprhkfuw8,aust-ust,8942238110,8942238000,110
terra14fzl8p5pkpstjxp0aand725t5st2m6yr2hdv49,weweth-ust,49856614,49856000,614
terra1qxcurr8rdtv8cekq62gcax82nd07kcxwcn6nx9,loop-ust,1141417,1141000,417
terra13sg69gk8yzgt9cekd6unnpau0j7tsdy80cyga5,bluna-luna,3790318490,3790318000,490
terra1wdyr7zyf07stj2e0l29f0yl0n3kanurnzlnzc8,loop-mine,33408790,33408000,790
terra1zwau404yh47zfp9hptghv3hkqs92m5gyc99q75,loopr-ust,28669077,28669000,77
terra15723lce2fsakcavxg0vepdg826urtk8hqqmk2g,loop-ust,84941660,84941000,660
terra1u6pvryx9nqxjcr2snjvpys2yuv4n9a9qkgny0n,loop-mine,1302019463,1302019000,463
terra19aqa0ya2fx9s99ju007vgcec42t33h6xtm7nu5,loopr-ust,1549142681,1549142000,681
terra1hfac0v8jqjwq8y88xmvtzvl56wt5ngzytedqxx,loop-loopr,10268163257,10268163000,257
terra16y0zet0vu2weg0mjlhh2k39nqed8nskzh5k0jx,loop-anc,388417473,388417000,473
terra1kg0qy2kz88nwh2ev5cx4mt2mvqyljrxe5vvks9,loop-loopr,96670605,96670000,605
terra13prq88cwss3ve9pm2ja7590gmr7vm3lkvvsaz5,anc-ust,340944411,340944000,411
terra1ymjvk7htxuhlmxv280fskyelmt5xy978e6j75n,anc-ust,600504605,600504000,605
terra1psygp3vf85wl6p784h6ql6x5cwhny3pk2tlz3q,loop-ust,2137323,2137000,323
terra1697u6ewhnnx9x304xxgjzrkah7dzd8z2md2guy,anc-ust,686841427,686841000,427
terra19smpvlgluhfd4kqh40f6kpxhmh8fqj5pv4daun,aust-ust,8979964160,8979964000,160
terra1dny3k96zy3d2hham65y2ne4fvvc44k6hmr54me,mine-ust,250174947,250174000,947
terra1lltqp3czejmpp9mp4utrhz3rgrdyvxvxwst55n,loop-ust,18542436,18542000,436
terra1cn6kgzda7hmtx4v6syfuzr0dfr67seqx0mgxrk,loop-ust,105494050,105494000,50
terra139g70grtf9ek56mkptt5a8dsw0d9zw8m568nq7,loop-ust,76496252,76496000,252
terra108gy2rzhx27jj96argmgpesvlj9ur6k8akpdk6,loop-weweth,23884807,23884000,807
terra16vkly6fd7cqdp4n45nss0wc4des9p2g393d4c9,loop-ust,32149376,32149000,376
terra12jzvfwah50s99m9lrn0q5ecarpcdwlgvp9y6e2,dph-ust,1545311377,1545311000,377
terra1e5yzu9ql9fgr56hgs84zhr6vzz3eg8eh0rr0t9,loop-ust,103754338,103754000,338
terra1mqh0jpjn0s2ajjehaa3dsalskmd8ujs784t9vh,luna-ust,314226825,314226000,825
terra1z9ucgd0aex5kyejv2ghj4wugvzynnsvsqvv8mu,loop-ust,52207845,52207000,845
terra1fhcdy77xwmrsa84j0g9rzhsjuy6r9eceg20spq,loop-ust,13232191,13232000,191
terra16jwd49cjwv79shzvg7e7sknl4wj6telds9qsp2,loop-ust,485269624,485269000,624
terra1snqrc8zd7eanl50spjefz3w4nmu2ywprhkfuw8,bluna-luna,87237066,87237000,66
terra1qw83efmhmrnx8ufkv524rxxwcc8derfcuvrlnr,loop-ust,15945279,15945000,279
terra1gncqr4ukv8tw70vnzetqt4nj3pks9zx6xrtha8,loop-ust,838496331,838496000,331
terra1k4s0rkgqlsmk0kj7xfse0uuj0xn9tjnesua2uw,loop-ust,119620592,119620000,592
terra1f066c33xjezdqkl3xk7xmzk9aut4psshz52qk8,loopr-ust,10735040,10735000,40
terra1wl6yfcmqp9wht0n2zg65h7wnu8da2masexgp5f,loop-ust,26534246,26534000,246
terra15sy064cva7pjh6k66l5wwum5uwy27tyux8xjy9,loop-ust,389513687,389513000,687
terra147uxgtche0raru7dedst75a7lzx34ydqn5ayy3,loop-ust,606131773,606131000,773
terra19g2lm6crd5a8979e5uhyp0gq6slsfmjhu60xwd,loopr-ust,3821011332,3821011000,332
terra15kcdq7g63d8sa7g8049a3uhjzr40la2vzz8wdc,aust-ust,26859633583,26859633000,583
terra180yaxe9fq54x84smc5weku2qpcynvmuyq8af7k,luna-ust,4174637921,4174637000,921
terra1cu9lak8h4gxgxlxleejau6uvn4x7z9dw4845v9,loop-ust,8946525,8946000,525
terra1ej86fal969z433sfkdcruu68hndj7agpp27yyy,loop-mine,13551231680,13551231000,680
terra1wh2dcnhrpl5kzyxm7uxrgz6xpvacwugaseadr4,loop-ust,63281202,63281000,202
terra1df66pe3sf3wzsmzzs7hgckqr29d0t7fjkxxtgz,loop-ust,75766977,75766000,977
terra1trul2xrvkfe92d0t6x9edh58shky79zs8ud00z,luna-ust,23939356,23939000,356
terra1hz8fzj55qdpa7y3u5890pzf06ekml6xudjmela,loop-ust,50571376,50571000,376
terra1m2jpd52qv4rkqpl4e75rfxepg6yg3q6pgcsl6r,loop-luna,75645769,75645000,769
terra1kznyy6tta8ju607m9k464me4pyps6wc8emjak9,luna-ust,16570876,16570000,876
terra1w2twtwgq7lswg6y449fzduvsq3a4mycqp2a8pz,anc-ust,121101588,121101000,588
terra18gr4afkyfvf2npn9hy0n6j59tq4mkygv76wkqc,aust-ust,5626621495,5626621000,495
terra14ztd0vd5qm4kksscc9leuvgdr37yxd8t5q8l0w,loop-anc,49867242,49867000,242
terra10uhsqm56mrwhq77etakk2qpmvqnltdqwp0efkd,loop-loopr,14761380,14761000,380
terra1huzre40gzj7d3ut0jmgxy5q6frnwrzc467k5r6,stt-ust,60054209,60054000,209
terra1yxmz0r83s3xy9jn5ywx39xsxtm75esfx896lhr,twd-ust,1059158809,236515000,822643809
terra13jwan68xz8xh0w9aae2896x0g5755l4tj2d5fy,loop-ust,26687472,26687000,472
terra1qt5kdu7r0c3d79xcqs9dzrtkw5hyrlt0kpuw2d,loop-ust,49935212,49935000,212
terra1sr2etd7kmq75e2afv7akx4vppsl8rpxq65wjpc,loop-ust,37749228,37749000,228
terra1ymmwa5c7xzx5ak20ynwdahlzh29zqvw4k678c8,loop-ust,41373374,41373000,374
terra1ypg77s7anewjwn2xl8a4svdnnh7ns8l2rr7p9h,anc-ust,5614590,5614000,590
terra147yj20ke6k4y9xxwpglqarnwpzq58yfc8pt3j9,bluna-luna,2129952,2129000,952
terra1s82aumh2n00yx5nq7aknva3lcjnasvvz5rph3p,luna-ust,12405016063,12405016000,63
terra16surpeh00j9p6605tf3gec7su0h07ddp58hpsm,loop-ust,58712742,58712000,742
terra1qperxtwcu7r0sjnlfmt2hz5ehl5l72993ncvud,loop-ust,304911315,304911000,315
terra1znjasyuxkhh89wu6hc6xr0mgp5t8urzkef9z63,loop-ust,53552790,53552000,790
terra1q2mgssw75qm5z7hrkms3ln2anqpzrexcuz3m4d,luna-ust,7170408,7170000,408
terra1f95uxtkxeuagw8ktmmrss5kars56vee9qgruqm,loop-ust,63595932,63595000,932
terra1wm5lmzh6epgmcma4gwy403w2a0unwhxaccz825,loop-ust,113394326,113394000,326
terra14xkq4x0nyffelvts33cf4njngc808f56punzsm,loop-ust,24331283,24331000,283
terra1ej4a4luvd4q7mfnnt8zx399vew57ansdwvvpta,loop-loopr,21950674847,21950674000,847
terra1kderzscanmgqpkq9x4fx8g7v8vatzyzl4cg3lf,loop-ust,4021770908,4021770000,908
terra1a5a2an3uy82vvmew527ppgrm80qcwq0zj7f75k,loop-ust,59577220,59577000,220
terra1e5j3r4jq2hanqeveasp32ms6hnsa9t3zrclqxn,loop-loopr,406576949,406576000,949
terra133urd2hpwf974dd2m57snz5n88cqmcfy5djul0,loop-ust,91119392,91119000,392
terra1eqf03k0vq0w6ge3qupxekpdh6axdrhaq8257nl,loop-ust,358116353,358116000,353
terra1xkd77lukn95tggkrn8tkae9nnz5pp536kpltfx,loop-ust,1475524980,1475524000,980
terra1atulwu2nep5rvatty6vtgc43u7u429kjc2dudy,loop-ust,6422693,6422000,693
terra1k87kljlsnsrg4cxyxpuc877akekhpwce5fup8z,loop-ust,23549673,23549000,673
terra1nsnr6r9kjkmpqwcqsapxkp30t6cdk22fya67es,loop-ust,51772411,51772000,411
terra1pma48seaa447n6t90z7p6tk0wvcfrapufd497z,loop-ust,56908537,56908000,537
terra1u9rkr8m7sxvlwr54973d963yeptzd3pjw9z569,loop-ust,7958900,7958000,900
terra1sr2wpaf5ym3959rxrdctlhdz20clu3h9xm0gk2,loop-luna,37942376,37942000,376
terra1c59nz6zrw0898g9h9sv9rmugp47sgy2vses4hn,loop-loopr,26189634109,26189634000,109
terra1gkujlzytdnznmwfps2phyn0qghrhhvyfcupnkk,loop-loopr,329676466,329676000,466
terra15ksspkdvlgj456erap3ee84pv9u6nxx24pjs02,loop-ust,1391255,1391000,255
terra1lenemkp6zyvrtpy6f6d485kcvwpggxy2m29esh,loop-ust,20279720670,20279720000,670
terra1vh5ffu2p7mzywefq2nechackcj65xdhd4fnfch,loop-loopr,288667652,288667000,652
terra1xj2zfe2ytak953hwcs500gn3tx5suf3m9vehyl,loop-ust,12803276,12803000,276
terra1h9lugxqhl6d7kj626hjtgmwu8dyqpmf0ptqsq7,loop-aust,174283130,174283000,130
terra1kg6tga3tc8x6a07n0u9kwuype5vkpe264tjzcf,loop-ust,7967609,7967000,609
terra1uk8nxyx0rr3myt5j4fkr88g7z054a92sljqp8y,loop-mir,2003055,2003000,55
terra1mjk97et6us7xt8jgv4j3aa9v48yjuyazznpk3j,loop-ust,11043301,11043000,301
terra17xn23h9uqvwrh34xlllux8jzsggk905hyvs564,loop-loopr,26903987465,26903987000,465
terra1tgm4y2dyjz49g0uuddp43vk24gqzqylhc0gmrt,loop-ust,10955787,10955000,787
terra13z3g3hjhcjgpr0thqevll40tllha7342evprcc,loop-ust,28776703,28776000,703
terra1ly9n3f5d0dkudfvgg5gphpt5vmyschr4997n87,loop-ust,962114,962000,114
terra1meccm9grfrfl8v0ykhmgln9r5a7yepq08cs9ng,loop-ust,2911796,2911000,796
terra1ll5d0x5an8cp76cm9q3rqdg0l59aa3684upqpe,loop-ust,40824272,40824000,272
terra1ld9l0x5qy2q5fsglmr8rv3d3yakml9cpmn2tuw,loop-ust,14725021,14725000,21
terra13rtc0psw6dysq9g9n2fg422qp6qs6s80dkdnlz,loop-anc,873937703,436882000,437055703
terra1gmwhnncm32c0242esehqv05hfggjmv9ycnkvpm,loop-ust,1798076,1798000,76
terra1fr9v8gwr2hvn38q9uaaguwc7kduaywzwc7rv6n,loop-ust,5634938,5634000,938
terra168ax0mfz8l4gmzw4z503u4rympwgcfxlay5nf5,loop-weweth,20463530,20463000,530
terra1zzn4qk04zungs0qcgjgtf4tqduptq42ayrv4l7,loop-ust,3307233,3307000,233
terra1vnvpetucvvxdg9m72v5nkwl2kvekw3zjyh5jey,anc-ust,1487269553,1487269000,553
terra18ft2h8tvcshwp6r4srpwrg9mk988ct3jyya0nh,loopr-ust,2297250863,2297250000,863
terra1s0wz6wdy9zrfe9syamn90ewwmax4ue6tvtqv39,loop-ust,25685763,25685000,763
terra1qs39v7m5c4s3qr9azwnvkcp43psqzsgmsnxer7,anc-aust,57728260,57728000,260
terra1unhwt3e5vlk2ujs4awn8mukqqgfta9fz5kpr49,loop-ust,41713311,41713000,311
terra1x3jea99wc2gn573khp6mhwwj5759qgv3xxjca2,loopr-ust,591195291,363817000,227378291
terra1qg6gwjvmwcuw5wnwrc6j0ca8mh39z85xyxtq7j,loop-ust,3176014,3176000,14
terra13puknvanctaqngac2rqph8x8fhuclyh2pyt85p,loop-ust,41734408,41734000,408
terra1n297zlasmxsy3h38ndsnxuwgzxegl79mthfzr8,loopr-ust,646959057,646959000,57
terra109mjlzrgvtmllphfedm7v8wy7yvgr5e0zkukra,loop-anc,20971810,20971000,810
terra1ng7zrkusdflm4t2e4wjk6e68zdg6rgpe3dxgaa,loopr-ust,2129096711,2129096000,711
terra1zlhsuxdnd0y5q5mctvs3d5prqqkjyymltzd6nh,loop-ust,308588745,308588000,745
terra1ly6hp8squdyalrel5tntk0dccfzxupkdlcfrnv,mir-ust,39906524,39906000,524
terra1jk67g3uu6qdezth92fyhu8v8us7n2drc9lpf5p,loop-ust,10534619,10534000,619
terra1rm9crml9n58ex2eyuxx9wlnep8jgynnw38tptt,loop-luna,54774457,54774000,457
terra133usdwdke97dsfw9yxrwt46gj55306xlq8vd35,loop-ust,9807009,9807000,9
terra1hhchj94dzn3yaxmvk4atd3rnfycly3cswwa4nu,mir-ust,95896608,95896000,608
terra1w2wn4kh6eyzrz43hg74ru5pwyvcpg2m9rlhzkf,loop-ust,53160918,53160000,918
terra109hfs9nvq02f5ytzz7z7nmesneqlmprr2n03ky,loop-luna,24271443,24271000,443
terra17hyn20rajptyp3q32dp9mr06lrkjlvvapkzpht,loop-mir,64044712,64044000,712
terra1n6arhnuftul7ulu8df0vhl0wzhm3xamq5ck67d,loop-ust,36064940,36064000,940
terra1mg4m832rcht2f5tx05ngarr3p7jn0q507494qa,loop-ust,8007081,8007000,81
terra1pjpd9w8sxj04ctj3f5r9pk3m079crexll4pzxe,anc-ust,29174221018,29174221000,18
terra1jfwf8xyj02xdt4hkprdhpslmeec35un89klv86,stt-ust,232205216,232205000,216
terra17gayk7s4qftu74h732f87sus2s0ly73qphtj9x,loop-ust,4860641,4860000,641
terra14he0673r5w8ckz7jzwurfuqhrj8mgk554jdvf3,loop-ust,18475957,18475000,957
terra1g4umudtfs0e6yc4hkahyvh8r8js4rnfjpvgfdz,mine-ust,2942334183,2942334000,183
terra1n5k2ce4cf6xyt9vpqr30eshu47fz0yqaexcaz5,loopr-ust,22320135809,5992064000,16328071809
terra125qg459ntgnevpyxhutrzaddmdkatl2ts8sg6w,loop-ust,47094224,47094000,224
terra1x6clzdk3ygxf66tutaehppx0zcsj466p2wx0jc,loop-ust,169720196,169720000,196
terra1qydrjsrdr7gam5xw6n2pl7uswfq2truks88sr4,loop-ust,8328031,8328000,31
terra13yckq7dpynhyj6u6h6vw9xw34pvne529uf5drh,loop-loopr,1256013576361,1256013576000,361
terra1zn93x99rlmjzqttn0lm00psw20xzed5lhs6xzw,loop-ust,271445814,271445000,814
terra1sf3auveq322kr4lz74xknr0exzqjy6l3t65vff,loop-ust,4302976,4302000,976
terra1wxjm69rpzr0d5xhvnzwz32spdngcd48k3m8dpf,stt-ust,1753312234,1753312000,234
terra1ykp6aw9g40mrmm6ydk2xj6dp96f38kvcr4p9xh,loop-ust,139634881,139634000,881
terra18fnzchegr8lnt9ldt62qvm3p9mcaprqcampes5,aust-ust,498720720,498720000,720
terra1202mcgspp8fg65406yl44fpltmqllqes7rel3x,loop-mine,32647043,32647000,43
terra1xn54x6aamhvcekz8kphfcgtuw94qa7tzvyegll,loop-ust,45892814,45892000,814
terra1vmc9xpmlfqxdqyne0y9rr6r22lhpvyr26hnl89,spec-ust,368623252,368623000,252
terra19j33lxsfkc6dce235nf8gyeacm0y0ymh9tjcfe,loop-ust,16022542,16022000,542
terra1fkrm3u98rf2n0clnat8akhfdahjgz5uhypftdm,loop-ust,419240860,419240000,860
terra1g6evg97ujtppy29rswmnugl4495tkshjs29crr,loop-loopr,2148916881,2148916000,881
terra16nvsezdxavtyngugyxq793vzjfslwh92csvye9,loop-lota,1217910576,1217910000,576
terra1dvltwrt2kgh7tylsdhcdd0xwu8tzfsrq80fzw7,loop-loopr,17490709249,17490709000,249
terra1ra6pm7yy26mvjala2qt8hqmss75pmsyjae8808,loop-ust,117743520,117743000,520
terra1e5pkymea4jlcmnzvrycc97jfhdzcvpd3rl6k4t,loop-loopr,33078120721,33078120000,721
terra1n57tn23cja4yfmm2r9njgaukprjptrvmnnckv9,mir-ust,188746831,188746000,831
terra12dtyaagyz84a53a7m2gm4azqx9y8csphm5tdgk,loop-ust,122839033,122839000,33
terra1ajf6qyexx84ql8gxl9q0slsck0ulqh8ufh2raw,loop-ust,9178268,9178000,268
terra1qxyglphvu98jzz2e906dkkwqg9z7n4gtufe4q9,loop-ust,10703664,10703000,664
terra10xx46ahg4av6dy65vncwpn7vsc6v2c6nswjauy,loop-mine,116117085917,116117085000,917
terra12u4m464cw34ntz7479yhd3kgtleg43l6ku0jnt,loop-ust,4834845735,4834845000,735
terra13ztk3e2ekespqc8nrjzdv5x0rrfjfhgnyce28x,loop-ust,10643600,10643000,600
terra1mza99d2mtvytmdhmp6vf2e8hjjqlnzq7rzkkf7,loop-ust,56835437,56835000,437
terra1rrc6pvjllzqgmgr7m43mwzarl5a6mszfvjnqeh,loop-ust,1888873,1888000,873
terra1yn229w82glec8a3jszrpq8r0y2j66cknqyjpx7,loop-loopr,3140070241,3140070000,241
terra16cr3pzuezz34u9awxruut43ycuys8qf0g6jfay,loop-ust,899509464,899509000,464
terra1d43eemlhe827mgql2zxm3hr0fhudfqgdsrkn9v,luna-ust,40095999,40095000,999
terra1m6vr8yeymhtcuxyw46gedfl6jq6jpp50yt4ltd,luna-ust,1518268,1518000,268
terra1zy72tgezq47zvqj63utj9v4znfhhtdqp0z68cr,loop-ust,1066629243,1066629000,243
terra19sdt9sxdu9jwd3pfankvtugn6vsjf6h03a0euj,loop-loopr,603178901,603178000,901
terra1669gafqx9wv0cjahdkyqz0ehh5793t4rxvnvw3,loop-ust,98430370,98430000,370
terra16rrp3sge6dhkteenjzqw3q66yxkcxe9ktz9zyq,loop-ust,115427923,115427000,923
terra13cke927wrpgv8s3gh9ws64g22k4fune4qmv4yw,loop-ust,9160697,9160000,697
terra1welzk9v3fhas7jeg8mxhmfe0musjazaazhrn7u,loopr-ust,1564183934,1564183000,934
terra1t6zxwg4j34jfnk3w3cswgdmadyu9ej53qxw3pf,bluna-luna,5741960,5741000,960
terra1p4hx6axdq70fe5hgpvxy9hgruptsmt2nqfk8h2,loop-ust,77928579,77928000,579
terra1slr5ay9uqjcwzvxysauzk323f9dsps4qjh0pm9,loop-ust,35739330,35739000,330
terra13xuxn4tzffxehvvvzg0d9xh555l4kfsz2y5ysr,luna-ust,910261,910000,261
terra1wcuyj4u332zjhkytzd0h9qkf2kycznmkg3a7dc,loop-ust,5300828,5300000,828
terra1fhnejs3uge2jxrplayrp4fxw7g58fzcqrzjl4t,loop-ust,84098466,84098000,466
terra107jxmhug4nlye7qxg8t3a3ltl6hy9upyf3pw8u,loop-ust,7980914,7980000,914
terra1xhapnxv3pzn48f3xyphwaex2a083hj46uptlj3,twd-ust,193194308,193194000,308
terra1uk40n7pcsmrdajcu538w5e46uetuza4n0mqsj2,twd-ust,33146302201,33146302000,201
terra1xfpcrxcc3k9revfypcq4nj5ewgzrtr42a6yrtl,mine-ust,4624548221,4624548000,221
terra1k3thx2nltk4rmq8r9jxnhtle046hy6rn6v8pxm,loop-loopr,2792242982,2792242000,982
terra19065ffxm9fxyc68mdfpnndqh8z6tp0xmaxvy5l,loopr-ust,1371220737,1371220000,737
terra1qx4dhkfg3hd5cjvxaa2ghpd4f9z4uua4kgryyc,loop-ust,3169965,3169000,965
terra1yn564u000scc6hdsa4ryf7ktnmgrca2kvaxaeq,loop-ust,3550827,3550000,827
terra12tdfllgj3jyk62l52reqy93vcdyv9062gpgmry,loop-loopr,2460765838,2460765000,838
terra1tzs3avwml7fprez9qse3exslcszju0v58kf74q,loop-ust,46103480,46103000,480
terra1h94sz84dp5g52mtxacf39fyk0xmw3v6dj3nmcg,stt-ust,230462105,230462000,105
terra1c84dvxruxrt659ct34zgce00t58pvu2k8udpd7,loop-ust,7995602,7995000,602
terra1nnl6twrefqtawjsszck9p84fwlj4e930wn54j7,bluna-luna,24593193,10080000,14513193
terra1pte6r7j7yppuk746kzjtm8va8zrlpp00rymuxw,loop-ust,24505574,24505000,574
terra1gfg5a4x4cthhu5mpvls0gdy25g242ulx8uyp2y,loop-ust,19362818,19362000,818
terra1nv4zxl07s5cnja3aljs5a5xgczwcyrygt56dm5,loop-anc,62818508,62818000,508
terra1luv47lksjyjxqesxej6av75mvrwzvxj5xluz5x,loop-anc,506091254,506091000,254
terra1yxp4uzclssj6yq97t3gg07m6vqham07h3zmuym,stt-ust,11629022,11629000,22
terra17slut2dn0qfq2cynmx6clcgtket9l9hw7kcd87,loop-ust,3529603,3529000,603
terra1kzdlnv5cpwzqdp9nn68yqmlkd7nwrs9r7ea6ap,loopr-ust,12873418,12873000,418
terra1h4sny52a25txvgdsj97nhlgx9ef9kct4myqlrd,loopr-ust,67934602,67934000,602
terra1y945wth8wmycp0ewl95cwdppcg648xgc5ls680,loop-ust,187065425,187065000,425
terra15ygxs0teqc9c60vxlrvvluupgdc3w036ptq73m,loop-ust,412245691,412245000,691
terra1gq95fz3g2vdfnps5gtgge65cf2p2swzp7fdwng,aust-ust,898538493,898538000,493
terra1y4xl692829cquwaje8qnhhchgrk4cmhvumlly2,loop-aust,3896331459,3896331000,459
terra1pwpfzhevdvlxpvgv94a2504v6yrvg0haynwcd4,loopr-ust,607206637,607206000,637
terra15k54wmu3dkhpv868l9uz8ad6qptpfgq9ljaplj,bluna-luna,68740716,68740000,716
terra1q58r90aarfm2eklwwmxx8tn27zdwu7puucp5wc,luna-aust,114007206,114007000,206
terra1svnk9gsvqtp3f29qr8wt8uxq88dpunh5an8qxa,loop-ust,8097590,8097000,590
terra1mjdgljedf34lp76hqysxm39t44tvpgyl3456e0,loop-ust,1549952216,268387000,1281565216
terra19thzrpf7suatpl7209gc6s7d37z8sxk2e5agm5,loop-ust,92166509,92166000,509
terra10flthq2uch7ycxstm63rnttt0hag8dkt8gmhrd,loop-ust,814810,814000,810
terra10euhlr8ud93vq90vkluuc3hnhtu2m9zyv2028w,loopr-ust,20980641,20980000,641
terra1qzauc8kq3vnzcygdahd92xartdguewy6y6nyx9,anc-ust,616298679,616298000,679
terra1lqnh5jws929rjcdzq4ngxw7edqyxze77zzwq94,loop-ust,3646780,3646000,780
terra1rafkp8kvlqsa8l47jjgxcj9vlvn4fq3yze8jc5,loop-ust,738419334,738419000,334
terra1n7ffve9tg3s4nl2dvvntvqfg0vq685hv4cxun2,loop-ust,135055227,135055000,227
terra1q4jhjhdkxr0hkkl00lrhwkplcdaf7ak4mu5wyj,loop-ust,85127837,85127000,837
terra1c42nxys3z6z6qy7tx4tezg7rednjhvegnev25r,loop-ust,1223551226,200000000,1023551226
terra1z2qs37k3xmp2e2jxs0k3skdhevwu4gn6nk2z6k,loopr-ust,105098016,105098000,16
terra1zwykhdw0jfu585vj60xh2l2g8w83p56x6jn02c,loop-ust,347144722,347144000,722
terra1fsawegja5434aql8sazytzvyf5dmryseup9mfn,mir-ust,56605757,56605000,757
terra1j4k777wjyjuq479jt32vfsqg74xf54kyusexhm,anc-ust,73502644,73502000,644
terra1sjeaj7yn7wvqne0a9y7rctvkrkznju2ekym05e,loop-ust,7613096,7613000,96
terra1tuhlnz5gvcstx6yl4eslqtnf0n84k2vnpme8fc,bluna-luna,746337865,746337000,865
terra1wvlz4xfdz6yzq39accyuxkel4qp30lf38lmfsm,aust-ust,2256940128,2256940000,128
terra1uyf3grwyguqg5nt66d0rpgh2tmfxff6gcejrpu,loop-loopr,418718938,418718000,938
terra1w3f6lexksrtg9cvh3lam4saatcqhc36cwgccly,bluna-luna,33205007,33205000,7
terra1k3jk9vghuz27kr3wm4vx97qkrpqfd8z2y4a2dx,loop-ust,1930798,1930000,798
terra1c2nm05k4fzrv0gjjf4nryzgsl8vh9juumecnh6,aust-ust,174979985,174979000,985
terra1t8l90s53em8w6j55kcpfjnfx9yxrkexf4j9zmp,loop-loopr,4193132036,4193132000,36
terra1t58pt7mgj30cgm682zn3s4rykvxa9p7t0jl0xm,mir-ust,231945596535,231945596000,535
terra1g0d02sedxf0mxaf6yut370jcxsk8ep3xezqt2x,mir-ust,30059052,30059000,52
terra150kjdufmnzttvtzlmcp8zp9fecmln2lmrndv77,loop-ust,26640322,26640000,322
terra15jjsuexa2zmvq0mdnqd6usgpkal544h7hdvuq9,loop-ust,228535589,228535000,589
terra14qxuwq6m46xrwkm97jh7ujpygye6209dlt27u2,loop-ust,115570435,115570000,435
terra15u5djldpjsnpcz45h73fv4s78euuedmecq4ua3,loop-ust,159507869,159507000,869
terra1xsu57yykrwksnkw0sa6sfyk3uaewyrrynqpynj,loop-ust,12851257,12851000,257
terra1f3cjztgw9zc52gcfd588cf5ddh7zxtugx8zk3a,anc-ust,65042476,65042000,476
terra1f7kkujqpjauhkv3yrna7zrvz8tk6d3dydw70tv,loop-mir,3873692661,3873692000,661
terra17z8cg2678wmw4zrcfa6cz5rc8vmf5uf4m4qhar,loop-loopr,42989680409,15277325000,27712355409
terra1luypck3s6c503az0era8j2c7e7q94ncc7ama75,loop-ust,4557730,4557000,730
terra1vtndqwr63yugu8wuyr0lr7wn7s7jzeuzj9fclf,loop-ust,16773834,16773000,834
terra1fysg8p67xyrm0wnw40hyelgm2h7x3c79e63dmt,luna-ust,542908362,542908000,362
terra190t00em9jkrazsp22kvhvp7kphtgdy9v2ck0ux,loop-mine,28963455,28963000,455
terra1huzre40gzj7d3ut0jmgxy5q6frnwrzc467k5r6,loop-ust,314925803,314925000,803
terra12fddjwg5f06mcaqjlpevg2ddxm3g9mnlcauw5c,anc-ust,3007869091,3007869000,91
terra1why3yjeda435s93amfv6xax8ukk4rq63ch9nc6,loop-ust,226206410,226206000,410
terra160lml094xruqkufvapdm6j3qph8ppkrjt2m4dd,lota-ust,1405073496,1405073000,496
terra1v0kzdnhjklgvl6jnk4yqcfh8998duzjpj70dvp,loop-ust,1027001,1027000,1
terra1rapu59acw73mxua5wac4jf979rr03m6fxfnwcw,aust-ust,556423920,556423000,920
terra1qxj4p4snsgk7d9ftctge4crutuavda5yp705s9,loop-mine,90873266,90873000,266
terra1nncm3fvyj7csaepk2h66rvm7343susn77563zq,anc-ust,2344940892,2344940000,892
terra1en8tff6peyqyasx7rkaqguqzx88tudf447vqhs,loop-ust,12386866,12386000,866
terra165mdm8dk2sqa3qmtt92cd8360jcdek59pmw8ea,spec-ust,10576371716,10576371000,716
terra1zunxhrr0ayeeza8fmw9h4302utrc92nrct5jwc,loop-ust,19842796,19842000,796
terra1x2zvfcnatv0ftum5qw7wtpkphgvj9symd53sr8,anc-ust,38287741,38287000,741
terra1933t2hj0eg32gram9k90zafwyhptdf3nn89d7m,loop-ust,54855219,54855000,219
terra1hzhc8lz0580hqtqqkw2dwgza682d9372k08wcw,loop-ust,1889811,1889000,811
terra1edzamq07p2gmrdhrgqzkg9gkhrtmj64w0dvla9,loop-ust,4619753,4619000,753
terra1s8rxde3s9wm4zne5zxcp90g7aqgw6rr780ap0k,loopr-ust,31430178,31430000,178
terra1sa5k8vqqtfp76wf0wqq5tkglfs84exeq42cc5h,loop-ust,17775698,17775000,698
terra1x0tn6xa4lrlasjg58hyukrya49e5s4r5zfa9x3,loop-ust,25711477,25711000,477
terra175u4p8es8a7ruppskzfp6e2qn5xatz42l8uy3y,loop-ust,15581107,15581000,107
terra15rd0z2f4hwyfxl50ekymxesjc72edtz2rgk64u,loop-ust,4981780,4981000,780
terra142gyal4vc8dq4kcry24szr70wff7rjkf9yrm59,loop-ust,7133169586,7133169000,586
terra1tk5ypet03ujm30dseyc95y60l25q60uf5l0awv,loop-ust,16804206,10000000,6804206
terra1hpwnr5mkp4987sld3c5zfna58mwkl88y0alstd,loopr-ust,18031575,18031000,575
terra133ex9yv9f3jsp87e9tt2t05qpt9ljawnfj8fqj,loop-ust,11324252,11324000,252
terra10e5p97u304ye5383xxs92fjn6tnukykh3r4wek,loopr-ust,47187120,47187000,120
terra10dqalzxm6u0skk5umcwahgy66x3qna2xcs96p6,dph-ust,62425752,62425000,752
terra173dfj83tzsdjfapqjj3jh44fzhqtwtzvhk7mcs,loop-ust,375546636,375546000,636
terra12xqfu4kqyjrv24u05hqee25p9n4c97wlwmgxx3,stt-ust,82328610,82328000,610
terra1jp84tesmu4gd0zvgkkxpzx6kherw6pmdhdd8vt,loop-ust,3388443,3388000,443
terra18f5ytl3ghlgve9k6nuj06lavun9mjd7kc8rxgg,loop-aust,78797986,78797000,986
terra15sxyjyzyz3k2gsyh8skp86lvtl7xj8fys5hrth,loop-ust,154904604,154904000,604
terra1j9fshpekmfe5jgfkx80c7fg0q63fgft55ux2p2,mine-ust,876902689,876902000,689
terra18wkfkrdvq05x7nz9v43s8j2uxhvcsfgkd2lqc2,loop-ust,47746185,47746000,185
terra1zw3uqgm9nht2t0w2jduarfjufa00dp68guflf2,loop-ust,30306765,30306000,765
terra197rhww530nnq3chzcxjj5f6cgdxjemwrqlxaeg,loop-ust,2398586,2398000,586
terra1r2t765mfvnxaxx46xcevk6my4vqqhdtpget6pe,loop-ust,49104395,25519000,23585395
terra1a042nj9dzq6d6yqtx0m303jqt0hyuqeddcenq8,loop-ust,41287752,41287000,752
terra1pwdhs9y7pug09v7xrllkqtdv05murqvr9kwg98,loopr-ust,12210534,12200000,10534
terra1e72kvfhcqjx7wzek6grnyz5kxf0gswxeylapfu,loop-loopr,1037825818,1037825000,818
terra1hm6slkk6g7ggs4fhawwzas7l6k8lg9nnad05v9,loop-ust,913025,913000,25
terra1f8st2el35qluyxh3jrmjr40k6q0rtz2zkwzkht,loop-ust,66579005,66579000,5
terra1y63yx5xr0r452d8zvdy2kxgda8tacueemt2mqu,loop-loopr,8605557800,8605557000,800
terra17l6wwu6xwqkedsl5h4dsmg2rl065260p28tjnn,loop-ust,169999662,169999000,662
terra1mr833sekteulwrr2q9yjhxpcy3jt94q4pllysz,loop-ust,26155138,26155000,138
terra1shp4l898m5h4fcxkcg253e5tveq9zt2zj9c8fc,loop-ust,34337186,34337000,186
terra1283rejgpjwulxd0mldthy0wg9d9m5ytg49rc6n,loop-ust,948490270,948490000,270
terra1z728u25eswchhxsd3kwepkpsjnn9ltg6a4jyq3,loop-ust,253792623,253792000,623
terra1k27rm95q9s0r47djhfccneyd7n7sqzthur8h4w,loop-ust,22304162,22304000,162
terra14dpaujqr9me05wls60p9hyd4d6xhywkzdty8rr,loop-ust,449232413,449232000,413
terra10gg33gswshvkyp099fmaw0an35h9uzq7jn9dzq,mine-ust,4097857392,4097857000,392
terra1lfame8kkefm54dzurzxg6nxrn4x52vx8k8hc64,loop-ust,13989453,13989000,453
terra1s8dem4rvqtah7tzhly5syj8w52405r9l6ypjv3,loop-loopr,1579158258,1579158000,258
terra1uhgmc5h6qh3ez2m9g9vcpasstq0klc20lnx9zy,loop-ust,4882167,4882000,167
terra1sezwf2u975uy8lyj7kspmfn53dl4e4pqpjeywj,loop-ust,43281698,43281000,698
terra1rc6vh28rw8ptwykkugul5dsz9jjdfrz58agqlw,anc-ust,6968137227,3242118000,3726019227
terra1qv5l3d0knw7tnz0dn968spy8sk65x52th4vnwk,anc-ust,72201275,72201000,275
terra1ca2c6z67j3q0k9v55tv8nqfhv25l82rgfv0ftz,loop-ust,51844610,51844000,610
terra1xggd4ktpvmsf0dpcxg8xllqe3phpuul7pczzzt,loop-ust,33796228,33796000,228
terra19p0vtpkjgxkm9yw63agmhzghnwq92t8k9kmspm,loop-ust,2110479223,2110479000,223
terra154nz9fxphm7zgd3psnf57vwfcfpp7rnv2l0l78,loop-ust,25898163,25898000,163
terra1msp7t830van3wgrtpyx8axxzjc0mgzgs5kqj3w,loop-ust,22616057,22616000,57
terra1g8kj4fcekeqlqfpsnaf7h4v7256jcfkp807vvc,spec-ust,12269886,12269000,886
terra16uzkah2d3qn625lpn34jx5j69048s2n5lmhp8d,loop-lota,16232285,16232000,285
terra1l9l6dhmc3fmxgv09yghcef0xagkzce9k0ymq3l,loop-ust,5001885,5001000,885
terra188d0r299cyxr9cuahjxrlppxzn44el0wp9yc37,loop-ust,34810550,34810000,550
terra1fkhxsdllqc57lh2lgtsr4x8h7srpe07cr305gw,loop-ust,9111669100,9111669000,100
terra1tyuv54yjqkldtf5gnz2qmfkv04wcd3ahgg5udr,loop-loopr,148251688,148251000,688
terra17074rvrnwag576rp0yy90ejmq0h9nzuh2s26tf,loop-ust,21689254,21689000,254
terra1u8pjy9rhfddnry3sje9mnakngmr0zxl5wgye8w,loop-ust,18056885,8872000,9184885
terra17xzntax7lvxj86krvlkeur9kamxdgqu2wjmnma,loop-ust,12156000,5311000,6845000
terra132klqrjk0mzg4f46j902ftehtnuqj5xt93rj3f,spec-ust,12849796,12849000,796
terra1lvz653gqw2y49jtsmt5va4xzjtwum7lc4ajzlj,anc-ust,231872816,231872000,816
terra1xmvmqzs0azn5ads4t2ywtmr6xw0e04jelaym92,loop-aust,1471728904,1471728000,904
terra14cykqqrzu435f7qjndhezcrpwn9nkvwc96s9pd,loop-ust,5015644,5015000,644
terra13tptqndvtg2sa4gakfqsgv9stwcyf9s804ytmq,loop-ust,43482652,43482000,652
terra1skh0ff0aqcc6azc0f8v0ncr7s94yjkc25gddd6,dph-ust,4656616787,4656616000,787
terra18cv502nukvzjhjn9epksv2zjxffeeps7mf35n3,loop-ust,356803600,356803000,600
terra1sv0a6mmlyjkvy9xsz0vnhsghs3ld7z6gmg0ljf,loop-luna,234476698,234476000,698
terra15hwld5yvqgavryasry8rrdq9ah34uyng9te5zg,loopr-ust,362543578,362000000,543578
terra1nve7zk2cxh07wu2sl3nj8wnfj6l5usvzgsy2xj,loop-loopr,7423014172,7423014000,172
terra13x7w4wafpkrepyt3w9due9ruhf4dvdrhlcdp8k,loop-anc,70420568,70420000,568
terra1qj28avhk4zj40ud0ve8080gplzpyj4xm5slurs,loop-ust,11333234,11333000,234
terra1xl0hxwnzzp6s7u7629zaavvhgeqrgzvc8k8krv,loop-ust,121077157,121077000,157
terra1vm8reg7gg5s2qngg3whx7taqhvjgshpa03ytjy,loop-ust,17844016,17844000,16
terra1tnz0g8p4r90q3u9qm2wkz5tw3jf2kmzs9u6e7s,mir-ust,126555410,126555000,410
terra12qjzqrv343uzkrszq42ac66360vrneyp83lldn,loop-ust,27458850,27458000,850
terra1fqsz6ahju742z92aqx585z65ndd6r6y7mksg76,loop-ust,21517579,21517000,579
terra1vcpqgnah4tkgrunxf7qp26dq6hn9s0970jnq6n,loop-ust,760824909,760824000,909
terra1zexq89cv8gxursusa82uy2x2kdf2zaztf9udyt,mine-ust,42009286,42009000,286
terra10xx46ahg4av6dy65vncwpn7vsc6v2c6nswjauy,loop-anc,27364280757,27364280000,757
terra1jakdz8v0hweqvqkt9yf88yyvzw4qd6y596s6gn,loop-aust,446962691,446962000,691
terra13ftjkad09mdxff40pnkp7nmcglmzkcx79nj9ee,loop-loopr,801049433,801049000,433
terra18vgkelcvp8a9z5g37r9enqh2q2fgsdqwsmvk5j,anc-ust,730548460,730548000,460
terra1vw668vuta6t6dnjspe396kf884xpgvdh6k6jkt,loop-aust,9236221902,9236221000,902
terra10r0mnapkjycw65jg99aejx4kd6w2mu2sakdszm,loop-ust,32885199,32885000,199
terra12kcxk8g7wda3y0sae8r49jvf4kpemjr5aq22vh,loop-ust,145023275,145023000,275
terra134yyh2ledl3vt827a6ccc7eqy8g9p0752783rz,mine-ust,8580009,8580000,9
terra10gzms3pr092w9xplceqjj7lgrmz0phf9u9rgvg,mir-ust,15715264,15715000,264
terra1afwdgfe7lhvetyasqg2w24nj9utl597frqm6xq,loop-ust,1233983,1233000,983
terra1gcurl9w7ze0f58u4eq2v4mty9hh9djq357jlzr,loopr-ust,174968398,174968000,398
terra1r4874wwzhelka3ekvgc9cve0mhw7c5kx8a482r,loop-ust,496238501,496238000,501
terra13g6cun82nrrfqwln4aewz37prc7hykakuk07gp,loop-ust,292230611,292230000,611
terra1vedwt7ewq48vy5s8d0e78fkrvy04we7p807jdk,bluna-luna,1000694,1000000,694
terra1cmdn6r6qmjfuz6sy7w4y9tatg5msmfsnv4cwpd,loop-loopr,36953616,36953000,616
terra1p0jr6jjt4hn9pyr9mj82pkhtt05uj0y5up62zj,twd-ust,120065942,120065000,942
terra1w0vt7s0lc2x2vnag6egy8v4z7p9r6uzsrnnwzv,loop-ust,37559999,14183000,23376999
terra1uj8lprc59a97q7veftcacw3u0kxxuhew7zlylz,loopr-ust,2104917043,2104917000,43
terra136ds5r4evsff95l5zne7tzhtgzrxk5q9s0qswk,loop-loopr,1481542906,1481542000,906
terra1e77pat7a4hme4xkj58v9vhex72crsg8kp2dlwz,loop-ust,47751204,47751000,204
terra1ggu7kunqecncuwmv82xtq0t4e7t44we5getgqf,loopr-ust,81189810,22673000,58516810
terra125jv35fkl7tuc8hfck6c7zfjss9uu7dqxyw9lc,loopr-ust,128739746,104911000,23828746
terra1pysmrycyx3nud976sdcmyx04hgx4ck4nct4n58,loop-anc,13103651,13103000,651
terra1leasxjxs7vnfjy4n05r2n9gl7aqj0xp7smsksm,mir-ust,701984558,701984000,558
terra1l4d7mr657jr2ccm96yzq9fumcx3sxfeqqajgc2,loop-loopr,8669177718,8669177000,718
terra1t6h4dey7kq27cnmaphfw4dzvylvxsua5mmk8ya,aust-ust,828620927,828620000,927
terra1lxf0m633ktxnfwwszwuwpjc0jnzw0hz2dzks2z,loop-ust,12830866,12830000,866
terra1hsuxrf0efgx2rqe5f3enqshz0hdn5e36l4zz8m,loop-ust,4663061,4663000,61
terra16wpzuq24sr5lzshuzeehsrxfr6mcugrm9clw0v,loop-ust,29015974,29015000,974
terra1hm8du5uj0wm6j0erh3ff45un5yu5d6pcmzdt0t,spec-ust,10173925,10173000,925
terra12dtyaagyz84a53a7m2gm4azqx9y8csphm5tdgk,loop-halo,33904716217,33904716000,217
terra1g3760qafun044t5ezew74lltmeq60xq5wwsjtm,loop-ust,58063578,58063000,578
terra1tvd8grhzkptnyf48smx5rtt0prkk9pzzerppxr,loopr-ust,718028056,718028000,56
terra12r6hsn9fa5x9zzx3quw5zvlqt3kqenj9907lkz,mir-ust,2870953876,1417447000,1453506876
terra1a2cgz7ef5tstta5z8cwvx8wuj40ywewvaehgas,loop-wewbtc,5062403,5062000,403
terra1nl9hh6gv8x25g5w2fg2hexhml9lzhpez25adw9,loop-ust,187037200,187037000,200
terra19zm4n59hkym6yzw32t06a0r7wfn88shr2ppdxe,mine-ust,7099061212,7099061000,212
terra1j5mehcx8d9r0j5kygygrgk38d75ngvlpe72khp,loop-ust,82483039,82483000,39
terra1uwnulcxglenrmv485fcxwdcf6udxefh6k0qcvm,loop-ust,18464123,18464000,123
terra177943g9828alwqxayghj3vvwvqxpng7zf7tasj,loopr-ust,608091330,608091000,330
terra132ne94atf76hp4wv05mm3frjv4nnz070r4k9q7,loop-ust,1644730,1644000,730
terra1dc0dhenwygygxckjxxl6pl26a0ejzu5pv9fvga,bluna-luna,1107872865,555663000,552209865
terra1judveae3r3453rsg29etv6lsmfcqmjznne308d,loop-ust,17656853,17656000,853
terra1nalnku0878yay40r75xr603h6nv5vuml76ljs5,loop-ust,177432140,177432000,140
terra19ychy2wnujdzndfkmqrrexnnj4fqmhxf4mfe75,loop-ust,24552815,24552000,815
terra1669s3r39f99ulzsde45vq0heydezgnupjngkpe,alte-ust,2511374687,2377956000,133418687
terra1n2pcasa79ur80uq0xfzpfgrv48xm25knjylm0k,loop-ust,4183218,4183000,218
terra1czj5ds6hxuuwhqvelcgmztdytxnnmvvrfcphlr,anc-ust,2566754425,2566754000,425
terra1kwxk63tmqhfzqkjrwgaq9a4vc8lzm6quraupdx,loop-ust,29238141,29238000,141
terra1xp4aezz3445grj6c6aszag8urdzsdk6afj8yvp,loop-ust,1497340,1497000,340
terra1380v000rspymwm7wagsrwg6pnfvw3lvmjd89fj,loop-halo,650662767,650662000,767
terra1hz66vgu5u5lw7jh0xeqlx6qy9pmms9gx5jagqa,loop-ust,50005022,50005000,22
terra1t38zyday79cu9dch6emfslfrcedvcjfd8rzrke,anc-ust,143601575,143601000,575
terra1z7lucmrnvr0357zkvmkmcazngqggc0c8jvsem5,loop-lota,102760747,102760000,747
terra1dmdzm0guf6kq9tplffhs4yr98wur0arh4wckvu,loop-ust,253858994,253858000,994
terra1qvxl2cd525p0fz2583jw3w7sf25ger9efysymr,loop-ust,212989641,104904000,108085641
terra1lscqaze7qvx3gfesk99j8htvgqwg76c4765z29,loop-ust,14352288,14352000,288
terra1nda8ywweenv7jyrnme63u496q4gucuz5899lvd,loop-ust,135187408,135187000,408
terra1atp25xzhsaf4r4j6edrt3xk3qfmnav9zzyyl9c,loop-ust,889707859,889707000,859
terra13t68lsp7m3eeymdn8q4lgdrmdg9w8rn6ht6vt6,bluna-luna,132297517,66148000,66149517
terra1jk2pjujkjkglpwy7jxmx7un78jfcnrt69g65w9,loop-ust,13917702,13917000,702
terra1ug9lyk4evpvhx30ngxq8k00w9gpuln066wqv29,loop-ust,327200553,327200000,553
terra17vlmesrkmpfj8l2xxrr2w56ccmpxaehy5r45dy,loop-ust,201248985,201248000,985
terra1tsmgd99r52p99uy3uvzvf6j05sruxw7etqd7jg,stt-ust,104023900,104023000,900
terra188kcdgl9q8fghsqgu88tevs0h3mg3svdwqahwl,loop-mir,1621887744,1621887000,744
terra103vut6832lm7frwyuf8g0he20mv5v5r39t2glc,loop-ust,204571615,204571000,615
terra1lm0uxh28y4jmaf9d9nj2j8wgljrukhh3mq3sqf,anc-ust,63767794,63767000,794
terra1ennk3fxlnt7scwhyfjpceg0c6fupstnumtxz3f,loop-ust,26117247,26117000,247
terra18ak3xctgmg8ve8003wayh6hcc4xamzmhgzc7a3,loop-ust,51694022,51694000,22
terra1rugm39au7hw73wmpzmgn9zey2m0g40r0hp9qw4,loop-ust,48401088,48401000,88
terra1wjanyepm8p8mrsjj2y9wwxf5hdpqw4l5zzvx84,loop-ust,15690687,15690000,687
terra1yqrryr005tl3aadz0luzq082kp3sxe7nv9xlp4,loop-ust,107561689,107561000,689
terra1frhljzyjr7j38l82uyeazpzjj6zws64j24kwxu,loop-ust,107698123,107698000,123
terra1lltsa7kpsunqd5jagvaxnkj2geklk3mz6wp043,loop-ust,9211691,9211000,691
terra18demvrs4tpeg43dwaxn7gfq4cwlm2gm37r6pc7,loop-ust,353021674,160725000,192296674
terra1l0wzdtah3g72c8527mq2jqg67l355uk2y8pneq,loop-ust,50013544,50013000,544
terra1gpjl5mhe7k354hmrtlky0584780yne5ldy8spk,loop-ust,24519682,24519000,682
terra19xuhcnes7f5ujvsqqxth8k8lx0gr342mvj4xhf,loop-mir,39027006,39027000,6
terra1vammk0nszw8f0anf0vn4qs78wqg0dcf2cuswry,twd-ust,1450236,1450000,236
terra1mg8vkthgfya4zcl4m70fxqyzyjhxp23hse8vhg,luna-aust,114488538,114488000,538
terra1ulxs22fs3wldg69s4xjykrdn7wfj4gfw67safg,loop-loopr,89638387,89638000,387
terra1nahsv3vdfkdd5qjw89uwv20fvzzvvchs862sdk,anc-ust,122274993,122274000,993
terra1gkjzjsepl50js0qzmyeeskj9u45zqen6vzfv27,bluna-luna,120270548,60316000,59954548
terra1qh58ncetrcz72cq6phxka0qqlf6h8am6swwyg9,loopr-ust,130144686,130144000,686
terra1zlr8xu0z57dx4n8kxnf9ngfp36y3ktg0wm0d89,loop-loopr,8227966181,8227966000,181
terra13rfkvh5segsecvd9h2y0ry68scvjujphgh5drf,loop-ust,1861313684,1861313000,684
terra19mu2wuyavmzegks0qqw5u8z2ndyqf0gk72gzvs,loop-ust,259594242,259594000,242
terra1lu0cqzd8zzp3hfegduk2rclg7clery3qmjmtje,loop-ust,11042929,11042000,929
terra13892ljdnx4mn9xj6ug576mp8wy03vv2x0vdfda,loop-ust,54325178,54325000,178
terra1y945wth8wmycp0ewl95cwdppcg648xgc5ls680,loop-lota,32134093,32134000,93
terra1669s3r39f99ulzsde45vq0heydezgnupjngkpe,bluna-luna,32811785,15870000,16941785
terra1ddgex20jd69wchkh3g4c05uj8ydnc2aw7uptd3,loop-ust,254347723,254347000,723
terra1agwsardw8amsjhgj8mp6czclp8c39hq29fyq4f,loop-ust,65820123,65820000,123
terra126gf26pdlk5gp8qu27l3crsjhngaaa4vrjtvc2,loopr-ust,540158691,540158000,691
terra19wd29aerr6zz5tmy40qhqj7j75kjjf2hzfrn0j,loopr-ust,250741788,250741000,788
terra1xp2eynxtwh7hpuzptkycg6nh0lkn7n7x99xpce,loop-ust,29425104,29425000,104
terra17e2jpfevt4hkdlhpgrd6n3r2h4vjp2798l8cvu,loop-ust,3970153,3970000,153
terra1q2ln8ujhdx359wc7kapn8hqnew60udwxxplp9g,loop-ust,1145670346,1145670000,346
terra1gk2g94htu5j5ydx25lwuljtx7dpnqtf52p7trf,loopr-ust,32017467,32017000,467
terra1je3s743jlls0c0qgl0qyqvc7sklwfcvyc57geq,loop-loopr,4295657618,4295657000,618
terra1y4059q78s3ua85cje49stpyx5f7x574f4nrzgj,anc-ust,308326253,308326000,253
terra1d87643rly2v4v3g8lw6te29mhgjtt6rexdwq06,mir-ust,533841052,533841000,52
terra1rffgk2s3gwgjwu63y9jvkuu5mg2czvtwm9uy5y,twd-ust,59248180,59248000,180
terra1uny3j2hzxtk5ggv3kle52vxag9m6m0r9rd6nsq,anc-ust,8784361,8784000,361
terra129etxfnerdefcclwqw5kc02v8z0689hlt937ke,loop-ust,2194861368,2194861000,368
terra10jhal9rpn42nmfttc90zt8g979hzh2rfp5jyku,mine-ust,4646951777,4646951000,777
terra1rarc8le0ar3qhg6hnr64f2mf86gqmd9qheyhwg,loop-mine,38298852,38298000,852
terra1qg2a4uzntn0n6865ty3vzmkd27pdtjj2t96zlm,loop-ust,1563762663,1063762000,500000663
terra1jf3l8ecwexhvdmf7z3vp7674c6n44zutsv8pta,loop-ust,108011231,108011000,231
terra19d7szzurpz8zhguxgz56c2fgptewzgdp4yl6qv,loop-ust,515280535,515280000,535
terra1wax7nveeam7d6ujkv688mgf35vudwe7e3383je,mir-ust,2245509169,2245509000,169
terra1tclty2s7xz0k9q6u5q23ttshf9xf8yzcjwlgd5,loop-ust,1091300035,1091300000,35
terra1c8w7g2cmxr2ygvu3k843ys7cnhtnhu74g249r8,loop-ust,33302693,33300000,2693
terra1aqe68fnjfjw6y663tthasrsxp3smkn2r4frspu,loop-ust,14608766,14608000,766
terra1sr2wpaf5ym3959rxrdctlhdz20clu3h9xm0gk2,loopr-ust,219647691,219647000,691
terra18fn35evmq7hztle2kjtmuywjale8wej8e8zjfy,loop-ust,136571528,136571000,528
terra1grqz4epwzlh27ujvflwxghsn86nj43hchykv3j,loop-ust,2034916157,2034916000,157
terra1rgl8gnnlfztwum82sx2dwu4wsgquh30aflvprx,mine-ust,4338715282,4338715000,282
terra1q52hfajytumzy834fr9s9h6lmxnxhrwg5kj09s,anc-ust,4674800318,4674800000,318
terra1vhcqazm46hu5xrtz0gyqx670p54ds06keqz0jq,loop-ust,52624429,52624000,429
terra10k8p4c9pynxw8zck0fncfepueyyrn5fahf4aks,loopr-ust,1500740392,1500740000,392
terra1fdpqrrhmnd53yldyl6qs09kd2qgngffvmgecd7,loop-ust,43267105,43267000,105
terra1n0g8thdw0shqmh8mtyru4w5mn705j86pdj8gpf,loop-ust,8597516,8597000,516
terra1nwudag2rtyj9y5j3tydl0yhfyczjy77aq8pc5h,loop-ust,157622357,157622000,357
terra1tampldxkzfx4npea4fgvekhjtrrgw6epkus5wk,loop-ust,148620944,148620000,944
terra1l0w6037ur3e8wt7m9t5xfrewdyvpgexpdrlp2s,anc-ust,261975092,261975000,92
terra160lml094xruqkufvapdm6j3qph8ppkrjt2m4dd,bluna-luna,29274040,29274000,40
terra1h9lugxqhl6d7kj626hjtgmwu8dyqpmf0ptqsq7,loop-lota,85306047,85306000,47
terra1x9egcsttllv67sknqssc65fretr5wep7933ceh,loop-ust,8451922,8451000,922
terra1skh0ff0aqcc6azc0f8v0ncr7s94yjkc25gddd6,loop-halo,51507904450,51507904000,450
terra14783jqaapacrpsgjrvynnzhga66dkqndxv4u5z,aust-ust,8946698,8946000,698
terra1ts5nyt3rn9azmfgqjfp26lypgu2vv672f6f4um,loopr-ust,1757057060,936645000,820412060
terra1w3af7atwgr599vva3gkur9kl6gfysr5dg7ksss,aust-ust,18415010280,18415010000,280
terra1jynm95cs8jp2s3qgcpvf8774fpkvu5rqmky0xm,loop-ust,14742023,14742000,23
terra1dukrzwff63g34ujfnwhxce8m0n6m35fza7x0ku,loop-ust,387814751,387814000,751
terra1xzyt8409yz89zyh6kmwf0y857cs937hdr56exk,loop-ust,573418305,573418000,305
terra130fae7r6d8t3gnyqcvuupp838h5s5a68enclw9,loop-ust,97760100,97760000,100
terra1l3t9m5txtghuq3q72mmqf9lr0smavlkex02490,loop-ust,22721961,22721000,961
terra15kvg0pkqmyzqp0a69cujxp608k53g342gtgru0,aust-ust,9869151866,9869151000,866
terra1vuhzjhwqmps5uv3atmt6esm6p32ve264x44j5r,loop-lota,5600785,5600000,785
terra14k8ptr57maetu298485h6g5cs8akfkyryvptas,stt-ust,63562169,63562000,169
terra19f226eqjamn3pnmlyqgzn9kmuyq3240ktsmmwf,loop-ust,9130488,5675000,3455488
terra15ed8zw093yy7scs0x0zr5nxxp78e6lwks8v8e3,luna-ust,2514963,2514000,963
terra1rykvwqsphrmrs9xj72v7e8swvp839cdujxw4fm,loop-ust,211959467,211959000,467
terra155ngtxj7vephn2v45y9ms8znd43hs2hhxr9pfr,loop-ust,13893205,13893000,205
terra10f3f503vqd80rd2j0grczm25mdfe29k4ytw0y7,loop-ust,1775080,1775000,80
terra1pcrqwryp4cyf60q9s386wzstj20x0wq6r5n6dt,luna-ust,6666323200,6666323000,200
terra1aevpnfpk880uhsh6fkxf7amr2h2jvgfglfum7p,loop-ust,30460085,30460000,85
terra1ft7f2vgccxpnd3usq8xx8x4dvp49snm8kunsss,loop-ust,24540475,24540000,475
terra1dt7j5hkl58823wrduscwu65kvaf06ety3fj9jg,loop-ust,40441893,40441000,893
terra16vl3zd5sxjdqe0cwztym53dz84a8uzeazgvuqw,loop-loopr,25561766723,25561766000,723
terra1mghfncrl9pxw3c8mvphrafzg427xhu89nk5948,loop-loopr,834764330,238877000,595887330
terra1jxhc60qmar8mkvkw68xtuxg9ym7vwhdqmk834t,loop-ust,32641898645,32641898000,645
terra1w2uhn0u6amprwse4ek2dghwgvgaur39rgv05d4,luna-ust,1871624682,1871624000,682
terra1le3vv3wvgfhc43lq2nm3m5qzspc2pv4l4v2qlw,mine-ust,104131250,104131000,250
terra1efftza8hhf4rht6rkxljy3f7302c3t35mgsrzf,loop-ust,13200461,13200000,461
terra1clrqjdg7uzf92urmq5zyzdd86dj7nyqsqy0hp4,loop-ust,5001513,5001000,513
terra1sva0d0ndj6mzj9p0lqvfh7p2epn9zzehgwr480,loop-ust,8089395,8089000,395
terra1gux3r5kxtzsgpah8q36869l8w55tydfsm85z5l,loop-ust,5091087,5091000,87
terra1plpxxwqyvq2048x9xty3r5vu5dntv3yzcp7u05,loop-ust,8675431,8675000,431
terra1h8kx83dekahmq5vm3qm4nclws3zwkp6evkwuk5,loop-ust,14126856,14126000,856
terra1qa4rwmq7zefnrr3rd9j09k5wy0fclkw3ad0kxr,anc-ust,82820965,82820000,965
terra1k0rm4nxhzhsjrzm7etgllw8kjju9gaenk6zcnd,loop-loopr,15307745,15307000,745
terra1s6ax7v9h4ts7pszxpp7y5qre9w4lk5342z7szj,anc-ust,13303943,13303000,943
terra1dx8axzy6dac4ye89fdq983meue060080722e7t,anc-ust,1417613772,1417613000,772
terra1jrt6wdf2kuhh3zpytpas9hcust97kcwl9r4ewd,loopr-ust,201832549,201832000,549
terra1nmnkjtgsgy9ylwm9kaxftndge8lh74gzu289ct,loop-ust,193517019,169118000,24399019
terra1u8j37e8l82ucthx574njxmuyqane2y9h0ewwxf,loop-ust,28621878404,28621878000,404
terra17clg2um2xsgdzkpl2y35lced73h8fxm0t27tt3,loop-ust,24326207,24326000,207
terra1augd7px6uh0g496t00jj40j9usq9y8efr9c8uy,loop-ust,84039807,84039000,807
terra1glwtjqv2dlayj3rglxalp87umk0jtkurmpwncz,loop-ust,27745574,27745000,574
terra100ud8vyv22q5h66267vahv3p3jf37ck99tjtun,bluna-luna,2554745,2554000,745
terra1glygpwnu9zg80ag3h8rktp9pus75mt9va9eglc,anc-ust,13186992,13186000,992
terra1p3gt9ckxenuam99mf0ev632gupjjzh8pfxre3h,luna-ust,130424897,130424000,897
terra1lsuswjrprac9mk8uspjhy8w7ffezh3573xgl5j,mir-ust,681427989,681427000,989
terra1fgq56526ydag4n095xscppu87scgfqt6630eyj,loop-ust,14905852,14905000,852
terra1yzknh8zz3a2fx8ktx6kywvkezhl2j3grdl4fvj,aust-ust,879089892,879089000,892
terra1jf5qkt9mkh8e3m4zc0qj3nsv730fqlhdmeqygf,loop-ust,522493276,131141000,391352276
terra157zxzd8prswmv7eelcwdrf7p58uemns02rs86v,loop-ust,21669137,21669000,137
terra1e0f5z54xnl7drrhursp3nd80q5e7z4596dsn85,loop-ust,52530020,52530000,20
terra1vsm2ylq5nf9yky2yt5n7acgf729nlmdsun94ll,anc-ust,1638186219,5601000,1632585219
terra1m8e2svmxugq9asl3vu0m9tyfwnlqlxwsz64wkj,loop-ust,301488119,301488000,119
terra1wp3t0k3rn4aerlay6z68dxpr8qveac0qjntm8e,loop-ust,413340384,317534000,95806384
terra18xe29z2dqv4lxg2qz3sgw958s33q0phvfjnkk3,loop-ust,9762314,9762000,314
terra1ql098mmk6vz647dqt6adltlxnchmywrrxjax8m,loop-ust,34689912,34689000,912
terra1v2rkzl59zga0ep0heny7t3h2zc7vn3l8uvvz6m,aust-ust,96779241,96779000,241
terra1wvsugzhszkstexl0v6fv86c9ryjy8xm6u9t2fk,luna-ust,677070659,677070000,659
terra14jt4ypevm2jsg3l95z23yrrscc2jrkyw5scsr7,loop-ust,35562869,35562000,869
terra19640lamy2g3s5xxf06prjzc4ukspjrktlsrmh4,loop-ust,116483519,116483000,519
terra16cr3vvplvaqdyatef4dxnqxfuswyne3xgkfywk,loop-ust,8875479,8875000,479
terra19v9tgfhstlve50qymzyauygdtjawn59xsxml06,loop-ust,1092110822,1092110000,822
terra1ua26ulnunlcwh5tpgl9y3f8zkzvslkwxmg73t8,loop-ust,801569,801000,569
terra1yrptrytk432gj2ttyygf8a3nv4j3h8hskxk5t3,loop-ust,9507552,9507000,552
terra13x22k7lkskcaf8a0yqfx6890ywn6z5qqj68j8x,loop-ust,28295181,28295000,181
terra12q9hvg7vtskhucw4hl3uqkcu59c367e4fuerw0,loop-ust,25990442,25990000,442
terra1mnzz3vvsuqajkl20gv0ks2mv7202c0a0wqtleh,loop-ust,55008048,37860000,17148048
terra12lhp390e4n3ylwy52mwwvhaqef34udkd90uywq,loop-ust,4652759,4652000,759
terra10jhhrvj3a6zvkpc77kwf70xzxutjv24gp5tj6c,bluna-luna,8912194,8912000,194
terra1m4ps93zm7qg404w8ve659qglfgeja3kcmsjsvl,loop-ust,258722602,258722000,602
terra1cc04n48c869jes0n3kwhderk3m7khsyy395fh3,mine-ust,123210124,123210000,124
terra19r7hv2gm6wwtttxdfw3ec32e3vpsmmzln7s5wy,luna-ust,56676466,56676000,466
terra1hmujq3uctqhvpfnmjpxau5flzw7a7p3vf0y822,luna-aust,1577398928,1577398000,928
terra1eyjpjh58s8sq2qg6jagng0d6e2lypy5d7hc0cy,loop-ust,5228227,5228000,227
terra18w42aa8nyfmd7vpddua72sw3m87p9eahn0fm8p,anc-ust,116078965,116078000,965
terra1xy8jspzayhnu5kldnk0srt4uzvxwnxkty62x9u,loop-ust,247955186,247955000,186
terra1dar9amsye3qn70t88gp7mgvmh5ujnpvv7dnw4v,bluna-luna,10012590,10012000,590
terra1t5apfjqlwqtau48w44rnszjntcdy808mkympwt,mine-ust,1796735750,1796735000,750
terra1hgjfn4z9kzpxklrmakl3ca4udv99nzkmrvtlta,loopr-ust,18652707,18652000,707
terra1uk40n7pcsmrdajcu538w5e46uetuza4n0mqsj2,loop-ust,9591723312,9591723000,312
terra1nqm6mckgz85cmqw63cklr8tzz77xmks3jqhvtf,loop-anc,246231050,246231000,50
terra1q99eqdw6wy2mfszxapf3a32s8qf2x0ueh3mt2m,loop-mir,238558593,238558000,593
terra1z7eg7s2c3yceeqzzfu03utceq0hefxmldqznwl,loop-ust,4840823,4840000,823
terra1q32v9wvsqva9ut02ke2q0jljl50wywkacrtzal,anc-ust,101145557,101145000,557
terra12vd7avc58zgy6mf6vrzpp6thfa5sxrtd7dh2mn,loop-ust,5083506,5083000,506
terra1knf5wdvpnj9cnl0wkfqw7x3f5qs06sfykde443,loop-ust,9889457,9889000,457
terra1as9lglfmm4xqzu76xt2knj94lun0jya886xqnl,loop-ust,5736765,5736000,765
terra1r5v8h7upu4hx67d0w37ql7u30vy8tphp827rfa,anc-ust,31214330,31214000,330
terra1yrfux2jzyqf5uuf6j7k7rd5d82lnfhhf0dv3az,loop-lota,101406515,101406000,515
terra145cdsuf966jda9avsckugetvny3kdymt0f02l9,loop-ust,102618085,102618000,85
terra1f3syjwlqfnfur949tsz86dhtnkmpdduy565usc,mine-ust,44410316,44410000,316
terra1jjvpa8dtkeq67p2t9t6y0xmjk7gg687lc8cufc,loop-loopr,213354391,213354000,391
terra1fd62q8u2th93lggcx2dk7tqmhwdt2yc67czhe2,bluna-luna,9968470,9968000,470
terra1jqessyew86zhzvp4tlggpq2c6njvdqlhgqyd5l,loop-ust,226018600,226018000,600
terra1chu2demucypupy9c3m8dk9kz5pugar0h5ld3km,loop-loopr,222758795,222758000,795
terra12m4n6hqwvrylnsjtgxajsucvm2xwhumcyz7c85,loop-ust,327813661,327813000,661
terra1yrfux2jzyqf5uuf6j7k7rd5d82lnfhhf0dv3az,loop-wewbtc,6336605,6336000,605
terra17a8ts85k0dc9h7tgat4gxe6pmua8x2laam2j70,loop-ust,69071305,69071000,305
terra1k6zaq2gs2czyfyj7gjkv7jc7r0kd4wtgvf0wdn,luna-ust,882625111,882625000,111
terra18kv7d2al3zlg267ldgw6fz3tfm9tc2hmp6lzzc,loop-loopr,45288286578,27606242000,17682044578
terra1y8dnetjy3dy03hl97c923nza6q3fp8vlh2yqnw,loop-loopr,5500893294,5500893000,294
terra16axhqt5w64uw0s3vm5xsx543jx3glq4teekmvc,mir-ust,766734236,766734000,236
terra1jzkjvkgdjp9jpm62synd6uzzm92p62ath2fzd3,loop-mine,520111102,520111000,102
terra1xra84z8nwhcz69g63udnp37efax0nlydcap2gn,loop-ust,58452838,58452000,838
terra1tmlc667mjmf93yxd0gkz85vapmqq54g0njv8a7,loop-ust,3298783,3298000,783
terra1jhre4dmzn0nvvzj8z2gu8pwy8p9qmth3q84u5v,loop-ust,186779592,186779000,592
terra1e5spvkfyazh52ce4x2zc6ymkdt0lkmvqgk287n,loop-ust,1389632641,1389632000,641
terra1qm40vc9zv7vm5s9z0eqnljdekmkz4hu0ljxphe,loop-ust,26104207,26104000,207
terra1mwr9rsrw33lzc00z5e3fcjuqj6t6samyeav68h,loop-ust,16477481,16477000,481
terra1yddnyxyxufq4093ms7lrt0jd5tgw9vjd56njgp,loop-ust,63813689,62272000,1541689
terra1ydr8gvaaecuhhhkgy725v979qlvdtpv5e0d5y6,loop-loopr,1787924951,1787924000,951
terra1zak9pp6ysswtfu0qwx5fh97sezr5k6manfgneu,loopr-ust,183135502,183135000,502
terra1esz6xtmfvf7nxf59d3m4a32srdlany27akk3rc,loop-ust,25334241,25334000,241
terra1j7nh4y4yv90f9vel7dywpnxfga40vxp32rmw07,loop-ust,34586358,17369000,17217358
terra1d57dp3q5an9jajy8d3q5g7rxrqplj4jat42lva,anc-ust,228867179,228867000,179
terra1zfly4ru05ktuxdal3ltxd0zmw4napu6wd54l5y,loop-loopr,16672377467,16672377000,467
terra1upcwnpu7sxns0j4utln2fhqsvg7ausrcp95d6c,loop-loopr,526676291,526676000,291
terra1meecw224msdgdkdvry29tsxd05ewp39ymnnqqr,loop-ust,232918839,232918000,839
terra1k4w7885uxpj76e8n205wxr4qkz0udyf9w6xurq,loop-ust,52624573,52624000,573
terra1n6fhfa935xrh80k27x9gm8cfur876svsdx2gtl,loop-ust,14728688,14728000,688
terra1z8p20e760ldemq76e3z98gpctevmx75n6jwj4l,loop-ust,61078579,61078000,579
terra1uv9d4zpr2z4ysj6dstmmhhext46ddtqu42wl7y,loop-ust,23666301,23666000,301
terra1e0ee6ue2kzr4qeg92v96cuyar79pdjyaa7amr9,loop-ust,207512889,207512000,889
terra1p0n4hppps45qwc9zsyf6vkhq5wwwke5vcfxj45,loop-ust,9208850,9200000,8850
terra1zce4ek6kruwnxcmsz2hqdacy33sxp40agxrek3,loopr-ust,117576356,117576000,356
terra163zsnp9pvyhy43xl2s5zlmakccw2wgvh3ee2g6,loop-ust,23591503,23591000,503
terra1976tcq40zrzpe5p2ru6rfek7y46333tkx8ht7t,loopr-ust,28854103,28854000,103
terra1w2ufphsmesawd9fntwn60c856sedj2dr8gh88s,loopr-ust,139998286,120531000,19467286
terra1cnrw7chvmls8t7v7udg07vacvm0qvyy0a9n4hq,loop-ust,10030720,10030000,720
terra1qcp77p7uerdg8358prsjsulzm386kxngllqs34,loop-ust,8476478,8476000,478
terra1cpda5earsgjxp7yechvl8urx42w09m2yazp2z4,mine-ust,1184157775,1184157000,775
terra1js9nnufk86huwsyv8e2wcnhfk49eldpy2j66tn,loop-ust,864291356,864291000,356
terra1f89d03faqv09wf8fq5kfyuh0f9van7ksyc6z4g,mine-ust,10048864126,10048864000,126
terra150jsmw5l4zly7tdhrx6xlqeeuvvgsmkx2ga6z6,loop-ust,1578272321,1578272000,321
terra1rc3f5zr63wmanttxguzx3qjaftgl9yhy44alwg,loop-ust,2517280201,437039000,2080241201
terra1ddpqrelr2y897q838tgp2k97c5nrmly4vqpn5h,loop-ust,1133724152,1133724000,152
terra16ce08wvf6e6h4nrtnh2shjfu8th6jn8ghy9zd3,loopr-ust,190003490,190003000,490
terra1z25dpepgv27s8n4qykrgfcrd955nq90xv0dv0y,loop-ust,8208029,8208000,29
terra182akcm2fl4sl93v067c5akhzlq94z2428a4t7y,loop-ust,872517649,872517000,649
terra1kla6pf3fwv4fefk2jy8250qdk2q0z4nalxesgq,dph-ust,621386144,621386000,144
terra156zx7ajgg3g3mq49ate4nvquaekwc7zg2de54w,loop-ust,1199251068,1199251000,68
terra1zkmgylk2c97uat37d8lusl0p4shpxlpje0w2hy,loop-ust,155528168,155528000,168
terra1qvf7gamkhskz4nftv3u5d22ww0gqn0wpjk9jgw,loop-ust,655584709,655584000,709
terra1c7cf7wju4h8406e7ueqr0y48p33mgcy5k9v9ac,loop-loopr,16007085455,16007085000,455
terra1yp9fwzxtzt9wen3j6s4zkrhdvk860tqmzkrnl2,loop-loopr,20296249799,20296249000,799
terra1ant09uz3ye02qf8jnd964nxhd7v8ws9z3j55vl,loopr-ust,76042750,76042000,750
terra18lrfdxd7296m05da2pkypu3707u3gtqt58dcqk,anc-ust,69190824,69190000,824
terra1s9zltz036ss7zwvnetzt57a0g6x3vage34rppn,anc-ust,1636756876,1636756000,876
terra188khfa227spr99vgst5fe54qqd282zev6zdfw3,loop-ust,4508797,4508000,797
terra10vf8tessegc7djtfsw5j8vxnns0mlvzae3jnrj,loopr-ust,1184425,1184000,425
terra1ecnjsa6ecqc6mq8yeml9y97yyj930hk4lkfn5c,loop-halo,352337314,352337000,314
terra13ngyt932mav43whel525k8evcncr3vjggcu29w,loop-ust,3743485,3743000,485
terra1m393c5w03xarh9gt5fp6al3ux5qfpzpuhq3gan,loop-ust,1164634,1164000,634
terra163e777kgax7dsg25509kelqjcyqqrqasrvz37t,loop-ust,107817149,107817000,149
terra1t57jkexp22565e3nlnph2s77jhewqx4k8pvrpn,loop-ust,98687508,98687000,508
terra1qzjyyhv0tqa8wv07695ne7a0z40ey928pdsgk8,loop-ust,4073552,4073000,552
terra1jvesu78v95x9pwv43c5jemrz597unjv68p4y96,mir-ust,600050181,600050000,181
terra1s3huwhlpy076xunnp4agdvyrqc27sf7r05rpmd,loop-mir,450264123,450264000,123
terra1ukf6wef6l8fzcf8d6f3c7xaajypm9r3v736xgd,loopr-ust,49501313,49500000,1313
terra1r08drzwlc6mp924aglzetfc9t6492jcnhmuu5r,loop-ust,2155294513,776924000,1378370513
terra1s2wcddd8jsa4nvse8hq3dffjd072znl9vzm20e,mine-ust,3323462858,3323462000,858
terra17f3e8gzl446eyf02ux3fdph67dtlx8upuuw57h,loop-loopr,6169650243,6169650000,243
terra1qp4usvz3m4x4h7msw77ku9rlg9j58868j8pguh,loop-loopr,861517250732,861517250000,732
terra1hmmvfr8wkqyyvtu7ate6d63fjejekftf60kn4y,spec-ust,80787568,80787000,568
terra1glen42yz25rhrjd56dt8aqpx7rxsmxvvl9r6l9,loop-ust,322992438,322992000,438
terra1aw50ssfnal4wvgtuufj6ttfcwehg3mdznkmjd0,loopr-ust,25023893,25023000,893
terra1km6pe4t0s7fcmfhzxna7z70p73puujtpw6378c,loop-loopr,181383111338,26981694000,154401417338
terra12xwuata8jrn84762h4yhvrh7aygxmmqev0sa9a,loop-ust,21772656,21772000,656
terra1cdvmslc9pt9juuglk2qwxca5t29pc7tavaylu7,loop-ust,8750892,8750000,892
terra1a8w3suh86ru7ml4hxq8w4tg323kwkph5p0247x,loop-loopr,161158101,161158000,101
terra1f3h97l504sm4eqyfdrxmw3qvpgw4rxw6h02rwv,loopr-ust,12511462064,12511462000,64
terra15zj59gmvscsgrllyadlxgyvf0kx082k6uvm55a,anc-ust,226569696,226569000,696
terra1agyzgk4flxzrkanawh5r6vwgmszkthkunmyftc,loop-ust,109412975,109412000,975
terra1ujgvdeqy8w36slj9x4ntgjpwe0lr6cnhud57rf,alte-ust,70789083,70789000,83
terra125p3tnpfnguva48z4jwvchsnzyca8saykjpssy,loop-ust,8218277,8218000,277
terra162cxa76zpvag4a05da0yhu69awfy35w8pws625,loop-ust,1271822451,1271822000,451
terra1pa3wzhfwsc7rdj4pj3vj5g799ffaxnfsp6w8lc,mir-ust,222726983,222726000,983
terra1txp6ztjrlpd83k23p2v9dxf2gy85ucagzh6eqf,aust-ust,23341483436,23341483000,436
terra1lrju395mscjgmqe2us2r9um0gyjcgmw60a5wjn,loop-ust,755154840,755154000,840
terra1xjw87rrrahvxc43c2nmk5xm9f6pry0m2z2as6j,loop-ust,30800272,30800000,272
terra182tme6p6786errzrcddwpzczvj2d3tjaaa35u6,loopr-ust,241830588,241830000,588
terra16pt0ep8jfnsu0y8aq6yw99wc3dh5s9nm3acypf,loop-mine,1951429377,1951429000,377
terra1k37h7u44uvtkqdmku8ymvgmaggn4j96psryzna,loop-mine,34989744,34989000,744
terra16r0g6gxeqc7nndctxl2tr0xcu0xz3szgwgptze,dph-ust,303508844,303508000,844
terra1rsxpj9nmggurzr5a656lrdm7dsdag7n20v9kj5,luna-ust,43759569,43759000,569
terra170e09edhu4gmyxxc799xjsexe25jjpj6zcdv0u,loop-anc,473589186,267633000,205956186
terra15nh65d6904q0zwukwgt845wlddn2eqpxxyy7mq,loopr-ust,57285775,57285000,775
terra1gy49qugz2hxcm5su2ckr0egkctp2hrfgtakykz,twd-ust,314591607,314591000,607
terra14rhawx74jpx7m6795g74v3syar3c5shefexufv,dph-ust,163251188,163251000,188
terra16w04k270rf0gt8t2v7ar7uqp0x3t9x9za70tph,anc-aust,5097558578,5097558000,578
terra178r3eyvtn4rcyh69wqsnw5nhdqqzqjy6kag8hv,loop-ust,1202106839,1202106000,839
terra1ukh5kyrdf8cxdn7cy8lj5jldy2d29zqt9m0urd,loop-ust,25863034,25863000,34
terra1gw829nhgvh32rf5entf4a6yza3cwt4ptnvymx3,loop-loopr,10614193,10614000,193
terra12xg3zwn79l83vpmtpdc5xseq0lvwe5jgasgrff,loop-ust,10051701,10051000,701
terra16evujlum86c5u5n9r2cp4xzcxuq50dvt0ux0ds,loop-ust,94280119,94280000,119
terra18d7za2d27a03pym34q4evlaqkltjy9fg6r5cr2,loop-ust,207294525,207294000,525
terra1tv2gwne9vtq9w2anfgv3xgp7qc6xs6lzwfpt6x,spec-ust,13585599,13584000,1599
terra1dkewp20ny3dekmpdez9tkjdg3p88v5jlmgpt25,loop-ust,870160807,384134000,486026807
terra1983t8wa6hkv4f9crd5m6ksq83l5efe8raycyfn,bluna-luna,466566280,466566000,280
terra1dw2ggz3u08pjqje22lrgjr20f066al7422zrl3,luna-aust,390253766,390253000,766
terra18rglg2542u5gk8fuw7n96xy29qhqk58rwea7d9,loop-ust,726272248,726272000,248
terra1m4vvdk8y8ekc3pquv57atspqhjwfffrm30v4zu,loop-halo,2425074599,2425074000,599
terra1d4lc8xvq6k5382ws7p2upjfztdmhqr378kdyqa,loop-aust,13337403258,13337403000,258
terra1fpn0ewavvtklt5j6gs5lnp9t5ap7v0krudqv0l,loop-ust,89036811,89036000,811
terra1rgdyefvt3v6r55h9n3x0k7ez0xaq5z9sldwdws,aust-ust,13492333328,13492333000,328
terra1gykjcqsgstdakfzsw43gdqxvqlz7d890sc02sq,loop-loopr,4742888123,4742888000,123
terra1gr4jkynql6ma4ygj9mt843jxwqrfgm0trf4ljx,loop-luna,24012241,24012000,241
terra1etwq0q8wwnmq7322kz4v6ff2dcvwfm634vdkqn,wewbtc-ust,11947536,714000,11233536
terra1h02k5pa03kajg4t5zs2ynxfd6g58zhyg3td832,loop-ust,11042865,11042000,865
terra1g0z25h59g7wh4889e03uscvw8rz48ju4ge0rf6,loop-ust,108581650,108581000,650
terra13dj6ax9jzsuy07quh9l5p89padjrn6e0fk00n8,loop-loopr,773219660,83028000,690191660
terra1flfkzlad8h9pl4ch3996f5mtlg20f3t4twmvuj,loop-luna,696220615,348110000,348110615
terra1agf8794ql04yw7fa9t59z6nu4j2383qhdanmev,mine-ust,10186118795,10186118000,795
terra1e9khh2zwet2w29cmr4y30rje8c20wcs5ljlzm7,loopr-ust,14555264634,14555264000,634
terra1z89e4ac9vmdvlt7f4lkz35xkdts0gc0tqrc00x,loop-anc,78916034,78916000,34
terra18039w3jxct4dxkpv6r9s6zlga88nqpe8n634vs,loop-ust,19606821,19606000,821
terra1nm3jl3fjd4nctf8ru2h2l6fnd86rf4ux0msx8t,loop-ust,16080462,16080000,462
terra1khcatw34uparxa3szzsw0c80fpyuxtrv7fry3h,loop-ust,7795010,7795000,10
terra18ztqf6fpmlsa3gyqy8pw2a3ed3xnj6mzulu2pj,loop-ust,18527734,18527000,734
terra13v0gne67jetp77afqwje54dt9hhk6rk8uaj8sv,loop-loopr,757134305,757134000,305
terra1lce5cmqsmnyw0p2q80hu6u6lrpgyylg3vrj9dt,loop-ust,749390593,749390000,593
terra1ce8392xhpfmnyufms57elwd97rtrupwxcjqg3w,loop-ust,152732463,152732000,463
terra1lzal3264clamm668u45rrr3j49vcavgwhytc3z,loop-ust,13244688,13244000,688
terra15883wp9m9sk8mvxvvvgs7s65l62w9vm9pw2538,loop-loopr,948174881,948174000,881
terra15pjzfwp7vzqq4lzn36638rkx434qgcvrdwzg0d,loop-ust,13291569,13291000,569
terra10agvtxhdvj8aklzf6qd58eqzah45vuakf9e7vj,bluna-luna,926196513,926196000,513
terra1s6ax7v9h4ts7pszxpp7y5qre9w4lk5342z7szj,loop-loopr,285651321,285651000,321
terra13gjsmjtp2hwwxz5dqthnmpja6ryy29t7zwepzd,loop-ust,5507934,5507000,934
terra1wyqthhd4ux27cu3rzhg8vklcwjh2v3ay9xx5ud,loop-mir,298940933,298940000,933
terra1yed7wvpprkc2j79fnnsahaasnhpv6ypm3vwn4l,loop-ust,242710106,242710000,106
terra1apaz7xrk3a87s9kzyvxmqaj5ffufucqpec8w4f,loop-ust,5371987,5371000,987
terra1jw09ffh4ld26xp077q3tflyxmhqe0r0fqxhchg,loop-ust,23896535,23896000,535
terra1kegpq49e9f9r3rccdmcjta0dsp2x3tz5vqutcj,spec-ust,1669036330,1669036000,330
terra18r8u0lthrs85u7fejnx67p4m0u3val6ned32w5,alte-ust,87207877,87207000,877
terra1gfyar9l7e8cngnkyu9hvpx5840sl7kr5uqtagz,loop-ust,19935533,19935000,533
terra10krpx786styrfd7egy2rh39mue4dthg4ngyuta,loop-mine,247649550,247649000,550
terra1uyntn4ux89e2c0n6ud4xr2fhphl0uhmr8a03dz,luna-aust,324860251,324860000,251
terra1ajtq9crfevaec8yef3fa3a2cu7wwnxqm3flk90,loop-ust,8524828,4262000,4262828
terra1t7pk0wmwr3scp9pwzm9n8ymvnqnjjhe8gqg2jx,loop-ust,148277998,148277000,998
terra14ggz3gcu2yampd6xyrp8t9k76xdnmwuptchmjz,mine-ust,2630155834,2630155000,834
terra1d339nugzaflza8krzrr480h04yuh0la4n2c3q2,loop-ust,1795807,1795000,807
terra1nep2jp82ef7g9ezjxh5nj024lqdlqg8g9hxe00,loop-ust,5907724,5907000,724
terra1lartaly7rds5jrak32ckwlshlfnug2veafz9g7,loop-ust,29812735,29812000,735
terra1pce35xx28c6kmasauqywh29d2cw29qwfhqychp,loop-ust,15145451,15145000,451
terra1y2gdv65c27d7w34m98j49qqqmaugwj0e3uflrm,loop-ust,61454540,61454000,540
terra1nd5gu2jful8p7txwwsatlxalqz2ga7k4u52vmm,loop-ust,711361740,711361000,740
terra1hedxh2hlg39tlywd24pf9sfkf74phpuqsu6h0m,loop-ust,3642345,3642000,345
terra13k05s8hrhswwvw3sa0sx93242sdm3sgu9rxvfp,loopr-ust,17660991790,17660991000,790
terra13eqfjgftqfhp4rsxfz7ap9cqzmvrd7q0v2axv6,bluna-luna,626927258,626927000,258
terra10gg33gswshvkyp099fmaw0an35h9uzq7jn9dzq,loop-loopr,5212453619,5212453000,619
terra1uf6pp6hmv3pu3fxsu7h4hm30y48820f5f625ln,loop-ust,308931394,308931000,394
terra1wxv4z3a5ztr3wsh2ppr8m8xjkej68pu2jhs63e,loop-ust,216378812,57064000,159314812
terra1whhz3fnhea77998xwdngjxzwn93tfehk7rcj6f,mir-ust,292720848,292720000,848
terra18f0l93nzhvsxr5r8shygvm35zf684whjpz2x7d,loop-ust,96529146,96529000,146
terra1hrsemlawr8lmapvhf3cyl5gk528s4ya85aps3a,loop-ust,253556197,253556000,197
terra1ap9ws2ww2ukj3v7d9thfp342c2wqlpnsqnu9qn,anc-ust,29595221,29595000,221
terra1e0msc7tcmwmpjl25vvljllmz5jn88fyl0ddwxy,aust-ust,1700063964,1700063000,964
terra1fltxvsksxpyd845ez630sca0glg8twsvp7hn5s,loop-ust,242334113,242334000,113
terra12wyz7jn76m6wz4tdhgukgm85pjs7dr8stsfmcv,loop-ust,134522832,134522000,832
terra1cj2wg9e2psawf0nxwyypgvcels9w6y6pjtkz08,loop-ust,69340156,69340000,156
terra1hjs5ulaw5f3l5xxmlq3gv46zmstjzvgqwvq5az,loop-ust,16110208,16110000,208
terra1xdnmgyxrpn8dgkmtq2su2q4jhsnjry3sqxnhmt,loop-ust,43149556,43149000,556
terra1hxnwylmw0mfqun6qg8t2wtqw7308ppf28yl05r,loop-ust,15387194,15387000,194
terra12nphyz08w5k77e3cjt3fd2xh37w5qmsqvdj2e8,loop-ust,1511213094,1511213000,94
terra153wzkwvchzjf5en9p2w49xegxjwa5yhtrqg4xl,loop-anc,4073726401,4073726000,401
terra1n6rv6dq6qmqj52k2c0m02qh98y8r6gelcgngjv,loop-ust,815227,810000,5227
terra1vsch9dzssntua3m8zvhky3lykaw5r4wh9d765p,dph-ust,368704216,368704000,216
terra1yrpwlqccvl3562hffnh89dcuy8z2fzrwk7vplj,loop-ust,104559384,104559000,384
terra1v22rv0q6eacyetp8klvcpsmxhft82ayex6kym7,loop-ust,1454907120,1454907000,120
terra1xuek6a8whfafwyl0w44hrcjypz9uxypkv7tqjl,loop-ust,1427353,1427000,353
terra1skdzgg4gl2at3xmk98r6h9r73tvr74m3e8lkf4,loop-ust,21424134,21424000,134
terra1r280hfp9ktcsz80x9jywmy0dck7p8j9x4cm4fx,loop-ust,3644281199,3644281000,199
terra1nm2aas7claydzz383mk47ax7pe436rcu73cjjy,bluna-luna,42581010,42581000,10
terra1u4nyjd7n52tpwahxhndq06gnptn2eh4j4crxvp,loop-ust,273949290,273949000,290
terra1rqnv9f6h3sa5t9myp9zm046dq009s803zw2534,loop-loopr,3608702646,2854302000,754400646
terra1ujahq0p4d5f5ygyqr99taengcrhxycy9mx3umv,loop-ust,23027040,23027000,40
terra1cex8ad77czq5heztuphdf3ucuqkta2v2tllzup,loop-mir,1202933313,16915000,1186018313
terra1nz88s32jptkdfsr2uskr4ayajrch3maaavkdx7,loop-ust,18856987,18856000,987
terra15n9sxuhj5cx537xsuvauzzzy3qkzsw7lxutvjy,loop-ust,65087279,65087000,279
terra1jmktu8068hxxl02fysq4wxrh5rdvjuj02dtwdm,loop-ust,19281974,19281000,974
terra1awtt4fjf7fjstgf3n4d2p6p6xx26sklrqemrh5,mine-ust,415601599,415601000,599
terra1edvd46h4umf7unk7zgeh4zxzxauq4qd8dgyptw,loop-ust,176569911,176569000,911
terra1htdec0d5w3w7e8cyrjgvtf67p2xdzsmel0znu4,loop-ust,78473624,78473000,624
terra1qllnpld0qh94nx0zqmc6upg3gtknfqz2ucel3v,loop-ust,100798652,100000000,798652
terra1rh4cuvu0a9pkvufm9vvtu3j8850sa0kjkfam95,loop-ust,93142715,93142000,715
terra1k7vsmjygdpq920hrcy7kfz8pnmahjqxm504mwf,twd-ust,64652267569,64652267000,569
terra1netu3g7pp0tcu4mpn8h2rtjday4xuua33a5jpr,loop-ust,790213676,621933000,168280676
terra1vpkc2p6c4lzdzuutqyjwaccsnakpmcqwnlptm5,mine-ust,131877618,131877000,618
terra175qdpq6ymj0xx68zst27cu3yhwkan9fvggc9ka,loop-loopr,7520807,7520000,807
terra12zhk6ne4yjjumypjzky7ehvpvnmu4gf8wyp8pp,loop-ust,19555863,19555000,863
terra1zx45avpkwqkryf0rhr9c2qlw5v82872exwkduw,loop-ust,89659090,89659000,90
terra16vf7w7up9fgc2yc3xjw4tr40zjdesnk36lz04n,luna-ust,85134173,85134000,173
terra1vzvu85yn6esespvsqjhxvf99yfk5g9tmn6lxd6,anc-ust,5376339236,5376339000,236
terra1ku3nrcw644fcch7a3ggc8r28k6a906exz79gl7,bluna-luna,57920874,27954000,29966874
terra19ml66nutrhcuulsgsusut3aesrdz8hl587vg6q,loop-loopr,77609867677,57718907000,19890960677
terra1wh9cyfx6qylt72zrna63rjeka7yz82gn629tm6,loop-ust,952927257,952927000,257
terra1ukzhckgtt2ccghy4z96ug49qdgc3yr8ymxjq76,loopr-ust,8985883,8985000,883
terra133z7e39glyep7tdwqlhtnzp6z4qc7vd9sjqqed,loop-ust,106062258,106062000,258
terra1q4ds0quxtqa6ewq84qctt0nveprz02dh4wzyxc,stt-ust,125052170,125052000,170
terra1nqm6mckgz85cmqw63cklr8tzz77xmks3jqhvtf,luna-aust,8915718,8915000,718
terra190rfeqpppcg98jlcqrt7tdflnpz8klj8x3akq6,loop-ust,49645680,49645000,680
terra1kk5gx6z5lxrn4eguv98tdf9wlh5znanzumfcvq,aust-ust,9208937243,9208937000,243
terra1cy2886vk57el2562w0z4zq63fshrvcchhy3357,loop-ust,9671018,9671000,18
terra1tntqfty20fclgvau4tqgm3uw5527fm6da9kugx,loop-ust,33341984,33341000,984
terra15gd548sc0k8vfnzlpwpkh4hcujlynruf4cc82v,loop-ust,3973115688,3973115000,688
terra1zpfl7hn2ymtn283d0r24zgmkn3ueq9mn7mdv23,anc-ust,2667890003,2667890000,3
terra1cd5zs7uyz9fsa0d6v3cvmv9xtg2r56fe4lumze,loop-loopr,2637986808,2637986000,808
terra1dvlh26p7wexyuajfzzguhnxug25zr75ajaefye,mine-ust,92586055,92586000,55
terra10sp9lnt5sc8xc5m30xl8ku8nkajvpc4e4gap6u,loop-anc,25716323,25716000,323
terra17e0cx7s3skr73n9t824svderqxhmw7z7wcpfhv,loop-loopr,26050769921,26050769000,921
terra1x7hktx0dk4yhs4dffje7yfqvh6vsg36uqnqwvj,loop-ust,2366420,2366000,420
terra1skh0ff0aqcc6azc0f8v0ncr7s94yjkc25gddd6,loop-loopr,618816491531,330714590000,288101901531
terra1zq94z9cjsh57kwgnrrstm0a00xae0r5qzpt6d5,loop-loopr,1289864607,1289864000,607
terra1a5v4yagwuty3sxmk64gt7ush6q6ldhp3q47eyv,loop-ust,141207071,141207000,71
terra1z334fklngfze363gsrrdpnsyyyp48ztkr5taju,loop-ust,5863957,5863000,957
terra1e9337h6utq5luzwp70qw4r74pdksx5d5m7f3ee,loop-loopr,8018556895,4359705000,3658851895
terra1hgu6z8fr7uenp0zatm7ldvaaux08nzsgan07ua,loop-ust,1759107,1759000,107
terra10558mp7uyshs0cn7wk63hmpza8z3vvhjl0unfm,loop-ust,85078722,85078000,722
terra1yqrl3y5tpgv7wnp5c3gta6edmwxy3jehjev6ql,anc-ust,172471155,172471000,155
terra1sr7pun8mxdya5pxucau469h9lw3crrppwe2w7x,loop-ust,4359292,4359000,292
terra10x8xf6mj29wjdjvuwtmaxmt9ctc3uh98d0zz7e,loop-ust,3107540,3107000,540
terra1cq5snwx6uw84xzujelf8k3k8aenx93g63hdkzv,loop-ust,4104665,4104000,665
terra1w4675ks52qyxfzvdcnfan9aeuzw2260n0z6gxz,loop-ust,1798057,1798000,57
terra1vt80cy6uafdc6pss7kyumv9kjg3ve4uljj8whe,loop-ust,106788899,106788000,899
terra1hlkpxswyqmw8uwrwf2rmhuptvt532yms38gmre,bluna-luna,4493379,4493000,379
terra1389k6rrkct7emkeg8p8dhs7uqzpza67k2y60yv,loop-luna,15241074,15241000,74
terra1nmh63ja6shwfdklkyfwv8gprg9jhregg33wtwm,loop-ust,6469153,6469000,153
terra1ygnsemjlxn3recdsusv5rjzu6cpd5qgzv603jk,loop-ust,2845635,2845000,635
terra1cmdhrp4zldqcz6uef7fzhpupr0g592h4ddaglm,loop-ust,120527218,120527000,218
terra16j93t5tjrn0wq680saqedrw3454fer39pzrdkp,loop-loopr,148787014,148787000,14
terra1j5jslylyj5jdq5ayum5qv4vqkfy30akhc56hac,loop-ust,50935782,50935000,782
terra1ct8lnlvltyda5xwlt0rsxt7x57u8py8vzdpp2j,loop-ust,2120274,2120000,274
terra1qfw2wyy9xefejhhtmal2c4ff6jp2u9pn3lm7gv,loop-loopr,5035377967,5035377000,967
terra1zf6uv09yg9uw5tst87ntkvxpua2uhtm72dfay6,loop-ust,253714555,253714000,555
terra1063k5pa0a286zvkjqttvhyuv4rgpanragt8v3s,loop-loopr,5309965971,5309000000,965971
terra13yalcacp0kpha5sat8h5yjvstdu78turhes6p4,loop-ust,7253541,7253000,541
terra1vha8fearue9glaqlvr2qswcdj3tsztxznaunm3,loop-loopr,194005032,194005000,32
terra1x8xsm3xk39472r9vnjnn6dqjvr4t2nqatgkl44,loop-ust,245076870,245076000,870
terra1hwaneldqyc3ud4ck0h2upwq3mskd6u7x6fp3a8,loop-ust,1547635,1547000,635
terra1sfxrmz9qukzf7vk7z89uyrwfds44wwmrz9438j,luna-aust,431941799,431941000,799
terra1hjz3fxgzrnnm0sy5nmzp6p8325583wc9me23c5,loop-loopr,4466593,4466000,593
terra1cfzey9p5n4uf7cpfnjtnn4vlw4tahec5rxwcuw,loop-ust,160254541,160254000,541
terra16cmcrap4c2j2d9j9h7609nma9ahxzeln6qnvzf,bluna-luna,1006732,1006000,732
terra1mndyg9yq3fuaujthxxjk93aaqemzav6k87gpev,loop-ust,3640019,3640000,19
terra1rcvan30szp5uuwn66rn3442v9wwn22rqhmmx5f,loop-ust,7834499,7834000,499
terra1pz798vlnxl5y8gv3dyfz5gdt2smkud0dp62snz,aust-ust,448058400,448058000,400
terra1edh7npaswes407h5y86t59h7sk44uwlsjrq3fw,loop-ust,30087244,30087000,244
terra1ppejk2vl74jjnftq97vd6k80jq3g7y2rp739yy,loop-ust,23910264,23910000,264
terra1s9wxamnq3ezs0fcgyq4fmsukxu5cu6y2rmckp9,loop-ust,9692988,9692000,988
terra1283h9w8ts987m7ct4n8q0jcxe2e3yx5twa2q86,loop-luna,18965495,18965000,495
terra18nzqlzhgkd8242tt0evk5f5zrua38a8mlra998,loop-ust,179040643,179040000,643
terra1lncdhcdxt7304hrnn25209yhzvlt8020kmdp9s,loop-ust,390065631,390065000,631
terra1202amn2am8swq8klgv3ryqeujf7pru7n98l7ng,loopr-ust,24095110,24095000,110
terra188kp6m7ftda4lh2yd5j5apsmxklpc36hkd7cwg,loopr-ust,217876463,217876000,463
terra17f33ns68rclwvxhv4wedddmcljusgnepy58z6e,anc-ust,171612632,171612000,632
terra12dtyaagyz84a53a7m2gm4azqx9y8csphm5tdgk,loop-loopr,231188057406,138417101000,92770956406
terra1jxc89qhey3kyfd6j858dt0tctt9uy7s7d7cyg3,loop-ust,12489250,12489000,250
terra18jcs0mtlznw4kcg8kks28endl7uvfvmsuug5ru,mir-ust,122940245,122940000,245
terra1f4534ev7a4yun59ksxxejpmkjm4wfk894a04y9,aust-ust,4476743557,4476743000,557
terra1fsgq7g7xkyes9gqjr3485xhkt8vzsagqgwj2lq,loop-ust,2276028,2276000,28
terra1xgx4l73q7tvx6gaxsu89k5rpcme0e4w7x287yd,loop-ust,46524901,46524000,901
terra1rq32epazt6wqgej2dw27d95hrw92979evefvjy,loop-ust,68132352,68132000,352
terra1g275ukevpfkarkwzn5wy8dnw53pfk9062sqvyd,aust-ust,5549286708,1838643000,3710643708
terra1deyxue29t6m2dlkmwmyekf3ftdm2c2dfyxx8nc,aust-ust,523634793,523634000,793
terra18vcce5vky0vpwkeq8zq2jj0krccdnpmfzk84lt,loopr-ust,4437988030,4437988000,30
terra1shntt905wggs72v9uv74zf47nnwqtw4yq3skwr,loop-mir,11166145462,11166145000,462
terra1er344fufd6yc66f9kfq8sdeealazt399crj7sr,loop-ust,245609188,245609000,188
terra1wuekpvzyk229el4wu7v7q3pgrsaqpazzy6mzkx,anc-ust,156192833,156192000,833
terra1p5qdx60ty4jt23aucsvpawpt4sj5jm0vh96qkn,loopr-ust,637270372,637270000,372
terra1gtk7dyjkjxjgvv297edrhgd2u2g3gau9c6rhqy,mine-ust,1327867472,1327867000,472
terra12ad9klsfswp2pl6r0ccjjpy3yd2mlse5yeasa7,loopr-ust,3160873553,3160873000,553
terra1t2dt2znwu6ml9uq24umyalfh4emx343s68g92x,bluna-luna,14496958,14496000,958
terra1zdv6yhh08xaf7937upmzexwhsdxazl85mt86yw,loop-ust,8409968438,8409968000,438
terra1nrm0dfswfwdjcyj3jks98sepza44hjnun0lrk8,loop-ust,169446896,169446000,896
terra1a2plj87r04fy839ema75kxxgztyzrj4jfew2ux,loop-ust,129712577,129712000,577
terra18c7vavun0tyxfyv9s6e7s94kp9w6pzlkjlnkgq,loop-ust,104532043,104532000,43
terra1keaf2z6rr3ks8m3706hmfjqeqrpe2gfs6ex68r,loop-ust,9295868,9295000,868
terra1pt9w2ymrfn66rthfp3eqz6mtujsq30y4kfmn3n,bluna-luna,34028096,34028000,96
terra19a5pz4dsk69t8fvpffghd7s4pfdn9y04a6t04h,loop-ust,99982899,99982000,899
terra1k39fz62jerndn7d2m22y48up27h0jg9krjeqts,loop-ust,518468898,518468000,898
terra16pfek52458mrs4g25a9zyn74kdvmdyvh3x8p2g,loop-ust,38670447,38670000,447
terra127xpecwr0v82mdex9snq4y34hw2l2358slr7al,loop-ust,41908718,41908000,718
terra1qrll6cshx7uqch5lr2etq02z6ejj0k0w4lpjzh,loop-ust,44201210,44000000,201210
terra1l9vx5paf4hcjmfjxj29exhysurqvr3dpcmtdqv,loopr-ust,4472091,4472000,91
terra1lsmmpkcvapgauxmmdtt22ujd0rv6j9tkkfwzx6,loop-ust,35642734,35642000,734
terra14yeqvmr6uk6g33h4tdtu6cmaedfcqh3f63nz27,loop-ust,35986728,35986000,728
terra1wayrw3gzxu93qm5ezfyzylgm8a9z2tfukxwd2e,loop-ust,93332816,93332000,816
terra1tmtcg2d86nnsz9cyw8uvqk47e2m5a7s00ulpj4,loop-ust,815228,815000,228
terra18d6cq75ykqtev5j82dkmp6pg0txl8xvfvxdx32,loop-ust,5797996,5797000,996
terra1eh8zqv8g4q0sqkgwcnaerkgyhf53hh92p0gd7z,loop-ust,33242442,33242000,442
terra1550dejlvgl8wdx9appx9z2ukuzzlh5umylke7a,bluna-luna,12277268,6633000,5644268
terra16ugvktwmkyks8smlj467nrr5kcsd98lj68my3z,loop-ust,133226155,133226000,155
terra1t9smu9l50zytwpzzq6vjd5jw4eyktrj9h0xx29,loop-ust,29190493,29190000,493
terra12zwdgd5aahpgt7y4t9rmf7l7uucxac43hxg7vg,loop-ust,56082062,56082000,62
terra15ctwxk9yep2p4q0x22f76nr3j2hmkctc59r3rk,loop-loopr,844183818,844183000,818
terra1h978x25tn3lr505qhp8zksywl7dka9jy5hahdq,bluna-luna,49653485,49653000,485
terra1sgppfszlmc4dfy78ln35ywt6mvcz9057j47wn9,loopr-ust,19474492,19474000,492
terra1s2wcddd8jsa4nvse8hq3dffjd072znl9vzm20e,alte-ust,1216064478,1216064000,478
terra1sxuj669hjtqm8m8j557jemdn0kukylgsjc99uq,loopr-ust,9539983349,9539983000,349
terra1vtm4al5phzntr6py2ye7y6quxjw87z8ugdnqew,loop-ust,90071081,90071000,81
terra10qe32mv90w9t0gvgn6vh74tpcuy6fsqhh3xtrf,loop-loopr,3615791746,3615791000,746
terra1eh5a3nrl03rt4uulqumtn5p4jtlsya50le6u3p,loop-ust,266240222,266240000,222
terra1fvat0lvgsaua6w6vu9azkmku9w5tmlr9jr2fc0,aust-ust,164147355,164147000,355
terra1nscpz4x3qq6mspmsk0s6rkla5p59y22a3zzup4,loop-ust,6211681,6211000,681
terra1826l02f84qz4l8fe559a3l2d6x35gcc7mae6cn,loop-ust,20323911,20323000,911
terra1vymlahl2psjuddqvjanwct32s3vwtm7h36khxd,loop-ust,30542948,30542000,948
terra19mrdt4akpaeejd7u5t462zrrwszd8z20737ynp,anc-ust,34429953,34429000,953
terra1gy49qugz2hxcm5su2ckr0egkctp2hrfgtakykz,loop-ust,2264148796,2264148000,796
terra1k77kcl805dkk4a3lry5ue2gsg7wtg9jwz649mn,loop-ust,49352892,49352000,892
terra1sdmw6lyuc0tmqm55kxexpr9j7m0gdzlw4ygl2d,loop-anc,4418613,4418000,613
terra1d56stfem2ejef835qtksp73z7l4chmex697n0x,loop-ust,3673021,3673000,21
terra1kawtjtwa0sx0jr73d4d49yz4ec3tjsjy82a27s,loop-ust,70150794,70150000,794
terra13h6te2hlh26ztam4txmuprqcgzztjnzde30pax,loop-ust,750305568,750305000,568
terra1gj3urlfjffazl5hktzwpq4cm3xwn5ntmhj4t58,loop-ust,94513741,94513000,741
terra1huyjr53rqja7sfcpqt7vzekk2czdnsp68jpp2c,mine-ust,3077976655,3077976000,655
terra1ec6x3u7nc6p2yzpn024u2g7kmjm7ml94rwzvg8,loopr-ust,12199234,12199000,234
terra16ud8ck0urs983mc53nuv8td3c4s6w030dap8n9,loop-ust,29057843,29057000,843
terra1qv5l3d0knw7tnz0dn968spy8sk65x52th4vnwk,bluna-luna,7188330,7188000,330
terra1jlnpsqpmxeuk6krr35j6wxjn2dqffeq06halp7,bluna-luna,442093811,442093000,811
terra19h89w0va3j00r5z2jnl80yy86apt3w0w3kkc0k,loop-ust,197188517,197188000,517
terra14u9sf2l9h75rmzd68sstz0mysr5lknpf6hsja0,loop-ust,47156617,47156000,617
terra1j8ku45c57jvxstjctruqp0gp5lah7dcxzd8vcs,mine-ust,1049837,1049000,837
terra1lu8e897xerhl796mumarvv4m7xt504u6hw5yag,loop-luna,8680799,8680000,799
terra1nlc5h5t24u257fs7k0hdr4d2dykdd8vulj9pm0,loop-mine,310790276,310790000,276
terra1zcsj3slrulv9lpjnf0wvrej0e8dx8cydljf5mx,loop-luna,45436758,16637000,28799758
terra1arksw6e0kn80k7lznkgxtdffwmv53zat7q89d7,loop-ust,20793794,20793000,794
terra175s9zcsa096hhu0ek392rudupvtf787cunk5un,loop-ust,241393649,241393000,649
terra188qaujdxeq3a9f8ekggzvs73qxjyvqt83smeft,loop-ust,225400328,37863000,187537328
terra1wp3t0k3rn4aerlay6z68dxpr8qveac0qjntm8e,stt-ust,32836283,32836000,283
terra1qlzrftxtgpruc7yud64p77d6jdkl7v7zxdcgkn,loop-ust,18225931,18225000,931
terra1x0mh3dj96yagnwkmued6ewf58j5w0yx7642nd8,loop-ust,6358333,3932000,2426333
terra1uaxwcjuswy60cvr2lknks2j6kpwpqqhnuxlvu3,loop-ust,372496645,372496000,645
terra1r64zhfzu7t0wgulvnyeuegh7emp5ayer66ke0t,loop-ust,4314245,4314000,245
terra17zftdzmxkdstwjrxg84prd5apdql9965fg27f6,luna-aust,305823409,305823000,409
terra1wmqcg9r33zvjt7t4vzm22lvjfj42yquvxk0xv4,luna-ust,19225965,19225000,965
terra1pm6u6dj94yk63jg89dp4pa37zkhtqnmxcjw4fn,loop-ust,8944619,8944000,619
terra13cmxr70hw2fhr39u5mwxvgadlzs94j9gtdtc5h,loop-ust,29321466,29321000,466
terra1jz8f2sxtp8pahsumm57fp6tcxfsrnp9sxmt5ky,loop-ust,5002338,5002000,338
terra1xu7sduu60zvuz6hj8vhvmehukrlgj4hkm890pw,loop-ust,116971179,116971000,179
terra1kltet9l77mztu9xn2udxf28twt53d4py24fkk3,loop-lota,32218563,32218000,563
terra1tajpa892k4hmwlxxy9c0zcd5z5w0y8km3955vw,loop-ust,441236,441000,236
terra1sucdrhzh5fcmrecv5k0dqn4a6z5z42yphgy5d9,loop-ust,215369005,215369000,5
terra18ucxd94qpyys995rs7m4uf4mzjz3f47x2j58wq,loop-ust,20522098,20500000,22098
terra1hrfeehxkpcp54d8s50denfm93qcpvvypk4lgxn,loopr-ust,1398527721,1398527000,721
terra1l3tzxvl94zaqt5x62s7seuclat6zl7c82vwpfy,loop-loopr,18862257382,292214000,18570043382
terra1rc3jyz7h6s28zuaknvtwuauavnyt8m989f8gq2,loop-ust,195738698,195738000,698
terra14ms4pxvd9dvdmqllmrgnd0vfw2yqly786525we,loop-ust,6161590,6161000,590
terra1sjvdu0fcdvthhzm2l5vx9ad9x6ml3prw9lju0k,loop-ust,365785165,365785000,165
terra17l0jkfl5tec22pq83xy0jpdlgm42p8w5h9rpur,loop-ust,9824712,9824000,712
terra13qx2a2y0sk3k90g6twce9ntvefwap5wc3jdlkq,loop-luna,1215420,1215000,420
terra1x4d234g0z9qxtgp77axlar52sj6jsh4gl2qlvh,loop-ust,1812638,1812000,638
terra1z03r9dktnewlm7lra8gka9977330sl84xj6m6t,loop-ust,10129076,10129000,76
terra1deyxue29t6m2dlkmwmyekf3ftdm2c2dfyxx8nc,twd-ust,181657957,181657000,957
terra1py3vp234sy8p9dn5cr3fre2z877pcyrgcghxhn,anc-ust,184410228,184410000,228
terra1g8lpmv82yr69d58p6sf0ynxwm9wqflfzejs6c3,loop-ust,4065902,4065000,902
terra1lnsec3pq42g30g5exq5vth5hznxm9m9pp8emt7,loop-ust,32035017,32035000,17
terra1yt8m5p6yzj4p38g57qrlh0m6d74tgh8qd3earv,bluna-luna,73269897,73269000,897
terra1kv7rhdnfmxc8t992sryx9j7efkqk8lnqnde7ft,loop-ust,14275051,14275000,51
terra1ht5sjg0m43ge9hvtg00n3mpryeuxlleq4gwpt0,anc-ust,258853450,258853000,450
terra1nc5dq2d3d97twhw2cvft2mjharm52jw4ucfjk2,luna-ust,270256577,270256000,577
terra1dpzdyfyp4l5hqhtm3mz4zud808g47hqcaaazl4,loop-ust,28637984,28637000,984
terra1ahj0e7z8704egs7e4fxv5v8ylejg9cprxfugan,luna-ust,198448688,198448000,688
terra1d3023uptu6uk9wvml8vkutaxd8trqxdv3hg2dh,loop-ust,61299883,61299000,883
terra1kqdpfjy7yy28jzhc7xvjs32s2j9fvzm27vef9y,loopr-ust,519280294,519280000,294
terra1f0m0ah26gjs9yrx3a824kd2cygjls56xq4kcxw,loop-loopr,958379409,958379000,409
terra12xe2cmzvwmhh3rll2zhmd7vmnt70dddhp0prq2,loop-ust,6046452,6046000,452
terra1auugkuhk3ee0s6pr4wuh53v53wz6dzh7ur7h4a,loop-ust,4492394,4492000,394
terra1j3cpzu7agdx7uhr25ln08wf6wtl0p7wdwu9yh7,loop-ust,80041817,80041000,817
terra12380c9tq88veusnrq8rz99gymc92l6fgc33eks,loop-ust,110345022,110345000,22
terra1xzzap9h809zzw8fm0qjqnme3yt4j64xv072x28,loopr-ust,576961333,176411000,400550333
terra10a2zzphj98zlc0r0wk2em75tyanueavjecdmyh,loopr-ust,2210297137,2210297000,137
terra1h9e87xqzq985pw6lcxl8fss68tec6q5vgt7g6j,loopr-ust,1240078183,1240078000,183
terra1hyemcafcxhekf6sm50hq70uewr63waqxevg4me,loop-ust,267121173,267121000,173
terra1ksa40ys7830kgvwu6uxfy4dyjl8ar4ccdsdfa9,weweth-luna,34627,34000,627
terra10ua06uzzkq6yg6wrhg0ksdnkkphm9aq8hyyplf,loopr-ust,61024323,61024000,323
terra1xa37whpk5zrwafmdtnth62k3m3zfydfgymfd4e,loop-ust,5113277,5113000,277
terra17d6fs7mxpq8ff0uggk6vmupseuq2agxr36ul2a,loop-aust,2388721054,2388721000,54
terra1l5tv6degj2z03u0xccf95qe3sa2p4zezm5l3uq,loop-mine,1133950342,1133950000,342
terra1smace6pdlmyx63qcyyp472pvgr0zed977dhd7n,loop-ust,157697714,157697000,714
terra1zedf3qzx0rwfs9tj8dws2vmmlhv6vyl8ydzed9,loop-ust,39599959,39599000,959
terra1749j6lew47kxgks9ft9mgd5tjm50m3g7qdqz3e,loop-ust,548124442,548124000,442
terra1j0n6yrf6g9ltdlg8greukdepfsy858r0krs50t,anc-ust,317871532,317871000,532
terra1j72kajs2hc2dxkuzrudl7jmct2x85wszlgntt8,loop-ust,22401482,22401000,482
terra1aqgs9r8e248dkp46mnvuqvlq7d794utuz9xmcy,bluna-luna,38746494,38746000,494
terra1d3q57dsr7m5gruj6m055k4a4gyhypqckrfred8,loop-ust,145760288,145760000,288
terra1vew7m34gtrjyqjrq382sa0cqldwj6am7mdm6cd,twd-ust,91542401,91542000,401
terra1jz2xrqfhkndda6es5y8xpesdnahjensyhv3u4q,mir-ust,109915907,109915000,907
terra1gcurl9w7ze0f58u4eq2v4mty9hh9djq357jlzr,loop-ust,112456377,112456000,377
terra1ys69etd8zjtl6es90ywjy74zrdyk62g0qy2p3n,loop-ust,21635739,21635000,739
terra1wh7dcjm5whshaurp299pnczhfdeurc6qmudttk,loop-ust,43094864,43094000,864
terra1qsa8stwy4rj9ej8ze2mr9k4l9ydmc8268ygv6z,loop-luna,15951576,15951000,576
terra1dy8sa4jvw55lt979c2fkwe6vczes7g2wdpug9u,mine-ust,2422915333,2422915000,333
terra1nk5gcu5yn0x5j4cua2evr6pxtq8pulj3u9auv2,stt-ust,25673222,25673000,222
terra1rn6uj7vvhczu9kljrccckj7gtr308lc3af3zsg,aust-ust,460544682,460544000,682
terra1c8nzs9430l53era0zvj3lxj8vhfz5cnpw08fr9,loop-ust,22757456,22757000,456
terra1lsuswjrprac9mk8uspjhy8w7ffezh3573xgl5j,luna-ust,624709045,624709000,45
terra1kxerwcktqaveq34sddezyes2mpm5h7v5emh7gl,loop-ust,9475736,9475000,736
terra1z30xkkac0s6dqhzkgz8zt7eakkvqpvtgqs4y2u,alte-ust,55930423,55930000,423
terra10d4kn2xqavp59p28h8ufaqzey38j5x8n5un5mm,loop-ust,12454780,12454000,780
terra1cmxcq5yfzasdfs444um8mve4pu37gcwxafztq9,loop-ust,25113594,25113000,594
terra1td7jrnwq4r0mfsrtmpxw0e4xpzg2vupxg2qjd8,loop-ust,1309243079,1309243000,79
terra1yn0jafy8afn4rqvy4drgfg9q8r8ccnvtdxqq7t,loop-ust,17842841,17842000,841
terra19f4uf0ee3262lj238z2ufnwwueqlysdeynkrd2,luna-ust,17014706,17014000,706
terra1rnpy8m6kmw8kvga9s8xhepc5a5skdqg8zvjfud,loop-anc,847783208,699954000,147829208
terra1pm7tr83nj08vllmzzv3gt9pzxup2s9ypmmwf5q,anc-ust,5129241306,5129241000,306
terra1nhx5jux9yd8vgvjnslxj3el46w4zkkrph20ynh,loop-ust,12936908,12936000,908
terra16j6tgk8067stx038qem6enyvfr04g3u0xxp26t,anc-ust,84599765,84599000,765
terra1h8n9pa30ar4762akgep9x7lq75m929wyhzv4kx,aust-ust,919093442,919093000,442
terra1rj7zl9yrr5cyefmm5ek06sp9xu6vucdxvjgcay,loop-mine,62403046,62403000,46
terra1gwyn7gv849t6rx90c5axga65qdxqntdqc5sa9k,loop-loopr,6355453753,6355453000,753
terra130t8tvneg5rglgew9juzetflvhxpxnnwre43jk,mir-ust,60251022,60251000,22
terra160lml094xruqkufvapdm6j3qph8ppkrjt2m4dd,aust-ust,457841906,457841000,906
terra1qyvtkydcqda93dq9yq6vvw9sd95h3ugfdu796u,aust-ust,8990574,8990000,574
terra1gmmmae6an529apaugv0rtu74lg2hnpt6dw7lkx,loop-ust,84778665,84778000,665
terra1patyrqygf5uxxkkuyjm4dk53v3j4whr4znqtmk,loop-ust,158013802,158013000,802
terra1zrv3em99nhylq640ewtx6rursfux9qanfh36jx,twd-ust,1637119611,1637119000,611
terra1fsawegja5434aql8sazytzvyf5dmryseup9mfn,loop-loopr,2355617524,2355617000,524
terra1f8mydc86es4mzgykgcvastvf4f08n0zl7jt892,loop-ust,123847684,123847000,684
terra1vm6w8j5vn00luvvy5tqprdhtzfjq2nlrxxaefv,anc-ust,24899505,24899000,505
terra1xavusjxgufmt0f9lspd33z0r44dmwlafrrrcz7,loop-ust,7960691,7960000,691
terra1uruw8rpjczdfq0jj70964sqk0qn487lww4z8hj,loop-loopr,873048021,873048000,21
terra16cu0zghmegpqhvp5muayw6keal9dvm4a4ae8g5,loop-ust,257557253,257557000,253
terra1gzvyk7dxw63j4kqx9g3jvgpm0j463egnu48cxf,loop-ust,18371334,9500000,8871334
terra16rlfaly5wyspt60ztxcz5ep224zpz3gtvag2k6,anc-ust,190585151,190585000,151
terra1nha0fmm22mnvgp7dmqn98wt6xe2znd357jp8k2,loop-whmim,1148860,287000,861860
terra1jg8ml4tzmsvcwwjwnm7j4xhz7md37p4u3qvac7,stt-ust,47528668,47528000,668
terra1axsa2e5wxux99cv0phlxeyavgjx7ypymzfsg7c,mine-ust,109818918,109818000,918
terra1wm9e298xnxvy4rvdvwqahhsrakam867tgay0su,loop-ust,8861983,8861000,983
terra1lxjq5r49h4h37gxuqvvd7k95jzp3wqdy70tzgr,loop-ust,15703619,15703000,619
terra1unhwt3e5vlk2ujs4awn8mukqqgfta9fz5kpr49,luna-aust,59880394,59880000,394
terra1lu48zxvfcg67pmst84xev3hykak6vajl4f5xdm,loopr-ust,25672480,25672000,480
terra1503fuja5z5ehytkh2yz83cuk4skx75pfm8a8y0,loop-luna,1279919196,1279919000,196
terra1p00nks9jfhytdguqpvf8nysyvced7prwc6f4h7,loop-ust,819044420,409409000,409635420
terra1tv2gwne9vtq9w2anfgv3xgp7qc6xs6lzwfpt6x,loopr-ust,602966969,602966000,969
terra1t65pnvrsdvljzyrspf63jttwqcng65qfawm0m6,loop-ust,8633631335,1075588000,7558043335
terra1p5qdx60ty4jt23aucsvpawpt4sj5jm0vh96qkn,aust-ust,411486944,411486000,944
terra1r47ppfw7kppahkusg863qq2eqw2g776uz5r34n,loopr-ust,21885495,21885000,495
terra13edd5nmktakwsaylz050727k94mkpyyd72t583,loop-ust,322139951,322139000,951
terra19tt5r03hpc68vkf7trmvceuxw5pmzxwclq98w0,loop-ust,487902614,487902000,614
terra1nep2jp82ef7g9ezjxh5nj024lqdlqg8g9hxe00,loopr-ust,63359367,63359000,367
terra1plx8gt7dn2yn3g5523nuc8cwr5twnw3zfl282s,loop-ust,1975513,1975000,513
terra175awas0zkz53tsf9t3el3fkr3rmrjydtpy4u8v,loop-ust,1781145,1781000,145
terra1v9gf2u67hcpkx0gj8f7venm6u6299gu5jplkh4,loop-ust,511085529,511085000,529
terra1p3fdh9j0q2ncywteeaaxmh5t8j6hw2h4mas5py,twd-ust,379985753,379985000,753
terra1getjc5vt5vcp3z58kfz8a380wm3k67yta6hnq6,loop-ust,8669896,8669000,896
terra1nv5aeex3xtmpfh2mk4m396zjl8ahahccc75594,loop-ust,13560871,13560000,871
terra1eh8zqv8g4q0sqkgwcnaerkgyhf53hh92p0gd7z,loop-loopr,25941236,25941000,236
terra15ywu5xwm73ry7nek00kk7kpxnzl69etjavtkdc,spec-ust,881379781,881379000,781
terra1rv76we0l75erpw0t6a47xus65kcj2r7jyq6mcn,loop-luna,13907818,13907000,818
terra1c6etmr0c0xfddgkxfqgekxdfhhz4n9zawyplj2,aust-ust,90454279,90454000,279
terra1lugal2lzr5sklvc4yr7mt60h54dc5zjk0c6h2d,loop-ust,106494421,106494000,421
terra1g4ww45t4wde2vshyy4zkspr33l23uyqckqc8qf,stt-ust,20868449,20868000,449
terra128w820rnh7q7nq4sr8k4c0qgfc5dtfn73whu7v,loop-ust,37669622,37669000,622
terra1y6swjkxmz04n7jgqnx0a942qeq2z9e4rlx4ama,loop-ust,43977962,43970000,7962
terra1l3g65ceapp3dkhd0xwzpf80x4n72ya03lf48yy,loop-ust,1200453840,1200453000,840
terra1n2vmztaa0mt7944u6f8pedhl2ahp7fp2tjts0k,loop-ust,5066388297,5066388000,297
terra1ak8nda7d94kycg5crcy4x4malhmn52n867ykpw,loop-ust,435354517,435354000,517
terra1qgn299dkatkevxmw0gzpxzjc37ssnwq3n7m96h,loop-ust,1717137,1717000,137
terra1s33nwc4kkx273vqtmpceyukx5n8t2zvwl2g0gr,loop-ust,89015249,89015000,249
terra14rf9230080pa8h306z5qregm66rxufj8rwa4dm,loop-ust,49118744,49118000,744
terra1nwudag2rtyj9y5j3tydl0yhfyczjy77aq8pc5h,lota-ust,1750262,1750000,262
terra1j3pzwufmn6jjnk4j9yj8ffx8fsf0hh2cvr4kff,loop-ust,3443707,3443000,707
terra1hctyhxkmklseguufdh2wekhue47rfqdj6laj9z,loop-ust,6167484,6167000,484
terra1ynwxh7cp9artm3pyz36yteretfsdf247tsppw3,spec-ust,373283510,373283000,510
terra10h0cwe9apqrnjll0grud57zlz2l3va9cxrz4nx,luna-ust,6530059,6530000,59
terra1luv47lksjyjxqesxej6av75mvrwzvxj5xluz5x,loop-luna,116351145,116351000,145
terra137jr5n77j7scnfm9xdv33yru4hzrhgdxqd4q37,loop-ust,2526591830,957093000,1569498830
terra1l63hdx7z98zy9k40razngd35v7us8wwqgqdnr4,loop-ust,163857320,163857000,320
terra1f036xmfagy2m6kxcvnkeexn0q7u2zlrltmztvu,loop-ust,22735923,22735000,923
terra1sxlmptkglvqqep9sywm2u3yfuxc6ru867pxm2q,loop-ust,135349143,14367000,120982143
terra1kltet9l77mztu9xn2udxf28twt53d4py24fkk3,loop-ust,17848168,17848000,168
terra1lyw7xw0u003er34gvxk74vj5s4ca8fyyrugxr2,loop-ust,534047475,534047000,475
terra1vq5exkv9rzfp3cmvgyhw7azzp7ksjytfx9dkv0,loop-ust,2260505,2260000,505
terra12erayh4d3ry0nvly8ukzjg7n7e6zjus8prc80f,bluna-luna,6544584,6544000,584
terra1q9tl0an3rd4c3sfmycafq5d3l2r68693w3h04v,loop-lota,360055858,360055000,858
terra1vu7dm299knzjyxet096dkpwfmdewp6glp2dqes,loop-ust,13998992,13998000,992
terra1hs0daupys4me4c9nnu4dx5pq30d9qc4426f3at,loop-ust,36283544,36283000,544
terra1kut2vh6t2afxwxkw0458rrzjfjsw0z2dwzg9qu,twd-ust,92635295,92635000,295
terra17dr654ljx980frcg7lnkxdfv69ptkwzku6tku9,loop-ust,10494758,10494000,758
terra1cfzjsmpulz09knyjg6l7pv20uxvg8rl845dl9e,aust-ust,5250833,5250000,833
terra1ej7pj580kd5h6cc65xeqmlc95kkf9ld7uuqsxy,anc-ust,886493218,886493000,218
terra1kyaswss2wyypnxhstgujrrmesa4pyvszunh98k,loop-ust,67338273,67338000,273
terra1tvd8grhzkptnyf48smx5rtt0prkk9pzzerppxr,loop-loopr,1627031458,1627031000,458
terra12t7wd2kf5c3d8u5j8h8u6stydqgvjk7z28ggzq,anc-ust,145338189,145338000,189
terra1380v000rspymwm7wagsrwg6pnfvw3lvmjd89fj,alte-ust,553105279,553105000,279
terra1a93p452mtva306a4ygxywgaea3g7egc8kpflzk,loop-ust,22442442,22442000,442
terra1nvsz3lhj68nmmcp3t23gc8c2fjpeeyy7lqyt3j,loop-anc,11780726,11632000,148726
terra1mg6amgwangfntuteclney7xkv2xjgx8lfxxrr5,loop-ust,16666884,16666000,884
terra152x69gtt84h8ysd93cp9jkdwu46mn3hf8yyd9y,loop-ust,99252052,99252000,52
terra1p9ujjc2g7zqhg2yec05mth7vhmg3qvkhvnwh34,loop-ust,12911559,12911000,559
terra1ph8z893znjc9gw607ff4mgndmzlsclzwdyv74k,mine-ust,680995029,680995000,29
terra1hrhkgct97dkl9r4kpf8myuczmnwhen95h5ag8v,loop-ust,47662022,47662000,22
terra1v5e56jqtknmuzw3efka5t8amjsstpp5sm67z5l,loopr-ust,61772601,61772000,601
terra1rs92jxes7zjx9cnuu89nprx5w2g0fpac50wwfq,loop-ust,8046912,8046000,912
terra182a42s3255l9lq7dtz4m5fhlzq4v0wwxtjmhy9,loop-ust,6741679,6741000,679
terra1cmtxhvyjc9v26n5dha4u80qsw2xgat75fget7h,twd-ust,879630141,879630000,141
terra1st4dw3c30mda3wuy2aph76yvqundqqxz6xzs2v,loop-ust,25800604,25800000,604
terra147uxgtche0raru7dedst75a7lzx34ydqn5ayy3,loop-loopr,37321465284,37321465000,284
terra1t0shh5u9ct4mkpamd5m4qr3aef4ugdf0wwld7t,loop-ust,98450322,98450000,322
terra1c6etmr0c0xfddgkxfqgekxdfhhz4n9zawyplj2,loop-anc,11406447,11406000,447
terra1c2v7v5ah8jm77yd0qajvszchysut3rdzud5q9j,loop-ust,791541803,791541000,803
terra17mwnd2tuhmh6cckqm4ux7rszws4s7z02mpx8lq,loop-ust,32846856,32846000,856
terra1m8g6clcq3yq5rnakdxvtfmpc8uy79t55urzwr4,loop-mine,366511666,366511000,666
terra1lwk30sxvr48qk8pfpj8tc0d504e9tgw4ea9nhf,loop-ust,16531115,16531000,115
terra19acgkagj5vrp7wrefe0knzvm3hp2z0fz69wawh,loop-kuji,59674043,59674000,43
terra1vne3kgm95p0mtp9khj9legg46ykplfqt5mp85e,bluna-luna,449758879,449758000,879
terra1n224vu4sy2uw5rjvvqwjemc7u2c6cffedp9qzh,luna-aust,20794678,20794000,678
terra1m3skry3f7rer29zvgw6498ld7r62zex4dhpews,loop-ust,22604519041,22604519000,41
terra1welka94w2qkazye4h5xexxs8jesscpjnl7tlh0,loop-ust,66040788,66040000,788
terra13r5uej33xaggt2vnmm3f7vxqlz4hmrju4wj5l0,loop-mine,851468014,851468000,14
terra1z6vvfefw2qyndukkx4ayxfjhlfe4l9k89k4nhs,loop-loopr,3517227180,3517227000,180
terra17j7hy7qq8wqwh972hpss83mhac6n4h0tmxtfmu,loop-ust,9410891,9410000,891
terra1e88hlawedhctya24p8gvka398mz4jr7nxhjeav,loop-ust,92844279,92844000,279
terra1scgypc7d6ea94crlrptaky6w6rpem9hhy3sflx,stt-ust,109700623,109700000,623
terra1jf5qkt9mkh8e3m4zc0qj3nsv730fqlhdmeqygf,bluna-luna,6243101,1985000,4258101
terra1smwp37qzn76w2mn08utgl4fwzxrl5n994qtezt,bluna-luna,92788897,92788000,897
terra1yx0jl7z62l2dm4xewvyrcs0j98fms9wzhsfwuq,loop-ust,11824366,11824000,366
terra1azv2mdxa625fehv8mrjj49jfjdn46la6hyxxp7,loop-ust,207817057,207817000,57
terra1cug83napuhwc869ncwcfmpnrnser9axnfpzd2y,loop-anc,13820768,13820000,768
terra18llrr9zlu3mwl9mj0un0lhh5jqx3upwzl8svd7,loop-loopr,43589600,43589000,600
terra1k0g4drjqgvgm6e7px4sty3dpndq746hv20gmqp,loop-ust,303734027,303734000,27
terra1gt7w3tm4adfgdlz2pw2l8507u0kuf0r6zzhu4s,loop-ust,23587210,23587000,210
terra1jn9hrlzfsng4h66yv96mmp52kqlcjh4nevfjv5,loop-ust,34937807688,34937807000,688
terra1ferzlvgchdm4kf2cwlk9k9ztkxfzl5vqpmtntv,loop-ust,2733057,2733000,57
terra15h4uju9cv4c8qqeu4pazpwjzvwrpmcf8gwfkgh,loop-ust,63893512,63893000,512
terra133vhzpfgx8r5mvq80jnlhz72wep2ejafzkxwat,anc-ust,5712689410,5712689000,410
terra16vpkrtqhnqzaywdudwruur5kwceemh7xd95x9r,loop-ust,2120262,2120000,262
terra1ve5zj6kat5kdndk4zmxah6lnckxkjgjc3udnp5,loop-lota,20339402,20339000,402
terra19mvw4jla4mz0fgsdsv2epzz0hrzkp5sykqeqj2,loop-ust,1866266,1866000,266
terra1757lqxzrp7nru9nvmun7f6cjqk9huljgfrfnxx,luna-ust,351700807,351700000,807
terra1cws9l6jk3aslh5rqjkzcc7532qwg93ec8jg9j6,mine-ust,1134961491,563385000,571576491
terra1lrkkv4eynzsuejj4wscy0q30cu8n6jek3fhm4p,loop-ust,2403896,2403000,896
terra1vjuq4alkt535kq9f5428808tp2xp9ljkjgsyyk,mir-ust,240181929,240181000,929
terra1e8qfthlx2tf6hf7zz6euy0z8zly3663wt945rn,loop-ust,7052371,7052000,371
terra1ejt4xm5kw7wl3d0dksajnstn65e3e7le25wa0s,loop-ust,8373433,8373000,433
terra1l7sv6akluxucsauqsgn6y5w5w83dkkev0y09g6,loop-ust,71513600,71513000,600
terra1jytht3cleqm5d35pxcytx3a4a34rnyt9gqd4wk,loop-ust,184003349,184003000,349
terra1sylt2cjdu2hw5psdt5y274avpykf096mnt8cev,loop-ust,5399349,5399000,349
terra1gkz6h95wmh08hgdvlfj6qwm74ejmspy8c0st4c,loop-ust,47864840,47864000,840
terra15xa08fej3jwjufun5qn9amn2hqvjkx0std47qj,mir-ust,964188599,964188000,599
terra1n2qlmg79detql8d7ttp8fx8dk55m5dm4ed63tl,loop-loopr,7974744821,7974744000,821
terra1vnj9u2hekrzgl3xwz0dh3l3yfgqnt4s95pdzgs,aust-ust,3364153099,3364153000,99
terra1cm69g5mkg8qqeq96h09zvtdun4vww0lq2h5glx,loopr-ust,9722689836,9722689000,836
terra19f2mxz9caj88jwxsq3yrrnulxetdxhpc9dywgm,loop-ust,8601919,8601000,919
terra1eytt00l8k5y3aa4ynhuhn0t8lr4jkxwcaueh49,twd-ust,69657549,69657000,549
terra1ratk9n5gtuqakqpfyuhm5uyyqhhkq0uvz5yvkv,luna-ust,76850058,76850000,58
terra1l7m3cf5vp4wcw6a3svedax36tj2zc55x2hgszy,anc-ust,26044055,26044000,55
terra1cx3vfgwlmhuxv4zw8vy2k5f2ag0dss0jl0wnga,loop-ust,237847316,237847000,316
terra1h2ychmvt9ax0p96j6fjm5lwp0wks3j8jd6uawp,loop-loopr,153241453804,153241453000,804
terra1xr0g55q9kjxtte0xmacdhkg4etlwfs7sjc42rm,loop-ust,124052429,124052000,429
terra1ufg2ukfqn7csd5890m6w0ghgfh0lcnw3ar6sq5,loop-loopr,269886582575,134943291000,134943291575
terra12hfuzmmtxc3h4jq0kxn5ezl6756paw5psnvsyj,luna-ust,30108338,30108000,338
terra1c2v7v5ah8jm77yd0qajvszchysut3rdzud5q9j,luna-ust,392274581,392274000,581
terra186dugdthm5nnmlljz3d8lrmjud0eg9z7mwymzh,loop-ust,163727009,18601000,145126009
terra1zt6mltnkj2y5xzv5u8aqzkzu388xg7m2m7yy99,loop-loopr,459082915,459082000,915
terra1rxrletacekn3aekaasvn5twzt4kq59xx03qjxf,loop-ust,2786095039,2786095000,39
terra1pnq082sptsj5wys8qxdtlhnu25j82e5mmn92qy,anc-ust,11718955,11718000,955
terra166ha76r7rxvwnvtq4c9qcwzd9vzwg7eqxvklc8,bluna-luna,489591,489000,591
terra1xs84a4edgpk9z7ll7ndpa35y64wqcdax2t67gs,loopr-ust,156220266,156220000,266
terra1kdxg7de6wyhfnz3nf0lhylkesvk3t0zw2awuau,luna-ust,159042376,159042000,376
terra1csvk5xx7ftuldx50aj45qqyc6yw5mtrjxptftd,loop-ust,82717550,82717000,550
terra1mrxlx2pxya49lhklgy9kr5lwx0x2t7c9j0rgh7,loop-ust,207202054,207202000,54
terra16e4564n3x4acwguhenpram0v4e4j7f23yxr2fx,loopr-ust,28683461,28683000,461
terra17uw4g8tuuhh59wamrue329fgrydtj3xyc85hj4,loop-ust,7317784679,7317784000,679
terra1m7ps2k05e5trglhpc5knm89x52m4lctf2xyf65,luna-ust,28636288,28636000,288
terra12v9pdk3nagr47qdk457hsfne26pxrvlq6tkch3,loop-ust,42642975,42642000,975
terra1sztvv7vpc3wwqwfvhd4el3xkttkpnx57fz0z9y,bluna-luna,77419926,77419000,926
terra1yqtpk244drddkcjagpkr7xygdasy95yvjphwm4,loop-ust,20374064,20374000,64
terra1dt5sytzsz2ndxxavaacvr6dh0kkr9xwp0slfdg,mine-ust,609439402,609439000,402
terra1huyha5fenn7zcw4xz5yg3d5jct8cu2clth4pu3,loop-ust,8047668,8047000,668
terra1hn4tv2jl9g2k3d354ah8cgmqqyrs5cuf7cghq9,loop-ust,891564,891000,564
terra1q7mueynwd0ya2q056y45rcc8l4dqxk6zsjythj,bluna-luna,1006624,1006000,624
terra1u8j37e8l82ucthx574njxmuyqane2y9h0ewwxf,aust-ust,32193756116,8048439000,24145317116
terra1sztvv7vpc3wwqwfvhd4el3xkttkpnx57fz0z9y,luna-aust,510906880,510906000,880
terra1yhh0exxtgl3u4g0t0cktxpvhdhsjjgs4ju7vvt,loop-aust,2472917128,2472917000,128
terra1gt7fzk652vwh7q6tc8rlwqs4tzpvqv2p07vla9,loop-anc,9558320,9558000,320
terra1kum3anlac5jy6ynvcamd4xyyzfqp7s56hselsk,aust-ust,72964453,72964000,453
terra1j4k777wjyjuq479jt32vfsqg74xf54kyusexhm,spec-ust,96673638,96673000,638
terra1mvvrztjdgv2p2ajcva59mjn89e3qklc04pwsgl,loop-ust,2986148,2986000,148
terra1krhh2j4shhekdz332xy8tuq3rz39jae47z8xt5,loop-ust,11668295,11668000,295
terra1kxw506cgh74fm3kvlprehfyxyumrnez5u4dgg9,loop-ust,53285722,53285000,722
terra1puzwdrpe53xezyz2g0y350xcsgx32nck944rfw,loop-aust,476052778,476052000,778
terra14xkq4x0nyffelvts33cf4njngc808f56punzsm,aust-ust,152292948,152292000,948
terra17r257evk5y8tr8zzznvngpz2tamk36qhv0l40g,twd-ust,2873537,2873000,537
terra1lg3lted6a4yf7vwlqhwcpqn42mckveqqvkyjfh,aust-ust,278026679,278026000,679
terra13zv4m7y6mktpjmqe9l5dfpxea2vd0xm49cdyfv,loop-ust,146975614,146975000,614
terra159q0yqlurymjxny4g28y95tdaugmc3d76zs780,loopr-ust,76842051,76842000,51
terra1y8p3mq535sm3y420gj00c5c9ks85jfq9dl7q2r,loop-ust,9755888,9755000,888
terra1ayd8xsxex8mpqnqtvh0yfxeew4699zau3jwtjl,loop-ust,7948127,7948000,127
terra1sm0p7gug459al3lwxdk0remmhlrmr464jxsq3d,aust-ust,267103256128,267103256000,128
terra1lx7dyxhmgmlfwrl3ldnsrgck5g4p2qcmw375y9,aust-ust,89638773,89638000,773
terra1p3gt9ckxenuam99mf0ev632gupjjzh8pfxre3h,bluna-luna,16647174,16647000,174
terra1as3ullaxwnwh7hae6mx24ccxc07gsj0ypf0xt9,anc-ust,62012187,62012000,187
terra1jmkm8tgpfnewup7vmus9xlxgy5k3nx0l5fn254,aust-ust,10471577,10471000,577
terra16fjd7tlaxkstfs53sx9hsurxhlv84ssmmcx3uy,loop-ust,25735038,5735000,20000038
terra19mrhe8kuk9fwnqkm9rvu9p7axm0mtt28zwtwru,loop-ust,39028332,39028000,332
terra162c4nzmtjqepxp6n9pqhaq5r4p54z99ype2t46,loop-ust,20906759,20906000,759
terra1rm9crml9n58ex2eyuxx9wlnep8jgynnw38tptt,loop-mir,259466196,259466000,196
terra144z7kxww4lf8p355gnft40m3t9pet585h7xf79,loopr-ust,61615870,61615000,870
terra1vpdgj98ad40wys5avnyuav7kaxjn48fvekeyss,loop-ust,209985325,209985000,325
terra188kcdgl9q8fghsqgu88tevs0h3mg3svdwqahwl,stt-ust,2420518965,2420518000,965
terra12pyu44xvgwjas84t6wlw7pgqxlvg83lxjwn8my,bluna-luna,10274226,10274000,226
terra1ej8qc9kw2sx35amyakz468s3zcycz3uewsdq6w,loop-ust,2028788,2028000,788
terra1chz0jfz6054crvxfzq59mm2lrp09u05csrg7nz,loop-ust,23772555,23772000,555
terra159q0yqlurymjxny4g28y95tdaugmc3d76zs780,loop-ust,9372876,9372000,876
terra14qv27fvmu0ayunewcwv7katvcmhyhrwj3m6hrj,luna-aust,535833899,535833000,899
terra12ykkme2ufjh7w3kjhdcmtr9u9u57j6eu9v82y6,loop-ust,20312105,20312000,105
terra1tmfe2fwrj93myk2kwds8x7pr0ztvdgppnlcz0v,loopr-ust,14093818198,14093818000,198
terra1a7m8qxlcsp9mkwl9r3xrlkn0utjw9qru9xpk3n,loop-ust,1898714,1898000,714
terra1spgft98vxsx5karrnwehnsa53vgpkxqrzmdwcs,loop-ust,7366125,7366000,125
terra1gxdaluvrdplgeqw968zfvul5qmm828rvcauczm,loop-ust,292444520,292444000,520
terra1wungehwcex0kut372g3kjvjerk8030d52zhq67,aust-ust,4472168467,4472168000,467
terra1k03n5tcj6f7d6zkjp3xvl8h6hp05vprlscw23u,loop-ust,321613844,321613000,844
terra1uu3r3h5wmv9d0pjc0qwtfg8tavhme6x4k05m92,mir-ust,14472029,14472000,29
terra1hfdjtp94zq4n23darzd8ndch55vr8qys5dsgql,bluna-luna,81119406,81119000,406
terra1n4r7t9sazaprkjct6q9qht9fkge5e2zx48v6yd,loop-halo,217214289,217214000,289
terra1auef9hygpjlmuvmjzjczjg7ru6zrxl6w03deyp,loop-loopr,48435660542,48435660000,542
terra1etwq0q8wwnmq7322kz4v6ff2dcvwfm634vdkqn,loop-whmim,995409333960,497704667000,497704666960
terra13m4nzcpuwv77r6gyn63e2tge69r5hmsn3z33sf,loop-ust,96437901,96437000,901
terra1964zqkzwpuqul2kcwracxj6ef4v0mwdk0eah5r,loop-ust,2054980,2054000,980
terra1ukk5r6pm678s9vw4v62020rwwlncjmmkpfykzn,luna-ust,7092005,7092000,5
terra1mset0k4hgfss0c0rgy0f54f92w6dn8jvctguj7,loop-ust,24302085,24302000,85
terra1fwwsapmqscgwjqlkpguetuvuky90f665y4r5ef,mine-ust,418250635,418250000,635
terra1x9tu8qu7ys6fgts84ndym46tfc29c4e27fyrcg,loop-ust,255603213,82486000,173117213
terra1dlhqy5g0ammgjldcwnsrfr7fmvnlh6wn2rxpxy,bluna-luna,15234101,15234000,101
terra1ju9xepxmpjan0vlxgvxnacwgcdg9el3s0rvl8q,loop-ust,157986602,157986000,602
terra12gsk0wu7vjfvdrxvhl0skd2u40shvvqltcqps2,loop-ust,1048381683,1048381000,683
terra1k7av4k7llsydvswlrgm6ezrupe7dlnckp054ul,anc-ust,1065335712,1065000000,335712
terra1mx3lxpk9wfqvu09wv4tcemee3rappauszang5g,loop-ust,250710200,250710000,200
terra19ncsr57n3rnrsnlrccx3rw9tvyguwxede3uzj3,bluna-luna,6497892,6497000,892
terra13s8rw82j4etd794m7907t5g8k8jrfz9zrmk3f5,mine-ust,121096711,121096000,711
terra18nur9h9lh2tdcaecfsxjshaacjjfx4wxlywq94,loop-ust,19065204,19065000,204
terra17mu33cx3lq42p5scz7k3rnwcc6pu4x45etr9f2,loop-ust,98858319,98858000,319
terra1xkufcrpppe698pcc2twtnmu3ph835hx9dqnld3,loop-ust,147166689,147166000,689
terra1k6rkpn78nkmlgltalfay9p84njk6gmgx7htgvd,loop-ust,223234901,223234000,901
terra14uajy759k0l6rddhh5jhw6e0hn22kev9wu2lzp,lota-ust,58553288,58553000,288
terra18g9q6zj4gvfnqla098t86ytmr8fl55hz5agm6y,stt-ust,760914013,760914000,13
terra176wk0a4c54se9sdfea94pjwvcjpyqdfxts28fh,loop-ust,27987136,13993000,13994136
terra1l0pazxfxgta88t3d5gw2c6xa0kazf5h752xjgd,luna-ust,1567029248,1567029000,248
terra1xez6rcv6zqzjae0t0hanl4g2guujwexfvpkvle,spec-ust,910720905,910720000,905
terra1kznyy6tta8ju607m9k464me4pyps6wc8emjak9,mir-ust,67287916,67287000,916
terra1y9xgmc574j2577xun8k9ay6w0v6xkxkls3ttu0,loop-anc,35571486,35571000,486
terra1zkvs05dl8htr84zchn2x6yrnjtpmzkc3d23t6f,loop-ust,5542085,5542000,85
terra14zqcc8zzrsustsh03l3xyhzman3tne5nhjyjjy,bluna-luna,26221579,26221000,579
terra1hnz67e6vajrrg29t0svapl0p9jwtkyr8t7kmtk,loop-ust,16581294,16581000,294
terra1hscz8kcn73q378lxxy4mrwzje5dz3gcf8qkzdg,mir-ust,179402342,179402000,342
terra1t5fvzdkv3jve5s3ueh9usd30xmsd7jca6ewlls,loop-loopr,2132849061,2132849000,61
terra1smg69mxmvsnx8yln63apg536rvtwkclphcgvyt,lota-ust,38993551,38993000,551
terra17t6jqf76r4f297y390zegx2980wgnxd7545h24,loop-loopr,26796777,26796000,777
terra1vkcq4f4u4sa6rlccehng3qd3mu9nwaejdz8er0,loop-ust,33539007,33539000,7
terra1zjkydl64h9fh3geuwz9hnqxcj847hy0s88xyqe,loop-ust,135281008,135281000,8
terra1hmmvfr8wkqyyvtu7ate6d63fjejekftf60kn4y,loop-mine,525156108,525156000,108
terra1sm8687se6kcl9hrc4nfakcxwk2yjwm0pr5zyrg,loop-mir,3731464,3731000,464
terra1tt3r3054dx6f893v99zrqjcymp69sutmres97y,loop-ust,12454875,12454000,875
terra1duae6dt7sglsjawnz0pxvvqv58c76d37my0qjy,loopr-ust,31736975,31736000,975
terra1z44fhpmwq8atcrrm964pt82avzsrmseahaft0d,loop-ust,2579180424,2579180000,424
terra10wznrdn76mfssu678teyqtdy60w7g8vn39vf96,loop-ust,66882048,65882000,1000048
terra17xw46fzjxmze3l85d6fzufs7n0wmcsuwx57ng3,bluna-luna,9888802,9888000,802
terra1kl2gvn2wmr7aqf6gwqnmyn993tfygzy4ju80rf,loop-ust,25517671,25517000,671
terra195ex237v3vk25a444mgp84ew0uzv4ajl960qtl,bluna-luna,1145176,1145000,176
terra1w6a7z5hny638lp6h28rzt53j4h05dw4c4hlmug,loop-ust,5501443,5501000,443
terra1wna5mh6tktmyjj8qcv0e05fnu4f0ddv9shkjhv,loop-ust,3919128,3919000,128
terra1tpg22tjsrf7lgdxup55ufu2caj3v8grk492a9t,luna-ust,124128620,124128000,620
terra16kpuu9zf37u5ss9rc37j64h4xjlcx509wudrpu,loop-ust,14445485,14445000,485
terra15zpetcnjmg5p53na6rvyp6vvm7gnf0qcfrn8p9,anc-ust,428245981,428245000,981
terra1z4372enan8n0kyneh5cqg7u2ydvwu24r8h87c9,aust-ust,104659585,104659000,585
terra1jruvqcygt4jmejf5c0vxhpr3rjm9fpj8kyg9np,loop-mir,4058222439,4058222000,439
terra1m9788my5ddjn2lfknafv7vnw5wz7puml98vnc5,loop-ust,18483715,18483000,715
terra1t5pyshuthaq3axjqcgjf3m8c8zyzw3cfz5eld6,loop-ust,4446503,4446000,503
terra1u8cqh39xsyxy4ylhc4dvnf2m3gvssp9payhc8m,loop-ust,2035310,2035000,310
terra13qygq74wwr0f9vn0807e095d7egzjetu8ejnys,spec-ust,10683388,10683000,388
terra1wdyr7zyf07stj2e0l29f0yl0n3kanurnzlnzc8,loop-loopr,1533480171,1533480000,171
terra1fn5k57jm08zwprffp6eq2cs50g884eml0s62sh,loop-ust,17676033,17676000,33
terra180t9k3yrsznzav4x3wx609yk9wrmlww968smc5,loop-halo,2676414454,2676414000,454
terra1txjdlel7uqrk4w7m769s0wymjsl2h62f0u2pvx,loop-ust,13338399,13338000,399
terra1vkty2n9ramcu4e6j4nuqnzqdz3vk4wd64ty7a8,stt-ust,442789772,442789000,772
terra16a9n9fc93l96x3hls3e3ctd2cestr65m9tvslv,loop-ust,223833564,223833000,564
terra1w02dfwqz797r8nsvkdkt3hd4e62esdwq95vlld,loop-ust,1080254,1080000,254
terra1zrvxfthyq0acvnz5crfdcpeq3d85fk3gt5vvll,loop-ust,26922876,26922000,876
terra1udgzqere343jqkgv9hwpr4h8w7qcgt7jan0ktt,loop-ust,2497753,2497000,753
terra165jahg2kgsp25fqj0edhqceha72un3kth3m02u,loop-loopr,2220802489,2220802000,489
terra14ysglwdzgjs8mfj5jsq9rvcf0sny3zj9gw30rq,loop-ust,468966101,468966000,101
terra1vchph62v7fv63xjfcrz7tkatn6g8w5kn2keu6d,loopr-ust,61922264,61922000,264
terra19vhnd4mhqwug6myquhcd53wdu4ern28esyt3kt,loop-luna,1780134890,1780134000,890
terra1ttdfcp0vlv0h7l6s37qwxmlc8fjtq736s2d4kj,bluna-luna,12970601,12970000,601
terra1y7etmz4v6vuaxwv560dnvud9rkfh7u4m78wj9s,loop-ust,23642475,23642000,475
terra180cgszc5q6jf4hywl8np8d8x2372w27wak2j9j,loop-ust,9130383,9130000,383
terra13k26v8a647mfjktlc7gnvj8kdf20uqjunzwewd,loop-loopr,1209190209,1209190000,209
terra18fvpvng237axwgqmssddn787rlghfd3xqnd7wq,dph-ust,73446378,73446000,378
terra1qdzyh7sx6jg5xwgj34dwevgsgy2aqdxhv92f9s,stt-ust,815263108,815263000,108
terra1nmte84wc99lgpvvt54sy8cpjgnggu3aw2794u2,loop-ust,11552015,11552000,15
terra1mhcnlye9lhssgc0sm6t59497t9l87fzf864nd7,loop-loopr,1983462120,1438148000,545314120
terra1asga036x88ccq8rumdzujdzacz2htdm9tf09f2,alte-ust,4445549,4445000,549
terra1s28ls2jkekusq5ddr00hk9vnlew0q2f4ljx62m,loop-ust,5204352,5204000,352
terra1l26e9uqymp8lfq2vxfkqt0jkxy9eqdkejngtku,luna-ust,55156467,55156000,467
terra13ejcew80rth3qs67c7vhwv6u6nf3ka3wysmklt,loop-ust,24090951,24090000,951
terra1w677c0nht8alplxq54876c7620wa642e9739n7,loop-ust,13098086,13098000,86
terra1pgxnknmkkhdskhnkj8yk6gaqq6uqvz8vdc7vdq,loop-ust,143599415,143599000,415
terra17md5k9qp2j48aczqpk0zdpxekc53ma6c2nf9uz,loop-mir,431005743,431005000,743
terra1yeuvhuez9h4udd4yexczkkqnlkmazrdsnlzxwj,loop-ust,44840264,44840000,264
terra162r3lppwtfjwv999pq8t3fun2nl9mq75tyvsl6,loop-ust,9447310,9447000,310
terra1cm07r887kvwh99f4gw7zw3hgqx3yu5m7qm9pca,loop-ust,34249662,34249000,662
terra1wxgyfqvet2wkmnmrmw44ttek30jq5wg90l5sgp,loop-ust,47864942,47864000,942
terra18ul287ft0fmazgeafta2zx7v7qzep5etu3wlvm,loop-loopr,79438262,79438000,262
terra15ujetdtgc3r760quv4gx5vkj7jyur6ltm8rwea,bluna-luna,19793495,19793000,495
terra1jhutxrccajkq2yumxrcd7mfmxfua5uy2yr5zgl,loop-ust,5280610,5280000,610
terra1ttv8vg3h3a7duj6umcm2njcspqpmvzw8u33ylc,mine-ust,3729991968,3729991000,968
terra1cssam8rt49vjte7unzfnq9sl0yplz7mfd7yujq,loop-ust,1893612,1893000,612
terra1wthr5wkj866ykgunzxccgv68tl236dsxwpqzux,loop-ust,256707776,256707000,776
terra1e4smr4dfag770lrm7dhv4jk2z43xmuntm39uw0,loop-ust,10293156,10293000,156
terra1wl6hacpxl97th62wxd59leljy6t07pl3l3tg22,loopr-ust,425234164,425234000,164
terra1fwkhrxjdp40pereve83j5k9gshlnwq23clxzzp,loop-ust,58984707,20000000,38984707
terra1xjxkn97rpec6ctr46sspl0y2uppn6tj0v9ldc3,loop-ust,9449518,9449000,518
terra1u8j37e8l82ucthx574njxmuyqane2y9h0ewwxf,loop-loopr,29987762674,29987762000,674
terra1m0vfgktlhm890dxfjkhhdfwgdvxlfne4xgjwft,loop-ust,13920718,13920000,718
terra1ufpg8sjmugkydglpxdvgn79qqyxmwsv52snshj,loop-ust,8480947,8480000,947
terra1wef5hkwnuuzawycw4yq57lnpjw4j256pcjnxkg,loop-ust,13166639056,13166639000,56
terra1ps8huw6lx383fzslc74x0apkzly75e0h685qvp,anc-ust,11928761939,11928761000,939
terra1mn2dr6xht5t9pcrj7wgzr0jkfak590tltqe8f0,stt-ust,110921853,110921000,853
terra15ltwv62aqjacyxcm6xgvcr437m32czuz4vr2cs,aust-ust,9719581,4475000,5244581
terra13yy5n2um0wx3t89525pvlvgry83jwakt6v69qd,loop-ust,13135731,13135000,731
terra1ke8avww7e45pacnsn4ldj8087yv5p37qwgcrdz,loop-ust,530485025,530485000,25
terra128masd777sqw2uak3qhkvqnnlzxtvvegtku860,bluna-luna,15390112,15390000,112
terra1k42pc4kt0227atraaxtnwkzd83sjj550zt26m3,loop-mine,65463265,65463000,265
terra1ufyrfnruv9rc8fxnjfm3p8enu0pq0s5rqxqle2,loop-ust,234943185,234943000,185
terra1wxjm69rpzr0d5xhvnzwz32spdngcd48k3m8dpf,loop-ust,1374129242,1260410000,113719242
terra1yyg2x4jauwgx2w4js9c3te44pvfemuzzk24ece,loop-ust,297034663,297034000,663
terra1hdnx2zdr0ymv5uylstxvfatc06g3j7ngamguhw,loop-ust,5396716,5396000,716
terra1pw3c5mwhc6em2sf5qyz5fgy04x0qf4s8uzecfh,aust-ust,423558570,423558000,570
terra1wettpsccdc93cgyk7ttwnsglzypmy7allypvnz,loop-ust,6798902,6798000,902
terra1ham8hm3d9s4frgv7uyc9gdwkcp2el5ew53u5k4,anc-ust,10451922482,10451922000,482
terra1ashhnnqlrfdppx2xztch87zfmekhux9j5428a0,loopr-ust,12045467,12045000,467
terra153nrtqe2gnhfvc496s6jqel6jglmcs0s66paxd,loop-ust,71149384,71149000,384
terra1er7ec5c8x53lrl8ejv4dnles8m7chzpxlmwf5p,loop-ust,9022764,9022000,764
terra1eexl33gr6p9h8q3amx84xn7ff2y0xy92uzdd9m,loop-ust,560876332,560876000,332
terra1t6arv7k6jq8mvxutwesfxmfmk5k9wyyq6wc46r,anc-ust,74681928,74681000,928
terra1dn3jlpehyzn7vhytz8fmjpgp4x83lxwhtjmyks,loop-ust,3653344,3650000,3344
terra1lz9ugye4ggrpsuwp5mn7y6wm3ql7jdvru3ylez,lota-ust,22876087,22876000,87
terra1pwxycypy0ryrp5xfhshha87gm3shnfp32fg0zm,loop-ust,141079084,141079000,84
terra17ahaa762ykd83u30a8k84a02wcsetmrwzqyn8f,loop-ust,414559005,72306000,342253005
terra1e753rnrnpwzueu2apdh6vsn9tkug7j5szuw34r,aust-ust,89986668,89986000,668
terra1lem7kl6lkzf97ka3z6tqhcnaevz00s7zetm9xd,loop-ust,8947659,8947000,659
terra1vh3vftwpmpv7c0eeum80pdj4t5fj9c8u6cwqxy,loop-ust,11717395902,11717395000,902
terra1ccllnfuxhr3gylejt6taltgvq3amnuj7hjt4m8,loop-ust,29778143,29778000,143
terra1dmd0p450knegn73getyz46lv2fez8wah5252cp,loop-ust,6609404923,6609404000,923
terra1g3yqtfjjl9n29l64nekes90j5x6mqgc0cz3a6v,spec-ust,161441737,161441000,737
terra1a3au7yhryuzzaq2js56t8g386e499pa2y5dka2,twd-ust,1215316803,1215316000,803
terra1skymv89kesa7ufdvyemy7wt4u4t0dqxexcjsny,mine-ust,41754935,41754000,935
terra1kad4qjuwu8epdrejc508tlz4egkf2htdfx3znx,loop-ust,19435754,19435000,754
terra13um8w62a6z3n6yhhs2svqc3h4h7gfrvl64k5z7,loop-ust,118523356,118523000,356
terra1c6jsy6rkv29n2fak7rld6d3ynjawjvnvcvqech,loop-ust,14189919,14189000,919
terra1ykgjqypxml5gj762awksfmpn7cpr267w6kk4la,anc-ust,29922492,29922000,492
terra16hgu3h49n9gcjrn9fm8sy68zt6e4e2rsvzacpx,loop-ust,1886671,1886000,671
terra13ynuyprvexasx27h9pkglk9xft5verzvh4w0s3,loop-ust,9445955,9445000,955
terra1xus9ydwl9tkjqtrs5sfrv3cs3mydttertgruw8,luna-ust,45566237,45566000,237
terra1xduz06ddwnlkxm8dvm6zyh5xws2hx50w5k6a2u,aust-ust,1426608967,1426608000,967
terra1xe9jx2cvet32rd4j0gq4wllgf6c3djh4z6ausu,loop-loopr,5975336744,5975336000,744
terra1u3wk4rs7uh0unvtkhq8fln4gm7ppcj9qyduyre,loop-ust,186882572,186882000,572
terra1qwhxxzcugjstdcwgyuqukehdnhlpsk00adf9dw,stt-ust,147428571,147428000,571
terra1nqtr2elcp5xsrr7e9g9uhzxd44uc884jn8qud8,loop-ust,61638188,61638000,188
terra10dh6hpk3jnvqh9lcwct82lzpfd25gevutmggaw,loop-ust,28005112,28005000,112
terra18sz8ekuhq7jjtexnlmjzhap09yg2zyrvj0y484,loop-anc,2611650155,2611650000,155
terra1rzcrqsscsdfgrhdck0t5yy2p3lvnny75tz5pxa,loop-ust,124990276,124990000,276
terra1majp2grpa8g6cx5munmauxcccrsz8s4rypj56h,aust-ust,896117754,896117000,754
terra1xtfw3wp5uygkm49rdlgp2p745gev4zfuf8f2lc,luna-aust,850315470,850315000,470
terra1kp4hcsmuc4js4grercw4llgqtnnhnlmsh6cdtn,aust-ust,177508019,177508000,19
terra14z6desp46lwpespp648k448ysay9nkmj6m56cj,luna-aust,193330919,193330000,919
terra1z6hm5y4w8h93ksa3vq0cvqwpp3m0mq8am5f988,loopr-ust,1973983777,1973983000,777
terra1ratk9n5gtuqakqpfyuhm5uyyqhhkq0uvz5yvkv,loop-ust,791996644,791996000,644
terra1uzjzftq54rfnyl6ra6e9vfn3zfyl077r2se873,loop-ust,20179735,20179000,735
terra1fpxz2tgegpc9p6yrmnsjuu2x9sqfjy3zna7wq8,loop-ust,7718362,7718000,362
terra1xkfjdpwql7jp56j0adsengn3zg5w3cgag4vd7s,loop-ust,2132357,2132000,357
terra15qztmru052akya62e87xy59pyeg5wlxdmn3gnz,loop-ust,11996760,11996000,760
terra1jcmrl9wc7tc0qcuty9c9kuvrkzek309wsmh0qq,luna-ust,36632288,36632000,288
terra1wk3yn6rjkn0snw60lw0es820ggu32hvlp97h8x,loop-anc,114988274,114600000,388274
terra1x78yldt67nrm0p89jtll3j99fn2qzlzlelr7va,loop-ust,940878044,940878000,44
terra15t55att38s852rhhpj4h05u5n4hqpwteq0ezxx,luna-ust,19503958,19503000,958
terra103985t7haeeppgeas5lh8ys0zg7dguuqhrxwch,anc-ust,505096035,505096000,35
terra1yspzxpr7wcmwgu3fmke0v0msqd4wk3zm3fwza6,anc-ust,57197632,57197000,632
terra1xhvns99dcrg4wu6pphgzepqm9rum2aq563pgwy,loop-mine,281138248,281138000,248
terra19acgkagj5vrp7wrefe0knzvm3hp2z0fz69wawh,kuji-ust,1793481,1793000,481
terra1rdfkz6x5kxfc62t0j83mpscz3pgl0he0ej3p0u,loop-ust,495314616,495314000,616
terra1efea06cm0ajtdwvede079pchg656x02em4y9ym,loop-loopr,497808034,497808000,34
terra1u8j37e8l82ucthx574njxmuyqane2y9h0ewwxf,loop-luna,11306497471,3515693000,7790804471
terra1daagsu9nksv8z6zrl6z7wrknu7p6m706hlxjx7,loop-ust,66099157,66099000,157
terra1mwtlc87t6gkjrhrqhgulq30vun8rg4z76837x0,loop-mine,680691939,680691000,939
terra14zyxxcxsxfnfg043sm9vrd3yp0ufecuszzrkm8,anc-ust,207895639,207895000,639
terra1anfczpca8e2hnkc07vtz8hlkpljw2z22gltu2u,loop-ust,24011875,24011000,875
terra1uzmlhflc38t67fpwqgxt8tq6q5t2rm6hsfp45m,loopr-ust,346585646,346585000,646
terra1aekjz0qftwzwq7j4qrpsjl525vjr2pvxnnhldl,loop-ust,31147960,31147000,960
terra1z48f6katlrw6gdmgdn8qff9f869w9ws4uahf2e,loop-ust,34233529,34233000,529
terra1gcrz6krqkw3jujnnzt96u46m6euqu37knek4gr,mine-ust,571867635,571867000,635
terra1r40wr0knxu44hn69mzg703jv8wq62urvxj5f20,loop-ust,928711,928000,711
terra1xqlwjnrpmvhxtzjkanc4dnvyt4nqzwphaj5yzj,loop-ust,8267572,8267000,572
terra1cjv7m6gcel0hgqldv4mun2ygyvp25zx5k9jx0y,dph-ust,310784877,310784000,877
terra1mvztjn4drq0mpw3h5p5d78r4wjflqjhurwyvps,loop-ust,45041921294,1000000,45040921294
terra1r06u6j677pxtufgtqjx7z6txdu0zvz64j50p6d,loop-mine,300194394,300194000,394
terra1fc6dzg9zqmlgew5dgy3wwv6pvfxz8veupmvq98,loop-ust,243427558,243427000,558
terra12kyuy4sqrjwxpq6z5qp4rn6qhh0hd8y23g49lv,lota-ust,1981451,1981000,451
terra109gjjdavqcyjcc8ceptu3ghzdtnwydyjs565ju,loop-ust,211532159,211532000,159
terra1wf9fzdxv4a9cvm33kvt40lup0stqjtw0qpsl3u,loop-ust,6134631,6134000,631
terra1dpy88huse9da54txsucjmkss7xet2hjk0n38kj,loop-loopr,8684794463,8684794000,463
terra1l0w6037ur3e8wt7m9t5xfrewdyvpgexpdrlp2s,loop-ust,499605472,499605000,472
terra1fzxz363qearle83w3m26387kjsv58nmgqhhrmp,loop-loopr,5051725695,5051725000,695
terra1au6n2j8r2nezutknxpnkxrq2xadkpmyn99w0ee,loop-ust,244411692,244411000,692
terra1pcxpyv70ma3qhzfddy4cadvh2mq4q8gjlw88dl,loop-loopr,804919906863,416227625000,388692281863
terra1duke9mwxlscreu70jqzsjhugxzrlc4y9svey6g,mine-ust,2238333932,2238333000,932
terra1luv47lksjyjxqesxej6av75mvrwzvxj5xluz5x,spec-ust,78045843,78045000,843
terra1u5zp3nh6n9r7ef7xep5s0pydddmpfa85dgq2hr,loop-ust,9339294,9339000,294
terra1xcyuqg89nt3ccl0czwddky0dyzu0hym52ddxtp,loop-ust,110474686,110474000,686
terra1wh9cyfx6qylt72zrna63rjeka7yz82gn629tm6,anc-ust,94851740,94851000,740
terra1hgpa2ugezh3ju4kct492kcagw5yxkt2xg8py9p,loop-ust,18222503,18222000,503
terra1hp5eqjqka9xhcl70uw74yfau3vylduxel54gcr,anc-ust,25926495,25926000,495
terra1v3c2kswqg5jwe4xaaugvrd4spd3whgsv5zcw5x,loop-ust,8504986,8504000,986
terra1k3e6x4ltuansrg0s24m2wpje2kasa4qcj83zv4,loop-ust,5302985,5302000,985
terra1xyvcpc2yd8xqtl6k250c03p7cxzw8h03vcu950,loop-ust,19256410,19256000,410
terra1v5nzpfq068rkuxu4lh43hul6ykvpw9cmtx5lvr,aust-ust,2101544947,2101544000,947
terra1su37lamr6c7602wezld6kd8fp87zjzfamss4ze,anc-ust,2593848493,2593848000,493
terra157lkumrk8wdm5krhnknusv22xajvs8h6jl2dun,loopr-ust,23948792545,23948792000,545
terra10g8p67kywxf45jn96cnepse859mpmr7e8larvh,dph-ust,6242671544,6242671000,544
terra175uue3ztzdemameswa7dpu60asrauzc8u08kmn,loopr-ust,12437837284,12437837000,284
terra1ve5acm5mres6qm7fwqlgzz3u5g95skxcmpw9m5,loop-ust,2615115,2615000,115
terra1282sn8mj3ut6myyz57q0nef6jdk06kj69ekjfn,bluna-luna,13743314,13743000,314
terra1fjquyucxhek7ut7h596mwcrhfllyr8mvurfpmx,bluna-luna,99173682,99173000,682
terra1kuv74w0jmlu4qu2tfdnzt04s5qxdw2625seslm,luna-ust,874395438,874395000,438
terra1pr7fzh0umm0l3anmpufq843qdtxdfpssuvwnek,loop-ust,2314036568,2314036000,568
terra1lp2h43kd8ex05pyaletfzsakh57744t3c5wm6v,loop-ust,297103208,297103000,208
terra1fzjyhjm3w2kae2m5jvh6t59w6djr6ylmgzlequ,loop-ust,37507779,37507000,779
terra102cqrjd3s2ejsvd8gs7p5jnygc89mmrc6was47,loop-ust,9714855,9714000,855
terra1ngy6hs9d8nqw438kmes85fmcfqluz54u49ug0u,loop-ust,30261530,30261000,530
terra16w2p2e38kclahwyxerqrajrlm54y5jjxfeplft,loop-loopr,55617565238,55617565000,238
terra1rccr67f2ahjg84jwdaeluyeyxj05enwkm5hzza,mine-ust,499076292,499076000,292
terra19d8asv8nmyn23h5nuum9f7lvg6qmfatr2e6dvq,loop-ust,9227019,9227000,19
terra16lufdwefaarckeupsvajy3kv5888ewkfdtrjaj,loop-loopr,2010354209,2010354000,209
terra17wxg56zmd340dltz63gsz2haa2gkmyarp6sfhv,loop-luna,187333132,187333000,132
terra1m8g6clcq3yq5rnakdxvtfmpc8uy79t55urzwr4,loop-loopr,577450203,577450000,203
terra1h5aexfkuuwjex7e04fm66zxlvjs32xhqka4rkq,loop-ust,1157239804,1155000000,2239804
terra1u4ysa73tkxv8p30er6kpy4c7whndgga46gtg38,stt-ust,702342165,702342000,165
terra1wvsugzhszkstexl0v6fv86c9ryjy8xm6u9t2fk,lota-ust,666696284,666696000,284
terra1zlszngg35xmhzyjlzj8je52h3jdf6axstjptyl,stt-ust,43160919,43160000,919
terra1nanwfwa9g4vz6ss2hpjgnhurhvjg30evlpmnk8,loop-ust,35192926,35192000,926
terra1k7ks325xkxc0pqgp2nek9hhhn4ractq8mh3cnk,loop-ust,459034073,459034000,73
terra1c5ygsmpq0j38d4dz8yjm08jxmlxz68eq3kwhue,luna-aust,540424398,540424000,398
terra1c5ppmyr8fdspylexuhvlg4tnyt9wxzuu97sg5a,loop-halo,15592459888,15592459000,888
terra14rkhcuygmar9f5a5a8g7nqrxs8drtzknq8r4js,loop-ust,6289732054,6289732000,54
terra1em0dfctmn6nh425puujjmu9fjz88r0gqrms606,loop-ust,5012100,5012000,100
terra17ahaa762ykd83u30a8k84a02wcsetmrwzqyn8f,aust-ust,12953090300,4484394000,8468696300
terra1ka8nsl3gn035z0t2kw8nddhhy6enccs53x6l5d,loop-ust,5263290081,5263290000,81
terra18kdumcgvvnmgzzdhq0sscppneum83hu02clhk5,loop-ust,1018936906,1018936000,906
terra1akrzcfkf9r4vljw3eex30eu67jujmxgy9hvawa,loop-ust,287992844,287992000,844
terra10dh6hpk3jnvqh9lcwct82lzpfd25gevutmggaw,loopr-ust,79914255,79914000,255
terra1wgyw53qje0dzk5ntl3cf4sskpaxs9ulgft8cm0,loop-ust,17356738,17356000,738
terra10ajngax05gfx35zryvjcksmdtph33r7hksh7zw,loop-ust,532000777,532000000,777
terra1pa52spp286actguffk7q4qe24mh7rud4awrmyh,loop-loopr,23448153622,23448153000,622
terra122hy2a7gq5x3760f30t28ws5nmzk9szj7ywfup,loop-loopr,1077592875,1077592000,875
terra1yg5c30dp3pqtercgculxgr9dte5qjja0wzk8r3,loop-ust,16958364,16958000,364
terra14w3rw5jkgtfe6tlcgde4tn97lukgh39l7gsuvd,luna-ust,4945148,4945000,148
terra1akweqz9mtu0leqg2r2x5yjatlmkey8pls3xj2m,anc-ust,61077678,61077000,678
terra18feqm0jwc9pujtkqg2ss7s4rvcu6zs8esh8ytu,loop-ust,4861999,4861000,999
terra174t59eg829t40kmaq7f39mq8lp75jf7ezf5sdf,loop-loopr,1463286413,1461823000,1463413
terra1myws5amdd0va5zmg4pknmeetcvlegy78kx3juu,loop-loopr,32233017440,32233017000,440
terra1m8mpldaxra8tceuq9rnrscpqag4jyep487efzr,loop-ust,7083022,7083000,22
terra1lc42cx274dyqfuu698nfua79f6e6x4q9ev2vcd,loop-ust,29345879,29345000,879
terra17t99k2wz2n0wj4p06mendzj6x93htu2hjw2nmp,loop-ust,1961046,1961000,46
terra1kp5yy03ndcr7lzpd6rwgtlga37wmz7wdjtg68q,luna-ust,67845086,67845000,86
terra1x57vdsumjes3m3gf55cmgee6rpgqj00l5x9kyz,anc-ust,33285429,33285000,429
terra1fkh8r8gnkag2yy5qd88zsspp3kmms0tr7uqnvz,loop-ust,7260924,7260000,924
terra13fs9ft2f6vd6lt46nknyclg9dnkdtdm9cs8p0p,loop-mine,457547447,457547000,447
terra1dw80j7tw39e0t0qwlgd9tzfl8vmuqf4wfd4hw6,loop-ust,29577288,29577000,288
terra1qeq7ua7m82zhmpwucj8w7kurf6v9lvr5pwa643,loop-ust,29328432,29328000,432
terra1e2z60l3p8aeadjsrln39w96fv0s9cm47860257,loop-ust,19168580,19168000,580
terra1auxwyshtz7rexul68wdmr26w4vd0xjsumdcuhr,loop-luna,96894573,96894000,573
terra1rlk9e6wqqadl2n3yhkxgzr6er729nmzzrxef6x,loop-loopr,5161815845,5161815000,845
terra1khxymnj28vvwg0de506tvs6arkvnw86p43n0er,loop-ust,3690086,3690000,86
terra1lqp2vw5zfrys6zpa29268kydvp4zedyf5g4xn0,loop-ust,4678835,4678000,835
terra1djq57x93mwm2l977k59ynd7x57046dqnk7vydw,anc-ust,18564933,18564000,933
terra1475y8xwwet95sr06me0dnuj76aeepcsdykzts2,mir-ust,265188531,265188000,531
terra1zkf83tpx3eqxuasvt3n2se4gz730es532pyekp,bluna-luna,112514655,112514000,655
terra1fyz9ln8z7kthuexj95l8qzuhtjk85xd2c70uu0,loop-ust,4559353,4559000,353
terra1sszd9yup703tmekqglw72t82l0c9f60ta4vgwn,loop-ust,81064649,40532000,40532649
terra1rx33ghdq7lr9jff3wch02nu6jq65pym95yrqqa,loop-ust,17883207,17883000,207
terra1ksrvl3yvvazfgqhy3raey3m9wj5e0kwppzpj5p,loopr-ust,1526782689,1526782000,689
terra1c507xgvxaxqtskgrly8haj4mn5uwm6ckfd5zjx,loop-ust,16964635,16964000,635
terra139l2knpyfl5lhc2j3q4us0l9ee88jkyk8hwezu,loop-anc,81746810,81746000,810
terra1d0r2pg738c6u3l4jrjsgw7w7xlxkp7fcqeek0g,loop-lota,2903661,2903000,661
terra1g83nx5kqsqeyp8h63e3m90chtz3gp5lylexdhh,loop-ust,210522356,210522000,356
terra1w2uhn0u6amprwse4ek2dghwgvgaur39rgv05d4,loop-aust,1674563244,1674563000,244
terra1xz6u9tzmtkpfqy5qq0hgf2gg9wt5qt2hnly7y0,aust-ust,4483588082,4483588000,82
terra1xj08aqsjm6fd0ewmzvn5280hhym4tfvkpvzxkd,loop-aust,199487768,96145000,103342768
terra1g3utjtqc8tyhmutcsnck6kwuf2t64dtqjg4rjv,loopr-ust,582965795,582965000,795
terra1mktntp43mqty6062nvf2lnsjl3t4tpd99ldne4,loop-ust,201818231,201818000,231
terra1hety6td9kgx94fr2zwt3k0g0tlnd224vqt0peh,twd-ust,837436830,837436000,830
terra1tf3j2anvhap3snexdfujeyfghdk3rwhqemn390,loop-ust,3195257331,3195257000,331
terra1tnlqzwr0y0964xxuuwwuxyr57apecsh06nxhql,loop-ust,119858814,8000000,111858814
terra15lel3259jdsclnwrd365wg8326f370kkpkgh8w,loop-ust,1175723,1175000,723
terra1g84gds5z892per4hhqh6mnmgfwqjr47tqtxpxs,loop-ust,135352533,135352000,533
terra146umrs3jvfnl2xdtqa5tjjkfvpv6gx2rzfw8u5,loopr-ust,220882696,220882000,696
terra1sy66jthkmmv5c6xrwnks0r7l9ed68hgvypxwy8,loop-ust,28046660,28046000,660
terra156afyszhe7fke5lz34rvhmaxjevzm5crnwqekw,loop-ust,93054833,93054000,833
terra1yzrtfl574kzsge7jywfpjnnnjng4xdtsnxt3v9,loop-ust,3945790445,3945790000,445
terra1d7kdqmmfyy3xfg47tl3j37lg7pjdy83ups27k6,aust-ust,2161390633,2161390000,633
terra1fkphnksvxytsestsrsp5653tn446qnqf0yh898,loop-ust,8504308,8504000,308
terra18y6nhkejuu5at3d2dszfs64gkx7sxkff9mx78r,loop-loopr,61304609964,20822068000,40482541964
terra1tz9gyy75ucws9fqfx282h3syvvy43lflg686qg,loop-ust,724207187,724207000,187
terra1z6zfzs30t8z2mschrqhz8klamkp6ej9xjgygvp,loop-luna,210545445,210545000,445
terra1k55dxqn960rej9q3d3evfcj9yfxksyznrhmuqx,loop-ust,15742918,8123000,7619918
terra1us4tvln9strwtksnc7cg9cyt23xddeucejl3zf,loopr-ust,23978146,23978000,146
terra1t995h80qptgxya7ewn7rg67w90694q9kjsanq6,loopr-ust,43233990,43233000,990
terra12h6efzmph2zk8xjygu8tl0566xf0tz267w27dh,loop-ust,109389368,109389000,368
terra1s8dem4rvqtah7tzhly5syj8w52405r9l6ypjv3,loop-ust,307506353,307506000,353
terra1xwre3dd9t76ep6x4qjqzn6hvfwpevhkyt2awj2,loop-ust,32947874,32947000,874
terra13vhzlkx30qdamcw4mkq65vzmzeqf0tvyt9evxu,loop-luna,1075586413,1075586000,413
terra15qz47spxuvu6xvkl52eycefurl3td4u6hs50j6,loop-ust,480944598,480944000,598
terra1s09l9myhydv007whh6z2da0nns6zj27el49l2q,loop-ust,14744386,14744000,386
terra1ys69etd8zjtl6es90ywjy74zrdyk62g0qy2p3n,loopr-ust,374456292,374456000,292
terra1sxdgfk8nzr536htwxtq0nmxhesh50ughfvsynl,loop-ust,18495799,18495000,799
terra13mwxj88umudtwc4vk4wj3y6m5xuv49p4zy0v5m,loop-ust,517531800,517531000,800
terra1gykjcqsgstdakfzsw43gdqxvqlz7d890sc02sq,loop-ust,680954384,680954000,384
terra1qcjwflk7yjp5dqa9tk6az4lfzdp85j5h9hl6aw,luna-ust,3153051,3153000,51
terra1q4a26wldwvztnzevpvp7zfkn6d8rmtnl34a6xq,loop-loopr,4321367323,4321367000,323
terra1zqng0k8mkuhn44j2stvym94n7efzufs3uzdc8m,bluna-luna,35361779,35361000,779
terra1x2z8a2md6etmjuvhn39wen0hthxz0lk0ycv6st,loop-luna,25864440,25864000,440
terra1w02dfwqz797r8nsvkdkt3hd4e62esdwq95vlld,luna-ust,75971,75000,971
terra1dptg6rsndfrg6n54dlyp82qpn6qjzamasp7fe7,loop-ust,25958726,9004000,16954726
terra1ytl79ry9qznyrea5exsphklkm5g0huudwahpsg,mine-ust,3151255141,41586000,3109669141
terra1gvmne5drsd6sqzlgeug2zmdespjlnry7z9y0am,loop-ust,5314963,5314000,963
terra15lkeguwy6f5h2tund4thrumhdyz95q037xgmew,loop-ust,2615042,2615000,42
terra1ce5sd6z70cwzn84my2dq33d2sec6md9z5l9s7g,loop-ust,131666576,131666000,576
terra13c06nkcyga8mnwvtfcv9m6640hswvqqhtvplmp,loop-ust,37839998,37839000,998
terra1zne25ayyhj2mng29y8mjpr6mxu77j4szvu2kfv,mir-ust,8726910,8726000,910
terra1pkcmz0mehs69tsp2tgx46230nes8nehd0mp2kk,loop-ust,16355032,16355000,32
terra18savpjpegtepr4jpcxuhzc7m8x5yfpz9tcpuq7,loop-ust,152356249,152356000,249
terra1p20ty6dxc9vh0dgm5jnj5kxxa9lmgnes79pxan,loop-ust,105481836,105481000,836
terra1gw9y7plzn8yg9hwgat6ydz5rxgpqdek5d2cce4,loop-ust,26198581,26198000,581
terra1uv9d4zpr2z4ysj6dstmmhhext46ddtqu42wl7y,aust-ust,44217972,44217000,972
terra1zhjhuuu9zuptqyrjwc6vlspx8l9n5vq7rl9j6l,mir-ust,8889542627,8889542000,627
terra1xan8j5u42lawvq9y02ryz08vq4wg9zgaprv9ml,stt-ust,24769558,24769000,558
terra140t6aes80hzwx270e6crhnlerf5xn2fakpj5tl,spec-ust,333171852,333171000,852
terra1uhaac5k8mmru50rpku4z67dgusx7mxk3yffpjc,loop-loopr,4614707955,4614707000,955
terra10fum7gqm6rnxdfzrhp3j9knnnplgzfufsfw77l,loop-ust,506123063,506123000,63
terra13l6nn2j3vt2k7zju9uxx7mzadndpt3c57p7pvq,aust-ust,419219363,419219000,363
terra1wsy4k8neyrdvmw6kuzxp5mchahht0ded7uzvjz,loop-ust,903472408,903472000,408
terra1gw6djk5grppr0jhpukmv8vqe2hrzcq66myyac9,stt-ust,5209360,5209000,360
terra1weu7c76a6zzmjhejgqz0e4us2qrwt829vx9762,loop-ust,2754605,2754000,605
terra1ssre88469lp2np4ju7993fdwggvaca0y62vhw5,loop-ust,643134783,643134000,783
terra1vv268ega7haues4e93xjwqks5p5kqalmwqppss,loop-ust,101204706,101204000,706
terra16t6x0yu3ss6csltcw0dht8ac32ccrhsg5xlyd4,aust-ust,487859609,487859000,609
terra1s7kvtqsfvtjnq8yxm99yvr0fc89lk79n6nchhf,aust-ust,325958779,325958000,779
terra1smg69mxmvsnx8yln63apg536rvtwkclphcgvyt,loop-anc,563851531,563851000,531
terra1sjxp8u5jh79gd2w87q59z5djuyct74wamts2h4,loop-ust,93756079,93756000,79
terra15mkkxpemkxfvxwrqy6tuapy4marry6pa83xj9r,loop-ust,18858016,18858000,16
terra18pnwpge7mjqpzrr4u8wslt0cy6futqgly7j89f,loop-mine,232212831,232212000,831
terra1fsawegja5434aql8sazytzvyf5dmryseup9mfn,loop-mir,75885524,75885000,524
terra1wuw7mq5xyszxfw88w565lammmjtcqxl73eqh3r,bluna-luna,26783227,26783000,227
terra125jv35fkl7tuc8hfck6c7zfjss9uu7dqxyw9lc,loop-ust,23389439,23389000,439
terra12nwsszzdtjd8lnuu0awc4ca68j0zfq4yadn0qj,loop-loopr,576929654,576920000,9654
terra1fhp6s6utkfwqx2nu5mwp5txgf3zx8utuzfks25,loop-ust,25392258,25392000,258
terra1plkxexhaz3l4ramn6fhpvlvm4f2c4nacpxfdk5,loop-ust,27261791,27261000,791
terra1a86p8444d86f3h599gljpsr0xlwmks9v2rnhqg,luna-ust,116768326,116768000,326
terra1zfs68e2v80p7eh9hzfgkg379d3qw2lhcsqw7mt,loop-ust,381688501,381688000,501
terra1lp2h43kd8ex05pyaletfzsakh57744t3c5wm6v,mir-ust,61805094,61805000,94
terra1x2g65hlwvejlm5k6d60t2jmanrnad8cvstdhg6,loopr-ust,12036606456,12036606000,456
terra1tyvlqhr0k8a39ppzajckxqmmnlvsmqlnvnhnpe,luna-ust,44569585,44569000,585
terra1yzkvucgyds263ev0t783vjz5g86sdtk6zttyye,loop-anc,323878646,323878000,646
terra1fqj8l7gf6h86jyjqn8m67k9g7220sj3umr0k4k,mir-ust,27002745,27002000,745
terra1h5fhq9dx4el4pra3tsk8ymgtemjm5dz6t5f5mn,loop-lota,7172932,7172000,932
terra1jvr0mc9l8pn3z4px7n89yudjgzvsrheat4j0tq,loop-ust,17748410,17748000,410
terra1q02t6x062xkm6e0e0m7kddntfdfplcryq4uw0j,bluna-luna,105283741,105283000,741
terra15745fntax796hurerej7l7quykl6v35a6pk7cv,bluna-luna,998429,998000,429
terra1m0fgdgsuwf2jsd32su0rmg9ne843ant8zn0zrl,loop-anc,578132739,578132000,739
terra1cpuacel65q60nf2z8lpxys5fv94hrxl5h3jltl,loop-ust,36451210,36451000,210
terra1ratk9n5gtuqakqpfyuhm5uyyqhhkq0uvz5yvkv,twd-ust,1539770834,1539770000,834
terra1m6fc8yqmpdtlqsa824j9z876a0fz0u353zl57u,loop-ust,10085510,10085000,510
terra1l0rzjpfql3l0dpxphpgsu4j65w9u4g7hr8uvql,loop-ust,273724328,273724000,328
terra1380v000rspymwm7wagsrwg6pnfvw3lvmjd89fj,luna-ust,10839267,10839000,267
terra16darnfaz7zm2u0x29cjhdq6rnkc5skxg37d97j,loopr-ust,74210669,52368000,21842669
terra1apq4dznwv4wzvcqv3e8v84l8jz0slj55lsr35a,stt-ust,5555975,5555000,975
terra150gg6kyh6mv05acqc74ng0uc839kzv483l9ehy,loop-ust,111832043,111832000,43
terra1k9tshv2jg3vs3zp02pu77zepdkfeg5nqvekzqa,loop-ust,4184027752,4184027000,752
terra1uk74wyxmp3q3jej6wwlzexpcj76vhs3muvh542,luna-ust,81193257,81193000,257
terra163gjxrd4l0v5eveg60rlrw74au9xxd7qnl6tuv,lota-ust,6902421,6902000,421
terra1fn5vhqj3d8chydwhag8q9a2ucqxhpjlknrk5t4,loop-ust,7168428,7168000,428
terra1h24nafgtnx4vy5h7h32fssxw0553mk75fyp0e8,bluna-luna,963841,165000,798841
terra10mx52q9ugplaq03xhvk5gyjndutzqjkdgpgr68,loop-ust,574218996,574218000,996
terra1hyfxpxq52lklmmary5lr5374dflekfk2c3twkq,loop-ust,26358363,26358000,363
terra1cr8gvqj86duhgfpvjs5x237v4wfsf0qykacsjx,luna-ust,77577939,77577000,939
terra1d8dxw3ss5mvh7ajak4u7c0ay5ntfrun7k0esf3,loop-anc,238428450,238428000,450
terra1pmfgg2l7jpzvkmnu6gvjpgh8tucywwuev4mvfn,loop-ust,19565646,19565000,646
terra142t98ryupmdqz3cyzukeexdg4hh42dm3q02y9e,loopr-ust,6390434613,6390434000,613
terra16v8k9q5ts97zd3krz5hacuztprr3xscsajumn8,loop-ust,57424658,57424000,658
terra1f0wyr0q4467dkwcdrlyszj8khnmqkf2ekvux2n,loop-ust,5612477,5612000,477
terra1pdtppkzh0qz7mruq2ljqaj96plekxvmwd0kc5h,loopr-ust,55965780,55965000,780
terra1gq95fz3g2vdfnps5gtgge65cf2p2swzp7fdwng,luna-ust,1041463276,1041463000,276
terra1x4mrruqr9uu8huzwxf55v0y2vfads529gjcagq,loop-ust,5345694502,5345694000,502
terra1c4dqvxynx8mvk5quuuwrhgkl3eq8gl6vhscsw7,loop-ust,212229893,212229000,893
terra1zkqryjsqw2j688txdzc8gd794nsdrfw4xmwxq4,anc-ust,70560276,70560000,276
terra14j5s2f6qf8eaq9fegs624clskmqlu9smmfq96p,loop-ust,8976589,8976000,589
terra162rfxdcjd7jh6zqdqyvmxxyuws8zry88g5x8uw,mir-ust,353882787,353882000,787
terra1nf4jnv87u70tlmrlheltfgjp80tqrfyqcdwkcr,loop-ust,99005617,99005000,617
terra15z2u22c77tta4ytul6vfpemlxvkfxr4et0t527,loop-ust,8681779,8681000,779
terra1sw6a5fmwnl4wxvdscpfppy9s4e74aa6r5huts2,loop-ust,1073580,1073000,580
terra1a92233ah9cndruvpf4gk80g5h34xzlaf48kqx9,loop-ust,2329574591,2329574000,591
terra1zaer96gjxw0qcj30ufja95sg4lyx4kle73jmap,loopr-ust,36927405,36927000,405
terra1hcd0k3gfpfm9vcl6lwtdrpczjwxqn3564q2mss,loop-loopr,264211794,264211000,794
terra1zlszngg35xmhzyjlzj8je52h3jdf6axstjptyl,luna-ust,802908676,802908000,676
terra1ve5zj6kat5kdndk4zmxah6lnckxkjgjc3udnp5,twd-ust,107971893,107971000,893
terra1gycreu60x6xkg0lwr95hu4mjezk3puuk9vc887,loop-loopr,69096152986,69096152000,986
terra18vhd6hp8r0lkj0k6j048ng0yqdjt9tl3q7ndkq,loop-ust,39257811,39257000,811
terra19xn69hjh2jqjjz48us8q5svnwcmedh64ewcxa3,loop-loopr,360658553,360658000,553
terra1wntpnedhpx74n0d2ajsmdl3grhau9mtzdu2vrt,loop-ust,3748830134,3748830000,134
terra1vltv3uytmj0ty47v69q5yqjh9urdr9l25qzzyn,luna-aust,6388522,6388000,522
terra1mjdgljedf34lp76hqysxm39t44tvpgyl3456e0,loop-loopr,52318002076,25664937000,26653065076
terra19kjh20u2z34nr8kz36pf53uqgkd8chggg3duje,bluna-ust,3420152,3420000,152
terra1ywdm4wf0pnlpd4nna2k00hqv9k3sj32ma22dj7,loop-ust,591485862,591485000,862
terra16ptdxwhte3nllu029hjecd0ctccvqj9vwzazvw,mir-ust,5444328836,5444328000,836
terra1j58q6h7snq8eadhvrzgdgwwhxkf6vcqh8gj0yy,loop-ust,42118677,42118000,677
terra1gqsy5n2cadqutsnjts569m7p8p6zh8tqc4yhhd,loop-ust,101963493,101963000,493
terra1zt6mltnkj2y5xzv5u8aqzkzu388xg7m2m7yy99,bluna-luna,3011064,3011000,64
terra1rm9crml9n58ex2eyuxx9wlnep8jgynnw38tptt,loop-mine,624643,624000,643
terra1lsuswjrprac9mk8uspjhy8w7ffezh3573xgl5j,dph-ust,11484335406,7677630000,3806705406
terra1kltet9l77mztu9xn2udxf28twt53d4py24fkk3,loop-loopr,2464333028,2464333000,28
terra1zkg2d56hr6ppg3jtzyx60zx7qwum4ajdgewzqx,mine-ust,32143485,32143000,485
terra1qm5ka04wgntr6h4dls79frr5t9lxs8vd75095t,loop-ust,14984643,14984000,643
terra1vy5m85n54tddedmrvw5yjzgl7r7y57w5w8qxva,aust-ust,7382645844,7382645000,844
terra1u7zce0nkp0ql8mgcjpwd3tmy5fsr93qjrm3k47,aust-ust,1384560867,1384560000,867
terra1vcwerpjq59467j74cv3845fmjyq6rsv4x6hxrq,loop-ust,705499416,705499000,416
terra1xsda9xplsrvmkfca7apaqguvwmk5etcvrunakv,loop-ust,13136377,13136000,377
terra1shw07drnwtd6j2umnu5r39a8yt7kxxqzw2g87v,loop-ust,2949033,2949000,33
terra1ctawr5su6qyyywwhzrkgzxewvxgrlhjtz6mkhf,loop-ust,29640151,29640000,151
terra1zgq50qdymda87zcpykwqyttvh4yewvmc3f963z,loop-ust,1739902,1739000,902
terra1yktd7h6hzq8euqc7n3v3p30l6ylxqxp4346026,loop-ust,988200636,988200000,636
terra1hqhm3yvdzde9jtr3szkq2f6ct0tqhy0nsdge98,loop-ust,6087180,6087000,180
terra1wgu4w3xpu353drz6l9cdy7rvmvsrhz2y5rz530,loop-ust,79288051,79288000,51
terra13fequa6madmqvfxy7gkjetgna3x9cfs8g4cjaq,loop-ust,19701940,18000000,1701940
terra1uljmnly4jedjn56fg9h454jkqw97e47ahdhqdp,loop-ust,26074095,26074000,95
terra15mr7j2kce6xum6xf79ha8ewzu57u872jf39830,loop-ust,41355796,41355000,796
terra1tmvy7hxt0hcek6alu3sfye96ezkw727a74vxwk,alte-ust,54023918,54023000,918
terra17vu2qghvyc8g9np200w9tdr2ahnlv09ch925sy,loopr-ust,14867022,14867000,22
terra1344z69483wz4rghhwyz6lqdq0lch63r7cxrxqu,loop-ust,4256942,4256000,942
terra179v3e3cw67tp2f4ez7xsll3lg3emc4xqd060jn,loop-ust,331507044,331507000,44
terra1atn3sh54qfau27d2q99v4h3z979t9jmma850cw,loop-ust,42631668,42631000,668
terra1ylx5kevxnc7r2ygu73jnku7w65efse2g69qvya,loop-ust,529679860,529679000,860
terra1hq2xvn3gs7kc28ymq03803xz7xfwvjak6d8ula,loop-loopr,2979303409,2979303000,409
terra1uak3u358ranghcz6ttdxx6893yld7sujhh4gtn,spec-ust,2525722846,2525722000,846
terra1r5taps0mfu23mndkwst430l3dl9sgf9jzau7jq,loopr-ust,1139716189,1139716000,189
terra1k2alx7c20649hafd07l4drr5yjkjgf38sz9uya,loop-ust,51228835,51228000,835
terra1qn8dsuczen8w7hvsvwv662aedl6y7pgc5uufw2,loop-ust,91207975,91207000,975
terra1qyknr4chn6c720ksulnrnxls9kd6zuncgktj0a,loopr-ust,79478216,79478000,216
terra17vxe9xsrsvhj2q8q3xtwd3dye2fgfel4yw74ct,loop-anc,26544027,26544000,27
terra1ecwd3qxfmenz2eyyylmm0n5xwq3zf8q7prf0nf,loop-ust,326799204,326799000,204
terra1yxfgvtq2f5q77du6mjll6kp27gn4cua72r4x55,bluna-luna,49492541,49492000,541
terra1xgntp5wjr8qzkszvhe9pe0u83n84mrnnz4wmc4,loop-loopr,15947461,15947000,461
terra16leujlee0kazya5vuf6c7ve89lcc8u5wg9hx88,luna-ust,426720,426000,720
terra199ya486wvnavxt8x4fq0hw4yl32lxw68y78xg6,loop-ust,17003080,17003000,80
terra1tttmvg8qr27hs6hu7y4r3qalhsdnqwzs0qlsv2,mine-ust,38397658632,38397658000,632
terra1wgmtw082476lax4wh35xsvhsac4x4a9zgfkuwg,loop-ust,69161606,69161000,606
terra1jmr4kk84p4dyek5zxr4426muyxjj82j88vnevj,loop-ust,6307952,6307000,952
terra1pu92t423k6mzqxzwh2lxjw38gn8rsgcrm8jr0j,loop-ust,4913473,4913000,473
terra105a0pqhvk0r5a6jl6pacjy57sxnf6awgef8gwv,loop-loopr,9818177043,9818177000,43
terra1zjua7t2g2ctsq3nj8czzm99zquh5pef7l4qq0e,loop-anc,16292830,16292000,830
terra16r0g6gxeqc7nndctxl2tr0xcu0xz3szgwgptze,loop-mir,236869025,236869000,25
terra15z6q7qslqtzc23gcsg0yf7ppgmtj4m3suqzlaw,loop-ust,384180669,384180000,669
terra1n7rqwapt74366w8avqwhnalgyxtvhzmfaqweje,loop-ust,16777357,16777000,357
terra1gcl8yxq3hjxp0d2swxn9zx8q0f8u7eg6yyxzw3,loop-ust,92407782,92407000,782
terra1qgudqnv0zsdzlzvtdhfshzmtjdnqjrp2wk34ga,loop-ust,44860775,44860000,775
terra1qflvgfz0rdrk895e3ruhngumlk93aacgs5kx9a,loop-ust,9224861,9224000,861
terra10gyadcz6clywx6q8agxr6dqs8pvd448vfc3t2s,loop-loopr,561643367,214029000,347614367
terra1kku66ep6p6tj7m6pns26lt6l3zd79cj5vfyrpu,loop-anc,5721402434,5721402000,434
terra1v9sa0e2l2ggjpzhtlnz9mx3wveztlc32h6fase,loop-ust,121801208,121801000,208
terra1hwqz9g9lw05jyzcle87ayhnkmajmzry9znztyv,loop-ust,201367668,201367000,668
terra1yrfux2jzyqf5uuf6j7k7rd5d82lnfhhf0dv3az,loopr-ust,24237005753,22992980000,1244025753
terra1dnzgjywlmcl9rdwywcrq4nd4rlcfdjtv7g0g84,loop-loopr,1320583093,1320583000,93
terra1cwu8twammhcvun0eedgc0fw9rxex7ut4cgv4d8,loop-ust,6364747,6364000,747
terra1kj5rkde0lf9088svtdre2a940xm8sl0cyntjuw,twd-ust,3157263984,3157263000,984
terra1ethpd5tq8yxzjkhqzv8yx7s4zglj2rvc0yta00,loop-ust,3739559,3739000,559
terra1fywwrp5wcsl4eut90gwgs4tw55azkuymjh7z02,loop-ust,53251125,24914000,28337125
terra1smusxgwactgq9w4566lgr0p4fvxdwuxew257u9,luna-ust,1310055321,1310055000,321
terra1dwshfvsfjrueahjnea55ur0gt6scju6we3h2sy,mir-ust,29816260,29816000,260
terra1yv9rvp2f2kfsymmtcmpwnfv2y5htg0ne49azx4,loop-ust,557192794,557192000,794
terra1vl22wrc0rqdk3m7pyhfk4v2ur9rq8dwkff3m3q,mine-ust,58599834,58599000,834
terra184hldzm522gq3psv4pulxezp76ularjx5rlkz2,loop-ust,12626285,12626000,285
terra1tffsgssmsnk4c8d2lcmxshhjgczgzaxgh03yqc,loop-ust,17195280,17195000,280
terra1lew5cgcuhuuy72pj6qqhy472a7453wcvtwzux4,loop-ust,16312369,16312000,369
terra13eakg6nundq4p587lzkrc62cgn99v3e029hz54,loop-ust,10801707,10801000,707
terra12p72n0u4wclh9e6lw8t06g8fupl676xr7hsvyu,loop-halo,5959440220,5959440000,220
terra1kwc5z07vrqys4dtg3vmq8smv0ayjft38uvcnut,loopr-ust,57891899,57891000,899
terra1wlljeh5l7gz9ss9fwk9a6ju0j5dnn3uwxv6g87,loop-ust,512353800,512353000,800
terra19tfrceetmanc7x0q7weg9jp7kxlq52vk3fx2h3,anc-ust,34754070,34754000,70
terra1guzznc5cser03fgj0eamludr92ax2sx3ur6vt7,bluna-luna,61247684,61247000,684
terra1txzuf8h3555ua6qj0zweesurcfkgpe5nc4m29n,anc-ust,265101841,265101000,841
terra1quavla0r2hm05epnvjqqj4vhzsha6t5c3hh80t,loop-ust,62978261,28389000,34589261
terra13cnvnkcn87ntywqvd345ep3aklffwycq3eetta,bluna-luna,56427404,56427000,404
terra1e0u029xhyqkzaf89c4ae6a3385duzxk3x29j5f,loop-ust,60930871,60930000,871
terra1rjtm5yxk5dglupuyl58a9wz8lp3v5xrjda8pgs,loop-ust,81043785,81043000,785
terra19rekvuytd0qyl9k5psqzepcxn0x8wd5jkckxm4,loop-ust,6708315,6708000,315
terra1lwg0707vlx84gh0ez0ehmz86qahnwmuff57r2z,aust-ust,1784640840685,1784640840000,685
terra1nuedd77u7f8cdx25rjgnpfe0xvmjn2tf9yrhe7,loop-ust,10739266,10739000,266
terra1mp3vdyptmy4zjjdfulfh277twxmkenrczdpqtg,loop-ust,19236146,19236000,146
terra1rcczffcpu8992ds2d3tkc3cyugtn5994x0cm3a,loop-ust,15796882,15796000,882
terra1m4y7gw4lyr0r062wg2k2hlc7dncryz4uca27dp,loop-ust,4639880,4639000,880
terra1fwvpwm6rt70jv43ma39kglscnry8g0zpys8v7y,mine-ust,6543942128,6543942000,128
terra1cphtl0yqh74436h4f77dkrkqrmhx63katx0tds,loop-ust,4195693,4195000,693
terra1sm0p7gug459al3lwxdk0remmhlrmr464jxsq3d,loop-anc,59632137079,59632137000,79
terra1tk280apkxu7dryjqjxjxn49n3h56uwzlv464f4,loop-loopr,3157486680,3157486000,680
terra18x2ntvwn9qcmam5ltndntgkff6x40hgkwvdlfz,loop-ust,9515378,9515000,378
terra1mf8w2nkq974gjvlrpa593rkfshdhg4wgl95wpe,loop-ust,9702273785,9702273000,785
terra1xvqcmpz4ag4mk86gauedj3986ehz6rv0g4tm52,loop-ust,3451842078,3451842000,78
terra1cuvn7ykrd8wzpd0xtsd6rk75jy0wed5mwx3a98,loop-ust,664073404,664073000,404
terra1t5uqmkgh5sfh6sj5pgwkgmk5253sf7pnj97h86,loop-ust,10461655,10461000,655
terra1pqnd0ke6ng0ms73mjt3qrc7m8suqqrd48034lp,anc-ust,106660876,106660000,876
terra1qmn70nty8up08echrktf8l3frdt28vs6x9seuf,twd-ust,87743389,87743000,389
terra16j93t5tjrn0wq680saqedrw3454fer39pzrdkp,loop-ust,5404866,5404000,866
terra1lz07lunakxld4vzmdk9v6cutvh2nexyzs2myff,loop-ust,106615046,106615000,46
terra1ks4q4xhf3juw0zmuhqla4z9ywn233rdcj2lcs8,loop-ust,103830199,103830000,199
terra10kxn8f07xu3s3u9lmh2g99ej6gq2afxp797a8d,luna-ust,3089064,3089000,64
terra1th2wtkygmzxkyn667c98p9w0ll557l33jwhpwm,loop-ust,265436793,265436000,793
terra17dda6munkuua0rvlwkc32hj8c0xcl8um54sqkf,loop-ust,13345214,13345000,214
terra1q3yae66cmpujj3yv7sx7cszd6tv00tayrxs2kl,loop-ust,73441238,73441000,238
terra1e3llfh6w5ngzwtlugp7hu40ezvyhw4usq4wmv6,aust-ust,90132492,90132000,492
terra150ustnc9uugg5pqlu82f68njs2w76catrkuk0v,loop-ust,22391897,22391000,897
terra1flpf5zfspa0knrq3smk7qhzjg0gay4ak6spfj7,luna-aust,47222481,47222000,481
terra1rvgzmde230ctuwvexr5zys7l6jt09r5zryk3ah,loop-ust,210947831,210947000,831
terra1ye7753qzjaeycn3vk7r5ueh6petzvk7vaajrd4,loop-ust,9020727,9020000,727
terra1j3pc0u9jc4dh2av75nfevs6jdexw4g6m5dscxk,loop-ust,16399328,16399000,328
terra1dq9xnwvvj6qajx7cj2uh8xs9f79ez4ucmgfu3v,luna-ust,6590999,6590000,999
terra1fg4594vch2pfjsp78q24cmvnd5wkfnqetdxdpn,loop-ust,174305562,174305000,562
terra1cmrqewd9lv78xzaecdzrmwuuhpl29xn4cfpyrg,loop-loopr,97090527,97090000,527
terra1qvf7gamkhskz4nftv3u5d22ww0gqn0wpjk9jgw,mir-ust,294090411,294090000,411
terra1wxc4ufxg48h56kqhaaegzljjmup53rjxj70y5t,weweth-ust,2498473,2498000,473
terra1l0twmg3pum6vfgy5qhd6uxulp8qry3gk4dxafh,loop-ust,25705209,25705000,209
terra1kjk7k482tpnp998qtleypxmhf6v6d7djge5kac,loop-ust,79573286,79573000,286
terra1g5t8f3hds30c7m58xwgmclw2y9hjs8rspekdlk,spec-ust,107343459,107343000,459
terra1882cj38aytcctxv55nykh0aga7z2uc9p5rpcq0,loop-ust,56762355,56762000,355
terra1jzvkl97szal35n0fz9zqu6qn4fazc58yldx7rr,luna-aust,3281376450,3281376000,450
terra1cnxwnf4u8cdt23g5hc9zyyjuxmxt2pkwhyelj9,alte-ust,9037188211,9037188000,211
terra1uyftprjpe9u3a2l437ax62frch9dkemk392a25,loop-mine,36610527,36610000,527
terra1jx3erg8yjf9hy4hf0fxvv3vxxpljme0tjpvn9c,spec-ust,36115714,36115000,714
terra1gmctd8r4v2rgtnn5trhr3dm9xpcrxy3wvvtay6,mir-ust,1311409496,1311409000,496
terra1jsrqklwpp4psgulwv5pl22kcmdswnhyehlghlf,loop-loopr,83382926,83382000,926
terra1mc40fk5ze36vjgdarch24vdtqnh90gcerawyt6,bluna-luna,1704968931,1704968000,931
terra1xz3umd4umlzuusksgnd2lk58xtx0avkkvuqhqc,loop-ust,310394295,146307000,164087295
terra16y0sk0etjzhlq6j4nwdlp3xs44md6cla6kd3wp,aust-ust,94040054,94040000,54
terra13dj6ax9jzsuy07quh9l5p89padjrn6e0fk00n8,stt-ust,22868067,22868000,67
terra1dxf6l59m8tlt3w67dntc9v38hrmx63gaslq6hd,luna-ust,399092132,399092000,132
terra18an9mhhz6q7czjttdjh82upwypslmepf0k5h3d,loop-ust,116126836,116120000,6836
terra1d56p4jv73nnkch8xx0rdjg2hsu0k8gl9dhlu9u,bluna-luna,128714151,128714000,151
terra16pcv5qmdg6ym2ce0xz93gfeyn9enmyt66xcc8m,loop-loopr,1819657045,1819657000,45
terra14qjrr8rd35qr6wf4edx8hge9tcgw7zunxhdk7u,loop-loopr,93299927,93299000,927
terra128masd777sqw2uak3qhkvqnnlzxtvvegtku860,loop-ust,725102418,725102000,418
terra1d4ggml28ywzztduqjww97hnedpld0kmt5wmvg3,loop-ust,27516333,27516000,333
terra1vxvudwkn36k93fvgzcmkr8rgj4llhschla6my4,stt-ust,6872165187,6872165000,187
terra1k72rqaxw0hep6l0kpsffym7v083lq7c6cg004w,anc-ust,10694542686,10694542000,686
terra16traeyr7ryjql6nrml8te6jrzvx9kahzf587mr,loop-ust,127873627,127873000,627
terra12sml2jurmveq6cau06fx92njvjrcdjll8nm9qr,loop-mir,8012726,8012000,726
terra1v8q24fv663v2l6w7kum8f3vfa4cagacudjkqnq,stt-ust,165445739,165445000,739
terra1ge3xn94efvhavrt920z3vzzukgrn5ylmcv2xh0,loop-ust,16010003,16010000,3
terra145677lhzvt5njhlpqdrm6df6v0m5gap5m70qwv,loop-ust,318780077,318780000,77
terra1zd7thpz5kv8x3yakcu7zn7mw5yrv60kturthr4,anc-ust,591245771,591245000,771
terra1wtpe9ysvfaztzvje6ygmpu03xf5v0t8r6yk3tc,stt-ust,26491516,26491000,516
terra1emm8e4l5d0y8tya57rfnuwvr6mj2z342ttx54x,loopr-ust,77641203,77641000,203
terra128masd777sqw2uak3qhkvqnnlzxtvvegtku860,mine-ust,1663777191,1663777000,191
terra1x4zzv437t2gz6emh4n9ynxka335y6ghpcyf6uv,loop-ust,2003211729,2003000000,211729
terra15kf8wyw3cc6p37qpmmjtacrammdmpkf3etfca4,luna-ust,5042509,5042000,509
terra1vh29se6l0xm2c8lws24sfvnt4hkg0y5j8qej7g,mine-ust,271946292,271946000,292
terra17tncrvwgh49zju8uxcnuwz3up43x0lyh43h8r0,luna-ust,50291826,50291000,826
terra1rqx7qca68nh40ermmtsh86cqf6rfnufs7xfxxq,luna-ust,28666198,28666000,198
terra10mjk7xewl6ldcwh2pmg0qajxx38qhgheklwq2z,bluna-luna,31541994,31541000,994
terra143lsh2ptqe6k0qwn955hqdgzv7zpjth4jhwmtx,loop-ust,7039076,7039000,76
terra1h9g34we57ldm38dykgeu8e3rsycklaclpfaqx7,loop-ust,138873267,138873000,267
terra1e4skyt0jmecsewg7qsccmqsxfe3e8pdguw3ttg,stt-ust,19220577,19220000,577
terra1f0y2dylt5nzfk9ahqrkm8ffdnfq56t0ucm4rjs,luna-ust,24628932,24628000,932
terra1d0r2pg738c6u3l4jrjsgw7w7xlxkp7fcqeek0g,bluna-luna,2005786,2005000,786
terra1stxaam6tjtaghylg8gz5p5djj0jyyf4ddn5we7,loop-ust,16723607,16723000,607
terra1f29sy5hdfgsd34r5dl80rd6z944pmefjl6ceuu,loop-ust,117477767,41953000,75524767
terra1x56pymnjmlf4w8xz0xsjed725wwjfwkgfymdjh,loop-loopr,118676352316,60823007000,57853345316
terra1x9x7egvm4whw9frstlne0zu0t808g94xpl8t75,loop-ust,4286079,4286000,79
terra10ftz027h282hs0ceczdq8324s6r26xdppcwcns,weweth-luna,29918717,29918000,717
terra1z904efyxn60ycsytyzm96wac7yrz97ytmfqvgf,aust-ust,918757200,918757000,200
terra1y2mryjdxd2cjrsgrq5dmmex0hrnkce07whv3wp,loop-ust,13276451,13276000,451
terra17cdqgy28ww254rxv4v9dmx8y26xm2jjkd9ejft,bluna-luna,24960419,24960000,419
terra1fdypyh4088ltwfg5t6zgk02lvf9ytwm6t2tzlr,loop-ust,210167776,210167000,776
terra1mmf76ektyvqexyndxfcujv2ahra5lsjw0dwq8w,loop-ust,9411865,9411000,865
terra1eh8zqv8g4q0sqkgwcnaerkgyhf53hh92p0gd7z,loopr-ust,76145311,76145000,311
terra1aqulrqa2edgkx2sreyk6vd8u0tyv0kswxx0raq,anc-ust,139737149,139737000,149
terra1rnmquvfh9lu554dykaefy483n40qehaujj6cqk,anc-ust,75338467,75338000,467
terra1nm6pq467lxmf2w2w2cw7j0yfrkq6quk9qt0yqc,loop-ust,177140818,177140000,818
terra18pecc0nnptjj3sgf0kv7cphrej35d5e3zuwxtk,loop-loopr,969523753,969523000,753
terra17v0wkcxw6rnzflmzcg83rcg8xrt9fjqjjnqm6q,loop-ust,119162696,119162000,696
terra1gy5xjh0xkjd6f4ncr50cnhksyf53lzgm05j6tt,loop-ust,16912785,16912000,785
terra1l7yaxuy5a7dnry4m7qtw9njn0zkdwrn9szkrhl,loop-loopr,130653607481,65322441000,65331166481
terra1h3qszws83np8fra43hs6s0gf3cxlcgdz9749l5,loop-ust,25483122,25000000,483122
terra1hzn0g3twzgexczevlxnq5nd55ug53tl0pvhwjj,loop-ust,75400244,75400000,244
terra1f7kkujqpjauhkv3yrna7zrvz8tk6d3dydw70tv,loopr-ust,26199059739,26199059000,739
terra165jahg2kgsp25fqj0edhqceha72un3kth3m02u,mir-ust,58402966,58402000,966
terra1ufkc42mzhlmxjqvj3fknxyf5jynaqnxd7fjgjc,loop-ust,922787224,922787000,224
terra1qsz87uszfxka0uzdhfm0n5629sz00e2gyhx79c,loop-ust,9489842,9489000,842
terra1kwcychd2vvuc2qcxj7qsnjxgv6kqkn0sgtt53d,loop-ust,325244563,325244000,563
terra16e3kacaa5q2d76vhntzng96p3zmfdpmqqrgasn,loop-ust,13741260,13741000,260
terra1k4uek2thgq07rdxpnkdjyzduq6h5rzeccxx80q,loop-ust,176550288,150000000,26550288
terra1tk280apkxu7dryjqjxjxn49n3h56uwzlv464f4,mine-ust,98279255,98279000,255
terra1zde8cw8v4l6g3p8q6j6zpa077ljhaa2k7f2t2j,anc-ust,162477364,162477000,364
terra16uxypgyzylt7d2ax7w5rkyzm39267755y5hm39,loop-ust,5456950,5456000,950
terra1a29j9w6lashwkv07az3g7lm0rrl0a9nflsa5zl,loop-loopr,614147171,614147000,171
terra166sl2cla5nntrkys8gyset568x54xwxv5z7kkw,loop-mir,13102437687,13102437000,687
terra108sfm694czydr0w3qge7284xy4gxpc9gsqtw3a,anc-ust,19119162,19119000,162
terra1w6le2xndkd9srn05z60uc7vt9svkksgjf4ujtj,loop-ust,50758908,50758000,908
terra15shxmmv35tjwjn2xxf9sh5elp9r4hla9f6g0qu,loop-anc,290210034,290210000,34
terra1ch80a86u0qjp4tlxexh3fn6ca0kuuvhyn24xrq,anc-aust,2668402037,2668402000,37
terra1yux948g9s7n4e8ufa566rmhzfktf4cwtqq23zf,loop-ust,17717011,17717000,11
terra164ztew78ed4lcl9cdp86atchm9rfvdpg4c8cm4,loop-loopr,5968248,5968000,248
terra1x8gl6lht978cqegfpj92nt85chtdwfykkfnff5,loop-ust,288203367,288203000,367
terra1pev5upsw4q5x5hrxpav4uerxeld9am4ptnxdha,loop-loopr,1429555959,1429555000,959
terra186dugdthm5nnmlljz3d8lrmjud0eg9z7mwymzh,luna-ust,945532452,472766000,472766452
terra1n7frgys8cf2c7vmvuchtr43t0rv54634g2rxzs,mir-ust,1766634,1766000,634
terra1m792pv28r2sd9767g9m2aj8qvgkj7dyy3n4fcw,stt-ust,1772068967,1772068000,967
terra1hmtlspgxw9es39gcqc9hvpkqk6tm9xss6uukkw,loop-ust,180746189,180746000,189
terra1uk9mvnegzjf8jz7695wu4g6fm3fdw3vgx7x9tf,loop-ust,9534243,9534000,243
terra1rtztmkayh3guzkknyc685xtm9aslpuyut3v5xl,loop-ust,1904802,1904000,802
terra1ykrxvp60vpy4lduhslw868wjatnmyvv4mv2zaz,loop-loopr,16660135606,16660135000,606
terra1jmqyxxx4tyzcr2vrd702j2a62egkm8a7zqjszp,loop-loopr,1304723077,1304723000,77
terra1ex6l8tyez6ms4cukekqkqv5jn3gekazxcwwatv,loop-ust,51715195,51715000,195
terra1dyhlmeq8e58w8hys35auuk56z2cr83kdajeefv,loop-ust,14726550,14726000,550
terra1xw6whjxwgnutfawx2pc0dzrvumxnpa7wxn4dm5,loop-ust,114559575,45040000,69519575
terra1vjv0ec3uduz54h9zmguh5fhrqcnlgjj2zqh928,bluna-luna,2395054,2395000,54
terra18cqee39gu7mwvxuu9e7rsny4lym5c7hq83fcaq,anc-ust,1592416258,1592416000,258
terra1z9nzq7kq4aa4q674snv4xj5aq72wwhw9xzhaqu,bluna-luna,7864211,7864000,211
terra149ha8zjg2dkdwp3z4equ9rj29m3e224cps98tt,mine-ust,3965301598,3965301000,598
terra10dpem6n72e9msugnjnkrzhafxck948wvpdhjpn,luna-aust,235644634,235644000,634
terra19ff6q2h69ndj3xjxm7t5ylnns2tcf6m3lpk3h2,loop-ust,12049822997,12049822000,997
terra1yq0an04hcy7r0nq6y3yettj3ljwczelv6zp2m8,loop-ust,25335678,25335000,678
terra1w8rnx2tvqw6ddrxkn5ca7j4ynpp92dls4panw4,loop-ust,12611170,12611000,170
terra19lfchfszv47p4pdmhr98z9pgtv42hhum9zdk6q,mine-ust,656910185,656910000,185
terra1sp5edp9kgc24m02ez2mwgkqx0gdksnusmn4zpa,loop-mine,284341852,284341000,852
terra1tcpk2wtvhupggm9vt6m2n3d57khwg78dzrqxc2,stt-ust,24336276,24336000,276
terra16qpgeyh3y20lg4f0hl9ahpcve9lrry2dufpwfq,loop-ust,27223475,27223000,475
terra1e4vpvvuyl2pm6z003s5836l7jjptfx2prh6z3q,loop-mine,1230184103,1230184000,103
terra1huxm8h4609kz3w7te84r376crulsse2nsahu9d,loop-ust,509635653,509635000,653
terra12kyuy4sqrjwxpq6z5qp4rn6qhh0hd8y23g49lv,dph-ust,16281091,16281000,91
terra19nxunfek6dudjp2sq3t7h4lswj6uwn9mmnczn5,loop-ust,2575330,2575000,330
terra1fk23hp246egnr7hterkyt738se3xjyec5t0vvq,loopr-ust,185634233,185634000,233
terra1ppfarp7vfp2pnzfz9rh0yh4rgg4nelk4kvnj77,anc-ust,3394773591,3394773000,591
terra1mks90ztlhzf46mapledqt2jh56t0jrpy04nqjc,loop-ust,91976757,91976000,757
terra1y5ycm40367vxllwr36yx77mcd2rkraggj6agqx,loop-ust,3735188133,3735188000,133
terra1axwhm6nquzqnhvcwv0mzepdm69zslpym6l4g37,loop-ust,796241063,796241000,63
terra1d2vxptga4yuxl0u329naqssywhmjn9m3z7f95f,anc-ust,115345450,115345000,450
terra1yukk9ky7znrf7mcegwwxa773k79qgye67xmqlx,loop-ust,183810590,183810000,590
terra1ey5clj968nsd2g9j6ss6wfcjgnmr4ew7h8t8gy,stt-ust,8573717,8573000,717
terra1h5fhq9dx4el4pra3tsk8ymgtemjm5dz6t5f5mn,alte-ust,21107167,21107000,167
terra1z2fegmn6c4pcu2havy5l34new085dl8lkngtpp,loop-ust,2244432143,2244432000,143
terra10ummdvtmwt7clhvnp7lmag0zxdssrx6pht0dpg,anc-ust,54605738070,54605738000,70
terra13cn0yvd4huyhd4u5xp2qp9uqdk5l8wmm90tu7l,loop-loopr,1692113443,707493000,984620443
terra1penx98faf4dkv0wyk60j59eg47nuxyyejfnezl,loop-ust,100340259,100340000,259
terra100gfah29y8ec8chnf4zq9nj6qfg5eupplzscfn,loop-ust,15106664,15106000,664
terra10mqxtnvqh4lc3uhpwgv2kw4c7gtvmrstkxw0xx,mir-ust,74519705,74519000,705
terra199yzucue0h8knpl0mgnt267gf63xrs36mzta5h,loop-ust,93845971,93845000,971
terra15rxeqsngd09ejqtqsp2hw35rjsxdhrtcg2v99l,loop-aust,48982270,48982000,270
terra1lx22sanfyfsa3dq42aylsawtp9qrevdyd2ttgt,mine-ust,1069979594,1069979000,594
terra1c5f0fqnn7cf03534gx3hpfr6qt9nv4w8z80v0c,loop-ust,228508479,228508000,479
terra17cf3ftylj399p9axgxj0xjsft6gzwl4memge4p,loop-ust,351374862,351374000,862
terra1t7sk2p039d427kjd7r5ecdeyrca6v88x925mv8,loop-lota,606180220,606180000,220
terra19yslr5yvkxa6ralxhhdnl9v4dsnxfw3xeknlw3,dph-ust,19073306076,19073306000,76
terra1tvk007wllgwqcftqs3xmnrrnt93d6a2c5zamh2,anc-ust,1697451906,1697451000,906
terra1vyq32j47va9vdamntptj87x0kszz48k6kjwelw,anc-ust,211700137,211000000,700137
terra1xdf709c4jr2ewneeplmur5uetwd3kt37a0rayp,loop-ust,688302923,688302000,923
terra1a4z79zhzma67qe8tut2s39ld42prvur50qjem6,lota-ust,35877920,35877000,920
terra1uapre2zk2npnrhnhpxrn6v0x4sn7kylu3yn3yu,loop-ust,48452470,48452000,470
terra1wwr6akv7nhm20nwf33qzduq03wxdud795j8mdx,loop-ust,9820422,9820000,422
terra1s8amd5vwe38k69l25f6946nswuf5ecd05axt3f,loop-ust,603411038,603411000,38
terra1qa78thtg90z9cmunxd9xffreca84uy0ahvmcd4,loopr-ust,2303593260,2303593000,260
terra1uny3j2hzxtk5ggv3kle52vxag9m6m0r9rd6nsq,mine-ust,21806737,21806000,737
terra1p68z6wn262qd9ecplky9wv2fy09su5hft995n3,loop-ust,79245370,79245000,370
terra199qm85svpmx82cxedw7fy6lct0fgklmee24dna,loop-ust,310126651,310126000,651
terra100ecf0wgcz8s6qrul4xf4a9jh4kh8c70wrxvds,aust-ust,17914641222,17914641000,222
terra1gn8tnhxg5dzzzvy7xzs7wj4l3l9xhstwvuzc0w,loop-ust,38703624693,38703624000,693
terra1ftynyczu7n9k88twasrvwkgdqk5w0xc0gz7s64,luna-ust,58551707,58551000,707
terra1meaaf6ftfdx9glq09v74akyg85nnz3ftslv3g9,loop-ust,191145725,191145000,725
terra1v7j6p0y0gfjxz4fc4wwdy965y66jf5a0k5y7dn,loop-ust,126310326,126310000,326
terra1ytxpfsmkt5ug0qzmsch4xgx2ywdrch4qjwhz5y,mir-ust,3070159615,3070159000,615
terra1u6scamtk5a9hwjpsy0acw3cn0wyjx0p8dq9gx8,loop-ust,114826271,114826000,271
terra1252w2hcxn2wz66lft7qcpttfcgnp3n4lrqfrn5,loop-ust,1028235038,1028235000,38
terra19dzy2vujl5kk7jx3rk2wuafvkqxe4q43z4qh49,loop-ust,101465151,101465000,151
terra1lcn7yt05wtnrdfawq65t59enkqg9d7dh26jh0p,loop-ust,30558498,30558000,498
terra1yqawdmlxnzw6c5c5vul607hh5svz8yzvxwwn27,loop-ust,9780172,9780000,172
terra1cgg2epkaw9pquwst43zlhqvrd2dmgnqvx5xaqv,loop-ust,662460181,662460000,181
terra10f9vwvy0jdhdegvyq2rc5qwytajluppelncsmr,loop-loopr,5112872908,1154520000,3958352908
terra1rvzk9j4m3klvksshlvmwgufhx5qw4zv0xs52a4,loop-loopr,3411682695,3411682000,695
terra1phev6gvv68xl26vyvql9k4d72x5nplmyw0tpl6,loop-ust,76565196,76565000,196
terra1vrmfcc60ez4xc8wsw5jds5wwnn655wf7sxysl4,loop-ust,4665480689,4665480000,689
terra1d9tkqqnmdu6wzljvucxyrxmuzv3de8lk5mgn6x,loop-ust,20889219,20889000,219
terra186p9aqxgk48nz995f3pzrq7xt7ht0y48qzca74,aust-ust,8954874348,8954874000,348
terra1w3v3pm48g64c65vhqwev529dr9j3nu6hpzw4rr,loop-ust,19190396,19190000,396
terra13m0hh5ugqyupay6mjuyy77ljhpervafg5nztk3,loop-ust,53997090,53997000,90
terra15d8a0z0w3ctt2j5amufxxuw40rc3hdhqvgl2qc,loop-ust,306177690,146554000,159623690
terra1yqvwnz079wr8zrlw5d8chtlajntrhqgpqaye8l,loop-ust,11189774,9829000,1360774
terra1v3kf6amujv36qsgedvadum4ezu2wj58e7q6twx,loop-loopr,260306995,260306000,995
terra1wmttgw9zgks837ptgeym4mh8ucxvsrdve3q5qp,bluna-luna,3142596636,3142596000,636
terra1532atsp56xe2gzt2kd043zykfwd2w95h4l88kk,loop-ust,212490072,212490000,72
terra1dnzgjywlmcl9rdwywcrq4nd4rlcfdjtv7g0g84,loopr-ust,575493613,573821000,1672613
terra1hj4plzd96qgslk3v82a2t568g0uqnld9uglnum,loop-ust,21389884,21389000,884
terra15d04wl9a9xgpyzwehjghtmj0avtupc5u2hgqhw,loop-ust,4185290858,4185290000,858
terra1e7w5watqjexsj9qhlhvext4cewnldxfwt0udz8,loop-ust,23054428,23054000,428
terra1hgr52gqaeplek5upwv64r38dqmyt6f66ymdq0k,loop-ust,928530602,928530000,602
terra1sccsnjy9wjr36ly0dnhytrkptvg2mfqxy2qg8y,loop-aust,213135839,213135000,839
terra1gdkq60q004tmu2ruta43fvr7hydum4s064q9vf,luna-ust,59179062,59179000,62
terra1wy3dgh7s7l9rqnns0d3yct5ptxa3wpfazflsgf,loop-ust,56083085,52027000,4056085
terra1h4sny52a25txvgdsj97nhlgx9ef9kct4myqlrd,loop-ust,9569677,9569000,677
terra1p3x7fcpjqhenwu8x3q0lxpfhlecd8rs0yepn5k,loop-ust,20639768,20639000,768
terra1nffeln993j6lyzzwnzmxxuxav893aldngfp6v5,loop-ust,152602564,152602000,564
terra16npywjay76xhlmse43tmzv0ky6xq09xrlxtet9,stt-ust,69833418,69833000,418
terra1yauztjxnv4tnfm3alqmq8uv52jlm8lhv6nnd7l,anc-ust,162469681,162469000,681
terra1e6w4085c9f5tkqtfpxu2jyvwah24kv6hnj6snf,loop-ust,66001536,66001000,536
terra125vf27a6cxj06emfswr0q2vdavag9mra8ktkh9,loop-ust,24509774,24509000,774
terra1qltsdq79q2mqu2ny4tczjp8csag46yn7gwq8mr,loop-ust,15286492,15286000,492
terra1tn7ztsccscpeqxn9d6dxntmyacpndk7f2e6q4n,loopr-ust,52385912,52385000,912
terra1hz8fzj55qdpa7y3u5890pzf06ekml6xudjmela,anc-ust,13547504,13547000,504
terra1uf88m5k3wtulcdjr2u7xfqakyfmgexpmstumxd,loopr-ust,95702768,95702000,768
terra1zcgn8df040auht6yxd85nm7schq2jt49qjzlmw,loop-ust,488950111,488950000,111
terra1h6qwt7dwmwjmekffw2r8g7dllpclpftwgdxwau,loop-ust,49355681,49355000,681
terra1lx4thxwhruncqdspn6juec49ju7ezu0zzs9kn5,loop-ust,473895899,473895000,899
terra1fhuem2yaz9nt5pm5cvlwtyssl0vys727nhnjvp,loop-luna,2856488,2856000,488
terra15yu8f5cjj842xquzk9m6852w06tef8mwpc4mjn,mine-ust,1246668058,1246668000,58
terra1l3s0xe0spujkzfrdfq2semmplpclxkrz8jvmrz,luna-ust,464107344,464107000,344
terra1fxw0ntnc097jtajt6u8y07r2hvz98lqtknumdr,loop-ust,278986425,139493000,139493425
terra17vnq8wczqd88p7f4np95lrnkd3jsu7zt8l7eg7,loop-mine,113493505,113493000,505
terra1394qu4q5t206y6n0qs62u23sw2j22np7qedq8q,mir-ust,31735959,31735000,959
terra1kyfyjr80w73e70yk7769k6vtpcv8fuxkv9hnzr,loop-ust,40431371,40431000,371
terra1rnff8rhlxrzs696s2clmxscmcvkurgs2qy3pjh,loop-ust,6568737,6568000,737
terra18a4kajrlaxnqjam044elwfr5zyh0dwry3x3s2e,loop-luna,3319054,3319000,54
terra1z29jmn2fahrjjfxackruxq3x7guuuhhwu63fza,loop-ust,20693744,20693000,744
terra1n9y03kej8jxmhnmk4n9lmtg32uppac7maflj96,loop-anc,2532989,2532000,989
terra1q90y0ut2clex6zwuc4mpanjmq2zhgfuardz9ys,aust-ust,710706757,710706000,757
terra1gk9rlhaqy0mzx2v2xvf3hjmxg7dg6czugypce0,loopr-ust,860171462,860171000,462
terra1tgxzfze7rahz7kymu50ks94ld607ndmhe27gf4,loop-ust,15484845,15484000,845
terra1dq9xnwvvj6qajx7cj2uh8xs9f79ez4ucmgfu3v,loop-anc,4758551,4758000,551
terra1ddgdgazld0wdkhx96tsg2gcq8t4ac8udnvuxzm,mine-ust,101748396,101748000,396
terra1k73ttd6pwkfjf3u8q09q6shl6q68cgxcmswe76,loop-ust,111005969,111005000,969
terra1j6684s2zv2g6adru4d5t37pyqh2l9xaj6qc8kx,bluna-luna,11014402,11014000,402
terra1qz28vjx57ewk397gkssxdp0ldec9yy6n9s0p6g,loop-ust,1583815204,1583815000,204
terra1fzpgrp0d87a58s8yeyjstu0fr8d7ye38hk5syy,loop-ust,26423311,26423000,311
terra1klx2x54hj6rhvdcp57mz6jagf8mkmgr4dshcdc,lota-ust,27339741,27339000,741
terra1eqyjjv80jlxgk9hm9e2we7d8y6zyqtaacvwqnh,loop-ust,54053640,54053000,640
terra19s72cm4daudxea0s4fxplcn3aw3przx8aruy5r,loop-ust,40182103,40182000,103
terra1l3s7vljcucms5m530rja3vw4vlj76wvqj53087,loop-ust,32171642,32171000,642
terra1ssh08cu305sf2kdg5jzj36trwwwwa20axyeftj,loop-ust,24525041,24525000,41
terra1dv69myye8yvcdtwefjuc6rvtdye0889uf948xk,loop-ust,49439742,49439000,742
terra1ga7x6aqwvpf8rux4l4h68ugm9ewtps2afqntqh,loop-ust,265073411,265073000,411
terra153msvnprvah5y67tsa8z35g3t5l0ujawzm8sp9,loop-ust,4148017,4148000,17
terra1kk2jwwra8q0jev2jhnwg3gw473jnr2zlq9uytk,loop-ust,6926447,6926000,447
terra16akmqu8gkg4vnz5kx8vjkjuzvf5qu2tdjlhr93,loop-ust,51628716,51628000,716
terra1jvff9gwha83y2ednu3p4yk3q4yryslrjsekurk,loop-ust,3794632853,3794632000,853
terra1ncnq2rjn42j4w83k52nuzt6g96rrxjy3avq5s8,loop-ust,43580424,43580000,424
terra1fzfkxdhuurfzs7rk59chfl3y3yndlmrsd6l498,dph-ust,1005132442,1005132000,442
terra1hp78umvqy9327a23nutxgref5fvdxmypkfy0hr,loop-ust,9283146,9283000,146
terra1xx65yyhwwqzupktxrvkq3ax36rds2d60efy0l9,aust-ust,21063261280,21063261000,280
terra1nur24wp5c5mpwg0uuzr9s84fu9dm0zfg5r4cgm,aust-ust,8953970724,8953970000,724
terra16rywt56fc08cjansa7t3svyfh50qsn5p350w2z,loop-halo,2350823278,2350823000,278
terra1c5eveq3k5nuhf9426cwf7u802ckfj8nygsg0t6,loopr-ust,113822544,113800000,22544
terra1mzwy3l090cmwfj6kq69txasq690kk2nsmutc39,loop-ust,21784112,21784000,112
terra1v7jehlsl6ww78m5jgj4edjmdg08pct7qw0srnq,loop-ust,2611249721,2611249000,721
terra1vgvmtzpuzgxu5xcf2qqsl7h9de5fm07ckh4q3t,loop-ust,6126629,6126000,629
terra1n4uz340ct4syt50wtm7xfmx5vz4sr5te9gmcau,loop-ust,22682846,22682000,846
terra1mfpzrj9ycx0mv79maywcf72vdsgsrmgpmunfgy,loop-anc,2985265604,2985265000,604
terra1s42rt57alzvpgud4th2l8rzqsm0nvhu522nd4e,loop-ust,205712903,205712000,903
terra1t8pq7kzxa98nlyvjtzwr2grmcgnzg0w4amrjhn,bluna-luna,47862228,47862000,228
terra1una9dsuf6d3u7wx9mymze0lsg9uaepypqpewws,loop-luna,163775727,163775000,727
terra1ccscznlwwlx0gzja5xk6lnzx4w732224hjdxlc,loop-halo,7252185665,7252185000,665
terra1y9xgmc574j2577xun8k9ay6w0v6xkxkls3ttu0,loop-ust,30444838,30444000,838
terra12q2g98rc3f6zdx2chc7tmw3v9mpywsu3hy9jh9,stt-ust,707947,707000,947
terra1nzv5za6zavxpa83gm8l7p0dnx9mlfe3fd8v59e,loop-ust,153843552,153843000,552
terra19ft66rvvyara8zs67jaxl3dyx88tglv4ksavg0,loop-ust,6909513,6909000,513
terra10xx46ahg4av6dy65vncwpn7vsc6v2c6nswjauy,anc-ust,24362829065,24362822000,7065
terra109sjustn3qhlpjwqndvk2z53sj85akvt3g34fv,loop-ust,860733085,860733000,85
terra1ah6javnwjlu8q9wwlvv6k9qyr5g2vlj2k5l6m4,loop-ust,49465041,49465000,41
terra15alfyxeesm4yjjh2z5klfkdzgwv26gz86xakk5,loop-mine,17192405,17192000,405
terra12jwxsv82t33j6yh99rn42p4ek9wtl87nu5ptdy,mine-ust,288256446,288256000,446
terra1utdeapanx9r0qu3h6x9v57jzh504faf5p0whkd,anc-ust,378150157,305498000,72652157
terra132t5vzv0w32acmue06lrmksgvf85t2rgktcjgc,mir-ust,151417759,151417000,759
terra1ec3e2waxxwqcapdy3j5m5fev76dq3cssr0k6k4,loop-ust,46602515,46602000,515
terra1vek7ls5w2m43lnq99p848497mtjz6ujw3l0r36,loop-mine,1345084132,1345084000,132
terra10gzrym7netezznha44ycvdhe4qg78v3gv73ym4,loop-luna,20945417,20945000,417
terra1w6udcud0a0cflzp5xcc5tqkgfc3sxkcfk6hngz,loopr-ust,96651170,96651000,170
terra1u8rd690vlue7lw2cem6az0w0ee5h9hg6ax3gw0,loop-ust,437377152,437377000,152
terra1ry8m6knz57ncas46uhyhj2v4r9ky9d4syh8fax,loop-ust,204541365,204541000,365
terra1r7fyr0a2xfaqc3ws2vfkkljmezjn38nqpz6r0v,loop-ust,154668950,154668000,950
terra1r4x93899zhwf7h8akjsf0x9z253sdys8j7hzks,loop-ust,95990648,95990000,648
terra1wxr5lazfvcs4grflnfmvt30p2fcsgkphfcz2ep,anc-ust,138614431,138614000,431
terra1f5gqdq76se0gvwj0p6e0aelcxlda0sma954q4l,loop-ust,5037931,5037000,931
terra1469ahqyswmrjfsdn0xtstukepqltu3jnrgt6s9,loop-ust,2910872,2910000,872
terra18t2825d85wfv4kcy53qjay87zaghzgr8xcj4xu,loop-ust,10202602,10202000,602
terra1pp0ugj9cqnfwazzpg8tj9sepm6gsrewpa3hqqt,loop-ust,60426908,60426000,908
terra104vpz896jwyvwqkls60jyc6ek0ype24v8fcukf,luna-ust,5441806,5441000,806
terra1l6ez6060e3tpehudywq2mtpg64fdwsem83y4tl,bluna-luna,16713272,16713200,72
terra1hppefqufuetxkyzhvrmw5p27kh3myyzrac6tn3,loop-ust,40971840,40971000,840
terra18zpqcq2jyu4wkh0vm8gmqk5pa5cgjy6cc8lnvm,loop-ust,18114289,18114000,289
terra1h6xug6a9j0kr55s0w3yakp0q5cenldg965aldy,loopr-ust,440642086,440642000,86
terra1gf9a5gf97032q2u98qkgqlugtderaeru0nvjwe,loop-ust,14646024,14646000,24
terra1xs6zz4fh2skz2e3n0uns2l2e5rhyrafp4j36rz,loop-ust,80776221,56749000,24027221
terra1y6vnknwkh0j42ngqnrk85wlt5rwgpurmnumc4h,loop-ust,22607050,22607000,50
terra1dnzgjywlmcl9rdwywcrq4nd4rlcfdjtv7g0g84,luna-ust,670430,670000,430
terra1z9l7n6wx83svfqkxa2q782vm7ec0fkrueqcn4j,anc-ust,352132642,352132000,642
terra12exsuqf0lcnq809hxs7lczx2plax7ljvretu8c,loop-ust,49652316,49652000,316
terra1kmzjegtvyvwdggsj9any94jz8tthn340mzjw95,loopr-ust,74891121,74891000,121
terra1hxgxl5dkf6f95zunm7n8lmgtvvnw7a4vhw4k4s,loop-ust,130314738,121532000,8782738
terra1rceeduedv3ndzr0vnswkcuyqutum3z0dzdypae,loopr-ust,254444483,254444000,483
terra1mfxmr5qje9f33yghq0008w6q6pkpwrjg4vdrzv,loop-ust,1394972,1394000,972
terra1w3x344gt7rq053uml0688hpcaf6v29n73y4njz,loop-ust,11766095,11766000,95
terra13l5ts254gw8uvq0ujd98v00svwljazp57zp9m5,loop-ust,861339,861000,339
terra17n4c06qny92wharqtcjw6hpwfjz9vm2lkpcana,loop-ust,10366368,10366000,368
terra1pq0gu09k2j4gjmhppql6rdzrv3lv858q4pg7uq,loop-ust,97668026,97668000,26
terra1c3g3rknt2nu0d8vzqqv8lw46pytqu7reuu5987,loop-ust,15907181,15907000,181
terra1qzh243tejmj0mcs975fkcx0lz4c47a5llarf2u,loop-ust,207213610,207213000,610
terra1ap9ws2ww2ukj3v7d9thfp342c2wqlpnsqnu9qn,aust-ust,26176400,26176000,400
terra1fqe23fmmdxc7tarudjcztxs6jy9pwxnzskma6f,loop-mine,580469059,580469000,59
terra1rjm4nys9kywcz9v0fss5g42v4gf8af6t9hsh5g,twd-ust,1764948775,1764948000,775
terra15g6ch0f34ncqqk0lfrn49fyhu86zxj4dzgx2fs,loop-mine,269152739,269152000,739
terra1lv8kjf998acj5vq0nx63llwq0ky606q7g6enxx,loop-ust,29249997,29249000,997
terra1x6apjd8jl0m44uu6nmshxvxlzar3lpsh95zqr7,loop-ust,97516794,97516000,794
terra1qydzc7vpvkal83j67fqtgyzt66989c40h8370p,aust-ust,1545201785,1545201000,785
terra18zscex3vt70vn2amdcuwnyqj8xawc24lns7vnm,loop-ust,8499894,8499000,894
terra1l353m43a82acnzm3ppfzz6xg95zxng7zjus6zd,loop-ust,53237157,53237000,157
terra1z0dttlk73ytrus3h5ccxct6w5z8pddgvhnxsm9,bluna-luna,815165,815000,165
terra1g6z73w9gmslt8denv99u0aj2un94xd3pf7dq09,mir-ust,7694345,7694000,345
terra1zpfl7hn2ymtn283d0r24zgmkn3ueq9mn7mdv23,loop-loopr,116679168800,116679168000,800
terra1u3spc92yx67r0rhs49hr5w69u6vx6rl0w29e6f,loop-ust,8763840,8763000,840
terra15p2gm5c547s895xft6tfnmsdu7fd62dw5855qr,aust-ust,17860501,17860000,501
terra1n7q3ye7jqlvn72s48a46nmef5jytytqn508p27,loop-ust,42025712,42025000,712
terra1je08m7r9zqvl7qhxxn9vsa55usewufwqev2mmu,loop-ust,175307457,59217000,116090457
terra1u3prputlxv54yw9u45qh5khw4gkz9ykmt9s5vf,mir-ust,608456633,608456000,633
terra1w8svqt2e5tsmz3g856gqpzrley2mxq3m4w8z0w,loop-ust,27080124,27080000,124
terra1s0f4lyhd5q2xfmtezxjzd22jr4352v4ftg3wmt,loop-ust,5376601,5376000,601
terra1nl4fsftnxxzslcghaaks3m2jldnje4ha829esm,loopr-ust,1393706568,1393706000,568
terra1yxd2ptt8g62xqtsj4cj293nqcqwjk4xhk65ha2,loop-ust,384910848,384910000,848
terra1x6xkjgurg5a02j9h7h8nnmszur8k0jfvl7k9wr,luna-aust,211427426,211427000,426
terra10qjut56k86l5gtjz40ggle57rzxmww2ygkxs63,aust-ust,672367195,672367000,195
terra1qla9atkgeh9xslnpxfzf0zufs7a5sd3zezvmj4,loop-ust,90700023,90700000,23
terra1xh55cf99046k8mv8ujqyn7n42nrygmkqz0sdp8,loopr-ust,5112587834,2680108000,2432479834
terra1wdqfd7l759mf3p55sl337zh0qqn5jgyzftjcky,loop-ust,692176,692000,176
terra1py6zrq4ffvuadhmjzrcqah6zqhx2uag9gdpp4d,loop-ust,8719170,8719000,170
terra1s35zvcau3hjyaczucqe9lgu5hl27tjqxpkfjjf,loop-ust,36146554,36146000,554
terra1wtemta906nsfsge78ty46lnud0x4kgsfkhr7v3,loop-loopr,45549430912,45549430000,912
terra19tud7cq2es5v8cswyp92vkz5hnnrc6x5rlf72v,loop-luna,1349338,1349000,338
terra1a0mwd6zdgexvyta2vsmnjfvx5zdz0dxe489uu7,loop-ust,1068968784,1068968000,784
terra1a75phvmw034slnut267uju5cde8v656tj4z2c4,stt-ust,13686142,13686000,142
terra1hs034n5fr9ny55v4gpkqpl4pqhz4t6x9g6lf60,loop-ust,148997867,148997000,867
terra1d6fq37wrn99fvrpp7t65thuld9y4dn72lzuz8v,loopr-ust,211919471,211919000,471
terra1yqq457gg6wmf02nugjw6npyfk2x96ka5g6phl3,loop-ust,3256586,3256000,586
terra1jeflkz2ysrrswqgur5a22u3xenyppmgm0kqdwn,loop-halo,1727176303,1727176000,303
terra16kdmfq73fe8vn77qrh47et7aej60lq0drzmjh2,loop-ust,4176648516,4176648000,516
terra1lvspn2mglgqsx9qlu25xkf20nmtl03d6d85gad,loop-ust,14698026,14698000,26
terra1p322382hh856uerm6lmksm9jppxmclv56cy770,luna-aust,24226546,24226000,546
terra1n6zt67g5y7yut3smywkethl2vnmqav8w8g8m9m,loop-ust,12424081,12424000,81
terra1pzv7v2vms8j95au202vz6ynvy7v7ptf7u3gqr4,loop-ust,336165142,336165000,142
terra10u445z8e2pwk0vapk97kz6853d99z3uctqpqz8,loop-ust,13673839,13673000,839
terra1xr0j66zkj405afu5e8jpeuanavtqy2waw89clj,mine-ust,639444162,639444000,162
terra1uhfdp84phatrwcgyntn963jl3d8wlq8xyypdqx,loop-ust,15632581,15632000,581
terra1r4jedccahws54q5rs8sq2uvhapmy9k42qls58q,loop-loopr,2203036834,2203036000,834
terra1uf92rkhpk338serxs60zx2kth673sclr8l6zah,loop-ust,645539,645000,539
terra1emt46q9pgyky2m0mg3xcvrz7rkl47qr7r29uth,loop-ust,29219025,29219000,25
terra1scmfgd39ecftvxrr7qsfe5z7djagw20hnsv2l2,loop-ust,4612371,4612000,371
terra1nlwyt6ypaluwzls6y8dwnx85lghpl4m9te4p0e,aust-ust,44857793,44857000,793
terra13alvjhlpxp9fq54sj0g34j6mqf75zp7g97yw8d,mir-ust,300285530,300285000,530
terra109s9fdkq5pmy0t89hf75d07ycm5f2zhh0ma5k2,loop-ust,9094396,9094000,396
terra17x9xt0awq74ex50q7hfd0w5356d8vjcvq464y9,loop-loopr,19718567192,19718567000,192
terra1p54hmq7dyvec36pps0ctg65svk8nr57rxqzuk7,loop-ust,48889414,48889000,414
terra18g9q6zj4gvfnqla098t86ytmr8fl55hz5agm6y,mine-ust,35802628,35802000,628
terra1akfrgknz3lymszfmmcnjtvg265dz3zdahx30ft,loop-ust,4959885,4959000,885
terra1pf38uu0mecf0ftcgetllta3e6z3cy66d4mqstd,loop-ust,86461195,86461000,195
terra1l7njp050gcf0y09xektyhc2t8r36vqju2fxz58,loop-ust,477561892,255496000,222065892
terra1afrsp0am80aykwec7ekfl7mqm8pt378u47p5ls,loop-ust,10568404,10568000,404
terra1egvndf6x8h7yx42vrum6rjnyjy3mpet02u6vac,bluna-luna,447936167,447936000,167
terra1eh5a3nrl03rt4uulqumtn5p4jtlsya50le6u3p,loop-mine,224183514,224183000,514
terra1n0dcqsck98xtrk826yr50m84kqzjfd9a0uudfp,loop-mine,51106842,51106000,842
terra1pj996hv9crrypwpt2m37uxl0yrkl8ywrhyyvlk,loopr-ust,60354396,60354000,396
terra1d57dp3q5an9jajy8d3q5g7rxrqplj4jat42lva,dph-ust,13779403585,7807972000,5971431585
terra1enagcsadtz60pwk2cq0t7twlwsxcw4vyp3lzzh,loop-mine,315942420,315942000,420
terra1xqzaxvhypm3eq52umr9dex8maaaddrapf4980q,loopr-ust,41589418,41589000,418
terra1d0r2pg738c6u3l4jrjsgw7w7xlxkp7fcqeek0g,loopr-ust,31254550,31254000,550
terra104g05kadx4gqd9nvrw8ymfc0arzusymg3lmrdj,loopr-ust,24693293,24693000,293
terra1z66y9672ulh5hhaa9t5nwhgra8retxn29wkcad,loopr-ust,4303175786,4303175000,786
terra1j8jp4mhce6ppcm6av74wmnlutzvz8gyk4xalea,anc-ust,803784661,803784000,661
terra18dcf0ckfduna73jlsq4sdxzghaxqj7r8p9sm2c,loop-ust,797113508,797113000,508
terra16x7cp400qtrhpuztun2dm5rlr47y6l7ndtpj7d,loop-ust,180159993,180159000,993
terra1exszvqste6d5ghvhyksjzhxszv43tzgknz770g,anc-ust,26918794,26918000,794
terra1jtthehn02flyhzv9awarzsgvw8smd0fwzydmcf,loop-ust,8824285,8824000,285
terra1jjenstuad9p686dmtpnldan8ns765rky97wnnx,loop-ust,16090023,16090000,23
terra1ksu2z6szrp28ygx3zhqhjyqtsyxeyuxd6qau9d,loop-ust,44405729,44405000,729
terra1rzkje6v6x8h0wm39y3h80mmt257jc47x48z8ef,stt-ust,93443691,93443000,691
terra1lk20anwh03y8v2ktqhdq7ecltwxs74cen5ljqj,loop-loopr,172269531,172269000,531
terra129caq97gtqrhmquhtvmlwpxlf3sryagjptkk9j,loop-ust,3725311869,3725311000,869
terra1sntag3g9u3ckpnwspxxju9mywly6xthhgaclpn,loop-ust,454286235,454286000,235
terra16m0xdzuwhpnxaurhrestn5zfmwgspd4x6qq6vs,aust-ust,47531988675,47531988000,675
terra1g3hyrhra7yt49mkz9hjey8k8yxlz2lhttj6wv8,bluna-luna,330873032,330873000,32
terra14yvxan8a4ckvz7wcvcg4e2zfsrnfpw24zvd842,loop-ust,47045983,47045000,983
terra17naan4zhrgzkp4p8m8wxpfv4zqeyx5rjxme2a9,loopr-ust,306046590,306046000,590
terra1mghfncrl9pxw3c8mvphrafzg427xhu89nk5948,spec-ust,7444484,7444000,484
terra145677lhzvt5njhlpqdrm6df6v0m5gap5m70qwv,loop-mine,732792727,732792000,727
terra12ma5wy7hm4lgc9ul7syhyvq42tthua7selr9wz,stt-ust,13954826,13954000,826
terra16zrnsf7gl2ftmzud7lfut7ppqn6zdhpnpkwwz9,luna-ust,86192802,86192000,802
terra1jq9euslp2fp3udu2x490vsdsvzckal7jdkhgxd,mine-ust,76816250,76816000,250
terra15cfccvea07n9uw3umex3nd9rl49kdn9uh2jjuu,loop-ust,45071013,45071000,13
terra1yr7c9q3326wp4h0ukzcrdh4pagux7mgu4c0ze7,loop-ust,300593555,300593000,555
terra1grqhndg2fzyh3dff6vvhh8uydxtdv7vw5q7qcw,loop-ust,287008004,287008000,4
terra1g0l7vx03rx9888yg6tluh5c6wm25yf49xk6zag,mine-ust,15104586,15104000,586
terra1ergm23hw9c5agrffrufwt6s354c2pcr9t6vcfq,loop-ust,88407430,88407000,430
terra1n2576gwupnv7e2kat2j86k9w67q2e5s98xr0cn,loopr-ust,142644593,142644000,593
terra1k6zaq2gs2czyfyj7gjkv7jc7r0kd4wtgvf0wdn,loop-mir,17449983367,17449983000,367
terra1fhq9hsqaqw2edhlnvnu05d5rtd00h65u053jlv,loop-mir,9888677,9888000,677
terra1ythqfmx68h6rcgvf2afcj4r2jxrcx6j4rx6c7k,loop-ust,4416496,4416000,496
terra1derms2va4s7a03mjqk8rkuvk4acvjsk4r86kqu,loop-ust,87561433,87561000,433
terra1fr20s9mz8ce5nu67je53c25zwe7269g6mf8zws,loop-loopr,8432829970,8432829000,970
terra1sm3krddhlrm2uvx7268h0w75duqjetw34zgs6m,loop-ust,48816598,48816000,598
terra1duh9l2q4empp06js8r28x096n4uc24vehyj28u,loop-ust,223967211,142074000,81893211
terra10u7zwvagxcjyxcad2wdfulh8smf4xwzdzyzlkk,loop-ust,921836,921000,836
terra1xm7cclj33s365ul5cnlp2scnlf364268cv35qw,luna-ust,108020762,108020000,762
terra1zphnsswqxdmnk74wyearu76sj0knw48ddhjzmh,loop-ust,2703671,2703000,671
terra1ulzcnwqfvfzwwsccuv0s0897jfv6jnl736t6e6,mir-ust,2901340645,2901340000,645
terra1vkdkm4lvym3283yhp2pkv9puydknl4cg8e2zcp,stt-ust,240227612,240227000,612
terra1mhgmvdutddvahx965jfqk4k98kxppql046vc7r,mine-ust,18015748,18015000,748
terra12fx2exq9sw0qazzlt4n9gpvmg6u7smmhcjgu9q,loop-ust,18513081914,18513000000,81914
terra1v3kf6amujv36qsgedvadum4ezu2wj58e7q6twx,loop-ust,47580252,47580000,252
terra1m7lj92zsahdhc966k5cqsh7l8mh9s70ra84ay9,anc-ust,31924838,31924000,838
terra1yvpcflf4kfq3pl5z72ytzex5nn48ugq5jpzq70,loop-loopr,808532952,808532000,952
terra1m2f5jvlwqvs2pes5uj8z7tztyefdlw9xxzcn27,dph-ust,265865015,265865000,15
terra15jsf9tl98s709xy4zylx6cz9x9ggpppyw7m5yq,loop-ust,1095346,1000000,95346
terra1f0jnkgdwykksmwh0nlqm6q4avj7h8vnr85j28y,loop-ust,612682606,612682000,606
terra150esyd2qmxqwf4hs3jkgw94yw5zd4teec548fw,loop-ust,47180254,47180000,254
terra1zjutw4mtmyeer9uxp76shjghxqm3cnehzltclh,bluna-luna,500736404,218077000,282659404
terra13nx404a78hyxv04eqsaewk9wwh5dyf7tcve82d,loop-ust,197678097,197678000,97
terra1qdujklqgd7yzeuqunc6xs2dyqa965jgdzy33q0,loop-ust,10478384,10478000,384
terra1pvturnuyjsvpk3ecl93tm7pkfgrsu6cwlmu4zc,loop-ust,8053319,8053000,319
terra1vvqnh4hqeyc49l2tfpzsvapnzs90cfpe0snpjj,loop-ust,7633349,7633000,349
terra1248kwc0ncxncmfeuf7sl9j3xlj26zh2qch2wut,loop-ust,15147525405,15147525000,405
terra12krzjr37dprgdnw34zjvhcg698c2khvamlx29m,loop-ust,9124146,9124000,146
terra199lxalnzgahzxs4ewaw7y26lu0qwsgj3k9qgep,bluna-luna,40313167,40313000,167
terra1uv0s580zm0mu2n52pzu7xp4pg8n0awv3k0t4uu,loop-ust,37481298,37481000,298
terra134qcrdy7vjp2ef8rrnpat2g3za686wuuj8heaq,loop-ust,11982199351,11982199000,351
terra1v2t46et8e7d9hy42uf2glx482fssf02zawr4wa,loop-ust,54869563,54869000,563
terra1prshac52p77zgpq580aurctx25lt4j5kjx85zc,loop-ust,2362362,2362000,362
terra1p0mnmxgzmftynkym0n5t0fq3wv2mmzszpc0ejq,spec-ust,20417186,20417000,186
terra1wn7wsrga3d8p4gtxhus280kevfypl5lkjg9pdc,loop-loopr,101532485451,101532485000,451
terra1dj8t3808cwnc28ppfgpen4fjj5syral5gr0kl4,loop-ust,289998797,289998000,797
terra15grph7dxyj7tqq0030444cahzwhy75cwaw039a,loop-loopr,661377836,661377000,836
terra1f4x297j37pdgqqszhyszh6yhg5tjh6j8c5u3qy,stt-ust,242271528,242271000,528
terra1csvk5xx7ftuldx50aj45qqyc6yw5mtrjxptftd,loop-lota,2570112683,2570112000,683
terra1nv8a9hq29yn24zey3f66tlrfjqp7pna6swzapz,loop-ust,26846371,26846000,371
terra13fexsz3v9ddvcmtwrsqvmdheca2x75lxnfmgg4,loop-ust,16590856,16590000,856
terra1nur24wp5c5mpwg0uuzr9s84fu9dm0zfg5r4cgm,loop-mir,2274110207,2274110000,207
terra150vzfh9cn4lp2myl3f2hxmljyw6mlp0ex9nu3y,loop-ust,5177947,5177000,947
terra18x9c78r56zfy97ggr6m453mwcmqd7n84n3u7yp,loop-lota,6268042,6268000,42
terra12eqxwd67gs8asgfqn7e2quvn2g6rxh7y5lazr9,loop-ust,4437259,4437000,259
terra1s9alx5779rexhyfc2853tk4ux9fshcz8er2zz2,loop-ust,939869609,939869000,609
terra16pt0ep8jfnsu0y8aq6yw99wc3dh5s9nm3acypf,mine-ust,698987228,698987000,228
terra1faxxwff9943hgzfkxm7550gcrlwwqtkvteh58k,loop-ust,4437702,4437000,702
terra1u376xnnv5gg0j5s9lp2v6ecrh0ranr32wma806,dph-ust,619624281,619624000,281
terra12xgs0cdh5jl3exc9jf6kcr3cdpgnpt7udh8tnv,twd-ust,120840008,120840000,8
terra1tzhssm4zdaz9rcfyyeshkdvzpzqu9v7s4htt64,anc-aust,2317046880,2317046800,80
terra1ndvqtnskhgv4p5fxrgc94sh99ff0dnq9mdyvsd,mine-ust,840528897,840528000,897
terra1lmz8r49x8y78sad2x38usn4f0qpudg5l9ht7qx,loop-ust,7844484,7844000,484
terra1ud5k485jq56uq9ssj6dq4vdwlf9w6rac2ql63c,loop-ust,5453922,5453000,922
terra1kyvn967t06rjjfyfyau649n2y4fnpjrlyqajhx,loop-ust,4750518,4750000,518
terra19g02ahg09tfxzlsp2jy8ywwsknss349m5xrwf9,loop-ust,28142068,28142000,68
terra1v0lptqwe6ftqnt7xyzppylml8v95epwauvmtrk,loop-ust,26196459,26196000,459
terra1zrvrpjs0p6qa4y9xv9nhwjkx4cn74newlsqv9x,loop-ust,944451028,944451000,28
terra15smqghaau5r7hd7tc82vgsmwk7as90exlvqqa9,loopr-ust,1826756448,1826756000,448
terra1vx6e3py0s0md6keg4cqhsg4hcnkh9m3d2pmzs0,twd-ust,634793834,634793000,834
terra1qwhxxzcugjstdcwgyuqukehdnhlpsk00adf9dw,luna-ust,17250617,17250000,617
terra1qznjtvctxr4s6rr3qnkvkyzmku25hke3selghz,wewbtc-ust,4200068,4200000,68
terra1htpk0lspae4349xxcylc86ede8gthaqxgc6uda,loop-ust,14486967,14486000,967
terra1j5n096qt07prfr7hnazd2auvnh2jz5s9p3v4yh,loop-ust,9103069,9103000,69
terra1dexujclsqzmls66e9vtvk9ce2nrkt55kxy8pl2,loop-ust,457335626,306907000,150428626
terra1w8w6ylk3j56xtuw33engssg8lg0n4ar54vxrsm,loop-ust,317200163,317200000,163
terra1xxuqnhxyrmhxvtj84ga8gj5u5m6qmyvpx2txns,mir-ust,5106567,5106000,567
terra1zfly4ru05ktuxdal3ltxd0zmw4napu6wd54l5y,loop-luna,55411681,55411000,681
terra13vqlfe0lf6wukt0nxy49548af8eqxf02d3htap,luna-ust,36722154,36722000,154
terra1cdpceapd8emf6y7q4gp3mnhy4hd0a4qza5qxrl,loop-ust,116951732,116951000,732
terra17f37rvpvvss9zmcyprddp2e2tz68w9k0eq9nqm,loop-ust,11359554,11359000,554
terra1d49zcr5l879t9n37y4xuxeujenggadd33k6kft,loop-ust,9859197,9859000,197
terra1frps45tyk8qwfweuc302gk4m95wvcnttcndw0h,loop-ust,2699228838,2699228000,838
terra1c3aw623rajh0cu9r4q8smwjn76sj4v446jawj9,anc-ust,29004955,29004000,955
terra1c20vqg5gq3kn90cw89mw67ercetmvr4fl32c2a,loop-ust,26620002,26620000,2
terra1ek6m2dgpa0fs4e2v36fjf70u6xtn5z2hr73r34,loop-loopr,4129050505,4129050000,505
terra1hscaf8syx3haj6ccry9t6w5gmmt5du48xdrnr8,stt-ust,17440796,17440000,796
terra1s22gkwl6vp2jj6272vmdky0wfrxldp9acphntp,bluna-luna,47830059,47830000,59
terra1c9uw9nfzkp4kc3pk57xt8vk9zzma7rkcuwm56w,loop-ust,25928974,25928000,974
terra16wsqr6hy4tm8qfae8s3qfdtvtnnu7acmhdh5ss,bluna-luna,4510996,4510000,996
terra1kucm6my2cejdennq0c6x8zksncvvkf8zz77tmz,loop-ust,719175759,719175000,759
terra1sstrjfjpgd4lzrt43j7dv7md8h3e5zztfw304n,loop-ust,10115728,10115000,728
terra12gq544s9uww5yj75ht7ce23lve5vvrj8ztmj69,loopr-ust,23645470,23645000,470
terra1qxfsgt8a56f9a5z2qzr04da5e6gy56knyt0wm5,loop-ust,5316275,5316000,275
terra1kwyka4qzjpa6m59nmq338w0hfgyeuxakpsyzf4,loop-ust,4660636,4660000,636
terra1yvmt6q9ywx5cmkqm6yzhr8le8tln740wuct2jd,loop-luna,41684577,41684000,577
terra1hu98nphrh8f7zjxflgyvmura7e0gmqep57s84d,loop-ust,7941873,7941000,873
terra1ntg08hl95s9k0d6wz2tqz9npr2gt0waywxlktq,loop-ust,20090682,20090000,682
terra1qdzh5rmzteg9yyh700f0wtnu7qcyxpuktzd9cj,loopr-ust,22632946,22632000,946
terra1k3t49z82xz69cterqaae3jfeq9s57grxvxnw3z,luna-aust,53925405553,18113300000,35812105553
terra1tlk0wf2lqnu0axg7peveatkd370lwwe025uyk2,stt-ust,184680860,184680000,860
terra1hpw9eyg9fmuvhm09x7uhk7llajk72jzv2mvrar,loop-ust,16272552183,5528084000,10744468183
terra14gsthzwk5flzu7t2e6z5y2fchc8qhwhs8fxq47,loop-ust,9620652,9620000,652
terra1lg3lted6a4yf7vwlqhwcpqn42mckveqqvkyjfh,loop-lota,229335628,229335000,628
terra1ymxps8nnfqf26yyvmrgdmpyv6n9fpn50gsrgcc,loop-ust,45761067,45761000,67
terra1gykjcqsgstdakfzsw43gdqxvqlz7d890sc02sq,loopr-ust,819430223,819430000,223
terra17zu4vy332sy9werem0saqngm4jwdf03sf9ltss,loop-luna,607753383,20236000,587517383
terra1djq57x93mwm2l977k59ynd7x57046dqnk7vydw,stt-ust,23424334,23424000,334
terra1v64muuucqqnlnt304ncefttcz9fpzamj97r8yt,anc-ust,190496435,190496000,435
terra1h5qs243yv5n3g7uq0z29z3s26uwmdw4x3u3sxj,anc-ust,1158813546,1158813000,546
terra1t9xucekxfq4k3x8xj2c5ljfd9flu5cue83p850,loop-ust,42965779,42965000,779
terra18h0teeyz94vspv8m9f3hcq5nzyh04j7j0zap9x,loop-ust,10118543169,10117748000,795169
terra1uj8lprc59a97q7veftcacw3u0kxxuhew7zlylz,luna-ust,9554870,9554000,870
terra1r28r6gx489e9zalrsnczqx7y47st3yazaq9ja8,spec-ust,10565041033,10565041000,33
terra1umyzadzcm6s97hnhkzt9fruk87sq29nz5puduw,bluna-luna,12164177,12164000,177
terra1het2qn8cyj6r8j6fn9aulde89x2rkvkkr83pqh,loop-ust,86166435,86166000,435
terra1q8ulq50l63n3fa3hmew5gn3apewkcs929jl0xt,loop-ust,6205494,6205000,494
terra1qzauc8kq3vnzcygdahd92xartdguewy6y6nyx9,loop-ust,248196829,248196000,829
terra19s4v9u3ch8l4x6ezklekj7qykwyehwyjl2g3qm,mine-ust,19965602176,19965602000,176
terra150esyd2qmxqwf4hs3jkgw94yw5zd4teec548fw,loopr-ust,60309643,60309000,643
terra18r8u0lthrs85u7fejnx67p4m0u3val6ned32w5,mir-ust,57423096,57423000,96
terra1k5evvu7ar44udeung56m6j3f48ue3z6kcwu82m,loop-ust,2115737,2115000,737
terra1q3enj8qmzkqumkh5hpmns6dwqydm72a4u6ysv5,loop-ust,26183339,26183000,339
terra1gxr5msgalwdklmd46c6ncd8p7rxc9rhlej3tjg,loopr-ust,58837511,58837000,511
terra1s6xvdkaldx857mkl2p2tw8tkyyrf737z5vdc5q,loop-ust,7961695,7961000,695
terra1h6nszn30hdv2nqqeze4fd5vynvhwerfthny337,loop-ust,9502799,9502000,799
terra1zd8a7cg9cgfgwdseja0yy53stnfucq0rqpep75,loop-ust,4068209,4068000,209
terra1fzjuefyxgswetehlgr4j5q8hn6duryrdskezqs,loop-ust,15273945,15273000,945
terra1sk5hahj2a7yhxlrsjxd2hnfqvhdm633rra883c,loop-ust,20560734,20560000,734
terra15m953q3e374cwjfzp04qh2k63q4v4eygkfcmpf,loop-ust,31996195,31996000,195
terra16amne3ujruk7tvqgvr30nddq6h9ll8sjyau74q,anc-ust,272801944,272801000,944
terra1qen3qjv5knms9uus96yj5gw5khkt34j8nt8s7w,loop-loopr,19529156485,8000000000,11529156485
terra14y89slk49cz95ltfj3sguuavdj3y5zkqxzhspy,mir-ust,161307871,161307000,871
terra1ujtxpzs7l4x8x75yj6wascpk062ammf3hfes34,loop-ust,90170985,90170000,985
terra1s5fpxez8dwa4rjuxr4cxyeuv4dkspmmcxgarzg,loopr-ust,8035858065,8035858000,65
terra129uaczs9fse5wdce0q6qtkzsq369dt5jnazg5a,loopr-ust,13931594260,13931594000,260
terra1hqdj9kmvw6tjx7daw8s9sq4gtj0smaatt0ru4t,loop-ust,449354577,449354000,577
terra1z0rmdssp6awl0uwtplwp8p6rwchs0yj32hgx7v,luna-ust,523170803,523170000,803
terra1c00wr8n9wz8tdjm8tall9twjqyvkds2nsr3rv6,loop-ust,431409570,431409000,570
terra1y2a49wtxytnr23aynkx02z3rlq3ngv6946k78n,loop-ust,15795184,15795000,184
terra1kzvv85nvh46h3zvusjk59udzrfau6pls4h5t3u,loop-ust,4583209,4583000,209
terra1l46kx5nfyg5hrcxkvd6s94pvt99y4vg7r96cve,loop-anc,13661054,13661000,54
terra1cnxwnf4u8cdt23g5hc9zyyjuxmxt2pkwhyelj9,anc-ust,4787606817,4787606000,817
terra1sk3nrgsrcaasu7v6qejtuw5cew8xvlmk3q39cc,loop-ust,89020265,89020000,265
terra1mvjp4ah74nlqlgs8ve78ywvm85uh655zz4phc3,loop-ust,248301874,248301000,874
terra18vu43g00snrshzylr9t0f6yvkpw5s09wxasvfh,luna-aust,1037384562,1037384000,562
terra10z5uyecvyynat2sklc6zl5a0z4x6qkhdh5uh7k,loop-ust,1897125,1897000,125
terra1lz23xdkx7c67q7h6cxc7sgneyjyk34t3k7jfv6,loop-anc,144456471,144456000,471
terra1ck0y2en9pqralx8jzf4lvp72vspz6g9x8eydlz,loop-loopr,791420283,791420000,283
terra12rd65vl8rsdkazxz6yf7c6y9z2eh4ktr3zkzqa,loopr-ust,26674843311,26674843000,311
terra17ve3fc5zsdnaqk47j62ulv4j2kvyn8mqwkhmtn,loop-ust,3766506,3766000,506
terra1g6evg97ujtppy29rswmnugl4495tkshjs29crr,loop-ust,145578737,145578000,737
terra1sx5l2f7xtg5uwq6krmhjmprjpj0nacr2eyw00d,luna-ust,75758165,75758000,165
terra1ttrl027n2q27f7kmqsqqgkkg2wakjaamyd4mzd,stt-ust,4423091402,4423091000,402
terra123plw0zqfjuqdsh6xhykeann59a809qjza4q7g,loop-ust,44835851,44835000,851
terra1tsgxm3edsv8ttzynhnj3nzuf027raxvk7txpwl,loop-ust,46824048,46824000,48
terra1zazt8cjpe2wnz6phl3mx8vx2vpfl6wad47jsr8,loopr-ust,4183787510,4183787000,510
terra1y2g65fef96pgr9fmf9ek9s5ky9n4vjeav9gsdu,loop-ust,218234875,218234000,875
terra15vxwdlxgy3wv7ye7wg4ywkdwt9nqqtfk9e88wt,loopr-ust,636488666,636488000,666
terra1wvlz4xfdz6yzq39accyuxkel4qp30lf38lmfsm,anc-ust,3149811665,3149811000,665
terra1pu95j4tw4zlum6uqgle0atelxhvml34334yk9j,loopr-ust,88080448,88080000,448
terra17rhxttxw2a20uz46ql63uyl7dznw5pghauw8wf,loop-ust,136345702,136345000,702
terra133z7e39glyep7tdwqlhtnzp6z4qc7vd9sjqqed,stt-ust,390548631,390548000,631
terra158vrp9z7a9exettzc6d78nt8kedr3f0vv20rge,bluna-luna,89106876,89106000,876
terra1lf6ksedqx8943zj99j7cf38n30tyu8jwctv3th,loop-ust,2674179,2674000,179
terra1g2fyu0pesf9w487y4cjteehuar3aghg0weuaq4,aust-ust,68074465832,68074465000,832
terra1jy96xjsaapcexn0dvdwpftrzfv22yupdgwrjqq,loop-luna,11776414,11776000,414
terra1td9l5q833gae4xpy599m2nzlyemg00wnyeeg4l,loop-ust,10463952,10463000,952
terra159ze2lx7my5yzd8yjzrz2crtxdrw2n4u08fd4m,loop-ust,56743103,56743000,103
terra1zcpp20havczvjsjewpj8zq0tfjdzstm8xkv2m6,alte-ust,146263701,146263000,701
terra1xr67rthnt9a7pph8m5wu79wjwkdm9q7zqn6jgu,loop-ust,9769266,9769000,266
terra1pnd8zdzp5vspxpnulmmqzzpa96crw3n3fc7nr6,loop-ust,42663918,42663000,918
terra1rknz4a9z7wkcpz5k278lua8f3h7mr6d2khhw30,loop-ust,24077294,24077000,294
terra1d97sgqhtgjn8zrhnufv66ahf9vaz9vg6ggeld9,loop-loopr,37934583,37934000,583
terra1ed5p2kxxt2xxwnqpv06tf8yqaph76mrhuhfr4m,loop-ust,39277288,39277000,288
terra1cv2nzhtmqn5rrkfj9yagra3dy33a4l9xzvrene,loop-ust,22185187,22185000,187
terra1c8nkle9q005mvtrvsjrsnhqmg2mlzumtfzhhf5,loop-ust,158673252,158673000,252
terra18yuxghx3qhjln69n7g30uf882xuth0r0s2nl77,loop-ust,83855679,83855000,679
terra1vymymlkjkrc3nrav82gqlp66cwnqfmt3x6elw6,wewbtc-ust,30942,25000,5942
terra12krzjr37dprgdnw34zjvhcg698c2khvamlx29m,mine-ust,37758363,37758000,363
terra1jey930whs8d6cm8l0s229s07u6amlm4lhx76qa,loop-ust,328663976,328663000,976
terra1sc9ycysjjul4z3kd567c540rgyymg2dpendvct,anc-ust,165376041,165375000,1041
terra1fcdys2w3gtk98rfesllu70mqxwwr5tc2k0d0v8,aust-ust,1051976091,1051976000,91
terra1cqp54vf2ncajhkp6dr5kcn75e6rv9xpzht8uge,loop-ust,21277913,21277000,913
terra1pfjmtcm3qc23s9mpshv7thtuspdwfharqlja55,loop-ust,3102931,3102000,931
terra16jgdyygnvnedkext9y7fjm4rg6pqqzz8wvs46y,loop-ust,27207856,27207000,856
terra1ulxs22fs3wldg69s4xjykrdn7wfj4gfw67safg,loopr-ust,43685206,27221000,16464206
terra1ru8ckf5e3ufpupu9l7t9fg44vqxg69fgt6dj6d,loop-ust,404027754,404027000,754
terra12vgvuktefe4u5drvgemdsngxv57mzx93qz4naw,loop-ust,47247898,47247000,898
terra17y92srf809rp7exalvsdpres7rltm8mf2xf46q,loop-ust,2858550,2858000,550
terra1zy72tgezq47zvqj63utj9v4znfhhtdqp0z68cr,loop-loopr,705368028,705368000,28
terra1q8pu5fsdwc9kkgup3lndjzq3hcfqg0cdv07any,loop-ust,85439709,85439000,709
terra1zvrmm66exv59ucjexv2gtp5z372t3xu7a9g0q6,loop-ust,205839858,205839000,858
terra10fjzy6mc7phedvs5kgv26p9a9k992jdlqgq2px,loop-ust,16434830,16434000,830
terra158lyh27kz5frdj5ajxdf98vn9z9hlj5ywf5dyj,loop-ust,3456692438,3456692000,438
terra1nxdwwrpfshdtj5mp4t6kam6wygcxtw3mv3lcm3,anc-ust,17263043415,17263043000,415
terra1v5sydehmnfvp68t5p0ckhwyhnprd6re79yua3g,loop-ust,49231426,49231000,426
terra13ycmvyg6cx4g9gx52naxeekhs4zye9qyy09ew4,loop-ust,29556571,29556000,571
terra1s82s8m38d9cx7sq4n6j3ck8ydqnqqfp0tasy62,spec-ust,294189492,294189000,492
terra13k05s8hrhswwvw3sa0sx93242sdm3sgu9rxvfp,loop-ust,538700077,538700000,77
terra19udf5f4vfnhy2p6fv5w7gyduwavcylkaklfq82,loop-luna,123985072,73985000,50000072
terra1jmkm8tgpfnewup7vmus9xlxgy5k3nx0l5fn254,lota-ust,171448258,171448000,258
terra14nycf8ryj6gu4hmfmnhtad4lpmjcpsphkyltp5,luna-ust,7144783,7144000,783
terra1nf76j7h7mfru3nf820vw6hx9ded2qs6vtmxx48,loop-ust,9340224,9340000,224
terra1n0s04060u95w2ymaxtgduvpekqjq6dejgdgykx,loop-ust,30929123,30929000,123
terra17v6vngdasnj2njuqeukeyq522xgftytfzvgk9n,aust-ust,536336596,536336000,596
terra19f573x6j8gdnc5qjn5u2dp53rdva3kjv9snme8,anc-ust,189453540,189453000,540
terra1p0z3kng7jkxc4eywwjh03emawa2sq328yf4lsc,mine-ust,42993202989,42993202000,989
terra1du2e5kj3rh2c0cfgcmu3ry4xcnh266ruax7e4y,loop-ust,12655088,12655000,88
terra14mk53nnvs98edhnmfc0w7fddaqacsmd9a37g4v,loop-ust,1038872451,1038872000,451
terra1k9z37h4cjcc75dgzqlnca8nrd96ga2qcdyx4h6,mine-ust,3197310,3197000,310
terra1zmdaqf8cj8p03e9eg5l7jme5wu38m3g952zfaa,loop-ust,124506095,124506000,95
terra1axyanjkanare9n2750asgvzfpzyuumtm02w02v,luna-aust,5519860,5519800,60
terra1nf2v5mh6a2n98me4zu2q2ml9qln2p05yc3mq49,loop-ust,125858397,125858000,397
terra1nlqyrwm7k96lj9r5dttcl5sqrx98ehweg6fq2c,loop-ust,9778848,9778000,848
terra14xxf9fqyct42gugm6s9vrfxd6ddr995ecn0vf2,loop-ust,2457304750,1153867000,1303437750
terra13r6t2n5d22af72muh043dg8dx4v5g6c9tepuce,loop-ust,60026383,60026000,383
terra1pc833carqx4aju380qdr7erzrt490letzq3s9x,twd-ust,56631853,56631000,853
terra10flthq2uch7ycxstm63rnttt0hag8dkt8gmhrd,loopr-ust,12151069,12151000,69
terra1jsfwaywxe9ynddnvflsyfmq46qwr0czyxputfd,loop-ust,7069117,6000000,1069117
terra1kz0wu9ml2j9psw3m4d5q7l2dx2z89leq29w7wc,loop-ust,86663037,86663000,37
terra1hkrfwgyymcq4jzvemza26t9xyw23wc03ctyry3,loop-ust,9027182,9027000,182
terra1pv9cl6m8ddhqnxl9r0m5nltxmfw2lrm9hqwrdm,loop-loopr,683241180,683241000,180
terra1hg2thc3jmrppdmylht6dcf25w8u03gz3xm8p3e,loop-ust,10978641,10978000,641
terra15eeave8j76msk73y2vhpqwv4kz8gqqur9v6gnl,stt-ust,23500371,23500000,371
terra1ze7e2yzmn8y368tc4kucg3jghkfzr8ral4uvv2,loop-ust,10248820,10248000,820
terra1mgc3xe2hjl8qtqzekxsz3edjr90xd5s2h7g2zn,loop-ust,89023254,89023000,254
terra1y2g65fef96pgr9fmf9ek9s5ky9n4vjeav9gsdu,anc-ust,54564414,54564000,414
terra194emsclnrjf8qv0ppufvsc3uz7yyrrw0fhwl9l,mine-ust,3184704923,3184704000,923
terra1tegxu47r96khnx36n7vfytjnrm6y4qht0pr9rg,mine-ust,13859477188,13859477000,188
terra1axe4ym6t2xwvphus0xswl38d33mzc4qa5adqrr,anc-ust,197245778,197245000,778
terra1m6p06du2s5da6rp0dp3hpml7d2s8wl2uf53388,loop-ust,41496917,41496000,917
terra1zl0wfyl26f0e6jgv52ga4pz4d56yr09cx0mdz4,luna-ust,12162038,12162000,38
terra1v3qgf2vzm92amk2hmfyze7wue4ehuh7hupaa0z,loop-loopr,3975643,3975000,643
terra1sa4sy083k23dv0yu9dpuv0d5q9y3cn2pe2c4da,bluna-luna,30014082,1001000,29013082
terra1t8epuutcxscnp6fefce35hxwzhap3u2gfqv822,loop-ust,238939711,238939000,711
terra1hme5dn9eqffqhkxfq7chm9ax85lajal8e00vcc,loopr-ust,29082223,29082000,223
terra1828kkllagzyc03py0yjqm5l3l8qsrynlukrvw0,anc-ust,902752659,902752000,659
terra1hfaq89agrk2cfx42kxglafpjxp7w53wm2ue303,stt-ust,15392146,15392000,146
terra18982r05gp9h6rgkww9q56aptwne84ehyl8cl66,luna-ust,3022981,3022000,981
terra1l3s7vljcucms5m530rja3vw4vlj76wvqj53087,loop-lota,2790333,2790000,333
terra1wg85ynuvgvrsfsu57tymcx6cwvt6slgs6vfmu3,loop-loopr,1091289266,1091289000,266
terra1aeuh2xyxyzduduha279vkduu9m6nvxgmlt6ua3,loop-loopr,48383545,48383000,545
terra1nlre72wv55pcl360nar64emzlujwn440l73420,loop-ust,4195268,4195000,268
terra1wvsugzhszkstexl0v6fv86c9ryjy8xm6u9t2fk,loop-mir,7740970427,7740970000,427
terra12kyuy4sqrjwxpq6z5qp4rn6qhh0hd8y23g49lv,stt-ust,2162214,2162000,214
terra1mcnxftxa0t0045va70mlcr69pltd2dsp8vm38l,loop-ust,81102881,81102000,881
terra17k9ppzyp58tdftv4tvc9c38lsdgfpvkred4hle,loop-ust,9102387,9102000,387
terra1k0vkgl2m6wnndh6matu5r62fnr8acnv03dgjkl,loop-ust,4316791,4316000,791
terra14c43wxj7t2zkl3zs40a2gfjgphej5sa6l5upek,loop-ust,3857650,3857000,650
terra1w3s87v9nvl8hrtwvvr7zq3nsnykqdmwd6pen57,loop-ust,14239719,14239000,719
terra12k7xxnvyy305pgtuez7mtnpkwupgru59tjaree,mine-ust,17085785265,7739267000,9346518265
terra1pypku6v3x49l8mnkucduja5d7gxftrwj6esn2s,loop-ust,8760636,8760000,636
terra1ukxqhu966239m279dhzk9en7n3qlq7g8zn75mr,loop-ust,41887447,41887000,447
terra1yr83dwnj5yq6c923k9uzu0dnqsmmr0k80yk6xv,loop-luna,1656181886,1656181000,886
terra17a4s2aeqfwcfwjlesk6t7w7dfeua408ftshk7r,loop-ust,68132836,68132000,836
terra1v0fdz3utdp4a00dq88z2uwxkvk6scw923sq04h,loop-ust,89047017,89047000,17
terra1ag449xakvj78hvyzws42l7gf9tzen8fk0sv7cc,loop-mir,2989908018,2989908000,18
terra18f5afw0sqsc28vkrfja9t9r823nzkaqw5s8ur2,loopr-ust,192479972,192479000,972
terra1tlghnrajx364lmdcrqhxkpjp6605q6m59rkav5,loop-ust,51514413,25757000,25757413
terra16m6g2qe3czpn849xqhmv0lvr74zvyl8gn3f7zc,luna-aust,1655731748,1655731000,748
terra1grryr70t5rceyn2haht3eyfl33sh3e3frt53ev,anc-ust,567132171,567132000,171
terra1vszgsj9ltve3cz3n5pfmr3swqat0ma5kxpre2h,loopr-ust,40531044,40531000,44
terra1fh59xquedtfgzwjl8klej22kzyhmt0vzfr3dsx,loop-anc,3772127,3772000,127
terra14h64rylmp97gwwj09hhhx9f88tf6r5w48k53sr,loop-ust,508853528,508853000,528
terra1cx9x28psxdnezls8pvfvw3mx2n47g2pjhgx2k4,loop-ust,101375797,101375000,797
terra19wcy3yvjcur49asxn9mzjaldaysmh9xlsp058e,loop-ust,1144756927,1144756000,927
terra10qdnrxyk4fgfh8xywzf62583m3drun0uazv4tk,aust-ust,151290870,151290000,870
terra1glausyslssapf857qjwgwz5x28mqxtw8g0g7pm,anc-ust,116020501,116020000,501
terra13f6w3v8zwmwdhcd3jpd7fg23hnty2a2qug4gzl,loop-ust,1635895,1635000,895
terra1ksf9scrarhvpzdtuyjs92l5lcxrq9wltzmwj38,dph-ust,254390720,254390000,720
terra17nrp3ua4y74m0tv00ww7a5t7nwehcewlmjaypf,loop-aust,240730151,240730000,151
terra10u9mgnqtpp5edtn43sjzyay5zfg2h4z6t935e0,aust-ust,686411,686000,411
terra1gpw2xyk0c0sxmczc30k9xxctw4dstt9u55dn5a,loop-ust,30504470,30504000,470
terra1f3mc24z3wdznv54s7606ufqs820y8ppycdn4j7,loop-ust,83642285,83642000,285
terra1ljc7whpx885vhfutr94926af74w48ganj50p53,loop-ust,8354422,8354000,422
terra1ashyx60hm3a7nu4yr0krd5msu7clhctgzzv3wz,loopr-ust,87026657,87026000,657
terra1fjeegwll7vqlz3t6vgnl5evc5d3pc0kza7hvud,loop-ust,24742235,24742000,235
terra1q85vvlah7n6tqkafmevw77maqd9ptxflu9fcee,loop-ust,151119993,151119000,993
terra1yz7nkn4cfr9cchnc26u9c03qqxwa74nwykyqcq,loop-ust,1777776,1777000,776
terra16zz82huchffagd9kw5qcgpvfph2n9lpn4ln7ee,mine-ust,1656527899,1656000000,527899
terra1894n2ak0ngt0htyutg9r8ceukp5686rknenega,bluna-luna,780830880,780830000,880
terra1uew6czvw0azw2kksx7fdn7vqpmjwhl47ujayfh,aust-ust,26920037,26920000,37
terra1ynszh0m59gsjap438zft7ux57hq60re9tj6dmu,aust-ust,915754603,915754000,603
terra1l3s7vljcucms5m530rja3vw4vlj76wvqj53087,loop-loopr,54270670,54270000,670
terra1sqvwj0qv3qc39a358zxgq4r8sylwwtn9uw3hdl,loop-ust,37276062,37276000,62
terra1sdmw6lyuc0tmqm55kxexpr9j7m0gdzlw4ygl2d,loop-loopr,169704380654,169704380000,654
terra1ayf2z8hek6txqyy6958v786e5plglq4ey3upyd,loop-ust,20048252,20048000,252
terra1napc94jpsenft6zy3xtmd2jfplpz4axunhaeuj,stt-ust,103492992,103492000,992
terra1tymz7yfsnsy2ne2lptvy0lfr09t7xsm22z3emj,loop-ust,850547077,850547000,77
terra15cfmxhh2yneq8dkkaxr6r8g853h3uqj4uvqjv7,loopr-ust,839340196,839340000,196
terra13s8rw82j4etd794m7907t5g8k8jrfz9zrmk3f5,anc-ust,235135466,235135000,466
terra1qyzpc0sdupqm4kq9j9xrxmyjm7sr3w7sfyh0k3,loop-ust,938658164,938658000,164
terra1gncqr4ukv8tw70vnzetqt4nj3pks9zx6xrtha8,bluna-ust,1270014887,1270014000,887
terra1760s0ks77vl6xge4t9z7xm9quetdfq2ngavemt,luna-aust,219048,219000,48
terra18t4r8unvkdv4enlrvn9y6dx09fjgqfawl2y5u7,loop-loopr,2312809134,2312809000,134
terra16v3598l25ucqvlahq85axa3474dnr2svrtv4hd,loop-ust,66372410,66372000,410
terra13geqtdcmlpfre400336lt3takpg93mulm0vznh,loop-ust,23386271,23386000,271
terra12zpk079624vzfdrr4zgjgy2mhx7enp6u5kqd23,loop-ust,979481,979000,481
terra162kt3ja8nwh7kr2ed67y054g42wqfs8ts7y4ee,loop-ust,1856690040,186422000,1670268040
terra1n4r7t9sazaprkjct6q9qht9fkge5e2zx48v6yd,loop-lota,6093604,6093000,604
terra1nyzxy84sxwljlc7kzm5lpcgmxhzfhh5f293txu,loop-ust,1449095467,1449095000,467
terra1rvt2cutu3m0xhnq7h2spcm5qt0zyqr8c5ggkpk,loop-ust,5687450631,5687450000,631
terra1ldlcmqefk7k6wvcrsu86ev70vnknsd5zgula9m,loop-ust,9413279,9413000,279
terra12ekv4yaa94ldsyfkn4yaulk8mz7k0m2v04mzue,loop-ust,11081396,11081000,396
terra10dj8yhpq2qd64uexyfjdt6escle6t3lzvkvjdk,stt-ust,10180375,10180000,375
terra18xqdyf8nme2wt0ccarq63j2zncr20ptsxq02jy,loop-ust,51115265,51115000,265
terra1yxp4uzclssj6yq97t3gg07m6vqham07h3zmuym,loop-ust,205404702,205404000,702
terra1kqyvp63sjsze8st8msutcj8hup69ytd4ct8s0u,loop-ust,414284917,414284000,917
terra1pwnapl6yl07pzjcvundc9x4en6cjs924fjeve0,loopr-ust,71950183427,71950183000,427
terra1v6lqsg9vv6eywehdgw83ymj3wtfckglr6u2lnw,loop-ust,25022082,25022000,82
terra1xe5ja6u998hc7rv89zznhaz35agpgwl2j8pn5z,loop-ust,89806437,89806000,437
terra1wuw7mq5xyszxfw88w565lammmjtcqxl73eqh3r,loop-ust,1041486373,1041486000,373
terra1vh3q5d97f8x0rdkqp6l0gssmarc7a3u4uvthc9,loop-ust,16689356,16689000,356
terra1q87738e3uzeg279aapcmvwcndrhqxd3rlcea4j,loop-ust,29366647,29366000,647
terra1e4z9apr7lmafkzj5wvqlrh096myfsepv9pg9gh,loop-ust,19535005,19535000,5
terra16x0n63erkderv2t80jvd5ysr05rr6j2pcl6me7,loop-ust,16767930,16767000,930
terra1svnj6sfjt4jpqu4zyacjl68usm0g2zjny9s33t,loop-ust,7000192326,2865009000,4135183326
terra1gt2vtldw8vnt857cr6hh0w5xgt3a3wqu2m657e,loop-ust,321426953,321426000,953
terra1ysdha336ulycwt85zjrzccmyu69hfwy58xe4pj,anc-ust,155308003,110713000,44595003
terra13edd5nmktakwsaylz050727k94mkpyyd72t583,loop-loopr,1255853364,1255853000,364
terra1dnsmfgkxu68yary57svclhjtt4ypexrz2gp282,mine-ust,4919659,4919000,659
terra1cz9724j7yjh538l45lej8g6e9sqwqdqhyqc8zw,loop-loopr,4434839830,4434839000,830
terra1fs9lvmfca9qgsz67u3cr894nxua495lh35a4mr,loop-mine,309410879385,309410879000,385
terra12kyuy4sqrjwxpq6z5qp4rn6qhh0hd8y23g49lv,loopr-ust,47928589,47928000,589
terra1r5ggdccc78ju8qwjf7mfm2qm6rr0nf7x3h8acy,loop-ust,15871894,15871000,894
terra1pa0utppen23smex0q76ksnn04tf360g9ezgkum,loop-ust,317069220,317069000,220
terra1gwlxhexxaydgmjlmlxpu8y4nwh43ugpe7rcuqh,loop-loopr,194052704,194052000,704
terra16gd9a8uq8prsaghxs48hdgdn5vfmc7xp8n60u3,loop-ust,62744717,62744000,717
terra1glugy6td79zlgq9hzk48hxgmzw4z59qrj8wyhu,loop-aust,312477775,312477000,775
terra1a3w3rgpsudlv8e3ry99vwrqam79mwaxv5lea77,bluna-luna,349939,349000,939
terra13k68cxhh723z6x8xhysnga0rywwh8kuqck5g4k,loop-loopr,5517326772,5517326000,772
terra1r3vs237re9ehj2zyq3jr4cg89nv3slktd5qhuk,loop-ust,8659263,8659000,263
terra1fz68ze6l00747sjlpj5am0ash8pd9tvvv04ma0,loop-ust,118099501,118099000,501
terra1qlag5rjmfdrut43s29yzf29ndylyvxjgsz625f,loop-ust,219183495,219183000,495
terra10hxvntznacaaeup6vhc73ssgutpkwf8ksakjt4,loopr-ust,1281082875,1281082000,875
terra1clha4j4fu4f8lj3ah7kcygnjp6taf23garqerf,stt-ust,104994763,104994000,763
terra1yxfgvtq2f5q77du6mjll6kp27gn4cua72r4x55,loop-lota,317002627,317002000,627
terra1u4kxstydql42kuj7mqrj352937s8emryl32dcp,loop-ust,230231271,230231000,271
terra1dzvhau69m2ytfu2xpx497e36cvu3t4zm3hpjad,loop-ust,47745117,47745000,117
terra1nq8rqhlreyjksupwmlj94efjfx8ped03qpgu9e,dph-ust,2809467530,1442348000,1367119530
terra1z6zfzs30t8z2mschrqhz8klamkp6ej9xjgygvp,loop-ust,1360058101,1360058000,101
terra182ufeqht3et48zlyql0tgdtt5e9jqqq5w85049,loop-ust,2177521,2177000,521
terra1rd3pc6vn8j674h9pma4cjr8756kpj84gdtcv3u,loop-luna,10222846,10222000,846
terra1xcuxhhtc0rxk8eqs2a244n3tena9yhdxkc2xew,loop-ust,8944421,8944000,421
terra1se62xlj5j2mjv04m92lkjq3zx2jehaes6ephjm,loop-ust,19669794,19669000,794
terra1amjt3drhwntkpcpqnmvu60mdau0r5mepdqlau6,anc-ust,274150708,274150000,708
terra1nwudag2rtyj9y5j3tydl0yhfyczjy77aq8pc5h,anc-ust,43716298,43716000,298
terra1rj7rrcs2f0qdj2z9k2pfcaz78tx9gygwseq2au,loop-wewbtc,64073865,64073000,865
terra1yqrl3y5tpgv7wnp5c3gta6edmwxy3jehjev6ql,loop-ust,162214275,162214000,275
terra15alfyxeesm4yjjh2z5klfkdzgwv26gz86xakk5,loop-mir,418457721,418457000,721
terra1tq7uen54n0ggc3h779ck8q5av2ak0apw7qkzga,loop-ust,2096371,2096000,371
terra1l2luw86x6nyeqws9akecrlcrg0rq6gq3chzxqz,anc-ust,239790526,239790000,526
terra1u0ftl6upckmsjuvkt0mk0z283g4p4zs2gh5kt9,loop-ust,37361456,37361000,456
terra18cqee39gu7mwvxuu9e7rsny4lym5c7hq83fcaq,bluna-luna,32620712,32620000,712
terra1ptyjyhrdf5dnv4f3x0c3ene0yqrzgdcmsqj7pc,loop-ust,13541441,13541000,441
terra1rc6vh28rw8ptwykkugul5dsz9jjdfrz58agqlw,mine-ust,1665468362,1665468000,362
terra1y6vu62cq93u5dnt55wh6fxzyy8elwmsnyawaa2,loopr-ust,7018414,7018000,414
terra1pwhzrfsd7nadlfykhql2zpzrhgx4v68wngd6xa,loop-loopr,2105788880,2105788000,880
terra19hr30ggnlz3rge0wkfzvg2n3k5gdqs27tt0r3d,loop-ust,2134920759,2134920000,759
terra1y8mp3rx28lya3vdzurye5nm9940dkq37treevj,loop-anc,58285330,58285000,330
terra1ywnj375lnqu98pdawl6ut3gxgrgv4spc5ya37s,loop-ust,7315409,7315000,409
terra147smfu7ajzffhv57rh92g7zaqdvgdutvdufusr,loop-ust,1254891522,1254891000,522
terra1wh8rsw5pj03na8pr95qulqq4y0hdhymah7ekux,loop-loopr,235285360,235285000,360
terra134nxuxq952yhf2m0uv68tjm6uzd60kpn7agku6,loop-ust,146617877,146617000,877
terra136k64kffpagtvfsvw698uc6cgl6m46vvntqa8v,loop-ust,15214243,15214000,243
terra13rwqg3dapz48z99gq7rqzsafzs2gja8f3u95tw,loop-ust,8961802,8961000,802
terra1vg2fsqrqpgufzlfdrdasz8p3lqhrzvazeqtd9s,loop-ust,1228399748,1228399000,748
terra13vqlfe0lf6wukt0nxy49548af8eqxf02d3htap,bluna-luna,72442325,72442000,325
terra1fnnux0t4ykgngm8408fmw7a2acnwkcd8nvttyz,bluna-luna,10386906928,10386906000,928
terra19hcnhz0mckwz7mvzycvhjf2wrvu30qzx4g2plm,loop-ust,24904475,24904000,475
terra1054mew99tqjpqcz4u9jjuw4tnl0auv4vgjv2cr,loop-ust,4433850,4433000,850
terra14grjgmcy4gnacghdf6h2y5sqan063z8kf97vq9,loop-ust,2540353,2540000,353
terra1l3ufw3kcww8wkp422lvxalxysef6ph4g7llv83,loop-ust,6361767,6361000,767
terra1es25lj92fn0q3a0guahyl6v5wn5lmvsn3ql0hw,bluna-luna,226244722,226244000,722
terra1q2stttflaxpchg222arxx7zrhtva9gg3muh9qh,loop-ust,7340420,7340000,420
terra1hu9fd4j38q6jf5rhu79a9djardhslqm8ahpg9p,loop-ust,8482960,8482000,960
terra1wh5dwd5kn7wgn9kmv60uv9l68hp98hwsu5yg6d,loop-luna,187598686,187598000,686
terra1e0tw4zcgcpswwerzqzwa4r4cnntrmkdjwfe4px,mir-ust,235331520,235331000,520
terra19hhf85p3yhy409jng4469t077erw7fcs2jw6c6,loop-ust,1916747568,1916747000,568
terra1tn2756vq5akaev7tzhk3jsx8nt7gchwaewqqjf,loop-ust,8870201,8870000,201
terra17ruvtyurpdt0qqcn47qduhlnp0uf6ln38u2kll,loop-ust,15807570,15807000,570
terra126l4drwzuldsujmfkwq6qcsse43uudxpqagjtk,loop-ust,415008575,415008000,575
terra127f5wutgwlf2xp3dz699tan7kdk5ptfqhm3zzc,twd-ust,69181301,14017000,55164301
terra1g2eh9wrj767kh3laxz6g2w39wl3cv4kqvkhcgr,loop-ust,3172575,3172000,575
terra1rfyxvvdwh0kh3dhefulv46z0sgesnk60y34j47,loop-ust,7849007,7849000,7
terra12euqtpx2fgf26qmvyk8ct047a0s2h0jscc0lvk,mine-ust,225013639,225013000,639
terra1nuen4rr2hc74scw46u5qlzu93y57u07awl5pvv,loop-mir,2933306,2933000,306
terra1mqrda96ucfqtyydxd8ppxa57pqp4yuuux5gukv,mine-ust,116996298,116996000,298
terra1ka67qpu7tu3uhyj48pt5jwwh6pgtq490zgld54,loop-ust,6032955,6032000,955
terra1g7dgky6fdkvlaqjyptlwhec4zkp63j0c6zk0v0,anc-ust,589615995,589615000,995
terra1hmce0jrk8dt3n6zcrj8eg4ht0pxfnnrckjw2l9,loop-ust,10528258,10528000,258
terra17xh65lj2pmkjs8h0awzhlnas5u60f3tzt4cg5v,loop-mine,2250441,2250000,441
terra18hr4946du645qyfdkrrn7pmunmg5j8vxj9cusw,loop-ust,7574802,7574000,802
terra1m33ul2a3qry42fnr5xn2v23xjzasswcx0ckdw8,loop-ust,26656191,26656000,191
terra1rhaekzkvtn7ltkyceegjxswajfnf05pt88q7h3,loop-ust,5568369,5568000,369
terra1y0ug3g4r08ard35sxqvn9d96zkxzxp5zert9mx,mir-ust,10524571,10524000,571
terra188lx8naxs9h7n2ql3mu9ppdy36f38angyx98gz,bluna-luna,140171508,140171000,508
terra1s2wcddd8jsa4nvse8hq3dffjd072znl9vzm20e,bluna-luna,14052109,14052000,109
terra1k72rqaxw0hep6l0kpsffym7v083lq7c6cg004w,anc-aust,14009249144,14009249000,144
terra170502e2xggfyk7x5cmppr708ln7wad8vu7nsne,loop-ust,26815855,26815000,855
terra1d06u8035ayvgrwq5w5gc0gfntqnm5uztj3cr8v,loop-ust,24565838,24565000,838
terra1a7lcv5s2j45294tylzldcmd0r0gew0a6pmlezy,dph-ust,58234703,58234000,703
terra19g2lm6crd5a8979e5uhyp0gq6slsfmjhu60xwd,loop-mine,199285676,199285000,676
terra1gxxudeehpl7dj5rwsue2rpdzqgvrkjwayfxr0u,loop-anc,17527224,17527000,224
terra1ffp6ezee6tzm5p3pasyjzdgj6fw8pmguh5gy6v,loop-ust,2309553,2309000,553
terra1zhdmhmvha7zj3vnl9wm008x9ayemdp2t4ruykx,loop-ust,1069953554,1069953000,554
terra16504f72v76ak06nevr67ljj57y9vdt602wn4v9,loop-halo,632760171,632760000,171
terra182nzqc8uc8ert9uxyhj6pec5zewukan05r45qy,loop-ust,12291460,12291000,460
terra1drjtx0c7q3v6mz5y2hwmvc79t02nzzs7qgf9a4,loop-ust,309732314,309732000,314
terra1cqftemlqysj88egz0aefe58unygpn9c8m0q565,loop-ust,12061674,12061000,674
terra195405ffucyljpqpvgz3mdsrlwx93qlzkvr9z87,loop-ust,42638616,42638000,616
terra15urcvkukqt3anndmacxstaaydstetndr0wl0m4,loop-ust,97975173,97975000,173
terra13c0a2e6qc95tmy25gds37tj6ue7p4lx94v0jxk,mine-ust,6640405132,6640405000,132
terra1walegkeawy94808mna7d5u2s9zm8hudgy8kf05,loop-ust,83011250,83011000,250
terra12t3tuaenyhshcwfqzx6h92jehsq66psarn2d59,loop-ust,41231025,41231000,25
terra17fp7cyrhv8qlavfxye5knlnrmj997hn7gauy9v,loop-ust,17512321,17512000,321
terra1jsf9vj4cpmvkdmag39q5376tedpyj55k2gfd2g,loop-ust,15001947,15001000,947
terra1u35ptdlu5zecv8r3wj8z8l2f8nq56ucpc5gwc8,loop-ust,93435745,93435000,745
terra1dexa9p3cmvmcmrvskd782pgaqlfutksjqslvgw,loop-ust,7567364398,7567364000,398
terra1zwwsyfj2g7k6tm0pllh2d59qgnshdm8r4zfhqa,loop-ust,16365169,16365000,169
terra1yz3nr726qvd49kzzuzjpl006dupwk3x7g3687a,loop-mine,90356519,90356000,519
terra1uhs76dnf56r38aqnt05xnngm9nrclwt90u8fj5,spec-ust,419669859,419669000,859
terra19zm4n59hkym6yzw32t06a0r7wfn88shr2ppdxe,stt-ust,4936269144,4936269000,144
terra1xmpzr7p0pcdwd6tgxz6jf59t0m6vwrfjnxq0n6,loop-ust,24504080,24504000,80
terra1rc5yrhfqq7c06klqlzuhgrz6e9hhpaatwvj8pn,loop-ust,2563604,2563000,604
terra1mpkcuzd4qghh377954jrzp2hutzvvncc7yvjdy,luna-ust,1524894,1524000,894
terra1vngj7u3nd4r9e3lp6s4d4hf8ve0p5n78h5zwd0,loop-mine,131745469,131745000,469
terra16vlyruypycgs3tkg7c375qn3jkgw9x7q8zc2gr,bluna-luna,64423977,64423000,977
terra1umy5r789en27uk2n85ds38j4pkjdur3e9qx3jg,loop-ust,81779685,81779000,685
terra1x9dv9e0rzn5c2hjjugsafrhgpqfrx3n8vltzgs,loop-ust,20691024,20691000,24
terra1vnqn6d0g69fqh3xcscl9prw6ht05h9yn3t27py,loop-ust,9100969,9100000,969
terra1vdzw0auj3ya2r03twxs3uhraqjmvffjtv30tca,loop-ust,26477297,26477000,297
terra1wvqllnqqze4xy7utr9w56j5g9m23ek55p673ls,loop-ust,103696257,88000000,15696257
terra19yslr5yvkxa6ralxhhdnl9v4dsnxfw3xeknlw3,loop-ust,2402170775,2402170000,775
terra1sl9er2xw86tjks7enhe3zagje0jczqqm47ccnt,loop-ust,43001456,43001000,456
terra1qxlqdpdcmsrlha25gwprvapje58t6dm995sd2a,loop-ust,609772801,609772000,801
terra1nxdwwrpfshdtj5mp4t6kam6wygcxtw3mv3lcm3,bluna-luna,6946960822,6946960000,822
terra1yylk9e3t628tm9g63x250wzsljyz949k2kum7y,loop-ust,17624251,17624000,251
terra1yyv2s6gew69ys5lq5kycye5f4fznp8c7mmavem,loop-ust,1614479,1614000,479
terra1w0792awg4wk83haj8xu3az8ukrn73390k2el5q,mine-ust,3717967541,3717967000,541
terra180t9k3yrsznzav4x3wx609yk9wrmlww968smc5,loop-anc,89176733,89176000,733
terra1wvlz4xfdz6yzq39accyuxkel4qp30lf38lmfsm,loop-ust,1122406434,1122406000,434
terra17lrjrktf2rdj9mqe846n8sgxj4wxc8tv6c5cjh,loop-loopr,3713112822,3713112000,822
terra1aj4n247x3cue4qkc5tdsnge54qztzacu0fs55t,loop-ust,3126574,3126000,574
terra18caw77tdry90kmzvzsucz6fspc3lu4wpaf3ext,loop-ust,9315195,9315000,195
terra1mhtqz0wvzs2828yqp3p0fqdlaeep7lmyl37exe,loop-ust,4745865,4745000,865
terra1mg2sj3mxnjxs9gd2e4kgtkte4axfmehmas9n4n,twd-ust,40958894025,40958000000,894025
terra1dnrw8qu0zz6t0fsrn728cy2eank7meq0xp5dc6,loopr-ust,9414320,9414000,320
terra12vp0el4pqs87s6hv687e3zvyyfp4uns86kxxtg,loop-loopr,278168374,278168000,374
terra1prshac52p77zgpq580aurctx25lt4j5kjx85zc,loopr-ust,29038586,29038000,586
terra1hpq73ddvplru3c2xdhh7azwzk7h97s4la4mm8a,loop-loopr,10049980320,6419011000,3630969320
terra1cg5375e52navkrzuxcszq7dld0hg4wkqewvmys,loop-ust,643857957,643857000,957
terra1yv64hr6pgy3m8hkgxp9ygnalg0qf3aqwkza45p,loop-ust,115040387,54376000,60664387
terra1ea62yexcpnr63nwysu85yu8h5k7k02heapt7ug,loop-loopr,1970749663,1970749000,663
terra1j2dv35a8lv7g4h4qtkcnwlluyyfumqklkkjshg,mine-ust,59450861,59450000,861
terra1qvf7gamkhskz4nftv3u5d22ww0gqn0wpjk9jgw,bluna-luna,101537561,101537000,561
terra1j2hlkjk5pekpe4jvkn4ktsf6uz706uete0xqdx,loop-ust,1100895743,1100895000,743
terra1hkldrjk7przpu2knxrjk40cdyyjpaqnx6djzlv,loop-ust,44051869,44051000,869
terra132hjemsrp4906k2kylvnr5xzf6sdkalnm8ljlm,anc-ust,67043153,67043000,153
terra1pjah7gezsjxg9cne03zwh4czjsm0mua80k0xk0,loop-ust,3037158,3037000,158
terra1dasszcavrdh4nqdf94day7jj9k7fcs0l9d76t5,anc-ust,68796245,68796000,245
terra1zylrxx4u2ahgh5clvpm0pf3ufg07yz4lyv00wq,anc-ust,61490945,61490000,945
terra1ggz3j8uh0ht8rhhtjtgwyx20wxx3ln24e6yxnw,stt-ust,35957564,35957000,564
terra1cqkm6ygg07rtwdr97h6g8k7l9q2deqxazzxlm5,loop-ust,14575667,14575000,667
terra1vc9t2npuvu8a28up64d93zp5556wk2kaf5r2zt,dph-ust,14566296629,14566296000,629
terra1579n5k2w7lrjrekxxte6pjal5cr9qehr4zapu6,aust-ust,2754497711,2754497000,711
terra1tuv9erj4n0af4scl5ep0pgm9afc3jpxfm4yvvj,loop-ust,892921864,892921000,864
terra1j9kwpw9kp0qrj5wjzrpkus92wtad3n3234n8hd,loop-ust,81476387,81476000,387
terra1h3tykxwhrtzl9vm0c0gyrmfyd0ql68d9ddnh0d,loopr-ust,583508131,583508000,131
terra1nrx5zp5g9mm7yk36mu8f3uj2lvyq6dx4m5yzur,mir-ust,1125270755,1125270000,755
terra1l449r5qgvzgxalyjhu2n8258jvzm2kx4fsh0v9,loop-ust,9759116,9759000,116
terra1jem7q8ymahm5h49geeg94p8xrchlkpk0de4f4w,loop-ust,13383666,13383000,666
terra1frah58tkp5njyuyexzmu4kalyx59lxxrlz2lqc,mine-ust,1785697925,1785697000,925
terra1s9n3gzvfgvwx3q7ejr0qh4la0lk829qc0g4mux,loop-ust,662701318,662701000,318
terra1x77z6tztaw48829dxuw6xsk5t5ggrsxmfl8lff,loop-ust,3977472,3977000,472
terra1l23txu3ksa04nh3q48ulnftv04st87k3dp6dxl,loop-ust,198758659,198758000,659
terra1km9vz4lw2u4csddycjnnak6jdhw6g7r79kj0ru,loop-ust,95323387,95323000,387
terra19xuhcnes7f5ujvsqqxth8k8lx0gr342mvj4xhf,mir-ust,22305396,22305000,396
terra13cdqdqz77lp89rhkfyk60ue2346smjsd4ryt79,loopr-ust,34315254,34315000,254
terra13yckq7dpynhyj6u6h6vw9xw34pvne529uf5drh,bluna-luna,5128310831,2337099000,2791211831
terra1u0eg43du3m5mxyn5wd70hfppd0ul62nxwr568m,spec-ust,2241525011,2241525000,11
terra13mz7hdwn9qda7tkf0fnlxs6dkntmhhxl4gcr7s,loopr-ust,12830737,12830000,737
terra1k2fnktj5a708aalncv89ux3qdem0xj9fjwlcxz,bluna-luna,292920861,292920000,861
terra1tyfglvc3l68ultawcvyjxczlshges40njzmgta,loop-ust,106381488,106381000,488
terra1cww8kw3a2g8xca2e2y6rc7jjnm8dtha27aczcw,loop-ust,13253197,13253000,197
terra1r8jht05uz2407mf9vqshenc2cdtgz0lqh4n4r2,loop-ust,1063720871,1063720000,871
terra1luv47lksjyjxqesxej6av75mvrwzvxj5xluz5x,luna-ust,22124651,22124000,651
terra1a7lcv5s2j45294tylzldcmd0r0gew0a6pmlezy,loop-loopr,18293464885,18293464000,885
terra1v9ezsja73azc6225wx0qvt3catjwrgqpczmka9,alte-ust,64534929,64534000,929
terra1xc9ddn4h35eje9msy0ertm59ghu4xm580pgx03,luna-ust,6133995,6133000,995
terra1lvsn90prtd2hr9j8k06353ue3sfg8gqqpvhg0v,loop-ust,1763594,1763000,594
terra1p7cr6u22tex3zm5v7wt26wtfe78zxdyh0v3r35,loop-ust,126615007,126615000,7
terra1ucwvkqnh7erud4h9cezn7pggufe7j02rl2hsqr,loop-ust,14713830,14713000,830
terra1umgxs0q34vsy920f3aaccn5lwgv5x7sh0jk2mn,loop-ust,877148107,877148000,107
terra1k39fz62jerndn7d2m22y48up27h0jg9krjeqts,loopr-ust,1690333619,1690333000,619
terra1tez9t9wx4h8nftgjd9mguj75fzfj4cu0rjs7ht,loopr-ust,1221706200,1221706000,200
terra19xg5t43cvsr03l0zpgw03s9mkz295epsdpk4jt,loop-ust,49757136,49757000,136
terra152utsspcmvkevezqw28jdd9cvzcej8jdcvkjns,loop-ust,732416171,732416000,171
terra1mhgmvdutddvahx965jfqk4k98kxppql046vc7r,spec-ust,44583716,44583000,716
terra1ddz7fyyzd3mk4w4uqtst77z2jnwn2l4laanhne,loop-ust,354085,354000,85
terra1e0sk2k059udkt7z27umlvv38eefr9fcqdhxlyc,loop-loopr,127961652,127961000,652
terra1cz20swsmqwcwzr8ujd6z242aj08h5pgqn65qg5,loop-ust,2549984,2549000,984
terra1cc9l4paml5ng7gda6gr3gk7m2gzurw5zxax63l,aust-ust,3630121252,1847079000,1783042252
terra1wv40xcyrjsgdau60yamgqdeucvrpxa33t87jna,loop-loopr,2317217407,2317217000,407
terra1pj35lvq9wts3sqv68eavgn9qfvufc8s22x5sdf,luna-ust,3350588,3350000,588
terra1sym3emhnuf76dxfmxtec5zag6sp28f6jj0cjt9,loop-ust,17521042,17521000,42
terra1km6pe4t0s7fcmfhzxna7z70p73puujtpw6378c,stt-ust,18974306,18974000,306
terra13dvrq94skgqv00hgp29g6r3as35wh4mk4w3y5g,loop-ust,59766373,59766000,373
terra13k4dnykuzclltq6j38aarj6mx5rqe3l33txtdx,loop-ust,2325421876,2325421000,876
terra1s59mhsz8nxl877fndpymajxqkdqrnvuz7n3esg,loop-ust,89066005,89066000,5
terra1rccr67f2ahjg84jwdaeluyeyxj05enwkm5hzza,anc-ust,2210847818,2108637000,102210818
terra1yc32t6vxdr48lpghj8cszt5evukss03ar5vrh7,loop-loopr,145380592,145380000,592
terra10xkx8u688q9lh5z0cmau7mundv2kuuc0wyhwh3,loop-ust,166718165,166718000,165
terra1zgltmaz7u0kh92nac27dj70ntufjt4yapv08xl,loop-ust,8491515,8491000,515
terra1mkj9g2vwuc3x4sz8k6tj6yqcksv7jnp2vf2cwq,loop-loopr,86392089,86392000,89
terra10gyadcz6clywx6q8agxr6dqs8pvd448vfc3t2s,loop-ust,71618279,71618000,279
terra1kgs6jdl57qyk9ta7mftcxxlus3tdw3pt5yad4t,loop-ust,15237125,15237000,125
terra1vedwt7ewq48vy5s8d0e78fkrvy04we7p807jdk,twd-ust,53937560,53937000,560
terra17ghwzem5tcuvtvq5wywh3aqufzr6nn5880vm8j,loop-ust,7360219,7360000,219
terra1tedux99kxfeercu9y8vf443knwskaq62aqyk96,loop-ust,663798,663000,798
terra1a3hc4hzs8sph4cj48rs4g0cyysyndaa8n8z2e6,aust-ust,4485649611,4485649000,611
terra14rhxm5szhwg3rdzq3yc46vpjhqfsfuupn92yfc,loop-mir,115469122,115469000,122
terra1j84jc3mzp5tgwwgmeem9htjqspj3rpn4g9l7vj,loop-ust,19791942,19791000,942
terra1ttf6gkfzs5c0yaekvdaqakx7n632j7fkcaz3w4,luna-ust,6573802,6573000,802
terra1s682ec6ykdleyjwmae8yfl2tnlqkk6r7nclhrz,stt-ust,181576508,181576000,508
terra1zyvx4hxey4sx4rtex3398zs89nyrh4adut67we,loop-ust,22988060,22988000,60
terra1zrra3u7xgf3fe7rsu68p65j2jumqcyr48rxlrv,loop-ust,2209372,2209000,372
terra1flxpl3kt0gcnzu476sefslqm8jvtn476zu78r8,loop-ust,198519662,198519000,662
terra1mwfjpdth5fl38m43vre5v3xj3gx8wcut9zsx5n,loop-ust,14154371,7079000,7075371
terra1mhcnlye9lhssgc0sm6t59497t9l87fzf864nd7,loop-ust,12047307,12047000,307
terra1zdvpgky03g6x3rpk3zhz2s28u304w8nyxj4cl8,anc-ust,268892631,268892000,631
terra1825cy4yx7eug3f6m99h8yqydylms3gyflc54zp,mir-ust,1196294469,1196294000,469
terra19c8hg02sm4y055ermt6gnq5c63amexedz5a3pc,loop-loopr,2681645236,2681645000,236
terra18q6rud5uv3qep3373n0mynxe3400w408wck7f0,loop-ust,473063006,473063000,6
terra1vdkavz6gg7dga5pq5t5ty5jrv6qqnm9gcwngg9,loop-ust,16794884,16794000,884
terra1fw65tg30h9m3p0ecl2stz440840f65l9a07jvx,loop-ust,77235528,77235000,528
terra10jtemk9nq8l0u5p0mw2xf3vcggtmqc9589s3mu,loop-ust,10238768,10238000,768
terra1eehfq5mnw2w409pgxz5xtzyj04pscjj7cffdqj,mine-ust,1360228241,1360228000,241
terra18j3fxz33wk0jtwl3nhuaq5dva0ph77vpsgxtjz,loop-mine,212117231,212117000,231
terra1jw4cxcvaf2drx3qr97tn258kx4hnhglff7qhcc,mine-ust,11247003289,11247003000,289
terra1u8c3y7cdzj0kalhd7wznhf2lj6uy3kwynguswe,loop-anc,114010640,114010000,640
terra1z9mpdx6xr2vul6jdmjhexahuw24g6y0wa9nnv0,loop-loopr,22029008326,22029000000,8326
terra139645x7kry55ac6jwfntar07v0a24h037699sl,loop-loopr,43199278178,27589300000,15609978178
terra1xaah299sx89f8sp3ucs9nul9996u6dszwqjftu,aust-ust,117790832,117790000,832
terra1lmynmfay7jnsqxd7ghsrkru7ucdcrty3xp2rx0,loop-ust,4695622,4695000,622
terra1kmuafz4mfcdcyej3hhtnta6uzxy6w9surnxex5,loop-ust,237180521,237180000,521
terra1ky399jwnpfmnn0dpj0wzkc26kp4eaj6vqlux0s,loop-anc,55221994,55221000,994
terra1m77ql6chvzusglhjnsnp30rxc3gzc8guxatwda,loop-ust,19789422,19789000,422
terra1yf67zn0mercvtgwqx0mrnzlvc9c6sjvn9rms97,loop-luna,1446715,1446000,715
terra107exk8ulclsph530suykwue20gav09qqa9m55f,loop-ust,51726399,51726000,399
terra1jt7vhm29j0xq4g509ymq9m28dechsaqdzx7t8p,alte-ust,2538204918,2538204000,918
terra13v5p0ym2ng5f6g978dya5urqfvy843m2g9xaku,loop-ust,42280165,42280000,165
terra1ja784nux4fh6jx85dfnz8crar3rcshnsdxtqyg,luna-aust,3377654,3377000,654
terra1gwz20wfy4an7qvtd5r57p0knqsed2pyp8ntxj3,bluna-luna,24919960,24919000,960
terra1apnvjupy5h8l2u95q0tyt2d2fcmnx0az03clkk,loopr-ust,62169726,62169000,726
terra19mgk6wztlfr6vedmhm2894h0lnqrx3phgecjz5,loop-ust,1710360,1710000,360
terra1x0mx0amtpzhcjvrt0shmyw2w0m3ndv9d7ygp20,twd-ust,425322464,425322000,464
terra1npq0k8kweuqc3arfshe9sjgfaluzn029dv4wx3,spec-ust,21695478,21695000,478
terra16zjlsqaqwuntx7n6acf03mr280utf0u3ac0w79,loop-ust,132245672,132245000,672
terra1q3drg9q2kapecskvauqsaf93kgumshu8lsx6x2,loop-ust,15087274,15087000,274
terra1jlu69x3xlgxm6hx0xc9z9v32437qclyx8jf9lt,loop-ust,37707685,37707000,685
terra194t42987wcypjcu2usy8ydlhrsz6zfhkpxuz0a,loop-ust,34858371,34858000,371
terra13j5gh4g20f98ph5xhad5kfhzp5a5uygz53jc8v,loop-loopr,34177261,34177000,261
terra12ygc03wsm4t4e06t66v6ce3atrfgjn64uzsh7k,loop-luna,49987024,49987000,24
terra1wsprntq4vrpqgp2l9z6j86r8vd0g2p9twx9z0h,loop-ust,118671070,118671000,70
terra1sdmw6lyuc0tmqm55kxexpr9j7m0gdzlw4ygl2d,aust-ust,185368982,185368000,982
terra1gz3pjsc0wwld28swhdpcsmxzs9m2zudweq2q4f,loop-ust,38141603354,38141603000,354
terra109gjjdavqcyjcc8ceptu3ghzdtnwydyjs565ju,loopr-ust,5867053386,5867053000,386
terra16dmmc6sl55508679kcdm0d8eesv4u4p4dad6m8,loop-ust,167997604,167997000,604
terra1f2dt9zunfhpq5ckan442g0jlyusdhvcmalx08y,loop-ust,2082070009,2082070000,9
terra192tdr4phs7z3lztz8n5yrmu0pwqwxq6rjwmsr3,aust-ust,1048031,1048000,31
terra186a9pxzm6zw9rpexaqttgz0lfmq3mgmpxjyss0,twd-ust,800486548,800486000,548
terra1qdzyh7sx6jg5xwgj34dwevgsgy2aqdxhv92f9s,anc-ust,1612971505,1612971000,505
terra1hdj8455vyngj5d6kmdnnpdzk934lkrr6r83uhd,loop-ust,42615305,42615000,305
terra1jw4cxcvaf2drx3qr97tn258kx4hnhglff7qhcc,loop-luna,188301907,188301000,907
terra1xdk92e6u5p6vcdmwakyevwhrp559f0apx09v2v,loop-ust,15524940,15524000,940
terra1dvqk5q6x8pd4hxx7hyvyhl6w8rya2am5sav7j8,loop-mine,1553077,1553000,77
terra12fnsj4zsf8t072vwcx5e3q2qra6vpmx6wtg3ns,mine-ust,435826545,435826000,545
terra1x8d72vru9sldctss8atvzynplcmsk5h9v657tk,loop-ust,339154007,339154000,7
terra1ujetr74r2xn643hl6lgezp87rzlra70t42kqjp,loop-ust,16802135,16802000,135
terra15t0rq69kg9kck43nscfnx2wj2xu8rnyyypknzq,loop-loopr,6342416821,6342416000,821
terra1ut8deg0lrt7awxm89rch4n8lmmk9za86kufnv8,loop-ust,177297796,177297000,796
terra1y2rz6wv3u9pduy8jgu6uke0fsekpynn6symkyh,loop-mine,163024652,163024000,652
terra16pqenrpdm0my8z8cy5ux3rz7vqj3srfa4xak7j,loop-halo,654236102,654236000,102
terra1623z6eqvfm0vjkj6fsu7d60rsyqnch47tzusnr,luna-ust,97404494,97404000,494
terra1y4m5ufvg74jcsxkzjpw3qusygysjykdhr33kuw,loop-ust,6954296,6954000,296
terra1dg99r8qjcvfvtcwec3whq376n4q0qh36wv6xuk,loop-ust,2121583,2121000,583
terra15yqxg4akvnqarn7fe5dnt4487tcsfa4zvzccn9,anc-ust,219820852,219820000,852
terra1z4vlpnfw876qavlkz4gxfjzlsqag220wjactqj,bluna-luna,38766451,38766000,451
terra1ky4c5rewgxsjcyslzkqyuqah860hwrxv9pcuw2,loop-ust,157205252,157205000,252
terra1fxm2jlj0am06sl74zw3500dhdv0duksqgr5mda,loop-ust,4056867,4056000,867
terra1g5g9fdekfxhcpngw5fev8tz8c9fdyg2qt45vwu,bluna-luna,281257539,281257000,539
terra153wzkwvchzjf5en9p2w49xegxjwa5yhtrqg4xl,loop-ust,5170213435,5170213000,435
terra1mn2zrkd7z2myewy8dacrghynwddge879zsk76n,bluna-luna,80352352,80352000,352
terra1mhcnlye9lhssgc0sm6t59497t9l87fzf864nd7,loop-lota,133605064,133605000,64
terra1fyal88m8suvnyrrhgzf6r5zkwrvd457046xked,loop-ust,9409417,9409000,417
terra1nv4zxl07s5cnja3aljs5a5xgczwcyrygt56dm5,loop-mir,44200049,44200000,49
terra1qxna6703c206qmdu6dh3xq6qcq2ns7wqpq9nqc,loop-ust,3733458,3733000,458
terra1dy0rrtfyae30sx03z2469xwle3w5exp7cugcvf,loop-anc,18260193,18260000,193
terra1cljwkmj8ssaj0qudszeqcfkhat26mv4amtmgvd,anc-ust,75921,75000,921
terra14xfgtq7v65wpa45etsay9qsn5s6d927y2az7zg,loop-ust,2942257,2942000,257
terra1f92exa997qhemufrs9gdtfh0w66dd2yfvpkzw7,alte-ust,4254849,2127000,2127849
terra1x7nhdve2cclfpc5rm7jzh3thkhyddtg9ggqyd5,loop-ust,2094857828,2094857000,828
terra15jmwegs9pkjhz23m622c4grav2zq2mnlnercsd,spec-ust,4593568,4593000,568
terra1uhnf7twrwxxvy8yk7t46a602wel7scaynlarj3,loop-ust,49076666,49076000,666
terra10j6yk3d6vuw7ywf4xjldewunscyvg6plmawrah,loop-ust,7531233,7531000,233
terra1cyxkcr4jjq43zlfagtlcjnmp5p33pnh9a6fl9t,loop-ust,27632797,27632000,797
terra1fsgq7g7xkyes9gqjr3485xhkt8vzsagqgwj2lq,loopr-ust,14272881,14272000,881
terra1skh0ff0aqcc6azc0f8v0ncr7s94yjkc25gddd6,anc-ust,2118319402,2118319000,402
terra1m8f6pkpcenj00gfddc9cy3qzjlgwhyvc2606da,loop-ust,400637499,400637000,499
terra1mx7hh8ptzyx9xtkdtuganrtce2h2tnk6zzefme,mine-ust,32495219667,32495219000,667
terra1gh8cm5vkmzcpmyks289a2kz5u5pk7dxh4k2klk,loop-ust,57782635,57782000,635
terra1e2vasvyn96nfmxr4mz8wy88nxxq49lw4ww66jh,loop-loopr,206383395,206383000,395
terra10xx46ahg4av6dy65vncwpn7vsc6v2c6nswjauy,loop-loopr,165032956891,165032956000,891
terra1tamsft95wqz5zzezvldd68xhkxdgrxr465x6c9,loop-ust,8156184,8156000,184
terra1fjquyucxhek7ut7h596mwcrhfllyr8mvurfpmx,loop-ust,4148964136,3100000000,1048964136
terra1fj40q0uhgzn3vndlfxtlcpe9wxf6p6jurcc5kz,loopr-ust,279090842,279090000,842
terra1mazfrfts7h5k8l66daf37qdwx84242xvlzug0m,loop-lota,67508676,67508000,676
terra1zahjh43ltns908a8ufq5m04wfmjn20fvfhqurx,loop-ust,8517459,8517000,459
terra1cg6kk2vd038ux8kwtl4ucjdgtt06pkwhzu3ywd,aust-ust,2270110699,2270110000,699
terra1t0lsehytx8afprkn6cx7xg9cqdc6mmq9655yju,aust-ust,9232992132,9232992000,132
terra10cxwy080vfpdfhmstkvz3cup577rw8wkx6ga68,loopr-ust,10447869,10447000,869
terra1wvlz4xfdz6yzq39accyuxkel4qp30lf38lmfsm,spec-ust,150411103,150411000,103
terra1usq8ms6slmljel9ytn5gvcman0hyl3mdmlzqxj,loop-ust,24425247,24425000,247
terra15drqzc6vpxmwyjs6zc2mpn2qpnc0mfaqp7mq48,loop-ust,18327160,18327000,160
terra1dy8sa4jvw55lt979c2fkwe6vczes7g2wdpug9u,anc-ust,479681815,479681000,815
terra1e2a34m6259js3ectq4we6q0gz3xurww9q6eyp8,loop-mine,22574395,22574000,395
terra1ar42l8thzsqndlxag9ly4r6sn05mnvxyvce2yv,loop-ust,263834346,263834000,346
terra1p45erstanh7zkccrch20amcgjqspk8l9hyv98r,loop-ust,180030267,180030000,267
terra1yej36ysnw9vy2eapf33he0as4uf669vvk7kdvc,anc-ust,58372280,58372000,280
terra1rm9crml9n58ex2eyuxx9wlnep8jgynnw38tptt,loop-loopr,50056443756,50056443000,756
terra1j8n9hzamwckxuvlrv9ydarenq4nllg4d8hvkvk,loop-halo,7415300947,7415300000,947
terra1n9y03kej8jxmhnmk4n9lmtg32uppac7maflj96,loop-mine,39539,39000,539
terra1kxrjelwagn9atkqf7af6ksmr4tztcnp8a63fl0,loop-ust,8225593,8225000,593
terra1xs84s34mplpj33mnla6se6ycs8wx07egjmczlz,loop-ust,26944466,26944000,466
terra19esgskkz4vgzsw4rwvk9p3duzqfmp60kjn2z07,loop-ust,1900935,1900000,935
terra1ykqdftgnv4fpdltah3y5xz607x7ykzmny9h8ys,luna-ust,9081511,9081000,511
terra1eymp7dkdpflmxed53gjmsgw94wvrp4m3ya4hh9,loop-ust,1410958,1410000,958
terra108sfm694czydr0w3qge7284xy4gxpc9gsqtw3a,mine-ust,92473600,92473000,600
terra1q3zllgrtnyszt6s729plmvjmr3llfd7aqrz3uv,loop-ust,3226164,3226000,164
terra1napc94jpsenft6zy3xtmd2jfplpz4axunhaeuj,loopr-ust,4574941485,4574000000,941485
terra134229g03mpw3lywxh9j8qup6ydmm60335td4dp,loop-ust,4652780,4650000,2780
terra1dkc3rymxlnhxfqyp7yrx7gxmnzcpfj4r0ea55y,loop-loopr,13244341257,5242263000,8002078257
terra1klxazgs7kmvsu8l0qzqzh9fhpfcqh9u34fmaqx,loop-ust,4392726923,4392726000,923
terra1pn7k00rkv59vxcgm2hs66nqjsf3fpjs38g37w3,loop-ust,6156855,6156000,855
terra19f5pesculpsv57kjz3km2xhheqt7nf2x5xhgar,loop-ust,715864197,715864000,197
terra1fsnnjjh638qx3lhxlyyeg5wsykah37puaeefp3,loop-luna,11944920,11944000,920
terra1zgc0gwtavpyg64svv2nh2q9896eqhv0yp4553e,loop-loopr,17005248,17005000,248
terra1ks5wpt7nnwpynuf7wfxrw7udwss85pdreuclvh,luna-ust,532590358,532590000,358
terra1jrt6wdf2kuhh3zpytpas9hcust97kcwl9r4ewd,loop-ust,469276603,469276000,603
terra1sp5xxctx40ajqgykcrlqeau57dmkwhaah2nm4z,bluna-luna,11957006,11957000,6
terra1w7yhe470xvexsx22ra9xyn8hge0du7yhz3pgzj,loop-ust,9051156,9051000,156
terra1vha8fearue9glaqlvr2qswcdj3tsztxznaunm3,loopr-ust,269055371,269055000,371
terra1jewjpkcdr972wntcxgk9qdm0ejlsgg5qgfte2q,loop-ust,27322910,27322000,910
terra1j0jl0zmv9crd7e6ywhf2d06zq87q7q96mhcmcq,loopr-ust,61300321,61300000,321
terra1vttsw57ta3qtqztgx740xyethjakt0mm0aul99,loop-ust,29653838,29653000,838
terra1j5e5mqu0a8pcsnn22chettt9wjvmqqxmyjmh06,stt-ust,273714759,273714000,759
terra12p4jn9f6jnxedhueqecsvxaww0042wehj8s3w7,loop-ust,892730,892000,730
terra1lvtk7gme33a8qwc7xagnqemluwxjk948t60fg6,loop-ust,26484871,26484000,871
terra1tu0lx26n8vjkpfjrjdyktnvt3wqfdtup65lyj5,dph-ust,672713805,672713000,805
terra1m2qsvzqfqed0p74vruy4yrc9w402ltvdw80yhq,loop-ust,6069289,6069000,289
terra1hz999uc4ugzgfmr32trs2zj769y74vsq5jdxvr,loop-ust,153342092,153342000,92
terra155475gk67e04njugt3u0useka8rfs5v94znu0z,spec-ust,36421399,36421000,399
terra1madxnfyeysznuxpu6wks6mdjltca576dfkvkfj,loop-ust,273517339,273517000,339
terra1pmlxnkhazjn7pd4czzngpc2hweng5gll6u4e48,bluna-luna,741692,741000,692
terra1pkny4qcdw2mxtjxdvft99ht040jcf6hrzn96ch,loop-ust,484340521,345494000,138846521
terra19sswhmmusguqrk9p8q5aau8qncde8am4me4hcp,loop-ust,20539445,20539000,445
terra1r0lfkrcvzumd6zwxg5ha9pa0tdxtf88ch3wkx2,loop-ust,60851585,60851000,585
terra1qf75z04pjwhe5wdfv66e5rwvgvuyj0q7whamm6,loopr-ust,2470164,2470000,164
terra1auef9hygpjlmuvmjzjczjg7ru6zrxl6w03deyp,loopr-ust,5202022965,5202022000,965
terra1dt7lgm309dkpqaj2kzzrkupwey3tucs43mrl5d,mir-ust,29610650,29610000,650
terra18t6y7d9ddzuuq4vcxpcdeupkfvqcdy58vwcpn4,loop-ust,27358790,27358000,790
terra16jhz45z65qka96qfwkpzxmhf640aecj2uwhkt0,loop-loopr,7347046707,5851880000,1495166707
terra1ca87xa39tgkq87hjvnlrm5fwd4z7q8x0l7z6tr,anc-aust,10203594,10203000,594
terra1a0m6yu6p4rsxx6l0yjz3ldpj6a2at36u69yg8l,loopr-ust,178522600,178522000,600
terra1e0f5z54xnl7drrhursp3nd80q5e7z4596dsn85,bluna-luna,902492,902000,492
terra1xy3d0vw5d0zq7ql7rcnd5tw5w0a5nve27hz80z,loopr-ust,162385729,162385000,729
terra1ahxe5dtpjuwfn4n8m3m4fc54qrtxu58yajm490,bluna-luna,40665435,11015000,29650435
terra1237a8r7qs8ewqwwyycn59tdq9zz2r0s3rlr5r7,aust-ust,665879800,665879000,800
terra1z7g9c9qpxyk098s05t5gkc0ffajzr3azltff8r,loop-loopr,131331492171,131331492000,171
terra17y0gqytnut7227ucs3v3rqaf3qm7jns3umwueu,loop-ust,190668242,190668000,242
terra1uzyewrzdza9hwdf9fh72ps2adndkpnqvsrmahk,loop-ust,50261502,50261000,502
terra1szmznv7sejs5wjrhfz7ndw7gxu73wv2yngzr60,loop-ust,436669555,436669000,555
terra1eja5gdu4n829d2shac9n598wxagvnew8wj6gy2,loop-ust,43564222,43564000,222
terra1897xf7n7gpl726duc3c0t570tj3vhzwg5jyuu4,loop-ust,598799918,598799000,918
terra1er2nsdte5cv24nqurdcjepq6y0ck6rszhckewk,bluna-luna,145519692,73036000,72483692
terra1xyddm6sq3ttvwe6esm8e62ln6s79ga59pt4xaf,loop-ust,565918837,565918000,837
terra1ggrtawwde6w5fucujnysw3j5mctnqyc4xe0we2,loop-ust,19919075,19919000,75
terra1tt4uk379t06d7qux63030snlqdkl4ac0l70dfc,loop-ust,133053385,133053000,385
terra1n5vaqyuj8uzz7twsf4fxufx636tnfqhuhd8xu3,mine-ust,181642880,181642000,880
terra1cv73xf3lqmt6xruvcyl344gl9kta3g5j9lew6h,loop-lota,180211930,180211000,930
terra1vmkdeqwuherddslc4mt0sffuzq6vyc6zj7swfp,loop-ust,8511334,8511000,334
terra16r0g6gxeqc7nndctxl2tr0xcu0xz3szgwgptze,spec-ust,90766105,90766000,105
terra1uwfs4uh3lf5qalfr88plhnrshdf6prz6kwa2lm,loopr-ust,124114166,100275000,23839166
terra1rfvxfnpe745ldpwna5ga7j2kt8f64upafceu2h,aust-ust,67378226,67378000,226
terra157g9pjkh03xru8tagpnwme9jr0wc3cqgtqut2l,loop-mir,165883096,165883000,96
terra133mnc0d82sy7pr99dqjf5wcfh84zy8qfnzpf4d,loop-lota,510824255,510824000,255
terra1h4z9q26ja9ujtulhc5npncxw0qgsm4llvcp7m2,loop-ust,1058642,1058000,642
terra1tewraa59r9hvs3pvkpvg3sv983e8zv3uqnnr32,aust-ust,44824178317,44824178000,317
terra1ze7p82c2das629ype5f3xcrmtg7p5jtp6hpdrq,loop-ust,127768740,127768000,740
terra1ddzdvk30x38ulxk4pc4zm99vwzvmh269drjlar,loop-ust,4440715,4440000,715
terra1l73884z9t7ha0y4hcwy2u9ccg93up052uh8n9n,mir-ust,26381067637,26381067000,637
terra1dv4s2q9c7lnh4tgrkaruwxp75awz50yxa6aaw0,luna-ust,276899484,276899000,484
terra180478vczlw6062vs96zd20z5y8jtcsm2cyg8ge,stt-ust,61221606,61221000,606
terra1fdg6c676ynjf8pa3feh62puhz6huswdnqves7z,loop-ust,26773731,26773000,731
terra1n5k2ce4cf6xyt9vpqr30eshu47fz0yqaexcaz5,loop-loopr,161317396437,10033000000,151284396437
terra13xkawyl4ujcvhyzll7lewmazrjdwutse09ckh5,bluna-ust,16582642,16582000,642
terra178pcl6tzs5fvhm9esugpn573qw5samp9ct9eg6,loop-loopr,454309253,454309000,253
terra1u84u66zpmwxdqqcx8hedkwxsw2z0wz7px0v29s,loop-ust,4236376,4236000,376
terra187tcv92rh2asrmtk3fje3x3hc6hk6099tkhuu8,loop-ust,3121732255,3121732000,255
terra18p4wwuz0uzsf60x9739awwgjr598z85htzq70y,anc-ust,1298201592,1298201000,592
terra1u037casar7s7xdzxd5wj6dlh2gszznryep654f,loop-ust,143933970838,143933970000,838
terra1utzswlyal0gn75vxsa8u3srj8t32533cey3aa9,luna-ust,806514046,806514000,46
terra1p7a03u7u9lm5k5jz5nug2k7w2yxgg5mulq4xg7,loop-ust,19559534,19559000,534
terra1t9laym8cm58tgllufym0hx6lun0n8vwly45gxh,loop-ust,375049693,375049000,693
terra1l72xv27ez68v0swe9ha29txxgcple89dugyhre,loop-ust,1310137288,1310137000,288
terra19vr49zklx59mgj5ax7numwmn3vaykdzfxqkqga,spec-ust,1663248082,1663248000,82
terra1ph32zm5h0vlql4yhnw4agevkm4pu2r5l6x23kj,loop-ust,20348641,20348000,641
terra14242nlepkw9a2v9xra0ls3mn23h6mwg5qym2xx,loop-ust,19549025,19549000,25
terra155mznv3z5wsd7urqcss4lzastdu9erhchaz5qg,loop-ust,89581280,89581000,280
terra1mugaud6ucn74fenjcne6jxhdtkf3428pfhu7xn,loop-lota,970231693,970231000,693
terra1n2w83z8k9cn3nhvth362n3jg8a085t8dn8ua7q,aust-ust,12193554338,12193554000,338
terra1286hvndvngy70hn24q9xta4nh4zxp6rphpc4a7,loop-ust,20142170,20142000,170
terra1xjf0xqmuwy6r6psrvrfj5lzfff9mwzcmhehpqw,loop-ust,7504967,7504000,967
terra152nmpv9cwmna8wzrwnmklt4q0qjjlx9w5474yv,loop-ust,94813197,94813000,197
terra1lphj20a5extd05l2agkwhn0npxxm29075sxz9z,loop-ust,49444483,49444000,483
terra1v637kmuusnv0vf0lrpzd0lm2v698chshzwm2an,loop-mine,11481681,11481000,681
terra1elkmx4mk0zwu20mcxcnv4klp5sp3sd7348gm2n,loop-loopr,136727477794,136727477000,794
terra1rys9hkvkq4mqya2w3fz8twwxn4g8w8um4s35nn,loop-ust,270321704,270321000,704
terra1ep5kg8x7smr86z4n3gv68akqe7kh9zaxs4j6sw,aust-ust,409525650,409525000,650
terra1dkcu7fhj2thvg8f59rs9hd0sjnv7vfa7fsedcm,loop-ust,14688240,14688000,240
terra1n98zvfqx9ltuyuf9cyefa6wsz9uwakv3m47tk8,loop-ust,3106309,3106000,309
terra1az0cpv4a7lkwhysjdllpufgehwf58rjllswuge,mine-ust,2407372688,2407372000,688
terra15x9s8etqvy2qfl9h0ynhfnetvv85xtpgh964vp,loop-ust,17430435,17430000,435
terra154vqw423tj75nfpcphrelx2pnyqs4jl6wtlfl7,loop-ust,1168024680,1168024000,680
terra1fhrvfad338asp0eufajf35f7cttn8gxk7qea8t,stt-ust,73764223,73764000,223
terra1fhsy43de5wcja3n8whkjchkpfg44vp0qtsupsw,bluna-luna,138308192,138308000,192
terra1gtywgk6pf4xfz0mh0zd2jx80gjmf0f4g7eh8av,loop-anc,5853381711,5853381000,711
terra1hu2h7d9rlzk2u9qhgspgp800zhh3t9vv6w4mdl,loop-aust,184031009,184031000,9
terra1km49jjueumavtkp745xk8c39xc55egzcuc72c0,anc-ust,9641579,9641000,579
terra1pv9cl6m8ddhqnxl9r0m5nltxmfw2lrm9hqwrdm,loop-ust,553101117,553101000,117
terra1xn29dul03rdxqls9pduz3khth50acx6u0ra78v,mine-ust,21188694461,21188694000,461
terra1ea2uhqsjwap6y350hq5f3fkvmlc49zj9myrr2z,stt-ust,77074904,77074000,904
terra1900dvmnrwejkctqqzzp6p0h7fcsayfgn4a6ex2,loop-loopr,2001047448,996607000,1004440448
terra1hue79xtuzk04gqujqlsysc5sfcrwquhvv4kzfn,loop-ust,102664412,102664000,412
terra1zw5y9nxam9xwne72sz288eectpwywywll8f2tr,alte-ust,66586217,66586000,217
terra19cg5c79st82u8fvgzsha6l6vr3n25juruspw24,loop-ust,1050891,1050000,891
terra1nwudag2rtyj9y5j3tydl0yhfyczjy77aq8pc5h,loop-mine,451836367,451836000,367
terra1lsve48sqrhknvlvze3p7k0pc7gtvl68wanjvaj,lota-ust,16228322,16228000,322
terra12jpgsv77cgrje4xavkxusvw64mwcxzwdad2yyt,loop-ust,4030890,4030000,890
terra143vyqlgwhn2zk8c997s9tq5clw5xxf0xkg4rts,loop-ust,200128036,200128000,36
terra18fs3weda0ey9wx6ugc2lxd3ecwta5gaq702xk2,stt-ust,261845426,261845000,426
terra1986pxg4k570xtc68n07567mfkvjh42zsvmejyr,mine-ust,69089153,69089000,153
terra1f4q6rueku20ygq8wj8eyzv6csh0runf3cpx2qu,twd-ust,229350871,229350000,871
terra1j0jl0zmv9crd7e6ywhf2d06zq87q7q96mhcmcq,loop-ust,17197681,17197000,681
terra1srkk0nphq3nj6pn7y04tj2qnuj02zq7l32akrg,loop-ust,22278594,22000000,278594
terra1zl9fkwuyp9ya6cx3qyecmtmm5ald9enpy9vge7,loop-ust,851784376,851784000,376
terra1vew7m34gtrjyqjrq382sa0cqldwj6am7mdm6cd,loopr-ust,1241808786,1241808000,786
terra194t8xtndtz7azgzqhhnw255c39tpzypnmmdm0g,mir-ust,163715416,163715000,416
terra12zwau5erfs5aspctsjts260c4dhxtqhrlrxdg4,loop-ust,30138222,30138000,222
terra1jjalge4kp4p9p705sferekzgwezt3nwantwwd0,bluna-luna,34866890,34866000,890
terra1yhwufmsjc4agud609lz26znrh8ln4329mky464,luna-aust,80770818,80770000,818
terra17g0udkt5dtmarauqhkgaq65zsqkdkvyncr96w5,bluna-luna,6478889,2780000,3698889
terra1fr0pptfx8y6laf4e97nw7tz7rdr7xphjqdk3gs,loopr-ust,33210752,33210000,752
terra1828kkllagzyc03py0yjqm5l3l8qsrynlukrvw0,mir-ust,442955672,442955000,672
terra1zl4fa2dkh9yr5e0pll8pgq5kx8scyqmfdwv5z7,loop-ust,33967931,33967000,931
terra1r2p5y74lxdmxhz27n02x7sl887hcmk8c9js8d9,loop-loopr,1678127468,1678127000,468
terra1h4vvt5dm4xerrt0pxs64ghdfk7ycfq5fnzpcx9,loop-ust,42489746,42489000,746
terra142axcarrsxn5c2d29rc90nex2ws7qu5fnets7u,loopr-ust,520075613,520075000,613
terra18jg9ha2a688lrqunsevyykmqknz89nn4lljdaj,loop-ust,10760787,10760000,787
terra1al084ehae7x6s0rrvn2ckys8lrqayl9v37vk6r,loop-ust,44675803,44675000,803
terra1umyzadzcm6s97hnhkzt9fruk87sq29nz5puduw,luna-ust,8793237,8793000,237
terra1s09l9myhydv007whh6z2da0nns6zj27el49l2q,loopr-ust,166699312,166699000,312
terra1nqxcw4jk8s6t9c239mw96g0z7sj8977rvg4lfj,loop-ust,502074192,502074000,192
terra126553gem3rxh6e4ljmcy9ndz6zlfynlkw8ga3u,loop-ust,30547853,30547000,853
terra1ewkj97g3vh2sx4c0vuqm7kntlqhk59qp3k5ars,stt-ust,75196214,75196000,214
terra1mc497l3a7uatg72esw5x6d2x3v9l9lsaurhw9r,loop-ust,11798820,11798000,820
terra1j8d8w7v57kf7j50yn9n00gt6a2nzh7x2vlnq53,aust-ust,447216728,447216000,728
terra1c3nheuru0lsp24f427jt8rzdauhp0etfxrhtv6,loop-ust,101626805,101626000,805
terra1kdrn47c3y40qvd6ck0ep00dcjlvgw32mezvv5p,loop-ust,3195310,3195000,310
terra1mhchttdx67qutg995465yxuj3k79frcdc5mxm8,loop-mine,272722968,272722000,968
terra1dlas09cns58q7efld0xjru0zq0zl60juf7reta,mine-ust,962087782,962087000,782
terra1xx43vpspfmq70zavr3cly8xznupm3a7jz9zy6g,loop-ust,5017238,5017000,238
terra1rvc6qkhe377fzwply5jflp38tsg6tmr92mq9ev,loop-ust,5074111,5074000,111
terra1g3n37lz2naczz0qkn004mejpux6mlgnr7hth8s,loop-ust,197409285,197409000,285
terra1mq8m9cytthhsc8teltuf4p82agkwqdhlzw8xmd,loop-loopr,7591394666,7591394000,666
terra1c96gk057mj4tn4yc5qwd0flhayhegjearf7fw6,aust-ust,195710883,195710000,883
terra16zz82huchffagd9kw5qcgpvfph2n9lpn4ln7ee,twd-ust,686374194,686374000,194
terra1uguakzsllfgkxg9fjrcp595u85rkwrpk69tp6j,loop-ust,122629950,122629000,950
terra1cl26y4k49ld07r9v4fqe30xa0f4fphsrzmnp35,loop-ust,3439092,3439000,92
terra174n72vk50puafcqcafgshp8pqf2gp8ar34ddfn,loop-ust,7275741,7275000,741
terra16jqp5lsjx3s73s89n0f70l72kkkjjp00ptxg89,loop-ust,30439749,30439000,749
terra19r53wx9ujedqldwemkv30hzkr6yhn6s7z5gcmc,loop-loopr,6329040593,6329040000,593
terra135mes30fdp0dhpcvmajqtvqpux2wuexq3zxl5d,loop-ust,1041794169,1041794000,169
terra1032ksjmzz9rhhc353f68pt9s4s5ne06gnv2hla,bluna-luna,13929820,13929000,820
terra1nzz9004pe53eqy8xj68lsyaejp7pugxwad4vw4,loop-loopr,21438024730,21438024000,730
terra1vlwjemkr6nke7sm6ky4zh3wz6yp6utwde30qja,loop-ust,989882861,989882000,861
terra1yqrl3y5tpgv7wnp5c3gta6edmwxy3jehjev6ql,stt-ust,195019256,195019000,256
terra1zsuq4hyt72z9ydq99dcd0vhysud5m0lvs88mkq,loop-ust,35395854,35395000,854
terra157qwp3etlfp0d9cvpcwwrkqrzadqekgqy0f06r,loopr-ust,10198399,10198000,399
terra1s306xcypqeama0yrp439drjjmv0apgn9g3me30,loop-ust,65757952,65757000,952
terra1sk5hahj2a7yhxlrsjxd2hnfqvhdm633rra883c,loopr-ust,26038354,26038000,354
terra1l0rzjh6nd2r26avs38t03ydxq8688dmp79vhkp,loop-ust,949558121,949558000,121
terra195nl7hmwy33qdl3zfww7nk5ad0pe4j00ka6x6j,loop-ust,13153632,13153000,632
terra1p7fjmrnju86kpgk5nr2kpw4kvwa0vxagfek5vn,aust-ust,805732415,537241000,268491415
terra12dqequ5pt9cq47znxszr86gaessd63zxqjelz9,loop-ust,16404511,16404000,511
terra1uva8psrkzzv8rhuqjaftwt969hjm0qa9zfh8rc,loop-anc,13689678,13689000,678
terra1jecumv54vxkdt90aw2k29tpyall3rz3qat3czx,loop-loopr,823753916,823753000,916
terra19use9qjr7q4jc4zpl2uec9ut9jjp6vzvc3rkg4,aust-ust,2095244268,2095244000,268
terra1wdaj5xc86ld3er5ktnmf36fj0n77cr0hdmm74c,aust-ust,224983900,224983000,900
terra12m42sgr9av4n5yfhv22xsyv28xum7kp34afdu0,aust-ust,1522433484,1522433000,484
terra1vl7vgelj8rlns23tky4t6ehecqteq039pq2yge,anc-ust,22987334,22987000,334
terra1ju0ftxhctlyw68tkfpv4txjh8clat0pjzme8ad,loop-ust,935487,935000,487
terra172saz6kyz5edyqlaujxn3s477watlyyydjtya4,loop-ust,3175928,3175000,928
terra1hnqlmt600rcxxn0pk9g7wt9lj2g3ecv5dcq926,loop-ust,40624987,40624000,987
terra1vnepad2hvah8cqm6sdu4na7zzjccxd32fj6w35,loop-ust,3019005690,3019005000,690
terra196djkp92vqk7pg0z009xs5q8uk5ezgj6qs327p,anc-ust,20273293358,20273293000,358
terra15rhnxrks9yukcxur200j2zkj733vyuyzt6xpqu,loop-ust,1171031938,1171031000,938
terra19wdnxtmmn3e5sq65vce8003cv9mqz8kycgtd40,bluna-luna,8455722,8455700,22
terra1ly6gjd9qhtwg34gp2p8v0f4mffulr96ehu9m2r,loop-ust,25787512,25787000,512
terra1p6mgdudaxg5aymhweh492yr4tvhgvsupcfmfnv,loop-ust,31468917,31468000,917
terra1x5j20sd9wpjp03m4ccszp08r4yk2hjqhwgtaw4,loop-loopr,3256976074,1097844000,2159132074
terra1am0rcv285723j37r7dqe7tcq5yhy3cjqe766nh,loop-ust,30623291,30623000,291
terra1jcvlc8w9tfl267l3zt6a0p5p70t3tlrj50qrcq,loopr-ust,12940899,12940000,899
terra1r580yh4ly0sdkt2n63sj73txeszkksng44yg6t,loop-ust,16455092,16455000,92
terra1pypwnyk792tl02j8lhvp3l20cyduwv75jaex3m,loop-ust,23754741,23754000,741
terra17hjv7v5g5va4fksqs6vlxxzs8gn4ptslhh25hm,loop-ust,3671483,3671000,483
terra1zzdjf3z5569c3kddqrmvq0v2vhj8jkaqvnn648,loop-ust,79087542,79087000,542
terra1x7wtqr22hur7hllt9dtxs0c9d88jc8q07md5h4,loop-ust,104765258,104765000,258
terra14xvx4cv47c05095pyxek4due5s0c6tk9h5k3ae,loop-anc,10508771,10508000,771
terra1m6dr572h3h29ttvzd4rj93c54lmml8xnyrz4xa,loop-loopr,3507214105,3507214000,105
terra167w6x30fywvcqdw3t2egr2pueley97ntt8fepd,luna-aust,1117706378,1117706000,378
terra10upvqc7fet07kwwl64e0h0zmzgum49d9p5ze2g,loop-ust,17456721,17456000,721
terra148xyyxvd6yw3h3czh9uxa3am5730dj4h7yxkmp,loop-ust,67054591,67054000,591
terra1hm8du5uj0wm6j0erh3ff45un5yu5d6pcmzdt0t,loopr-ust,1817057022,1817057000,22
terra1eaw5am7az3wnqsew4h5et3ryfk774hupxau3rg,bluna-luna,100193466,100193000,466
terra1klx2x54hj6rhvdcp57mz6jagf8mkmgr4dshcdc,loop-anc,1257082969,1257082000,969
terra1hk4kpk9z69u8hq20ak0uzpqp5ty02xu5cremkl,loop-ust,48284483,48284000,483
terra19hetj98q3xk349z40w4nfz63lyxdsuuphn4xa0,loop-ust,11927715,11927000,715
terra180478vczlw6062vs96zd20z5y8jtcsm2cyg8ge,loop-ust,270647856,270647000,856
terra1ltakudh5s7rf0lcg35n28x9zfehqw6e7fv0qw5,loopr-ust,18052851451,18052851000,451
terra1lsuswjrprac9mk8uspjhy8w7ffezh3573xgl5j,anc-ust,600245016,600245000,16
terra1ndyx6l346qykl8vpwjrdervysew0v0jauyg5nm,loop-ust,42774529,42774000,529
terra1wcg4qvwc89vjc2fv5c62kwqg36w78gux77uzfj,loop-ust,24883035,24883000,35
terra137jr5n77j7scnfm9xdv33yru4hzrhgdxqd4q37,bluna-luna,6460116,6460000,116
terra1ku8k6l2vt4zhple8kmhah23u27yc5zt3lzs2jn,loop-ust,52946052,52946000,52
terra1z66y9672ulh5hhaa9t5nwhgra8retxn29wkcad,anc-ust,229113612,229113000,612
terra19y5fkv2v88sgw4e90fplulesw3j602np40fn5x,loop-ust,10770566238,10770566000,238
terra1qyrgqhu4xwvkga54y343sfc5cnw6jurw4um205,loop-ust,16867332,16867000,332
terra1x6ayxc99v75lv5ugpp9ahg6w2rd6v6ervqrlhk,loop-loopr,12110505,12110000,505
terra1259el64nc4hlxpfmhd6m7ry2acdpal859xl49d,loop-ust,10338640,10338000,640
terra1l5kt5z60m7emz33mur6e0zjyupqtpjrpyaz9ay,loop-ust,58491372,58491000,372
terra1ygqazcqquyeepjulcceymgc8wyx4qjrpq6qd04,loop-ust,8752708,8752000,708
terra1jcwnjcld89n85g97y5wgawxemkfvzqc743m6xk,loop-ust,710784568,710784000,568
terra1vtgjc3g626nh7xm205jwvxg3sha6z78a2nn38p,loop-ust,722292787,722292000,787
terra173xeqs0fy2ggzys2wvyqjyqdvhux4slcqwkc6l,loop-ust,129634655,129634000,655
terra100pesppvy4utsvalwxqlmfrm68rv0qek2pajsw,mir-ust,1263762,1263000,762
terra1n5stq2xyjxntqhzv5k4xkvetwl29vfvgvugvjd,loop-loopr,4455401441,4455401000,441
terra15xl72356r9tnuurpket73d38za8d54gc3qsxhe,loop-ust,146098017,146098000,17
terra1dxm8yy0ahva3p9rhqmj638gykuv4rwg4r066v9,loop-loopr,97914615,97914000,615
terra1xjj4esua5n5y7mywdgpz8vzq3pwcdjp2z6dn2j,loop-ust,4181822006,4181822000,6
terra13alvjhlpxp9fq54sj0g34j6mqf75zp7g97yw8d,anc-ust,275125485,204330000,70795485
terra1kcjpqkg2ezh3y9th2qgk87dm46ykyhrkumr0l3,loop-ust,54304635,54304000,635
terra1f8tewz86gtqhrfdvu2ewmhr25tsje2fl2ujnec,loop-ust,1898136,1898000,136
terra1cx6upw90ys4qp5qjjaclcnapqk27swr6ven6pd,bluna-luna,150715382,50173000,100542382
terra1sztvv7vpc3wwqwfvhd4el3xkttkpnx57fz0z9y,loop-ust,3698789138,3698789000,138
terra15526x33cqjy02vhfqjdd9px38nhmd04jfgxjgx,loop-loopr,308537421,308537000,421
terra18uaufla24gd2gxugjtcuggn4dxgx629h8r0jf3,bluna-luna,1496655100,1496655000,100
terra1e5u0u0jj0tc5rgyhmsumlhwqmspg2fhcce5ppw,loopr-ust,11687968,11687000,968
terra1zma5eump90n85mem76z54ljv4vfervla60qj78,loop-ust,19451057,19451000,57
terra1fhw0d438gzlap2hnrgfxaqyey8hq0tc0w5g7up,loop-ust,19579282,19579000,282
terra1qmlpedat7cnsmpszf87p2fkj5qsz9elh73wq6p,loop-ust,5549797,5549000,797
terra1z7sa6g7fjgk4znl00hj5v24rpaudrnwgplqech,dph-ust,955077243,955077000,243
terra1qnw7hjz2nwn6j360s6fdff923muzlxc78x9hcx,loop-ust,33833132,33833000,132
terra1g809xkyxz0z7hqhpckss3qu6v4r9d4rupmll76,loop-ust,409162335,409162000,335
terra162kt3ja8nwh7kr2ed67y054g42wqfs8ts7y4ee,lota-ust,418083471,418083000,471
terra1yssg9kfkqegthcy0x9hw57vax7dxz3wg2nal8v,anc-ust,174605311,174605000,311
terra1rjghca89zyv5gedm70uzlynt2s08spavkwrtw0,loop-aust,510851389,126412000,384439389
terra1wlljeh5l7gz9ss9fwk9a6ju0j5dnn3uwxv6g87,loop-luna,2724186,2724000,186
terra1y9ma5e9td5pgkdhpq5t4m7ka9pxg9u0tvns9qd,anc-ust,600790082,600790000,82
terra12u6wwf9dhwx43df7mey20ykl0rag3txgnadk3k,loop-ust,4387308,4387000,308
terra1lfmsj9k66z9f93e7sgamy6030tf03l5kwgkr2v,loop-ust,7756944,7756000,944
terra1pc833carqx4aju380qdr7erzrt490letzq3s9x,spec-ust,39118094,39118000,94
terra1gv0fahfuxvczsfj0fzm2qpjzwz5g52ejfdhd68,loop-ust,9163139,9163000,139
terra1ftju0c9xn425p7y72grhsaeazs20pwsm43euwu,loop-ust,4079475,4079000,475
terra1zm9pmxylmfuuxdampd6hwul3y0fe6pnlthfhu0,loop-ust,3533674,3533000,674
terra1gksksah4v8227s2c5pf2ruvnlaax60ju7za9v3,loop-ust,332712938,332712000,938
terra109sjustn3qhlpjwqndvk2z53sj85akvt3g34fv,loop-loopr,2124236413,2124236000,413
terra1xqsjjzp3q9a2yrmy0lzr9jccj57cgzanm5c85x,loop-ust,30710782,30710000,782
terra1ykddpfe966uusanlpzlc0k2tkypvchmrr8ddk3,loop-ust,27478764,27478000,764
terra1hs6mgrs0vc8dnjht3z93jxyxezd3quztwk0w33,loop-ust,343142296,343142000,296
terra1fkuz2zrg9j2khr3amu7mjr2nyegnplgkd2hghq,loop-luna,1661688428,1661688000,428
terra1qdyls8ccv3llscqgegmy6vd55n2wjy32g77ynr,loopr-ust,121364912,121364000,912
terra14m9q2mu6saz8u9k0vzj7h79zkk58qskv9fgzfm,loop-ust,541875042,541875000,42
terra1a8w3suh86ru7ml4hxq8w4tg323kwkph5p0247x,loopr-ust,1468390,1468000,390
terra1ms038kk9xvpwhrczrpc5thvy6v8skf8s0zfxuu,mir-ust,84472910,84472000,910
terra17pdvclcglxssyrv0autldf4k3lyvf4umftfrrd,loop-ust,7019641569,7019641000,569
terra18ul287ft0fmazgeafta2zx7v7qzep5etu3wlvm,loopr-ust,38115509,38115000,509
terra1mvztjn4drq0mpw3h5p5d78r4wjflqjhurwyvps,wewbtc-luna,37679567,37679000,567
terra1x5uwdyju9lmyptrytvww6cweedyxgtvcvz50jp,loop-ust,6732741041,6732741000,41
terra1wftqy77wk60ewe97r8l8gzn7hnl26x9hkrnsal,loopr-ust,599765648,599765000,648
terra1s2srvcyzfa2agegawk7ux3vezm983lgqlpl4sw,loop-ust,1510321216,1510321000,216
terra1hpw9eyg9fmuvhm09x7uhk7llajk72jzv2mvrar,dph-ust,19657886805,11910899000,7746987805
terra1cws944pu750mkf06ex4w2ezzl9tahf95cz8jpa,loop-ust,182655795,182655000,795
terra17e7un7z3dz7g7ef7ys09all70mpe7e8hja3kue,loop-ust,8913798,8913000,798
terra1ty7n4auj66ku78dcgrr43600h0ccc92eyfw4f0,loop-ust,112697910,112697000,910
terra1at99frdvjvmtwjakneykqy8rj842w5eq64h8m9,loop-ust,183128362,183128000,362
terra1t9v4cryldak8fcgh055k3m7tqdcmmv04gfc9ne,loop-ust,29677780890,24613404000,5064376890
terra1r6n0j2s7evemk6jepvyhal467dh0rvmq556nwa,loop-ust,10824969,10824000,969
terra1jgjwtsckg7q9aw9pkklpanzqextmczhzl6gyeg,aust-ust,89456481,89456000,481
terra1fxnrfcm6s5xhzzrch7rf2374wucl277mjv63nu,loop-ust,16071316,16071000,316
terra1300anwm3cp9y0gpttu36gjaf9vetlrquexg8ru,loop-ust,15378425,15378000,425
terra1w5fpak5s0uzdgw75jdrt07lu95gdrj8z3yhvfa,loop-ust,2942785414,2942785000,414
terra1kznyy6tta8ju607m9k464me4pyps6wc8emjak9,loop-mir,232879989,232879000,989
terra1xxuqnhxyrmhxvtj84ga8gj5u5m6qmyvpx2txns,loop-ust,518608374,518608000,374
terra1gxdaluvrdplgeqw968zfvul5qmm828rvcauczm,bluna-luna,10523849,10523000,849
terra1fzuuh4g0vhvks9ndj0xxzeck2zdqnc838zcm9t,loop-mine,334678654,334678000,654
terra14gcw6qa46n6ktjanlzhl8m7frtz5kudps0wee0,loop-ust,30384637,30384000,637
terra14slg5zmt0jljscr6eekhrau3a0r0g02hc893m2,anc-ust,1245723778,1245723000,778
terra1xg9xhvqv0fa4cp3rqm62hzumzf97qyxc24kn2t,loop-luna,241075606,241075000,606
terra17cn7te26d8qc9j6zg3nqzd2xjxnuwtacdte3j2,loop-ust,71507548,71507000,548
terra19rruh3j8l692gcexnklsr5yjvaaj0qgyzg55p0,loop-ust,78694467,78694000,467
terra1pr5cdk6s0xrerh52tufmny5teglda69q3zl4cu,loop-ust,41988838,41988000,838
terra10gd60hv9wtu9pl5x78psme804zazzmsckknwuq,bluna-luna,4905010,4905000,10
terra13lhenxzg8gpmrt0rctkgje8hz78sv2pdzzlp0n,loop-loopr,6645842338,5364346000,1281496338
terra15t0rq69kg9kck43nscfnx2wj2xu8rnyyypknzq,loop-ust,15260667,15260000,667
terra1dkc3rymxlnhxfqyp7yrx7gxmnzcpfj4r0ea55y,loop-weweth,6226340,6226000,340
terra1uhvg7n6wswwf4j8cqkwfd4qq792vmevuucvvwp,loop-ust,15561459,15561000,459
terra18u6kzsj0fxd6gw3xemd8xkaqree7r8pt6cy3p8,loop-ust,134627535,134627000,535
terra1nnlr62eevc8rf8n35ksc48rl0kv5n565m9dacv,loop-loopr,961767405,961767000,405
terra1mfqrzg9jqgwncvmud7pg5jcd8mkesukffersnf,loop-ust,69675100,69675000,100
terra1muzhwd73u9ft7sqtzmlt0suqqct8ds6l5d42yz,loopr-ust,87476745,87476000,745
terra1nyvcsz970qakjvcmt7jhvl3y4qxnhhvcyk63g0,loop-ust,51851559,51851000,559
terra1098efvh38fm9alxhpy6fn2uwdw82nl6l50u3u5,mir-ust,298882306,298882000,306
terra1czvpauej5xdxx9g39yjjh7nhqwyh6j0r757h87,loop-aust,211206829,211206000,829
terra177v0mgjdxqpfjhk70gsd94kd0uz8yla9u4ygv2,loop-ust,32833090,16946000,15887090
terra1q7wgsp76m4fyf5dtu0mqxre3r6ezmlhtplg3sx,loop-loopr,35289824915,35289824000,915
terra17hl082w2l6n64pll4kvkn95xwyef4wkq2sz8wq,loop-ust,1400631824,661542000,739089824
terra18urqfasmt4fau4lh2pldx68mz344mj7u650peh,loop-ust,108523482,108523000,482
terra1r0gllpcj4ldruhfecs5pttju073wld23kxl2rh,loop-ust,71434965,71434000,965
terra1700724lmxfr67lyen7vq9qln25xysz70dfwz6z,loop-ust,20887534,20887000,534
terra19x9fm625wr0aalhjhmlpnqjht35fkkays40ajk,loop-ust,35580176,35580000,176
terra1kgzpnnsfw0tplvkrfk3pnnd2l3tgmu98yyvdfd,anc-ust,255354209,255354000,209
terra1t5r59l2262wtzz7dydj8u3ulq3l2669s4ncfdf,stt-ust,190680392,190680000,392
terra1rat5uyqfllvfzdq4jhdd0p7ysqjjl2cx8xfv0v,loop-ust,40573034,40573000,34
terra1sm5kjv3we38n8mnx2uydw8zkwh54ev9dw83a99,loopr-ust,149014727,73558000,75456727
terra1p8ae20qfx75drspkkfn04q0qd57qsfqeck2n2l,stt-ust,37531128,37531000,128
terra1yqm4daq0n8ke5xqa4rttv4e247r7dmz4lqpu33,aust-ust,18271582117,18271582000,117
terra1xs84a4edgpk9z7ll7ndpa35y64wqcdax2t67gs,loop-ust,48197580,48197000,580
terra1xm7cclj33s365ul5cnlp2scnlf364268cv35qw,loop-loopr,77839905003,38919952000,38919953003
terra1en9aq5zrupu3l36rl9nflad0jqsz4y35rfevpp,aust-ust,14268268150,14268268000,150
terra1unt82q0c3t6w440x2vwy2pa9ct2y8lneuf6cr8,loop-ust,8129665,8129000,665
terra1f5yakw0rrk9w6j9p5eun7q2ust845afyw3v343,mine-ust,725537902,725537000,902
terra1au2e0n5m98edeurwfsfax30eelx7gl4g6f8ps9,mine-ust,9701632104,9701632000,104
terra1jftcdzkg06s92df2rrlq0lalf65tyzsx6fjs7a,loop-ust,4012622,4012000,622
terra1ng7zrkusdflm4t2e4wjk6e68zdg6rgpe3dxgaa,loop-ust,420517008,420517000,8
terra18nwsgue2f6ktx73atz534cjkt0as2c4u7pyhge,loop-ust,199566031,199566000,31
terra1z4swhy5w2aa4h7nkrnv9p3m7je98cymmdccage,loop-ust,153479140,153479000,140
terra1zhadp3dg3ejp63ruu7k59qq0dela7r7pjj0fx0,loop-ust,18155484,18155000,484
terra1uhzfy6qpvq4sfnaf366pshl6770phhgjaflvl8,loop-ust,4872020917,4872020000,917
terra1prgutjcxp7dak0g6t2k0sazwdn6heajn0mlzvg,loop-ust,100769521,100769000,521
terra1udm3psxucazv6wjw4fjn0wxr8hfteh6cgzw2rw,loop-ust,22238006,22238000,6
terra18vhhzf60y695ayxma5tfzadf4482jz6ltfj7za,aust-ust,829216761,829216000,761
terra15eeave8j76msk73y2vhpqwv4kz8gqqur9v6gnl,anc-ust,5519154,5519000,154
terra1jtsy73h3z6xxepucrslttkx0qlufrqawetnd7x,loop-ust,1140343,1140000,343
terra186ryrkttgwa3h4u5s0jrassallfsyh04qs2vxu,loop-ust,51327393,51327000,393
terra13asagptua646gp27ujjruv5je777gds5h4u7x4,loop-loopr,263881107,263881000,107
terra13ykjf9u0zyrgus83cav5dwlj85ys2x5lfta0cy,loop-ust,14625299,14625000,299
terra1c6tk9jszuyd93jmwjts9u5jqx0ryu0cyy74uua,loop-ust,327863077,50000000,277863077
terra1jvaz8h4nttjtarz800ndyuj2y7e9m0ch5js0wm,loop-ust,5645088,5645000,88
terra1dntk09zwxlc7s7de9cgf0nzz8atrhyapgq4yzx,loop-ust,182674820,182674000,820
terra1vluxg3hsstdz0zp9yctvsqrldh8l6thzrvt7dt,luna-aust,210157875,210157800,75
terra1kmg4u06m8lv86kdxe7c54y33f70xdvjdq2dmeh,loop-luna,215138025,215138000,25
terra14vm4ldzua9lp45wscf5a0ztnl4frpg8j6d3g34,bluna-ust,42555612,42555000,612
terra1394qu4q5t206y6n0qs62u23sw2j22np7qedq8q,mine-ust,839250458,839250000,458
terra1ca9axca6a5wu5de9vh02la9d8l4hsj9tqvqgvt,loop-loopr,119715596,119715000,596
terra1n89t56nmx2csu20ul2rncg7tjwq4syu2mn7vxk,loop-loopr,28012101930,28012101000,930
terra1a8meyyd9fc2f7uvyr3426cze37aml0053rjfx6,mir-ust,1908371588,1908371000,588
terra14nmylnflkhjqt3nme8lzt3yuzqn7j2pejke5pz,loop-ust,14395654,14395000,654
terra1jrmpey8tjxg24a4dex0df888uxylyc39l8hve5,loop-ust,40301932,40301000,932
terra1m3mjl3yfychylep6qwgkw2z7kmr3m9t20z9l0z,mine-ust,2344545756,2344545000,756
terra1tn7ztsccscpeqxn9d6dxntmyacpndk7f2e6q4n,loop-ust,4695715,4695000,715
terra1a5cah9rtjed62zqu0rlmhgklw4t2u5angnphmu,loop-ust,31786126,31786000,126
terra1h4s2cqemma63rmheazdy2yq44q03m9pphpfj3m,mine-ust,1028423875,1028423000,875
terra19kmxywv9uml8ap54pcx6v93jmy0977kvf54j70,anc-ust,2208729193,2208729000,193
terra18dv2adx3pls0qngr0hn8vpfm5zchpsnsd8ex7e,loop-ust,13074037,13074000,37
terra15rpaemjq5rhqxjnzph7493fk2a3llzcct7n6k8,loopr-ust,127710614,127710000,614
terra1nnyg82fu069c4zzlw4vxzm3fgeng0qsg8wqvf0,mine-ust,6119578350,6119000000,578350
terra1uu989d356nugmcafjnfwhuhtxejddy9j23g94p,loop-loopr,1182983778,1182983000,778
terra1td0jch6c468408tjd08wa9rav2qxf575ex99hw,loop-ust,74826929,74826000,929
terra1ydgg7naf9dmytxd59pw330ap0swgmpktpm2kkd,loop-ust,13509162,13509000,162
terra1q2mgssw75qm5z7hrkms3ln2anqpzrexcuz3m4d,loop-ust,121548188,121548000,188
terra1kmx0j8txyp3uhlrvgcvwekgrxuxs3e4pzw0cej,stt-ust,165532956,165532000,956
terra1q0wuqy59ee2lh6prwspzjrf7g8hhdvj0fzp6n7,loop-aust,947984439,947984000,439
terra1z66y9672ulh5hhaa9t5nwhgra8retxn29wkcad,loop-loopr,472478268335,472478268000,335
terra18e04el6uqcj0qjz3j59dmdr36vq8qd2tfjlcxa,bluna-luna,17014653,17014000,653
terra19ezcv7ahnwhf0wf29mcm97z82xelkdr4qv2vp6,loopr-ust,126655166,126655000,166
terra1y2m34vwe3009eqr4zuw00ecwcfcmnm2myntspj,loop-ust,880218144,880218000,144
terra1fumcp8wq63a3y06w5l6ste00w3rfw23nydzp9e,loop-ust,3927486,3927000,486
terra1j4zsth4v97luqr4qfr229v3grmztgl0n99agyy,loop-ust,14429467,14429000,467
terra17ca7ph0haa0yquchl70hkm94f385cydn8g2uk2,loop-ust,64165440,32103000,32062440
terra1fysg8p67xyrm0wnw40hyelgm2h7x3c79e63dmt,loop-ust,692545836,692545000,836
terra1a5pqtxtdxhxtt9n6ee3m0jg292tjgg37406dfc,loop-ust,434435727,434435000,727
terra1sgc8w6p2sg0ss7pc7h9yjtvvcr39qt30ynd9mg,loop-ust,16164200,16164000,200
terra1j68gcd3lc49ujxpycstzj2k5ywvnkjwk7fe8px,loop-luna,320098095,320098000,95
terra14k2wmtnsq6mne3lq4frq9p0ky8986tu8z0gaxu,loop-ust,6367554,6367000,554
terra12l6n2hfxdz6jusxfwrr6pa98rptn53tdngae8z,loop-ust,110449089,110449000,89
terra1dg66744llzxj66kns76usk6wtg2y27wy20nu9f,loop-anc,12123099,12123000,99
terra1u22asuesdtmj48zldcr8p2n4nal2z6u700t62z,loop-ust,1910993,1910000,993
terra13ngj352k76dwq8mp7p5fe8795tyd2lsn0gyhsl,loop-ust,243104852,243104000,852
terra1hhu608c69crp43ekpnew8fczm8a6xaqcp4sknl,loop-ust,11927889,11927000,889
terra1hw8epl9p602zvyvsrascesaqd7rrjx3aut5ps3,loop-loopr,12092936804,12092936000,804
terra1exj58mtcp6npgdjsecn5d6dtst2utfqkfjacmk,bluna-ust,12603662474,12603662000,474
terra1gmpsjq4wn6aw3e5a8xq0xgjtmhzhyc3cxkfwdu,loop-ust,1053739909,1053739000,909
terra1t73yjemdj42v7wztufmhxm7cw9uw7g9v8nu9e4,loop-ust,66251320,66251000,320
terra1cv7h8q5t43rscey4lm0z7f8ypjstu2nj4pjt9d,loop-mir,58865252,58865000,252
terra17w2vx4qfxq8cfpuaetxyam7sxm2egaawf564zu,loop-ust,132284892,132284000,892
terra1qx9u2zsaesswtcc7ahvapvym34ttds9vpvp0n4,loop-ust,12092060,12092000,60
terra1qd8k8ztfyw7xgnzzlm4sau7hvhx4k4ar63peju,loop-ust,103661552,103661000,552
terra16pt0ep8jfnsu0y8aq6yw99wc3dh5s9nm3acypf,loopr-ust,3044317585,3044317000,585
terra1fusr3tdlgj02vwea4hpdy28aa8kp8a0uv2j0pe,loop-ust,15563094,15563000,94
terra1sp7gq3aty8yqe2ukhwe2su7wk9zweuut59cl64,aust-ust,2894005972,2894005000,972
terra1xgrr5qghcrhn8vugua85sxz0h7rlpfkxqqhu0y,loop-ust,2983510,2983000,510
terra1anjghvh6cs20dmn89sdfumjk0kt5py3l8m5dgd,anc-ust,1750308239,1750308000,239
terra1f8m6s5pup2wk6ha8xyrxwskp6ng98up2ddmmgv,loop-ust,4688533,4688000,533
terra1dv4s2q9c7lnh4tgrkaruwxp75awz50yxa6aaw0,anc-ust,21026139,21026000,139
terra10tv6kn75xt063k8vy37vm7qeud6p70sgq5tcxq,anc-ust,1561832498,1561832000,498
terra18dx8agqnvlu3ft6wcnhm8grsfwl52du02wdqvj,loop-ust,15932971,15932000,971
terra1fhcdy77xwmrsa84j0g9rzhsjuy6r9eceg20spq,mine-ust,319340145,319340000,145
terra1pwzdajqcexqdv9wwl8ygcdpqaqyg4tu8hfxsej,loop-ust,267035579,267035000,579
terra1ddv6mst0c6nd73kz5qdadr5mcd3vdwnd7pelsd,loop-ust,48737614,48737000,614
terra1p5ep5twdt8wg2z0zrku9jnjfdlkwxa9qpzxv04,loop-mine,90414132,90414000,132
terra1gcejvac2vkfrmykx25qrgee4uwhegt2thp56ep,loop-ust,111288831,111288000,831
terra13m3h7m6vjxlpmhmwun0lahltfay6f38r96gqv6,anc-ust,3783624654,3783624000,654
terra1zgtrdx6tvr4kag7neyrvnjhsgfk9dknkt2h4h9,loop-ust,6315898,6315000,898
terra1ccqj26zumsdjc4zspcm7swgzctc0ghkpwcyruw,loop-ust,26109098,26000000,109098
terra12mm4w6ecd5xtw02cg6jaxhqt93u5jup997qhha,loop-ust,23626952,23626000,952
terra1kxdg90x65fcnhefwwjf4udxtmnl8lryzhec8p8,loop-loopr,161166566,161166000,566
terra1qhv9gh93wcw5ww8g523ghtc2w6x7x5fpeyr7ye,loop-ust,47880889,47880000,889
terra12wg6fxhmv695gd0qwu5pn48kyq7rzqf6dzym5l,mine-ust,1595773727,1595773000,727
terra1swcwwfpa5rdpdfksvtarqppcdaumdekanc4j86,loop-ust,35781761,35781000,761
terra1hmujq3uctqhvpfnmjpxau5flzw7a7p3vf0y822,anc-ust,732238971,732238000,971
terra1ksf9scrarhvpzdtuyjs92l5lcxrq9wltzmwj38,loop-ust,174042623,174042000,623
terra1nl2m0qt93a3u22cvms6r4ntadfq0uv8sphujrh,loop-ust,16940589,16940000,589
terra1waz24dy5vvnh9htgrvat7wp0p06d6z35rqm6s9,anc-ust,2755996159,2755996000,159
terra1rud5m8956s7gzhqthldzcjzrhr3kfu94jxrcsa,loop-ust,27217432,7000000,20217432
terra1fdeft78cc9tvpue7qp9cceaqckvnd40vdslnqd,loop-ust,21690470,21690000,470
terra1ws6dp708vuuqhaz23rrd55jka5qd8tyjjmej7x,loop-ust,35551942,35551000,942
terra1rea6xeltdzq7yvajk5nys4rjvkwuzs30panleg,loop-ust,65141803,65141000,803
terra1d5vstqsle0hsdhqhlhf9sdmkyp3djtva0prkgv,bluna-luna,40578900,40578000,900
terra1zhxluczxlw0cpxtyw02k98dlvenzd2pv2j2eum,loop-loopr,1777084781,1777084000,781
terra15q3803esgy0e6lkpdz8l68z4rjt2t2ygn5rpgu,loop-ust,2380214,2380000,214
terra1w92zv3xtl2rry0r033la7vdq36dj0k6hgj0d6e,loop-ust,7459417,7459000,417
terra1t40f0eds9lx39uja9rr2mpa9wumearm9ek3lv7,loop-ust,10667303,10667000,303
terra18098jyu5842nz3kqp7tg940m6yarmwl5am4kkc,loop-loopr,1405773846,890051000,515722846
terra127ywe3zquvp4hee4zw3c8urnqk7uj3pv4hw2qr,loop-ust,83402672,83402000,672
terra15wcmetn3850ls8eyg22zs5kh25zrha3fu3jfhl,loop-ust,4705862,4705000,862
terra1mqdv7ppyuf68mc7r0pdvfjs9vktjkjuwxq5lyc,loopr-ust,55293040,55293000,40
terra1ayl7cl6dranpx2v2k4q9fqm9xdjzkv0n42z7jm,loop-ust,73787294,73787000,294
terra1ra49tlmr8kcef75vjsk756mhyc87u74xz0x77t,loop-ust,5418746,5418000,746
terra1jfh2pgj57xhzty4ertz09s2meq4l60ugzkreqc,loop-ust,28823466,28823000,466
terra1w49fvf48p5x9v70fkar7g4k5r5rxzyl980fvuz,loop-loopr,72182439,72182000,439
terra137hr8v3tyc2d7xl6e58vpjmxmtw5thwyrtmt94,luna-ust,1187657,1187000,657
terra1w3qg3kyq9x7s8hrhznsyle7e7trzc5sljhq7h0,loop-ust,2383943,2383000,943
terra1jc6cqtq4wd3j2mek8vzv5cpmd6nx23t3gdm8wq,bluna-luna,746900700,746900000,700
terra17dqfwvhl30kq03nvy9yp9vn2xu6nejgvjlwdme,loop-ust,30528744,30528000,744
terra15r77m6dsc0a3l2jfr7s9zqhs4dgu68hkr6zsun,loop-ust,5990185,5990000,185
terra1htgqhy8p0wlf2305w2ftn05yne8cwlekhesfeg,loop-ust,45785202,45785000,202
terra1e2xe8080ksuuwu57lygesf89py9knthtjv4dsz,loopr-ust,1002600400,1002600000,400
terra138cx9h4lz5nwrxmn9sjkg7vmhccsl3gvh3ms77,loop-ust,91162780,91162000,780
terra1hckhf08jdj23xzyem0n57hw52h678ylj5wq6k7,loop-loopr,22627001421,11251935000,11375066421
terra18kqe7are4rtytqnzuyfnnaxryq0y8s5t44f7m8,aust-ust,682118800,682118000,800
terra1nfs28fgq2kaw6xuf35707nr4p5qvegpckl74p6,bluna-luna,99853971,99853000,971
terra1erhra24ru7dc8sk5mmfgn26zye3gfaqnwt3zp7,aust-ust,4481776930,4481776000,930
terra1zexq89cv8gxursusa82uy2x2kdf2zaztf9udyt,loopr-ust,259663852,259663000,852
terra1hxtpsnj235srsja98paae92h4wcu24w4ky9slh,loop-ust,35392513,35392000,513
terra1uvgr5pmc6kt8ruqwrg568sm8mme6ed9j59gzdz,loop-ust,97926857,46180000,51746857
terra13dzyl7fhkgvty0nwngv9plp6glx2xsetvktl45,loop-ust,757425388,757425000,388
terra1ynfvr22snnmm3ykcfl08awd9gsd0c59acxgut2,bluna-luna,49373768,49373000,768
terra12urkxm2eugllfrkudhjf7ncgstz9hw93vt94ja,loop-ust,60579684,60579000,684
terra1yhh0exxtgl3u4g0t0cktxpvhdhsjjgs4ju7vvt,loopr-ust,15228951962,15228951000,962
terra15esy2wj5k8r8stdj2djqezkqcf2vdgkcphm9hc,luna-ust,100579669,100579000,669
terra1yka0z76apmu8aq74eknqjqeut92j4dngn95yxm,loop-ust,74507845,74507000,845
terra13sc33d8jh9vhh66nhju966t7hx8ndnmdsrkrht,loop-ust,44961107,44961000,107
terra1a0ezcjtlwfpfk53z99zz99va3ld0ss8agjx8es,loop-loopr,1959854647,1959854000,647
terra1fd5mydvrncapfku25aawhj2mqkgyr5cvhkx43w,loop-ust,490300279,490300000,279
terra1h2ychmvt9ax0p96j6fjm5lwp0wks3j8jd6uawp,loopr-ust,43122149186,43122149000,186
terra1c9yf34d0gu27w5vx7dq6ru2g2m025jd5mz6uhr,loop-ust,25764055,25764000,55
terra14xfgtq7v65wpa45etsay9qsn5s6d927y2az7zg,loopr-ust,14782213,14782000,213
terra13640022ph54jnnvtfh5yu5zh2cnq4ter3cexwu,loop-loopr,162851456,162851000,456
terra1xlc9fdap7tkdxsr56g5z9m2d0ur6fhed84gd0n,aust-ust,23219336367,23219336000,367
terra1pge9zu9zl72zfx89lnpepzplrd29k00gmlgzyw,aust-ust,13467372328,61483000,13405889328
terra1vpy6v9ha87d4zt0h3ucycfe37c3jeeu2pkdzrk,loop-ust,1354517608,1354517000,608
terra16csm5j4uw3kgf94q0ps0ph692w9ydg5cfhvvz3,loop-ust,140108659,140108000,659
terra1pwnapl6yl07pzjcvundc9x4en6cjs924fjeve0,stt-ust,828724889,828724000,889
terra1scjdr6xrf2eklf4gz5jlw0ukfh6csctavfpmdk,loop-ust,29913747,29913000,747
terra1wqfxpzm508ejuv5a20zv4xa4pqzz48k3guujhp,loopr-ust,3212902281,3212902000,281
terra1js3r403xu2aa0vnd2gt8m5rcs9lm7fwvhqwxth,loop-loopr,8307262753,8307262000,753
terra1myre3xy5vgvr474vycg400hf36aep9f5eae56h,loop-ust,8585639,8585000,639
terra1xan8j5u42lawvq9y02ryz08vq4wg9zgaprv9ml,loopr-ust,763694738,763694000,738
terra1kgmdx33ajqk5pulntsxwg23mt859nzhma9qwj4,loopr-ust,3221868,3221000,868
terra16z0wd05jjs8e5a5322606tuzcy3dupv64f820e,loop-ust,8676443,8676000,443
terra1sqf5rvehqm97ft8vvp95wj3y3cjn3vzdy6qlaw,loop-ust,18788455,18788000,455
terra1r9gv7ggrckuy7fu7hvhy4lruk8wf96f4ja29kw,loop-ust,3209229,3209000,229
terra16p0jhg63gn7gum6w0rmj7dnl7cndp2mkkqeuck,stt-ust,75061736,75061000,736
terra13pz4l9k63q0tuek9095vvnrr28jpr43pppqw7e,loop-ust,364288641,364288000,641
terra1wncresz4g3p6g0xtxardayy7m3k98nzkgn9pxp,loop-ust,36232316182,36232316000,182
terra1k2hen7vu40cmjw269t0hptsam4630k50u8wmu0,aust-ust,43854650,43854000,650
terra1hu58nzcuzj3arl75lq94dns0pt269vgc945mag,anc-ust,595286231,595286000,231
terra1u0k9scs869wfl54cm6glg40k0lkqqm5p3ez0wd,loop-ust,20923295,20923000,295
terra1ewjuhz8c0a285frxf034qcmljlam9eg7s9q9g4,loop-ust,245190354,245190000,354
terra1s33nwc4kkx273vqtmpceyukx5n8t2zvwl2g0gr,mine-ust,188479246,188479000,246
terra180837gjp9t8wjpx4x7tv87hp6lg6ldk3ss02xz,loopr-ust,223622988,223622000,988
terra1kkdu5n5e3fushp7hffvhm7w39vvghwft5022f8,loop-ust,17066154,17066000,154
terra1dlnfhyw6vweyqn3d58fgcwdly6x45e4kkud5c5,loop-ust,299111677,299111000,677
terra1jey930whs8d6cm8l0s229s07u6amlm4lhx76qa,stt-ust,1609229070,1609229000,70
terra1kxkjfwqezktsq7nct7jz3ctllvgkeapj508x55,loop-ust,49087184,49087000,184
terra1txa6jwhatehfttq946vk0f7sha96fcnyau6pyg,lota-ust,336743177,336743000,177
terra1hyf4spv4wfthknefmh7zuthqggylgpyswje2gs,loop-ust,169160101,169160000,101
terra1jsnxpzc8ce7y7zxeks55nnn6zs9ct5nmv0hywn,loop-ust,55709549,55709000,549
terra1xrp4h22asdfnrwqud7pp7w3um95rtlctu2us8e,loop-ust,44270124,44270000,124
terra1669s3r39f99ulzsde45vq0heydezgnupjngkpe,loopr-ust,2587755925,2587755000,925
terra1ze85zsk3ja6w236dqauyqdn7cx9cx70726s4t9,loop-ust,1513111,1513000,111
terra1eczgmc0y0agzqlr2qggqpsj29hlnv2ww56h5dd,loop-ust,18598904,18598000,904
terra1jqt8vruxqvuvj58vysgn6lgzt4xjpz569cyx8h,loop-ust,49974140,49974000,140
terra16v6a0v7v78ttd5zsrcvx5968zs07ryl69dyv0j,loop-ust,8812704,8812000,704
terra1akrzcfkf9r4vljw3eex30eu67jujmxgy9hvawa,stt-ust,50015292,50015000,292
terra15k207mdwyzrst323llcvd3mxd8lvlqkp99hfdq,loop-ust,14449289,14449000,289
terra18n40ug8lw3cpqpl593x2j5hfa504tauk9dta4c,loop-ust,4988814,4988000,814
terra10qdysd0f7xgkq2h2tzxm6vkc0e990at3kwl67e,dph-ust,6176129868,6176129000,868
terra1cfcv5geycvf245cpe8q9wnqjnk9djt65ummvsz,loop-ust,25928537,25928000,537
terra1nqgxmc0z4n6aapclxthd63tsf0dsfg4t437ewm,anc-aust,29949993,29949000,993
terra188lx8naxs9h7n2ql3mu9ppdy36f38angyx98gz,luna-ust,104142052,104142000,52
terra1qvvm2393svvkjqjgtprzgdxmls92qrcn2c58tw,loop-ust,5935482,5935000,482
terra1w0zv4vpy7rcuvndjkx0lp7ur6vfudzhda0s853,loop-ust,13474730,13474000,730
terra1dn5jzdurvh7vy5k85jq0c9pg0lzmrjncvxlvqe,loop-mine,310512641,310512000,641
terra1vztallwvxzrk0fgnuypwxn565j25tja7q8ypxl,lota-ust,327952027,327952000,27
terra130kt60mlg3l24ph5lew2dxc2c0qy2juaaq8p69,luna-ust,183350291,183350000,291
terra13z92znhgzcvrtxrrwh3ta6jamd4jeq85j7lzu3,loop-loopr,3576300734,3576300000,734
terra1q5p2mj3z46wr98454hcrujr6p3xfyvmq6wvp90,loop-ust,292450600,292450000,600
terra1t9j6nzd2yn5pfqyxrgwzsr47qm9hap3569x4g0,loop-ust,6396726,6396000,726
terra13dhe2fcvx9992nfl6ayqn8kzwwlahyrw76mnl2,loop-ust,10626687,10626000,687
terra1tcpuyrn3pv8c0q035uxzhu926ux3sy3z73a5rz,loop-ust,5964951,5964000,951
terra1kznyy6tta8ju607m9k464me4pyps6wc8emjak9,bluna-luna,14864615,14864000,615
terra14uajy759k0l6rddhh5jhw6e0hn22kev9wu2lzp,anc-ust,52393911,52393000,911
terra1s6ax7v9h4ts7pszxpp7y5qre9w4lk5342z7szj,loopr-ust,272498862,272498000,862
terra1t8l90s53em8w6j55kcpfjnfx9yxrkexf4j9zmp,bluna-luna,2973408,2973000,408
terra1s6eg0qxwlca7at2t6xx0rj7vrpqwlylddd0nq8,mir-ust,147158289,147158000,289
terra1ht2l8klm0e0r9gfn4vxewslsafjzprsydwdmmw,loop-loopr,6458284671,6458284000,671
terra1875car5y2cjyqgmen2vv6j3a54ncf24mkc7433,loop-ust,1458166,1458000,166
terra1zejkz0ctcxwm2y8s7l47tr7sdnf557rk2m8kxs,anc-ust,241247796,241247000,796
terra1p23kuxavdphmy9exw3fp8u5nwqgul5r3m8p9a3,loop-loopr,100466226188,84068714000,16397512188
terra1j4ce0n3rs7my20080990kl8tmw9kngkzu8tn6w,loopr-ust,6259588775,6259588000,775
terra1sx05202myxungfnm6e2837hjt06qsf344akyyu,loop-ust,29827917,29827000,917
terra1kk5crjecd59vexhdvcat6jjl4rfs64xhl6m45t,loop-ust,73939557,73939000,557
terra1kxcexz8gtm3snut0cmd48wsse6es4zhl7ahgpm,loop-ust,11274284,11274000,284
terra1k5puzsa66zzmfja638ldmgj2vydttupxj6em96,loop-ust,540355153,540355000,153
terra17naan4zhrgzkp4p8m8wxpfv4zqeyx5rjxme2a9,loop-ust,12103700,12103000,700
terra18cqee39gu7mwvxuu9e7rsny4lym5c7hq83fcaq,loop-halo,317003626,317003000,626
terra1sd6qdmh78gnntxn5s6yrm22r0h402d5ypxtvfm,bluna-luna,587986518,587986000,518
terra1z3pw8mw6glka8rpq6lxsjpmfuxhmsgr0x0vr6s,anc-ust,81176610481,81176610000,481
terra1f0cppqsu3d9pr30zjvg4xl60hk29h82axg9qal,loop-ust,145448699,145448000,699
terra1sppuf5vg5sw8tzf4gnay0qfyj0ssqs77kujhkh,loop-loopr,6659685239,6659685000,239
terra1rnpy8m6kmw8kvga9s8xhepc5a5skdqg8zvjfud,loop-aust,374489117,374489000,117
terra1gwadzqedwmw79duzu5d0kptfkxvm7gtn6zram8,loop-ust,55195362,55195000,362
terra1u2wxj0f0xu32lc8n0ey5p5qfeupqqy29nuru52,loop-ust,6660428,6660000,428
terra1txwh6qr35sdeztrz4l76x8a42fdd3e9q96dq4h,loopr-ust,34630458,34630000,458
terra1p5wa3cfyu345e53a6wuhgsz2m9tgrfhz4r0vuz,loop-loopr,12610196,12610000,196
terra1gu8sxwcy066zj2s5eyh3284n6nhayzsnevd7np,loop-ust,7371652,7371000,652
terra15sh3ys8pz30qh7rnnzdwajmk4ec9y8u3yhuz37,loop-ust,10016109,10016000,109
terra1ycrung6tqtvvvmw7nrxaqc0quskf0z95sxjup7,loop-ust,21156986,21156000,986
terra1yxlt0zn2us6htldy2kchzmdzwzsxrhcl8kf7sl,loop-ust,57658825,57658000,825
terra19f4uf0ee3262lj238z2ufnwwueqlysdeynkrd2,aust-ust,8322884250,8322884000,250
terra1ph8z893znjc9gw607ff4mgndmzlsclzwdyv74k,bluna-luna,4685752,4685000,752
terra19f5fr00xddhgzg3ptrxd8lv0qg64x3texnnp63,luna-ust,1552677,1552000,677
terra12nvsm8hwjclh60gdtv3gdgxfe58sdhx25uqyfr,loop-ust,104725989,104725000,989
terra1wh4a96afcrqjzd4quw9hgz3avdk52t2a32vrvt,loop-ust,8591393,8591000,393
terra136xf4wax7ctdxg0dcczealwn3y2qzurnc3kgm2,loopr-ust,11502226,11502000,226
terra1s7nvvxs4mdmdh4zzmrcwdd7z3u76ya36mj2nh9,aust-ust,90203500,90203000,500
terra1j566uyxf0afkdljyngkhtn5umwav6707te4zev,luna-ust,501318169,242227000,259091169
terra1p0ctrdktkmufxtf53tawhv7y999k560hg2jgg2,mine-ust,1777337658,1777337000,658
terra1lv3dac9rza2j33cmh79eygtwd9g8k5cw9qe3qj,twd-ust,5193927624,5193927000,624
terra13taypccpl63uf9lle48ehmzpln3fdfzudzcqn2,loop-ust,34783251,34783000,251
terra1nqa0zurvjumd3j35meakpykx5gqgck7a6wj8aq,bluna-luna,13255403,13255000,403
terra1gv8tsru2ly9ql7da302wqujcltfjhuxq5pjgcv,loop-ust,8000053,8000000,53
terra1ffyr89vhjjfq9q9exvrff6rd4zntt7gq2j0e7g,loop-loopr,5383399967,5383399000,967
terra1c5prznnfwnxvqplj6kjq67tatffqwxzng5pz07,loop-ust,7767106,7767000,106
terra140um009t5my80e75rxwvg5sc0qpv3wcv34dvge,loop-ust,241202264,241202000,264
terra10xnfkcs76qgm6uz94u0c9emmlyq4adsz6vpdu7,loop-ust,44420332,44420000,332
terra1xtdpnp9m77mkfv6yd72uthsu0tfan7646e4ucd,stt-ust,15955748416,15955748000,416
terra1nz88s32jptkdfsr2uskr4ayajrch3maaavkdx7,loopr-ust,14143255,14143000,255
terra1au75lf7fryaq4gltvcrt2urcgergkz4p3utzep,loop-ust,3878967,3878000,967
terra1xqzaxvhypm3eq52umr9dex8maaaddrapf4980q,loop-ust,27636224,27636000,224
terra1sunf8nw2qcr8vlkwv80z7rdjfyhgrtxf543lrg,loop-ust,272550849,272550000,849
terra1u76djzyfhgdqvq5wevh7st5w0vv4f7m0jym6r7,anc-ust,51462618,51462000,618
terra1fl78kjjx8979vxu3v5jhjng4wsppuxcfpm3d3t,alte-ust,467658615,467658000,615
terra14z8wsgf807e3hxuny5laaxtn0ytvcj9qxmp0k3,loop-ust,32780990034,32780990000,34
terra1eh5a3nrl03rt4uulqumtn5p4jtlsya50le6u3p,loop-anc,26241083,26241000,83
terra1gdtsmjs3cjpr044e0d83mkcl8g4vdqje25ucrd,anc-ust,8371112667,8371112000,667
terra19a4axp8340778ya7qzlrmynkap4u57ar0hxen6,loop-ust,4468999,4468000,999
terra16va5rxjrehjfry37lay7gcjk4amgxmhf9fq0k2,loop-ust,588024834,588024000,834
terra1h5fhq9dx4el4pra3tsk8ymgtemjm5dz6t5f5mn,lota-ust,4225698,4225000,698
terra1uke2rd4adwcf4hgcj5da8uegrslvgt3kn6kwpz,loop-ust,11642119,11642000,119
terra1e66g47axnt2uawz4qj9kv0r54sy3y5g90m9upf,loop-luna,79925267,79925000,267
terra17f34xpp0nsj70p0j3gjs5q74lggz352nq5eeej,aust-ust,91955501,91955000,501
terra13uudctmtuvyjwzup9dfupnl7rnnejdsd50cfhn,loop-ust,23856527376,23831964000,24563376
terra1axjucxc8cxhvqrm4p7j825uzk44vnmkp68mzsv,mir-ust,201429927,201429000,927
terra1pj72uz2r6s7m33gs9dfa28ulvgztunj5mhz8v4,loop-ust,239564810,239564000,810
terra1m7x28jafmsxr9433cklmzzlwfm6k59rehx0al0,loop-ust,2204895081,2204895000,81
terra1jh48cv9er72h84z949zhsrs0059pvj5uwn29fl,loop-ust,74006779,74006000,779
terra1dkhwjzwt7c00gcmggpf6682s28zvus96jccdas,dph-ust,37415049039,14301617000,23113432039
terra1vmc9xpmlfqxdqyne0y9rr6r22lhpvyr26hnl89,anc-ust,372452482,372452000,482
terra1kedc0s065n8x0fump8ukqyrt7x99tj08yljza2,anc-ust,6480291071,6480291000,71
terra1kxq23486jatzg2953f2p34ewsug4wrlneusva8,loopr-ust,38923053,38923000,53
terra1napc94jpsenft6zy3xtmd2jfplpz4axunhaeuj,loop-loopr,5604036809,5604036000,809
terra1ym6wzy2574m2hv4m676yd2fwqz9kc4mq2lsrgm,loop-ust,50882710,50882000,710
terra1q5vcafdpehuef30m5an2rdd86v6ku4648s287e,loop-ust,190338499,190338000,499
terra1mrczqf8qmxke8jtkje5pwk5vnt83qdut3ltry4,bluna-luna,50434737,50434000,737
terra1eyqqk2278fs3lzjeyqmm04dqw9paylnlvu8mem,aust-ust,3858821741,3858821000,741
terra1hjn7ec7ve8p0q90e6av4z6ysxc0j97xdgyg45f,loop-ust,13466752,13466000,752
terra1nm2aas7claydzz383mk47ax7pe436rcu73cjjy,loop-ust,16857093,16857000,93
terra1p2qnnpp79pkl4jcgratlnxa87z3zwsptk8sfuq,aust-ust,10445484,10445000,484
terra1dvvwtgzuqeqww77wej3k4kuh54rehj08nch5wn,loop-ust,193570637,193570000,637
terra1y6hhntm7wygryezvyq45t9eaplkpksr06vxaje,loop-ust,9997521,9997000,521
terra1pmhjt7cdchj2fkyzw4rzknq2ert6y4vnlmslxj,loop-ust,9516863,9516000,863
terra1lm08ujfe0vs7ylg8w0llwuzzrstv72xtypastq,loop-ust,204962956,204962000,956
terra1zesdh3ukyykcnpu4u9hjfthwk7rwjed4092j7j,anc-ust,32424335,32400000,24335
terra1dpjum3rqmqsyq9szeg4auwwkjcjzefmupkkyac,loop-ust,6664489,6664000,489
terra1n89t56nmx2csu20ul2rncg7tjwq4syu2mn7vxk,loopr-ust,9557761604,9557761000,604
terra1026hc5zj3jrsxhzc206gek6cthpgcre6z0enn5,loop-aust,189484957,189484900,57
terra14xzuwd2nqrtpeqp622rzyfa3f2wftnnutpx5qh,loop-ust,198871448,198871000,448
terra1v7qvkgakw3gx8x0quepsrz29k327v5detw4khd,loop-ust,105186022,105186000,22
terra1csk8qkktl2d32p6svc5l43luh5ql68062x7tnl,loop-ust,4447735,4447000,735
terra1a8gq359yvm3h39rrpv2ggxyp5zkzzhs4zfm8r5,twd-ust,181670197,181670000,197
terra1j8gzur4cwqfuka5wuk9kt3cypu7llgqyx5rs8y,loop-ust,295997441,209894000,86103441
terra1qy23uar8v59fpzl08h5pqkc9huywyg24cw86p4,loop-ust,196136626,196000000,136626
terra1qshr04hr42w6zpqj5qam9rl63gc5r30h5v4pr4,loop-ust,14944748,4558000,10386748
terra1pljudu339ly505lwtdqf9227sp08gjnt9px7fd,loop-ust,28305342,28305000,342
terra1ljhyy88c7epkz33mpq6s5msze7ts0js5nqzt4p,loop-mine,303618979,303618000,979
terra1wss6kkrrt9cnw9jnalc5vga7dfpfkmdnzv3k8n,aust-ust,257230736,257230000,736
terra1s33nwc4kkx273vqtmpceyukx5n8t2zvwl2g0gr,anc-ust,61390211,61390000,211
terra1tnhw5lhqe2qum0j2kzza2nplrm43x0ardhhgnw,loop-ust,1443365061,1443365000,61
terra1nnzq43k5c6r2kmemkt2aeyuqgxhnx9dmnpxtnn,loop-ust,10389607,10389000,607
terra14t79fanlfn7r67ul5pdmxxrw8v0879rjndcpj7,mir-ust,8929218,8929000,218
terra145qg7hrh7jheksdpxhwmapdx6m725sztmd6fv8,luna-ust,1459638,1459000,638
terra1t9kalg8r2dknnqlwcc5qek8x5kf867rxurlrp0,aust-ust,58653853091,58653853000,91
terra1u8xlgw9n48azzkmpwtcs4uthruxrhtys5gu9gg,loop-ust,180512641,180512000,641
terra1a2l2mn2mtluryad292c9ckp4zjnhexfjzsx7e6,loop-ust,10315937,10315000,937
terra1p95xt83ava2tu8pn03w4v5vm0t36lppmu0duke,loop-ust,23547940,23547000,940
terra1h5qs243yv5n3g7uq0z29z3s26uwmdw4x3u3sxj,luna-ust,309869221,309869000,221
terra1ykp6aw9g40mrmm6ydk2xj6dp96f38kvcr4p9xh,loop-loopr,3832821771,3832821000,771
terra1uqtmjtaglzhu35w75yxmmv0arzdnlyqgv2upzq,stt-ust,168131064,168131000,64
terra1pnfus5g7a6elt37w3kc4kw0ps0lacwjsct8fkn,loop-ust,15909738,15909000,738
terra13rfcx9y8a7evxd69njr36xlxtvtenzfkpafd7z,loop-ust,2406696,2406000,696
terra1a7xk8ugla7heqwajexrgytd74yqn225ze9wdf5,loop-mir,170217196,170217000,196
terra1ttg97t93fewn5cgtfeqjl9jzdzatav82mayu56,loop-anc,917429,917000,429
terra15k927ag9p09xlefwrxxlp03d8sv4v7npeetwxw,loop-ust,20745065,20745000,65
terra1gh9qffzmc42u7jlgd7gqnsctrkk8xusamyr2m2,loop-ust,1715077,1715000,77
terra1d3vkjynr68h93anl95hc48k75mm20gmmezhan9,loop-ust,1772394,1772000,394
terra1q3uxyc707ljt8fpq07lvhwjvzaprxs7t57zqmt,twd-ust,43529840,43529000,840
terra19kmkwk8rrmtsecgx5jr2s202a9xr4prq8srq3h,loop-ust,8966149,8966000,149
terra1uq9ak33xefsn9wquklqnx0pr25p4dhu0z4mz99,loop-ust,6249070711,6189097000,59973711
terra1ukk5r6pm678s9vw4v62020rwwlncjmmkpfykzn,anc-ust,64123200,64123000,200
terra10tv79xsrh0vklphygcnehtle7g7rsl6c35vdze,loop-halo,856194983,856194000,983
terra1ekv005hs769dj8m4guj5scchsjggtl2zk8uqjw,anc-ust,68591054,68591000,54
terra1slephfpqt6xglgj97xe82dh6tazs9d5zwelx9w,aust-ust,26872024390,26872024000,390
terra1prl5072ldhqq56pfvchx333q4407fjepgywenn,loop-ust,3114688,3114000,688
terra1f9epuu346d485z8r6097gjc6tkdecfyfk3kaxx,loop-ust,129384071,129384000,71
terra13c4nkrk7e2svwl8fss22lp0692zj5e2xdg82pj,loop-ust,94318483,94318000,483
terra1hxd3unstlaayu8w94478e44j5782q2as9mm0c7,bluna-ust,448552542,448552000,542
terra1qgvnp8knehmlxlta72u7pdcfw4ua92pc6cjrsh,loop-ust,4777303580,4777303000,580
terra10m964n73g47jv7qkavxyy0zr8g0r5h26yl3c6d,aust-ust,469859815,469859000,815
terra13um8w62a6z3n6yhhs2svqc3h4h7gfrvl64k5z7,luna-ust,3984614,3984000,614
terra1rw4d078kzfae4kq8nzu66qq0azujyj3ajlx8fr,loop-ust,475865360,475865000,360
terra1zv9rpty4jkmsa477a2xdzp9p85jw3ee4hgafzl,loop-ust,132504181,132504000,181
terra16hqsyxuxrt8sv26c4ckq6cz8lwk6h3khqkylgt,loop-ust,11773380,11773000,380
terra1egx2ve7nwkhtp2vzm79wv0tzsmsyctdr7trmel,loop-luna,13457133,13457000,133
terra1nur24wp5c5mpwg0uuzr9s84fu9dm0zfg5r4cgm,loop-lota,2804596041,2804596000,41
terra162at3y7k5n2vh999xvw9vpkgz2nvrxrlmfrjph,loop-loopr,237931868,237931000,868
terra1plk57nn6nmf84h2sevzw435yslzyzg89tz4aut,aust-ust,397508130,397508000,130
terra1nrld4rv42afre2xgez8pqa828h940a6xcvnzzm,loop-ust,3976011,3976000,11
terra19kmvu89qmmw070sgps8pa4gk4zc67002d7pukj,loop-ust,2051676,2051000,676
terra16mqwz4hmxc7jeyg5a0wedzrqpclfn8ymwxpeja,loop-ust,160304028,160304000,28
terra1xngkv7knatrc853cc9r2feyqx350e7vsh3s2s7,loop-ust,532890193,532890000,193
terra1fpgnxqp3jp720tq9upyp8wmamuzksdrzlqtghg,anc-ust,1731869580,1731869000,580
terra1ew0dg9w2ywar4r5fzkrekpg2zw4mk3rm0gscsf,loop-ust,28613209,28613000,209
terra1qk47tyfs88v847pagth5ngw6zv7ehrd42sgn4v,bluna-luna,3008692350,3008692000,350
terra19twmx4vz7grfw2gtnemsc7gmzrzlcwh3zm58c3,loop-ust,3211559,3211000,559
terra1yuqtz4sxedpw4n9undn30g5gwxvh7jy6cmajrq,mir-ust,864986991,864986000,991
terra1vnvpetucvvxdg9m72v5nkwl2kvekw3zjyh5jey,loop-ust,1137979691,1137979000,691
terra1rt72y0qdte4jjcaz7rfxl406xd03ushc7vktkh,loopr-ust,12790883,12790000,883
terra1jcancvtm5rraw4n3wmhscjqmh29l82k9s74hwq,bluna-luna,4014784,4000000,14784
terra1nqq5vvs89et95s2k4xxvhl9x377w5vvssn2n9a,loop-ust,40941593,40941000,593
terra10feupdhqu60v24q5gdl7z4ff4rcl674v8rcd65,loop-ust,15479574,15479000,574
terra1aj6c35mh7sj6s7zkk347rrd6we4q7nmqvn2kex,bluna-luna,125105903,125105000,903
terra1rjmpctzf3vj20jp5m544mh52ry8vulv0lc4c36,loop-ust,55927525,55927000,525
terra1xcupzlmkgt6v86w28fxlm3nszshpe75s9dr7uz,loopr-ust,6271542527,6271542000,527
terra1qhxpsds2tlr2wrq864w40qutd9f9puz9gukrq5,loop-loopr,19308644219,19308644000,219
terra1pjd9an3aftykqv4khthagthq6p473pmd3nf8sm,loop-ust,178060799,178060000,799
terra1yr3txcxw2ua0ek6p2wwgvv07x2378282yn9t2r,loop-ust,49487956,49487000,956
terra132unv56j2fnxcfhhhnd7teevnaqr5kenemwp29,luna-aust,76872006,76872000,6
terra15jydgd5hgqxamln370veasl990z07z4n4x056k,loop-luna,455057427,455057000,427
terra19yslr5yvkxa6ralxhhdnl9v4dsnxfw3xeknlw3,loop-loopr,1509291298533,1509291298000,533
terra1zvrz7fulwd8ddf60l3rvtyya3fdgrdm6cl4357,luna-ust,72550994,72550000,994
terra1w8ntzwtyff27e4w6lz74uqesc809qg932j6j0a,loop-lota,140023174,140023000,174
terra1raueyn7mg4d0w023km40mlg73atse5xjk30mmn,loop-ust,122002534,122002000,534
terra1l00jndecflwl9jmxy3u9hrzferdr5mfwucwqx5,loopr-ust,8794519,8794000,519
terra17ysg4juk63wnyke45e7chd6qza4a7lf6lmj3ak,loop-ust,1448228,1448000,228
terra1awvfj7xg2s4pks3jd5k8943pxx0htw9xaezyml,loop-ust,3211555,3211000,555
terra1syvm04lkvcvtdvglqwnjcqedu9x2hcsudnnlvd,loop-ust,207397460,207397000,460
terra12ez8mv9xmx7ejmelzn070l2sc5u68glqsx9vfh,loop-ust,43810221,43810000,221
terra18unjsaf0rc0ff0trca5pad7wr6fz299ts7jpqj,luna-ust,1304838493,1304838000,493
terra13mg2e2sjd8glgrnj543xc8g6p9dsuh53cugx9h,loop-ust,53531886,53531000,886
terra1t38zyday79cu9dch6emfslfrcedvcjfd8rzrke,mir-ust,303555148,151012000,152543148
terra1y76r9g8gn3jpydy69cmfus8jlw6fd4qzpsczny,spec-ust,81516370,81516000,370
terra1fjs9tz4ctjsr6p9q6xexlt5y58xskj5m7xy5xd,loopr-ust,2103537973,2103537000,973
terra13cn0yvd4huyhd4u5xp2qp9uqdk5l8wmm90tu7l,mine-ust,97009647,97009000,647
terra1v4uakndmadur50meumwrwjun6jt73n6v8dhky3,loop-ust,5587912206,5587912000,206
terra10wtxk47j6enyuv40fxjr4evp5ta62dznpzxtef,anc-ust,5082395046,5082395000,46
terra1dr8scpgk7jmwchse793mshsax6qusshl97dw8n,loop-ust,1573989,1573000,989
terra1xyaax8v25u8d60j6dm59cqfaprqxsru4dj3hw7,loop-ust,12259376375,12259376000,375
terra17pfemwqwevge0887pqxgwknzr7vd0c4mzn5fxr,loop-ust,98355948,98355000,948
terra1g3utjtqc8tyhmutcsnck6kwuf2t64dtqjg4rjv,alte-ust,77670460,77670000,460
terra1wtwsl5h6wahdlwgtf2up5w0rn2jm8c4caca28c,loop-ust,112774647,112774000,647
terra14hv8fe6d2p9sztrxrz9j4l2tvmy02znfcdqgt9,loop-ust,12538052,12538000,52
terra1q79djqs4f7y27epsuc7jp93tvdfhl9p5lqyfws,aust-ust,2145585839,2145585000,839
terra10sg6lcaq06hqty8wga6wc7e44huadx9lm2wxxr,luna-ust,80024384,80024000,384
terra1adh0mzhe50ts4f6k2wsqpg9dsxkd4gx0a7at6m,loop-loopr,38477483064,8805467000,29672016064
terra12t7wd2kf5c3d8u5j8h8u6stydqgvjk7z28ggzq,spec-ust,302832846,302832000,846
terra1yktd7h6hzq8euqc7n3v3p30l6ylxqxp4346026,anc-ust,6448912810,6448912000,810
terra14v8p5c8gcj6qcg24r77wl72rgt9h5lgzmxryr2,loop-ust,7953605,7953000,605
terra12nphyz08w5k77e3cjt3fd2xh37w5qmsqvdj2e8,loop-loopr,47249577216,47249577000,216
terra1l2ykp8a6mz02lq49k409l7pa26c97t9307al6w,loop-anc,20727057,20727000,57
terra1ru4v29kyt268ls0n7chz7fu7ql54kx07val4cn,loop-ust,8714999,8714000,999
terra1708q4fg572d7np4qlkzphnje5q4m0hxh28yt75,loop-ust,80194178,80194000,178
terra10lywjh9z9acz3ts4uewdndkzw3jza0fj2a8yzr,aust-ust,459121395,459121000,395
terra1ut3wl7c7qyrnkafs4fc0kym5s7ahpmxl4tfuqg,anc-ust,1404072759,1404072000,759
terra1s78z7m9t7pwlcwetmczgv89xs563s078z70265,aust-ust,356182961,356182000,961
terra1da2gdqcl0lys7489hqlayjjzlgv7ewrce4jaap,loop-ust,95664631,95664000,631
terra1f74jmxu0qvjam6kwf6ve9fun5tyejnv9ls9ehe,loop-loopr,355246390,355246000,390
terra1fs9lvmfca9qgsz67u3cr894nxua495lh35a4mr,loop-anc,104253895693,104253895000,693
terra14vvza403u8gqg6nawjmrrjt3yz8r3fmps78uhk,loop-ust,11308473,11308000,473
terra16gncldm52ertr3qp4a4uttky65y2t3kqg0dq6p,loop-ust,18344166505,18344166000,505
terra18gezdtwa74hmpsjwjyzdlqrw5z7fmuym2wrumg,loop-ust,19024288,19024000,288
terra1htsnwlszzxqk6gjvwkjcg2hye583l6hc5y0eyp,loop-ust,608519915,608519000,915
terra1dukdzfrsr0r8qg4uter2w5pe6smkw3dsy0was5,loop-loopr,3196769227,1000000000,2196769227
terra1py6zrq4ffvuadhmjzrcqah6zqhx2uag9gdpp4d,loopr-ust,14411055,14411000,55
terra1yauztjxnv4tnfm3alqmq8uv52jlm8lhv6nnd7l,loop-ust,30608824,30608000,824
terra12kyuy4sqrjwxpq6z5qp4rn6qhh0hd8y23g49lv,anc-ust,3004848,3004000,848
terra10wk96r8a4n52r4wvr2tm2llsm5vh30vwkxt88p,loop-ust,17077963,17077000,963
terra1hcd34ek5l8xfz0skkmu58n5m6aen8hcrtn0nge,loop-ust,37517112,24360000,13157112
terra1j0ayayuksnyr5uq7tpqmz56g2v20a0lgxnarpl,loop-ust,43011367,43011000,367
terra13dyegrgkp4t2swu62wr6k30jt2ea8pasf7hh60,loop-ust,9734022,9734000,22
terra13f6aeqhmtrmeflnkwaqyq3hgvp3yp0p5uf6u9y,loopr-ust,1770140328,1770140000,328
terra1u34mpua4275h9m0r3x392qjypupjc26kyccsfn,loop-ust,103831251,103831000,251
terra1l2nnyq5skkkryj2h4r7dadwzsynq72um5gw6qg,dph-ust,276583845,276583000,845
terra1x065zdhtumypkh3dxuayj92xp7nevzx282tzf3,loop-ust,65723415,65723000,415
terra1u8c3y7cdzj0kalhd7wznhf2lj6uy3kwynguswe,loop-ust,84394257,84394000,257
terra1jgkvkns788gdy4jxf8s88lww9vvj0t79pnnqz0,loop-ust,18618637,18618000,637
terra13n6cxaf2e77hcxlk9y4hmjd5sjtvjujh3frt2w,loopr-ust,35669147595,35669147000,595
terra1pvt0wsjs7mk4nq8hzeznce7d782qk6cptksp7z,loop-ust,4914006405,4914006000,405
terra1j8n9hzamwckxuvlrv9ydarenq4nllg4d8hvkvk,mine-ust,142109664,142109000,664
terra1wjul786ddme3yhvedhcserhf7mtwnfkwfqt6ne,loopr-ust,10005928275,10005928000,275
terra1gj60y660ykp6g6jdlwhukrdgqhxe2z2h0cr6un,loop-ust,49921885,49921000,885
terra19z2vqn4xguzmtkdmdjl5ee8jlafh0z5tpkchv2,loop-ust,22564777,17433000,5131777
terra1hmax0l4aukwxdxrkuwl85dp5nl72ampjchn57j,anc-ust,774507244,774507000,244
terra1mu2gtxq0anqpultyfrtqkkqv26u8mshw5uwnus,loop-loopr,81928536,81928000,536
terra19dmn92fuzl6kqr7vt375r57zua56pc6zwx5j3g,loop-ust,2647684,2647000,684
terra18xfrpwqddjahxqecpl4fcqnp6enfwf4yxvcqqv,loop-ust,4550544,4550000,544
terra1kut2vh6t2afxwxkw0458rrzjfjsw0z2dwzg9qu,loop-halo,177768164,177768000,164
terra1s33nwc4kkx273vqtmpceyukx5n8t2zvwl2g0gr,mir-ust,75778388,75778000,388
terra1rqkx43uw4dnlxc3lukv4jetcjc23qxecmqfzaq,loop-ust,10625232,10625000,232
terra1h6z8yxzssrd680kp46rk4vfnnvtjhalvjpks9n,loop-ust,7077691,7077000,691
terra1vjga0w4fqc557aumr2sccum5hw38h2ukn024rw,spec-ust,47585685,47585000,685
terra13j5gh4g20f98ph5xhad5kfhzp5a5uygz53jc8v,loopr-ust,401660309,401660000,309
terra17zhw8e22ekrjlzag9s35kqk7emmzpet77jmygn,loop-ust,14893166503,14893166000,503
terra1fdwfrckuxlm8t3hfwq02q6gxdj2f27djqnj0kj,loop-ust,1288770308,1288770000,308
terra12dg4wyx47suw5axs6w5l8er4mygg250tkn7a4v,loop-ust,41003915,41003000,915
terra1tu0lx26n8vjkpfjrjdyktnvt3wqfdtup65lyj5,loop-lota,33185690,33185000,690
terra1qa75pshkv6nad64elwyz7nns2uu27dg2dns97l,loop-lota,31708584,31708000,584
terra1t0shh5u9ct4mkpamd5m4qr3aef4ugdf0wwld7t,loopr-ust,1170466228,1170466000,228
terra1k7dz5vsw5v98wpv2nfytxw5ujnuncqu8mcy43r,loop-ust,88521851,88000000,521851
terra1jm43hye4wpjuawvmuu2m2acdhxkqq79y0sy9kc,loop-aust,7491729660,7491729000,660
terra1aqulrqa2edgkx2sreyk6vd8u0tyv0kswxx0raq,bluna-luna,5582027,5582000,27
terra17e8uwufsxq996amttl3yvtrx63yxgml9gh38h3,mir-ust,100238589,100238000,589
terra198t2j23kyma40jqpe3668jk8jcfhyjejlue3kn,loop-ust,1488438608,1488438000,608
terra1x57vdsumjes3m3gf55cmgee6rpgqj00l5x9kyz,stt-ust,96934671,96934000,671
terra1hklww23k54tlw24s8c9y262yjv83nz6sy9pa84,loop-ust,42763474,42763000,474
terra12leudrvuhe5hdjg36z480f4ph5l7uez06tpyf5,loop-loopr,487428573,487428000,573
terra1lq344pu0wzxtmy8mcfg4dkxvhs94p2fy5gy2tm,loop-mir,196355465,196355000,465
terra13qgveatdwtfhpts4ptx07qdzfnqqy9k8uegk4g,loop-ust,780923237,780923000,237
terra1ur73227afglxsf6dzc6sa7x2hf060gldeajnv0,loop-loopr,773294135,773294000,135
terra10e8zfl62ahx2dwvj5vvl8zx25j4ycf0ku7ugut,loop-ust,8330689,8330000,689
terra1pywxkhmhsqxva3gafh352exkytrs6ycw28ufv2,loop-ust,61489130,61489000,130
terra12cyght585rwnwa54z9v5r25h4d2zusmr5sl6l5,bluna-luna,13320371,13320000,371
terra1yqrl3y5tpgv7wnp5c3gta6edmwxy3jehjev6ql,twd-ust,139136276,139136000,276
terra1rwaycmsp0vy6ruzuu2mwa4erzduluh20553e87,loop-mir,158497061,158497000,61
terra1j0lnskhv60rar0uz0z693sejazpxzvn4q5qs92,loop-ust,133879365,133879000,365
terra10mlyh4ygfrr0ltp93s9jrjlxqfkw4q8snzxv28,loop-ust,1314184480,1314184000,480
terra18c0wwaxpavpwfwa04pyfh6zsfnta4408fv4wq2,loop-ust,175918172,175918000,172
terra1437t9kjgpmhupjh2sm8rwwxaynzew0a0u0ld8h,loop-ust,210405718,210405000,718
terra1ye3wrdsuq66kzrjujgfsvrj6ex5eauf0weytrt,loop-loopr,288533726,288533000,726
terra1nnd7cfew229aquqvt8gpnhsxjzc2j22t3htjkn,loop-ust,102265835,102265000,835
terra16y0ux53lh5rx9kwc3rgks9tyd0meyxhv0ldka6,loop-ust,13483542,13483000,542
terra1egxt0le4acz34clhnqq0ggse4hutw9h8q3d9ee,loop-ust,42210695,42210000,695
terra1tj5w04s0rz8quxmwk63hl3puhp8emcq2fuwm26,loop-ust,86869796,86869000,796
terra105dh3cn0ga7297alnuqtp67yymqw26nxesnapy,dph-ust,605580014,605580000,14
terra16vp8864ef77hxadny86vaa82vk9gautujnjkh5,loop-ust,10857745,10857000,745
terra1mp9h0rfqh8vgcxfjd9hyg4m8mk3e9n5r2ugze4,loop-ust,4461288,4461000,288
terra1ma2nn74606wl96lhakuw0uhnmlp4veusgysh4n,loopr-ust,18064321,18064000,321
terra1z0wj953jntaygvtd69837jrumyh2z83nwalndm,loop-ust,1220812902,1220812000,902
terra1s43ceccvvujhvn5sxgfr0342hkvz2rajp3cwt2,loop-luna,28856888,28856000,888
terra1kmg4u06m8lv86kdxe7c54y33f70xdvjdq2dmeh,loop-loopr,24190126319,24190126000,319
terra1dspd922sghnvhwvxxefehrlsjlt4rplhhwx8ch,loop-ust,25535132,25535000,132
terra1s59xawsehenj9mvgc3rwgm0atkfmk46hs42sps,loop-ust,1085009421,1085009000,421
terra1jnmvqzdpn29jgv2lseq2uegm3dt6rzuw3nh9tz,dph-ust,1718518702,1718518000,702
terra12cysghln9t7z6tt57pmgdkvfn2awpe6qxth4wa,loop-ust,19947918,19947000,918
terra1kgmrp2rdwwxvjh7t8nxmr6gdzm6z7v6w259nvz,mine-ust,20017307,20017000,307
terra1cnxwnf4u8cdt23g5hc9zyyjuxmxt2pkwhyelj9,loopr-ust,10885850710,10885850000,710
terra1j0njalkwj4tjmvdnqlvrhuj9fwzj826r8g3n3u,loop-ust,54280720,54280000,720
terra1nua3juq2ympgh05gwveaw2g7fcll3sajejuj7a,loop-ust,649362909,649362000,909
terra1fw9jl6x7daepfdcjvn77lrafr954uwgw0ney83,loop-loopr,504801903,504801000,903
terra1pl5qdszk99xa4sqf88mtssy4jwzw8z9avuwqzs,loop-ust,4369722,4369000,722
terra1zfzkm9m50epyz82trv2354ljvuvf8wz3wwf956,mir-ust,774715894,774715000,894
terra10xn37jjaagq236w4zw30jnp9qw9lag4xe96trh,loop-ust,16287202,16287000,202
terra14002puzzxf0t2usskhqefd6fpeertywzp04ehs,loop-ust,582469,582000,469
terra1est0hs03mcremstu4x2ns8sqp3cv4nwunxnmvk,anc-ust,1416341801,1416341000,801
terra1f0rmfujcetareucesc9cntfndjvmrktuzkw5v6,aust-ust,1200969756,1200969000,756
terra1w6zp2xmuup9hm5jszxwzwrx4hdfhcg404jgux3,aust-ust,1785690443,1785690000,443
terra1ny955x975dpcnyajslyv7sek8yh7ycycj7ynfn,anc-ust,833150500,833150000,500
terra1aeaz6k7m40at365klxn8pkt0pk2ul9tnpem7mr,aust-ust,2200954008,2200954000,8
terra18fs3weda0ey9wx6ugc2lxd3ecwta5gaq702xk2,twd-ust,950113438,950113000,438
terra1rkg66cklt404thhndrtsnzt7lg2449rl24qqa8,luna-ust,192556997,192556000,997
terra14ek93r0mea7s33p6zlu23nkhrr85vspkggjhh7,loop-ust,78595103,78595000,103
terra1v767nscj6um9c3ygc64zuqj9qex278mvx0gsqa,loop-ust,241502291,241502000,291
terra16256hqvmuneua3dpwjk5c9wnsqaphrqyysk6dt,loop-ust,283494795,283494000,795
terra1w2cwzesqw948gf9wg4ug5hwm673ajhmsa70s3n,loop-ust,42059095,42059000,95
terra1a3y0kkpsyr8qje5ttv8k3ch2q6zwc0gyx9tapx,anc-ust,831519531,831519000,531
terra1zxf9hhgpn8udql79lrc5pfrd3w3d4d24s6rlal,anc-ust,8416019,8416000,19
terra1xu3c8aqy66ydgke98sunqquy0ef2alp5jncf42,loop-ust,1762599,1762000,599
terra1630pnpr7023y7j8lwukj7z75zcwt4sqt67s2e0,loop-anc,1391963704,547108000,844855704
terra1yxgm0xern73c482v2jkynw77c02ez4v3qjayxr,loop-ust,1797907,1797000,907
terra1wshtmfxwmpsvj72rrmncfcrcc6undhuzmggxqe,loop-ust,152295149,152295000,149
terra1l6hzaczrgyxqr5uchgy9wpx77nsfdc5tx5yfru,loop-mine,8533734,8533000,734
terra127f5wutgwlf2xp3dz699tan7kdk5ptfqhm3zzc,spec-ust,9920204,9920000,204
terra1trztglxg7rlw5rkdg2pq73na0w0ne5e304kn97,stt-ust,116826700,116826000,700
terra1tqz90mr7qh78zwzhx83wy65evzjsr7zs3x6mpa,mine-ust,885735428,885735000,428
terra1a0ezcjtlwfpfk53z99zz99va3ld0ss8agjx8es,loop-ust,1379659094,1379659000,94
terra147yj20ke6k4y9xxwpglqarnwpzq58yfc8pt3j9,loop-aust,327516747,327516000,747
terra1kdnzxzstkd9u4e8r8rwjsa5j38jrk3j2qvugks,anc-ust,1069677512,1069677000,512
terra13yx24zjpaanr366vw06z8k3n8zxzgxyedyg6ze,loop-ust,25717162,25717000,162
terra1623z6eqvfm0vjkj6fsu7d60rsyqnch47tzusnr,loop-aust,591121596,591121000,596
terra13skjxa36a2678waqh2fl72gvehl4z5cau7yduu,loop-ust,21869789,21869000,789
terra1jtmpyx3wdpswham92nzatwpwc6h4ulkv2xrdaa,anc-ust,10909370307,10909370000,307
terra1j5yqwm6wjflke5grfv8uh7mz0saaynu0nhzr65,loop-ust,5712959,5712000,959
terra1s4k6d8lktwumvgzk4g2atdfmx53rxe3f08yemq,mir-ust,209347730,209347000,730
terra13p2w5unf8pnuq3u5sp8ks3w23xd0ejuwquymuf,loop-ust,51204614,51204000,614
terra1glygpwnu9zg80ag3h8rktp9pus75mt9va9eglc,loop-ust,290603452,290603000,452
terra1yxfgvtq2f5q77du6mjll6kp27gn4cua72r4x55,loop-halo,7208800049,7208800000,49
terra1y8l2fkjfm7vz7hqxmrp4uex0vpj92la83hfpq4,loop-ust,16891318,16891000,318
terra1j8mqyr56hlja2yms5umv5mdqmkj047ynzldjer,stt-ust,128283227,128283000,227
terra1zu8gsdz59tc4080pfu0scyt8kutdu2gzlqz4qy,loop-ust,201925862,201925000,862
terra1a6g69kvgrkt45a5he59v73p9v4uh05ex7vqlyy,loopr-ust,3957054533,3957054000,533
terra1ymwgg5ryqtll32t3rp0wunwqh7yfr57xr8gq3p,mine-ust,399008926,399008000,926
terra1qmrugzc3vam76r76g8vtdu6ehujmjwwurfdqhw,loop-ust,57751937,57751000,937
terra1kq2fvvwuq94yrjxva7cjrefy4gazkhlxen94mu,anc-aust,150675897930,150675897000,930
terra1mnzz3vvsuqajkl20gv0ks2mv7202c0a0wqtleh,loop-luna,8979820,8979000,820
terra16rlty84v0ctqswv2mepyrpwsgs6q4wypqt5vsp,luna-ust,1206751951,1206751000,951
terra146umrs3jvfnl2xdtqa5tjjkfvpv6gx2rzfw8u5,loop-ust,73271097,68178000,5093097
terra1gwel8a5pn9dake7tcny8jeh5rgkese4uv3d826,loop-ust,54450462,54450000,462
terra1h4esz3n2r0f8fx8hn3jvf6vjlx77nwv2vqfnvl,loop-ust,17095688,17095000,688
terra12qw54vdpsvhhfwpvp6gkuy30aecp3cksrq60cp,loop-loopr,5155491737,5155491000,737
terra1kfudg24zeyhaamnhlc8tjjegrhy3tmvjd2qmk8,loop-ust,15137107,15137000,107
terra1deyxue29t6m2dlkmwmyekf3ftdm2c2dfyxx8nc,stt-ust,24196747,24196000,747
terra1jvs56m7m4rul7j33xusecnkgv828ra2wufmv63,loopr-ust,12107709188,12107709000,188
terra1lv3dr8zfq52pf3dyje856lvgpnpaum6ax546qk,loop-ust,2164988791,2164988000,791
terra1u3jzxr3c6ustkzq39tz58vzle8vuqt9h45jrrv,loop-ust,20436308,20436000,308
terra1ksxyrl5razp8ju0q0su9ym5rggaxzumdll2p4l,loop-ust,2355657834,2355657000,834
terra13xf02r3wkgawhndj76506v3vfwr9mvelzz0kv5,loop-ust,803267136,803267000,136
terra1clha4j4fu4f8lj3ah7kcygnjp6taf23garqerf,loop-loopr,369348008236,164342912000,205005096236
terra1mtza8vx5vxry87h73j64n9vhazayrlcwz0ffs9,loop-lota,148088190,148088000,190
terra1yf67zn0mercvtgwqx0mrnzlvc9c6sjvn9rms97,anc-ust,102941986,99676000,3265986
terra10umapn3m2h0qfh3v4u0p4ywyrrpz42hqm60dyz,loop-ust,179285122,179285000,122
terra1vp6yvl6tj34n9zj0accplv0uz7s5v3uruy8nk8,loop-ust,41606334,41606000,334
terra1txl3asl3sawtuzuc88nwgfrqzgalr9xsepfl5c,loop-ust,30941013,10000000,20941013
terra1f4q6rueku20ygq8wj8eyzv6csh0runf3cpx2qu,loop-ust,117313995,117313000,995
terra1zm6ec0fvynqqk4w57lltd5l23lunrgy34tcwal,bluna-luna,32042,32000,42
terra1t2d3wdek3rh9qcxn6h9s5yjmajhcj5rr7e0q2k,loop-loopr,15975152641,15975152000,641
terra1qyvtkydcqda93dq9yq6vvw9sd95h3ugfdu796u,loop-mine,4568211815,4568211000,815
terra1dew3pht05esev8qu0vq8ymg06sw2tygpwqqquu,loop-loopr,786003577,786003000,577
terra1rx33ghdq7lr9jff3wch02nu6jq65pym95yrqqa,mir-ust,13630924,13630000,924
terra1pjprm4ez4w7s73msu7eetvrczvy4yv9hjldl45,loop-ust,19922119,19922000,119
terra1xf9tfy76a5pzj00dgt6g9nw2fru0g38h94hlck,loop-ust,13593366,13593000,366
terra1aw02r67su9hwza39znplmfgwz32spf65mephw5,loop-ust,11319836,11319000,836
terra1vedwt7ewq48vy5s8d0e78fkrvy04we7p807jdk,loop-lota,20840801,20840000,801
terra1jcq7zxtaa9vuu9mzkr0avsqjnd6xh9mf9wnehp,loop-ust,481564399,481564000,399
terra1z3v8lcvykgdfj99hg5d4fu5d49cyudr4ztgj4s,loop-ust,8632119,8632000,119
terra1g9gpq7m5vyrzs0jc3hxf8g6j645gnph48tgj0z,stt-ust,132859197,132859000,197
terra1a3cfr8ufl97hxuyjx2luend23zc669dusd850r,loop-ust,17063884,17063000,884
terra15xkpgemq3d2pm06q6gzjl767e8fv9qv6d8d58l,loop-ust,20031859,20031000,859
terra1m3ftapwxq975rms0tvkwk3r9a06s5et0wn3a8e,loop-loopr,168039113,168039000,113
terra19rdwmulgel0j6ps0lk74v6pva9f68lwpemjjle,mine-ust,412835313,412835000,313
terra1f3h97l504sm4eqyfdrxmw3qvpgw4rxw6h02rwv,loop-anc,597035452,597035000,452
terra1vca79fjt0n2mqegl9jctg32kcwhyp8zjq9lp6d,mir-ust,2616967,2616000,967
terra16m6pj3lcqjvh5zht5kg08jp774p4rp3cm8emfc,loop-ust,8959233,8959000,233
terra1g7xha09pewnw3te2pl7fz4z5x0tytpalmy43ah,mine-ust,485886382,485886000,382
terra12q2g98rc3f6zdx2chc7tmw3v9mpywsu3hy9jh9,loop-ust,196790632,196790000,632
terra1dqfuh2r2249evp734cqd08z5sxjgsasuwds0mw,loopr-ust,89346939,89346000,939
terra124v0qzrpreqytesu7erfeqx63vfr354f4me3wz,loop-ust,1006079882,1006079000,882
terra1fundulhypzm5ul7t672f9xvvdjdnu7f74ghwlw,loop-ust,3195286,3195000,286
terra1rvkhgqn89e2uwm7308pnrkr698x0z5malya505,loop-ust,10181275393,10181275000,393
terra14y544awa8jw8v5tll90xawcgj7ug5ykumneh9s,bluna-luna,8955175,8955000,175
terra16qr5h8gmj37jp337y8jeg6rv4vuqakp23mh4vc,loop-ust,24882575,24882000,575
terra1p6lt7a5mf6r3kqzcfjyp4qqlvl330mkjmqnspu,loop-ust,443887829,443887000,829
terra1y8dnetjy3dy03hl97c923nza6q3fp8vlh2yqnw,loop-ust,386016941,386016000,941
terra1r3yms4cvta3j2543wn5n37dae4wy4sxyut59du,loopr-ust,246445452,246445000,452
terra1sn5ntl3mndvxt9k8snqs6v5ujkqg9ypc2v7lu0,aust-ust,370372820,370372000,820
terra1ytqah4kcc6rzzjjd2gewvrymzmlqhqej087v98,luna-ust,64033218,64033000,218
terra1g8qh5cacj5vfkzlanj6fxkavpctlwhhpgjd005,loop-ust,10011294,10011000,294
terra1x543qrpugx3vu25kn6dh7u7jahj5gr9lssmn74,loop-ust,15114365,15114000,365
terra1jlp6k8aagjsy9udskraqqn9gc9nq0kt6hh4e0w,loop-ust,38359349,38359000,349
terra17cqc9c79j53ep0uetcug6d0nk5gw07wjdvcrnv,mine-ust,4603717148,4603717000,148
terra10zs4ym4w0e4ljutullwwz5kxp8hrswv42dzrhy,mir-ust,65513834,65513000,834
terra1k9gkm5ppr0clskuwu4u5fa8nt3w9dtx6xxdxsy,mir-ust,59024878,59024000,878
terra1mzj2l5dt696mg4t87klrjvvujwf5p45tpy2l6m,anc-aust,2048676614,2048676000,614
terra1l4d7mr657jr2ccm96yzq9fumcx3sxfeqqajgc2,loop-ust,463038711,463038000,711
terra1wzfska9ukky75wv46f25ac4cdfeh7f3a0d5j4w,loop-ust,186492897,186492000,897
terra1luv47lksjyjxqesxej6av75mvrwzvxj5xluz5x,mine-ust,49767904,49767000,904
terra1gnxqcqd50zhu2pqufpl5mvzqmtufqccqdxq6vw,loopr-ust,74046572,74046000,572
terra1jh2xt2lhdtsdlzmu5lctq2dxprrx09twmpgrus,loop-ust,28523864,23033000,5490864
terra150s3l3rmtx6lpqtsqyxg89sspww8p3pn9f986r,loop-ust,326160866,326160000,866
terra1z6p6ahus6gjyck40h374xsyzemjjukcsrs70rj,loop-ust,1377681,1377000,681
terra104qj7xf5rjjnthugmqkgxuv3xz7dvf64c38wdv,loop-ust,218458353,218458000,353
terra1aqx306zaztgxjvqkd3s70j2thgfhakvw8yc8l3,loop-ust,42607187,42607000,187
terra12gpfmdlu8t4qr5yuqdj9m7jwalh4rf4lkmmrll,loop-luna,68608143,68608000,143
terra1lerr68sxerzrkufhd49jhsnadc6qnysdl3kfjl,loop-ust,34709936,34709000,936
terra1lyeag3p2r4gvelhju6uszkq79p33h6h3d5kj3m,loop-ust,344356389,344356000,389
terra1eqwlprlzxf560007x4tlqc7842e8205kv8e7xg,loop-ust,1724896212,1724896000,212
terra1plyvn9rry8tke0kfg0k837uq4vnqve624aunx8,loop-ust,16629296,16629000,296
terra1wf4m7w0jh2utl7nmf9ywlfs3lv3cv4ew7yqhc4,loop-ust,17140268,17140000,268
terra14racck6gzml2tq420vq22uakk667awz7r7t7js,mine-ust,1604356397,1604356000,397
terra1dhcj4lkls7xtkxvwjdscvsr5y53gsflmckeduw,loop-ust,198455496,198455000,496
terra19t0lvfy7yllzv2fwxz7agt87w620wcklsh3u9j,mine-ust,617639277,617639000,277
terra1w9322huwfcm4mdlrygn8rktue22up8mlrx5hzh,loop-ust,593910786,331025000,262885786
terra12jd2cmz9g6weqyazxqpe8g576xcpvwkwun68ds,loop-ust,8897562,8897000,562
terra1l2luw86x6nyeqws9akecrlcrg0rq6gq3chzxqz,loop-ust,513920061,513920000,61
terra1ckwt8lmtr3nypndvq06jy03ymlhjx0mcgqre5w,loop-ust,9844573,9844000,573
terra13wcad86nz5ejfts955gvme3nvrnadn35606fza,mine-ust,6481462,6481000,462
terra10kj6r0c77w49qjje5hk4zqv5luemhza74yekns,anc-ust,602748280,602748000,280
terra1p322382hh856uerm6lmksm9jppxmclv56cy770,bluna-luna,3896735,3896000,735
terra16v3gn7kf73sna5wtshsds7eal0prn8zd8dl8mf,luna-aust,99281157,99281000,157
terra14t9y7428d9vj7cltjdel6e3v3mue0ehfmc6jnk,loop-ust,702675362,702675000,362
terra1gprv92sxk9jz5affd432g92kpukpszwpgdta04,loop-ust,14600867336,14600867000,336
terra19mrdt4akpaeejd7u5t462zrrwszd8z20737ynp,mir-ust,230430163,230430000,163
terra13v2msddq4nrrvmhz0vndxuhyarf29tuvqa0ps8,loop-ust,45480602,45480000,602
terra1duwuvwmt8esnvqkm556j085nsfveehe77elymx,loop-ust,15118777,15118000,777
terra1ffak8fwnu067m9473rvf0zjc06z7kkq4s3cr3x,loop-ust,224048450,224048000,450
terra17eyuwh555eq90mt7e34gwfeemrx3tgkn65thw4,loop-ust,588787090,588787000,90
terra1lgmat993yezll9jwqe803qj859l4qvxtgax89a,loop-ust,1046645241,1046645000,241
terra19mu2wuyavmzegks0qqw5u8z2ndyqf0gk72gzvs,mine-ust,1687045653,1687045000,653
terra13dj6ax9jzsuy07quh9l5p89padjrn6e0fk00n8,spec-ust,83881726,83881000,726
terra1muvqae6fdxypkf4c5qkh29ksnd3arzzg7m9tqs,loop-ust,39017374,39017000,374
terra18cg57vnmmn9mpre5jmlxqrwqr24333w6n4k8mm,loop-ust,2121073,2121000,73
terra1t03df8vruzxpvsc5w9ngk76q738t0mccv2huac,loop-halo,1665418295,1665418000,295
terra1ncunzh8m20xz8mf3tw6nlyp2w47zylwzqjdl49,loop-ust,3529128,3529000,128
terra14l4f6v22as9wdr5hftrvuatp67v0ku4n5ks0ad,loop-ust,130530409,130530000,409
terra1jcfvehj8rjn3fmuc6avzq4c0hleg85hxp6f0w9,loop-aust,78891751,78891000,751
terra1fsyg5tt37nvs2lpkxct6cffx3etvxjzq0yfe5g,anc-ust,273129581,273129000,581
terra1vfa0nx6p22xdnp8c7zjm8j6m0mfl0q0zhgdf7h,loop-ust,163411315,163411000,315
terra1fnwkml9avexgrp76wvyape9u3yp6yjwyamyklz,bluna-luna,25933982,25933000,982
terra1v7wz47y98mwwzds8ua4kte62rpamtkaypkw449,loop-ust,3276623,3276000,623
terra1qen3qjv5knms9uus96yj5gw5khkt34j8nt8s7w,loopr-ust,13860792270,13860792000,270
terra1tmfe2fwrj93myk2kwds8x7pr0ztvdgppnlcz0v,bluna-luna,10072696,10072000,696
terra13jcfkrw05wjm2allnlly3u8x2f57gcmayfrk0l,loop-ust,320246838,320246000,838
terra1vr42z2ntr9kwntp03mtufk65d3uarpfzqzl6vu,luna-aust,343947588,343947000,588
terra1rlqztlhv6qqcxf6agfhutpknlw2947uzv2gwm5,bluna-luna,334899,334000,899
terra1h7lvz8up60tymdxvm0prn3dv98lhv8qyzchegl,loopr-ust,9162003,9162000,3
terra1k77ssm0w8834sue7mnsam0qu4msndgwpu6ayq2,loop-ust,10696026,10696000,26
terra1w2wu3p3qpcuf038fjnwswm2j4jraxe34fgrydw,loop-ust,2128464,2128000,464
terra1dr8scpgk7jmwchse793mshsax6qusshl97dw8n,loop-loopr,230440129,99313000,131127129
terra19rdwmulgel0j6ps0lk74v6pva9f68lwpemjjle,mir-ust,542694305,542694000,305
terra1jmps8tl9qgmyfgqqxwp5hf0c2ht63jl4tpp663,loop-ust,167431242,167431000,242
terra1agf8794ql04yw7fa9t59z6nu4j2383qhdanmev,loop-ust,2344327614,2344327000,614
terra13t5vd4ctjqdpuaw7t35076atgsff0y7s8ekvha,loop-ust,13819240,13819000,240
terra1mtcpjgkf55ssmw9zzaces3tg3ajrzvwuwkzhzw,loop-ust,217164927,217164000,927
terra13t44t72cjzs8k4d9jgwcjxv6jr96fz8e9dqsen,loop-ust,26518089,26518000,89
terra1hxdhamqzfj90p86q27kp64j0tm3hfwn96ydvjx,loop-mir,666533305,666533000,305
terra1kp5yy03ndcr7lzpd6rwgtlga37wmz7wdjtg68q,mine-ust,1492312654,1492312000,654
terra1vljt9q70s8t2ay20yaks6hqdhh65mdygkmgkgt,loop-ust,894046,894000,46
terra1eh5a3nrl03rt4uulqumtn5p4jtlsya50le6u3p,anc-ust,31839294,31839000,294
terra1rkg66cklt404thhndrtsnzt7lg2449rl24qqa8,bluna-luna,9055190,9055000,190
terra1kwt5ud398svwan68yw9ve75cnctn9pegdj0dhu,loop-ust,5243744,5243000,744
terra1f7kkujqpjauhkv3yrna7zrvz8tk6d3dydw70tv,loop-luna,2903848725,2903848000,725
terra1fwnl8tdfqzunu2j9r86rgj6hxk7kxscu5ljdn5,loop-ust,3806576,3806000,576
terra1zde8cw8v4l6g3p8q6j6zpa077ljhaa2k7f2t2j,mir-ust,454405685,454405000,685
terra1tk280apkxu7dryjqjxjxn49n3h56uwzlv464f4,loopr-ust,1237369987,1237369000,987
terra13qgveatdwtfhpts4ptx07qdzfnqqy9k8uegk4g,bluna-luna,19001979,19001000,979
terra1y2jjpx4nmt0u0zqms7vx3n9yefckujk9tgm4jl,loop-ust,2538798,2538000,798
terra1z776npkwvy3x7v4jydcnzne0dtek8mg3wfwkg5,loop-ust,14158658,14158000,658
terra1tcyx8vxcfp9fa0gk33eyqewt32qm46yl00pyyj,loop-ust,159077480,159077000,480
terra1lge5s8j73v8tmaxvpwzwhgw6fft5gm4ga4yr96,mine-ust,400070383,400070000,383
terra1svnj6sfjt4jpqu4zyacjl68usm0g2zjny9s33t,anc-ust,295200480,295200000,480
terra1wc6xus49qvc502c2plpxwxutpu5gx620s5y045,loop-ust,5283430011,5283430000,11
terra1sz8g7ur6e9q0m39w29as4vuud8elzztc4tre5d,loop-loopr,2504919441,2504919000,441
terra12pvdqg095j35ztjlsqguxkdf73lju6x9n496mw,loopr-ust,2648388687,2648388000,687
terra10v7wvnmchc47gssp05zflal43qq4554ryj2hvm,loop-ust,412576612,229156000,183420612
terra142jy0e35ht087uqh07djl3d4hxe4lm3xv2ma6h,loop-ust,3538718,3538000,718
terra14rxpuzd2mxa5fycdk9djfjv56ns8sasmzcd92y,loop-ust,514058580,514058000,580
terra1tnc52vkv47l6vcapv7ah0stcz4fnys36v8sty4,loop-ust,3807250,3807000,250
terra1v7qvkgakw3gx8x0quepsrz29k327v5detw4khd,lota-ust,739204074,739204000,74
terra14tzvqjmtj2jmau528k5v6gu4eww9asre5ym6kq,loop-ust,55127039,55127000,39
terra14h9494e66m0ssnmfsnplxhhnlwadh2zgp8ky4a,loop-loopr,9108031024,9108031000,24
terra1r24wysec5rtdwn85l5rjv6p67zrm2egrzkg0mu,loop-ust,48986647,48986000,647
terra1m80pvgw9g5stmmame55rq6gdvaq6qzr2uqxqm0,loop-ust,4622019,4622000,19
terra13cjgq2ge93gr48xnrgzq48ryjj6jf6j3sy6q4d,loop-ust,529967744,529967000,744
terra1js9nnufk86huwsyv8e2wcnhfk49eldpy2j66tn,loop-anc,1261742529,1261742000,529
terra1uy8z24vl49z760twhhrzsf0w8yy7wjtp3uymex,loopr-ust,68996737,68996000,737
terra1mdd3fk0thfm7jn73ew0mfakss6k9e6f56ltmgt,loop-ust,4598476,4598000,476
terra1jx0mh2dzn7rgh4x0zesswy78l405ev9waff599,luna-ust,69632758,69632000,758
terra1648cnj6mxgww4ldcu2w25hwnt3p8r9rfswdemy,luna-ust,129839842,129839000,842
terra19q0tqtk5je89f6pv4dl8fkhmhdkwhm79uznw7s,loop-ust,398696078,398696000,78
terra1xjf0xqmuwy6r6psrvrfj5lzfff9mwzcmhehpqw,loopr-ust,21063628,21063000,628
terra1qctjm0hqeerfrlpsfxftvwprugc32p03yhzclw,loop-ust,3808844,3808000,844
terra1ntnqmw4z3jfufg6xnr9nfg9j3ka82t7zjv9vge,loopr-ust,82325536,82325000,536
terra1kyj6fsw8f0s77vzs3t9qna7vqczt6y679gvlf6,twd-ust,303321819,303321000,819
terra14x8vgs3qa543ea5h0905dc39cvrt0xhdqvsxs4,loop-ust,7795859,7795000,859
terra1mhcnlye9lhssgc0sm6t59497t9l87fzf864nd7,stt-ust,847640,847000,640
terra13n4l24e7qnlty4svhlhjujprn4700uwaxlyhhn,loop-ust,13830701,13830000,701
terra15rftrcgyzh6gwvdkunpdm0krkn348hwvg8sjzg,loop-ust,5200688,5200000,688
terra1jx4nnkj0wrq7rpzj5xz2p4r7nkhz3mp85808q2,stt-ust,648556879,648556000,879
terra1ej29k5vjlz7z40c83wmt725vfmc4s7h9a5643n,loop-weweth,17216470,17216000,470
terra146qm262gj9068ypf8fts290vrvufx4u8g4w3vk,loop-ust,117116529,117116000,529
terra1xv65u7qzumsga58lwf9qs9jqdrjx6z2hkjncat,loop-ust,124879237,124000000,879237
terra1xuzs2nhfunmcpld5jaj06czutqe7ycj53hzwr3,loop-ust,138600359,138600000,359
terra1na55k3u6v950ljqj7aeq6cjwzlyj9yh40dgqke,loop-ust,9959499,9959000,499
terra1vn9e5dah4euaxru0tqdma6ceadus8htm2une52,loop-ust,6032415,6032000,415
terra18ecmwk2s842n8su8cfq5yf43ada0xn7ylhul9u,loop-ust,47585354,47585000,354
terra1jzsspfjjvpwc9e05g293upc584erhqf68uhyz3,loop-ust,542838194,542838000,194
terra13evqf0llsaf7t492weu6zzc98m7ugz546j3g69,loop-ust,1454473337,1454473000,337
terra1cwp4g2wx4nl00lwh8cdnh52azd39932fhgt84w,luna-ust,491646748,491646000,748
terra1d2jy9r90aqs56eql6nyrssga77eqv4e9lqyxdn,loop-ust,114702946,114702000,946
terra1897xf7n7gpl726duc3c0t570tj3vhzwg5jyuu4,loop-luna,81357454,81357000,454
terra1lglsxpt0sqezmnakqn0se9php343ylst029crf,loop-ust,1015989,1015000,989
terra1crks4043h59pgjdtcr3lrjcm4lpeczatxq0lr4,spec-ust,33736533,33736000,533
terra1hjc0z8tnx2pj34xqzcewm2znxyx4w53nl2nfgy,loop-ust,4284822531,4284822000,531
terra1qfggdy73k5h5u0t5tfwnvf9wjxceqgwv4s25uk,aust-ust,1793913240,1793913000,240
terra19g2lm6crd5a8979e5uhyp0gq6slsfmjhu60xwd,loop-loopr,6136122429,6136122000,429
terra1m6tv89fzuxruetwchqy870tukghzfh83lxz96u,lota-ust,1462644,1462000,644
terra1f7ywemnjsfhhwu2erc7wvhqqulg8pcsllt7zvs,loop-ust,8972131,8972000,131
terra1v0elahj997j98y4g7wnr5fhj4g2t25jqk7nhup,loop-ust,7924367,7924000,367
terra13d72enxekwls68emj2lz5xcu760dazszzjcdya,loop-ust,343636769,343636000,769
terra19m9whfch3fkqjxex6djgvv5g8rtys4uxlyrcap,aust-ust,2244941639,2244941000,639
terra1zhjhuuu9zuptqyrjwc6vlspx8l9n5vq7rl9j6l,loopr-ust,166698884148,166698884000,148
terra14rrj2m6sppaupxn7rhe2tl6k58cqhugrumy8js,loopr-ust,530984541,530984000,541
terra1gf9a5gf97032q2u98qkgqlugtderaeru0nvjwe,loopr-ust,148832643,148832000,643
terra1qpkgu63zrunzhca3q3czepju3ydqlphc0y6405,loop-ust,2869978,2869000,978
terra15upglt0x3l4jaksduayunspkw5m2luhj09aam4,loop-ust,138822239,138822000,239
terra130ukvmkuvh98wutqnynhcuyrqtlj53wm3wyw9l,anc-ust,7279127,7279000,127
terra1czwvd8rrtq9pk5dvs403h3wwe8t7pfwln0mr09,loopr-ust,1100752209,1100752000,209
terra1xy0n3jksxc2r6wy9apkv55df9luh624vd9tw0m,twd-ust,1608287,1608000,287
terra1g92zaexnmm4vncwlx8p9v37mvurehfumx7r2jr,loop-luna,16146099,16146000,99
terra1jzg4dcxk0ujtgd0a3t046ze3dgmzvnqfq6zxnv,loop-ust,7153423,7153000,423
terra1p0gksjnuex4h4r847ygx850k7el8zph3wlsnra,loop-ust,4772064,4772000,64
terra1z8p8kptvq3tj0h5hpuhcta8f96vxrywzul299u,anc-ust,8896515,8896000,515
terra1s682ec6ykdleyjwmae8yfl2tnlqkk6r7nclhrz,bluna-luna,80802382,80802000,382
terra12ykyyr4cf7v2cl4448kg6w0h0eujuqg8ny0tsh,loop-ust,1008296576,860774000,147522576
terra1arrapsgjjp0pve2tnp2t5ae3kxrrs7lxwsuccp,loop-ust,22346795,22346000,795
terra1yfskyx7twcg3m4dhtjjk7qq2494722g4gp5q9c,loop-ust,98853713,98853000,713
terra1np8da70jw504xg3tau6rfupfhfttfprlkk2ky9,luna-ust,16915995,16915000,995
terra1prg4p2eq7q0t2hnpw5gktc3tpylrs7dmsl2ktx,loop-ust,1266269,1266000,269
terra16yrtt8yjuyt07lqm6805dr2a6tcsc8nsdwev2q,aust-ust,1178143172,1178143000,172
terra1emxajdnxsdzqcm43hllw3vj2uww9rctcu83a5a,dph-ust,16041840,16041000,840
terra1607zj53m05e77kftllshhfmfh092ldf2jx60kg,loop-ust,6536659,6536000,659
terra1ps6hyc83mq5yff0tyqf9z6rz6srg0mj2lggj9x,loop-ust,1373806,1373000,806
terra1vxcan6gullaymluy62mywx75gwzgxlccseuz93,luna-ust,16669061,16669000,61
terra103ekx49mtqmzcvlqgt7gltaem0azwcvhzp3f5p,loop-ust,2093220525,2093220000,525
terra190pd3q28959f7g3vmgksen6k0mduh4jr6mfnjw,loop-ust,388139222,388139000,222
terra1gawh342pn5fuh92zz6ueuv8u4g872efnk72gxd,loop-ust,78374750,78374000,750
terra14k5vz5lkt5c0v8uh8n3w5fhvrumtxtf6cyj7zn,loop-ust,67959094,67959000,94
terra1z28ry5hv08snf9qxx3eh6hdfvnp266wju5wn8w,loop-ust,8851358,8851000,358
terra1y8c6v9lear50hp6dj6hflwy09ncagv94spcgqq,loop-ust,3544809,3544000,809
terra1u656cjf53087uqf0scj8ky03h4yllau5yy4csq,loop-ust,3671765,3671000,765
terra1g4zv9yt3qx6zng7j50g5gsnkr8gquflnpatck5,mir-ust,367423069,367423000,69
terra16qynaztut3gpu8whvewjdaa62xeq8d58r9gdy2,loop-ust,4646334,4646000,334
terra1n5naer0sh6zpfcdrrtgjg0g8w4jx2d0azszukm,loop-ust,15677727,15677000,727
terra177gzxdjyq33w2we8rzjcx5w7j84xwgp5kxkxls,loop-ust,8943509,8943000,509
terra1x0mx0amtpzhcjvrt0shmyw2w0m3ndv9d7ygp20,loop-ust,302703131,302703000,131
terra1c0nyws636wv9m6eag4uam6x0twtrgcemwym347,aust-ust,460266714,460266000,714
terra1ukx7uzllheewz6ek09n2k5hju9qlnyksgh2euh,loop-loopr,224033847,224033000,847
terra17gj30pz22n0cwjc7ktnfg5fytc8zu4szleguwh,loop-ust,76485065,76485000,65
terra15lnk04jfz2v38rtl6nzmrzsy5dhvfh0y3t6ddn,loop-ust,2605278,1628000,977278
terra1528yhqx9ltcjjudqrfd3eunc55l0tec46ryxfs,loop-ust,26918897,12697000,14221897
terra1483kkuumz5r5exdgssxkvsllg4trukwnl0wx49,loop-loopr,479979093171,479979093000,171
terra1h8c32pqmc20hfgujzwesk03990q66t09tc7554,loopr-ust,8479098,8479000,98
terra1fpkt8drzu9kume299fqmurfa09qtssztencnkh,loop-ust,271405922,271405000,922
terra1r34pa3xglutwgm8p85yazaa7v47w7vwmjxgrzp,loop-ust,147991262,147991000,262
terra1c9sakdaue3vr2y7lmfanev5ajxj2pq6098gw7p,bluna-luna,9960757,9960000,757
terra1u5demrcvdq2nyxfvsjl3vznglx6yzcvnmph272,loop-ust,13356718,13356000,718
terra1c6dcxe52xlspl49amplrzg22l5ujg2pc755th6,luna-ust,4509638,4509000,638
terra1mckllt7glvy3taqzxlqt63puqtpkv0ldxpanah,twd-ust,468622938,468622000,938
terra1w0mmx83f380enfl5yul6h08r874xrqfd9lm4ar,bluna-luna,8581761,8581000,761
terra1pkmu5cjz0vkup2wly4xhmlkstaunky5luxkqy6,loop-ust,487201569,487201000,569
terra143mcltrzsfzdy4cdq4lfjcxv69z77rk3ahw8z2,loop-ust,443267239,443267000,239
terra1u48kjlf2n0s77v0yhkmle58rdqgrqmdam0cv56,loop-ust,399199589,399199000,589
terra1ezkt4hxzkjmzttct5rnft980v4arrc60yqy35u,loop-ust,114850204,114850000,204
terra1a2cgz7ef5tstta5z8cwvx8wuj40ywewvaehgas,loop-ust,337705882,337705000,882
terra1fsexa94vaa6e45k2499weajrknp8hfwgf2mjtl,loop-ust,9176825,9176000,825
terra14fm7luqaskq0nfletsd7rqszeqcyuuflgvs2pd,loop-ust,33438295,33438000,295
terra1dgvdrzlpwskv9wvpwtll33grdyau90d0a0kc90,aust-ust,3737334449,3737334000,449
terra1t90n5s22rt6fvnuyx3dzsde8jaaupaglrcgc6f,loop-ust,32156216,32156000,216
terra1vp7c7ph07vv9ldkcy5ch5tpu2fssfmxgatr84e,loop-ust,27099362,27098000,1362
terra1hj8sf0z7upl2u5g0dj2gqnfkj858eay7hfwdn0,loop-ust,24863856,24863000,856
terra153k8gt4zxevw2ny4sl2y6vn3ynhne5flddvehy,loop-ust,2425215392,2425215000,392
terra1vhj4mu6m8wj5pvrnce7g622mwrgyacwuenf3ek,loopr-ust,52748476,52748000,476
terra1n2576gwupnv7e2kat2j86k9w67q2e5s98xr0cn,loop-ust,20098395,20098000,395
terra1jg5ac76csvn2gx6j8dxp2ccas5cy72vegmstn4,bluna-luna,42532565,42532000,565
terra1gyw9v0da4k83phuc2wgnyuhestnvsd9qg5jt27,loop-ust,3878756,3878000,756
terra1lyelgwljntxs838fmzxjnqj6ewysl04wpzg70t,loop-ust,42771526,42771000,526
terra1q7wgsp76m4fyf5dtu0mqxre3r6ezmlhtplg3sx,stt-ust,48879593,48879000,593
terra1zexq89cv8gxursusa82uy2x2kdf2zaztf9udyt,loop-ust,57365697,57365000,697
terra1vmdzwhmxctyw3jvq688gek4jj27wlyz4da7uzp,aust-ust,53667336,53667000,336
terra109j0cddy3gj0w84hjh007f5zhjm40www3jn0ce,loop-luna,21364926,21364000,926
terra1vrq3yzujgmfrqyp6der9w8j3audmw497tgpytl,lota-ust,624144699,624144000,699
terra17vu2qghvyc8g9np200w9tdr2ahnlv09ch925sy,loop-ust,9661624,9661000,624
terra1ssmspmagkdgdlxykrpthpgmz76wusg4cpr9y68,loop-ust,59087285,59087000,285
terra1erkq844n4evn03zv0f4gxruuw625lzzw9kapfv,loopr-ust,63378382,63378000,382
terra1jmnrzhkqwj3vlpxfyw86l66nqu34n9k7snqf57,loop-ust,10199712,10199000,712
terra14paky2usqyhtrw7nawdleazdpr8q5sztzlf4nh,loop-loopr,49073383,49073000,383
terra1ash2780ne584hjqxf7vu4n0sy2attwzrg5utlw,loop-ust,449940195,449940000,195
terra17s8z59gnas4vqywxx2z7cy72a5my6g05hk7qhp,loop-ust,33764718,33764000,718
terra1xaq2ua5xypdyusp2hxut0ru090hsza579urgtk,loop-ust,1032890358,1032890000,358
terra1wkpas6c608tw3aquv34qyh0ycnkedgwc26p4t7,loop-ust,189672452,189672000,452
terra1gqmx6was26yvadlqs4vkltyxl3zau7x0en79q3,loop-ust,21691759,21691000,759
terra1qlhxwxt63m46fzjqlvfe6tcyht0nn4uwny0dfe,loop-ust,509874851,509874000,851
terra1vmly5dmlep3d84cfr0n7rhysdzw2cm9x448xg2,loop-ust,41472122,41472000,122
terra1sys9egjsfd9jpkjq8dsdkpw2qts6c5u6z46wqf,loopr-ust,195425775,195425000,775
terra1ve5zj6kat5kdndk4zmxah6lnckxkjgjc3udnp5,luna-ust,13130317,13130000,317
terra1zhxluczxlw0cpxtyw02k98dlvenzd2pv2j2eum,loop-ust,59223741,59223000,741
terra1zgc0gwtavpyg64svv2nh2q9896eqhv0yp4553e,loop-lota,66260228,66260000,228
terra1ydc5ucppyvarxl7l7d3rjtfx7jmdymd5jxfz8t,bluna-luna,37181595,37181500,95
terra139saeueu3duhhlc6wxfvdsj3xyjxzqn6jtesfp,loop-ust,371799289,371799000,289
terra1mrrq8sez4vzm85xlfzqmxsypen0trturh86h2j,loop-ust,465520944,465520000,944
terra1qtp00nkxe6jk8penaq2fr08577kcqzjdcvtmxa,loopr-ust,316894230,316894000,230
terra1ajl9gzgy62ewj4luctm2jxw20n83fppgc27f67,loop-ust,9460018302,9460018000,302
terra1jc6hhc24mn2cs2c0r7q3djwgzhcx5ygflq7prh,loop-ust,28986853,28986000,853
terra1ga7x6aqwvpf8rux4l4h68ugm9ewtps2afqntqh,bluna-luna,2418316,2418000,316
terra1xggd4ktpvmsf0dpcxg8xllqe3phpuul7pczzzt,loop-loopr,72292605,72292000,605
terra16r0g6gxeqc7nndctxl2tr0xcu0xz3szgwgptze,lota-ust,88133918,88133000,918
terra1z3g56ug4r8jsdl2jstpmt6eaclt5jpfd0pduqe,mine-ust,614116835,614116000,835
terra1tvsvenannsn52t6grkxv3tvru954vz3usrha0r,loop-ust,24877585,24877000,585
terra1q0vpgkfdfqshzquq95c3y590vga768nz49hfvv,loop-ust,2939225,2939000,225
terra18cjn85teql2nmrx7u8wtg67jj5lwae854tv7jn,loop-ust,3970902,3970000,902
terra1rnpy8m6kmw8kvga9s8xhepc5a5skdqg8zvjfud,loop-halo,1045675291,1045675000,291
terra1ashsur36qcu74xcfxky9he70p3ehmah0yrhthz,loop-ust,57959141,57959000,141
terra1d8szu34h88y09hd3r9sqp89ujv58wgfhppx7pl,loop-ust,25432446,7659000,17773446
terra1wdgsmppuv7p8exajyyuynltsaaz7rzjehqmacp,loop-ust,436219956,436219000,956
terra130gkxe7rftfhlztpsgn9dcpcu88qns3gf0p7g0,bluna-luna,21190464,21190000,464
terra1y08v686ayv4dedmkmg3cq7j4dg6q6jrje2yal7,loop-ust,10758908,10758000,908
terra1w73yndd4tq6j6sa67e8h207sl7z60u633xn7tt,loop-ust,4559408122,4559408000,122
terra10cx0wpffazlrk4f5fzx5mkkde2evpnna8ycm28,loop-ust,27411832,27411000,832
terra1f2ka2867nqtyq8x25z90lk5a39tk58n878y2ff,loop-loopr,74832387,74832000,387
terra1wyzxzcevcmrpkfcghl4dksmgkrpf44sjxwpgwp,dph-ust,31334929,31334000,929
terra1xqrvp86up9xkwxxkxvad4fxlka4r7rrjkj96az,loop-lota,178277977,178277000,977
terra142z50x665v8g7eth8vm42m9d2lys54fu8p0ha5,mine-ust,434422911,434422000,911
terra19acgkagj5vrp7wrefe0knzvm3hp2z0fz69wawh,loopr-ust,345315150,345315000,150
terra17u4jk9k8pa5ld66n9lmceu02k38wk602kt2cyr,mine-ust,120963401,120963000,401
terra1g4zv9yt3qx6zng7j50g5gsnkr8gquflnpatck5,loop-ust,209563014,209563000,14
terra14nvay3vwhqve6v4cddnzd4d2jk5krfgfhpsr2q,loop-loopr,1174337803,1174337000,803
terra1796gs2upzvj426mm9dcfayk8ze74pr764kdjmd,loop-loopr,2336174392,2336174000,392
terra1dfh7ycnqlh5d2vc758ty5ch4nkrytscxvkjl2p,loop-ust,19787850,19787000,850
terra1tysyl4fhzmlu2jptm2rt33nj4aqz4ta8scr77l,loopr-ust,60676239,60676000,239
terra1a3vfsrxa0uruquyj2qxejf7zee229ehfyk7sq3,luna-ust,70081526,70081000,526
terra1kvr2cznt8ycztcg5xjxex8uyqlz9lzm8ysf2f4,loop-ust,4028154508,4028154000,508
terra1nfa0ahzgazs4y78hcnu7k7w3fglh8aua6gkrpk,loop-ust,895921,895000,921
terra14ydymc29kc8ekpvwp48tp60gnyeqfvk5gptaqu,loop-ust,2233709981,2233709000,981
terra15nyglkxtj9708q898h2neef0jk20gj68eglz64,loop-ust,3851331,3851000,331
terra1cw8dx388w9p8cqp6tuk0qatah8txf4qh5hcapr,loop-ust,935461861,935461000,861
terra1nc5dq2d3d97twhw2cvft2mjharm52jw4ucfjk2,loop-luna,977618276,977618000,276
terra192xfm5hy996ttccsal35jvy6tga34t3zwwkvtw,loop-loopr,61618872284,61618872000,284
terra176swcz86k9240l44q5eghcvqnrlsefgeqcl8wp,bluna-luna,72640312,72640000,312
terra19l6l58gfaxgyqaner9glvlhvspnwu7ds4nzkpx,loop-ust,9016543,9016000,543
terra1rnpy8m6kmw8kvga9s8xhepc5a5skdqg8zvjfud,bluna-luna,4936750,4936000,750
terra13v0gne67jetp77afqwje54dt9hhk6rk8uaj8sv,loop-ust,81151369,81151000,369
terra14qul6swv2p3vcfqk38fm8dvkezf0gj52m6a78k,loop-ust,779198757,779198000,757
terra1qk35c6esq0kz2a2stsk8yd99z05azr086pqdcl,loop-ust,43699225,43699000,225
terra1jf0rruu7xulwf926hellln44dyxr039hhlc7x2,dph-ust,74797720381,20204701000,54593019381
terra163jeajuuwrvp8w7n283qjxzevt9eu555983wj0,loop-ust,8942641,8942000,641
terra13ngj352k76dwq8mp7p5fe8795tyd2lsn0gyhsl,loopr-ust,1623224282,121531000,1501693282
terra13cq45xys2cxlruaxze2xm6mw9v4yrr9zvpm3tt,loop-luna,5186113,5186000,113
terra1zcmjlz2j6ldka56v7n7as3y2dwd9k8cex8a77a,loop-ust,186378297,186378000,297
terra19xuhcnes7f5ujvsqqxth8k8lx0gr342mvj4xhf,loop-ust,154027590,154027000,590
terra1rw9jhw8clkekxnwjesqyqwulp2lfqj8gfmz7fv,loop-ust,8408707,8408000,707
terra1a9hcq4jluc44l5ecl9hpugjca9ktxqzyhcckk8,loop-ust,5310254631,5310254000,631
terra1zhsvjgkpmcc2rn7dc0elmncsm979ncvzral0t2,loop-ust,13754334557,13754334000,557
terra1nn34fzk9zwlujy952zzj0gugfqlfsuncudhs54,loop-ust,2279445605,2279445000,605
terra1f7kkujqpjauhkv3yrna7zrvz8tk6d3dydw70tv,spec-ust,1452376239,1452376000,239
terra1kqyvp63sjsze8st8msutcj8hup69ytd4ct8s0u,loop-loopr,4359416418,4359416000,418
terra1cwa2mm9tmmm3uxkqqa50lfmzmeap9a24j30nml,bluna-luna,193080976,169882000,23198976
terra130znx0awxt5mmjvd59qh580a8df6drktc8xypt,anc-ust,35747457,35747000,457
terra1n4y0483tchs7235pmtw8c6ewn7aemsf35evy5l,aust-ust,2688828831,2688828000,831
terra1lxeqtx3p3d9cg70c8r9mgfsd4h254j6rykgg7m,mir-ust,21059073,21059000,73
terra15fr3p78mz846z2lqmfj6vlcfcwt5l9ss00mws6,loop-ust,381636089,381636000,89
terra1jgh5wrhtpgal83f6vqv8ymp9ycfhjsy7kl7vsd,loop-ust,418670263,418670000,263
terra15jjf5xncwpt77979ed8w6a4jwq68qxvt453tg9,loop-ust,1601787,1601000,787
terra19ysqyxuuy43jc3jgyrf9m6w8mhzfp6euq4t2t5,loop-ust,2300154,2300000,154
terra1q5lm0luwzez87xa30834mdalvrrfsk9yuxtelg,bluna-luna,22366962,22366000,962
terra1uvwgzlaka2j8z0arelmu6cwekm0gqnmdj65rwc,aust-ust,7295016980,7295016000,980
terra1pz2m49sdl4a2ttagjzrcyhjcalnm3q8daxt5dp,loop-aust,1047673226,1047673000,226
terra1e2xe8080ksuuwu57lygesf89py9knthtjv4dsz,loop-ust,987158018,987158000,18
terra1hw8epl9p602zvyvsrascesaqd7rrjx3aut5ps3,loopr-ust,522444891,522444000,891
terra1yqpcz9mzwr7c3kjmmqrafphhkz7pa8npj9na4m,mine-ust,1197535941,1197535000,941
terra13pv99en2zh7xdjz6sfc0hc6nuwyn5gta2fgm4m,loop-luna,1764082,1764000,82
terra1lerr68sxerzrkufhd49jhsnadc6qnysdl3kfjl,loop-loopr,106238919,106238000,919
terra1e9nzamepdj8jqvrace3lacmfd8ug8cdj2ydevh,loop-ust,115189811,115189000,811
terra1hckhf08jdj23xzyem0n57hw52h678ylj5wq6k7,bluna-luna,297815,297000,815
terra1hhmlzkmad725ln44dc8j05yym6vt74t5cngscf,loop-ust,9484304,9484000,304
terra1mmqqm5amek0h4h2t3y2c70xu3t8mejlzatet3x,loop-loopr,72290449236,72290449000,236
terra15vh6z4l2mhfu4886p6r456mym5ha5t99gje3rq,loop-lota,15010630,15010000,630
terra1awtlrhc26pk36kvxkygypsstwz70kjhg0xmw2l,loop-ust,23072394,23072000,394
terra138dq6sv270gwatrwzucdndh7r7u4j5tznzd6zy,loop-ust,153945688,153945000,688
terra1xxmal3vy5gn5cxfq7j2evsqts8sg0puav5grw3,loop-lota,78119445,78119000,445
terra1f44m6ylrufl3k0ge8txrzjxnmwg9dv4sw52ynt,loopr-ust,8520250289,8520250000,289
terra1emr8z0l5d42w5d2hz4gh0k03x2tnyp36zml9vp,loopr-ust,2917581740,2917581000,740
terra1255etglnpu0ul3jpr4wx3uuakep0cqh97gaxxz,loopr-ust,1512825277,1512825000,277
terra1cy4uqkcnxtpp0dzsexj8t9l4h58hep5f5pmqwk,loop-ust,41919215,41919000,215
terra1wrw77k775w6me9paxgqv4hzvu8jeth2vlxcd00,loop-ust,6340897153,6340897000,153
terra104u8s2d3se2v42ahjuhhkczt23qyvgkat3j26e,loop-ust,37572056,37572000,56
terra1fz4r2czzlq0nhyql2wn42yn52yj38su9d0fyhx,loop-ust,187320066,187320000,66
terra1xanxwhz0uye4gnxlr0f24f4yl00kp84zd7gk8f,luna-ust,430422073,430422000,73
terra1taqcj5ksuyqmnkgw2pnarz2wqfhju03x3lc7ae,loop-anc,229099101,229099000,101
terra1lyu5nyhge5ys8mhx23he2z0avzg8szl2juc3v0,loop-loopr,18038245,18038000,245
terra1xwswgryztlsvtvhmzxk63at5204fefamzrupvk,loop-ust,29368239,29368000,239
terra14jsv5nwesls3dgwcsvsr76hnnwra8teppeqnq7,loop-loopr,30667638309,30667638000,309
terra1dk96heyjewk2tvu40w3ejdzjeauzq63gn02qay,loop-ust,3216729,3216000,729
terra1eufqjx0my8as8u5w7sdnmhg860cz3yqkddt9u3,loop-ust,160383447,160383000,447
terra1ysr7ut9h2qp9cj2efjrx7aucmk2a5c25eyyfaj,loop-ust,10305429,10305000,429
terra1esskprvjcsm88kjkuv00dqq4k57c5mncmn233m,loop-ust,58796848,58796000,848
terra19g9lu393lvrxcx4q4akt9vh0yh0qnz3u744yxp,loop-mine,4627088709,4627088000,709
terra19yhkvrrxrkmkktnux827phkc43rmpqfyy7nqd6,luna-ust,175154581,175154000,581
terra1699j355n4gewgtk3zfz838d77lj4dazxupjjqa,aust-ust,31002940,31002000,940
terra1zvrmm66exv59ucjexv2gtp5z372t3xu7a9g0q6,mine-ust,66123642,66123000,642
terra158q9kfdqkjjx3fjv0aukand476des9j9q44sg7,loop-ust,99625652,99625000,652
terra1u2uutfzrv7pnlaash6h00jr362ex2yjq73kx6r,loop-mine,269096192,269096000,192
terra1w6ylgpgcmru50wvvggskw5wssul8lrnl4rqfzp,loop-ust,589659266,589659000,266
terra16mvrn4at74pcv5sn5k3znhlp8d03cpplqgh5uh,loop-mine,396318785,396318000,785
terra1q2tngx85emw0rtvwl5k5su97usqs6qsuxjelre,loop-ust,128871748,128871000,748
terra1v66ynwc36e0mc0lkfpnzhaheqhsdmthp6343px,loop-ust,53922077,53922000,77
terra1cc5rpghxnuj3rdv8kjrter5n0czl2897hst087,aust-ust,90184222,90184000,222
terra1yhevkeu6syg7cv703fmecxfyw2j8fr4rrsmjfc,loopr-ust,2021063864,2021063000,864
terra109mjlzrgvtmllphfedm7v8wy7yvgr5e0zkukra,spec-ust,26923195,26923000,195
terra1uu0075m28c86gmgxm8atyzxepxjt6lgqlyqk8h,loop-ust,26370469,26370000,469
terra1zvdslt6480lckf039a4c759lgfesycez2acqy3,loop-ust,26638761,26638000,761
terra1z96zuzc7gztg6cz5xjw74crmtya3wapvrnuwpa,alte-ust,28439595,28439000,595
terra1zhdmhmvha7zj3vnl9wm008x9ayemdp2t4ruykx,loop-loopr,14842894752,14842894000,752
terra1x663c6zqcqmuxjq57sdynxlfmet87rz3w9kxk5,loop-ust,75801954,75801000,954
terra1zhsvjgkpmcc2rn7dc0elmncsm979ncvzral0t2,lota-ust,4912515567,4912515000,567
terra1nlwyt6ypaluwzls6y8dwnx85lghpl4m9te4p0e,loop-aust,781161852,781161000,852
terra1tyvlqhr0k8a39ppzajckxqmmnlvsmqlnvnhnpe,loop-ust,191676430,191676000,430
terra1dck2drxtzn47gy3a0h385jty5dl9nm2kkfhxkp,mir-ust,14287765434,14287765000,434
terra19say4flannnstapn29kkd4dru8g3aftm2c9usf,loop-ust,312889546,312889000,546
terra1r28hlu68snehwl0dvhkfueews7325ldqq2avm7,mine-ust,24941519,24941000,519
terra1k03n5tcj6f7d6zkjp3xvl8h6hp05vprlscw23u,anc-ust,166928525,166928000,525
terra10tv79xsrh0vklphygcnehtle7g7rsl6c35vdze,loop-ust,26594269,26594000,269
terra1675z039j97zy9n9qdfvqvz487m7hpgt62jfp0d,loop-ust,22175814,22175000,814
terra15d04fa8u6qkmw7x75dawjpgcdzcxqrv2k74m99,loop-ust,2953650877,2953650000,877
terra1sqgcu42k2rsm2lldjteqswq4akzvy7xxq5e4p7,loop-ust,10629435,10629000,435
terra1samf5q6qt2skj0wq4agpk6dwv84xstwsuvzgta,loop-ust,5629918,5629000,918
terra1z66gj6fmqhntvelw22sfnpa99u6l4qhva8v2ck,loop-ust,59420009,59000000,420009
terra1rjjqw8me4yu5v5dry0p5xfrm4aafh9cvuhlvwe,alte-ust,4050949862,4050949000,862
terra1n9tuhktjw0lpygq6eq3p3j6c93a7agk78mhr7n,loop-ust,1928482,1928000,482
terra17v8echf2uwmsd3znqc9m68epx7f873pgmuxx9t,loop-ust,17010649,17010000,649
terra1vaehydwkcg7aq7kzmxg0wjwm2q8jp8z5gn2lzd,loop-ust,4030118,4030000,118
terra1akrzcfkf9r4vljw3eex30eu67jujmxgy9hvawa,loopr-ust,583424323,583424000,323
terra12jwxsv82t33j6yh99rn42p4ek9wtl87nu5ptdy,mir-ust,123107323,123107000,323
terra169axkjm37w0ghzudy8qxnld9g7krv5a5hkf928,loop-ust,48817679,48817000,679
terra1098efvh38fm9alxhpy6fn2uwdw82nl6l50u3u5,anc-ust,344713231,344713000,231
terra1jey930whs8d6cm8l0s229s07u6amlm4lhx76qa,loop-anc,5971044645,5971044000,645
terra1q3vk8gtyzwmw25wfnqq8yddazter68jnt6vxaj,luna-ust,2784647448,984674000,1799973448
terra1krhh2j4shhekdz332xy8tuq3rz39jae47z8xt5,spec-ust,922566,922000,566
terra1v4a7avu3mxd5gthagdmhfpyxytvljpgmzf5lhs,loop-ust,15522446,15522000,446
terra1ysk7zaxpa0dslagselw4shgyqznuvc4kk2wylt,loop-ust,466661768,116665000,349996768
terra17fwxcxq69ef5mgwlvqjf6jexg3g0cd593c7dm8,loop-ust,5685156523,5485000000,200156523
terra1hxa8jq8k9mwdxlltr79muwlz03dycxn3afjdv0,loop-ust,3082505,3082000,505
terra1fp4gfcuugufpmefg97ufyz3r6ezzgaq2nd7d6q,mir-ust,2375024928,2375024000,928
terra1v8px5vdny85q2jd9xs6yx5jyusm2ne8shatz8x,loopr-ust,107623207,107623000,207
terra1ghazgqh7nya6af67ujtt39p4gksrrtq29h30p5,loop-ust,81580072,81580000,72
terra1w6wxdwuugwwz3tvu0jll6kw6luagnp3sahs0hp,bluna-luna,7161272,7161000,272
terra1zuls9nn9dcuhmj6shz955aavzqv79qs9jrl25f,alte-ust,2580317720,2580317000,720
terra1urgg87e9rvzn0x7uuchxp6kc0dhaw47eqyfw3j,loop-mine,733802928,733802000,928
terra16a3tx6y08yww04zuep60svacjeylrsm0afmlj7,loop-ust,286948345,286948000,345
terra1apvnkw7mut79jp9s3pkyd00s6dn3vuyf8zut6t,loop-ust,66260134,66260000,134
terra193n8ntq83c7h5dpueve6qcw7kz057xwng7e459,loop-ust,3470195887,3470195000,887
terra1f3ewg5jp847jw90auqhdq8r6p8kue0kg3cwk4l,loop-ust,17729163,17729000,163
terra1umkermkvx66llyn8cy0ncumnprvupl0mck8jty,mir-ust,4077548267,4077548000,267
terra199lxalnzgahzxs4ewaw7y26lu0qwsgj3k9qgep,loop-ust,155421954,155421000,954
terra1pafm2s0klp5he43v808jd6e30mwp35xmm9zje9,loop-ust,72003182,72003000,182
terra10n6qsqvsd280enhpjan9h0xj86992yhhndv26p,loop-ust,24412498,24412000,498
terra1af5efjwzzvwqcezcmq5cetsc7nu5kl2zayg7dl,loop-ust,168422056,168422000,56
terra163zs2wpz3mgt56wthq9ymw2p6j4g8qu0k2zp9v,loop-ust,2656590,2656000,590
terra1pxdwmcwvctyjwz24e9n4gpvqxldkexg0kl4key,loop-ust,61357654,61357000,654
terra108hxvrld7swynm3ekqnpjqtvfvlps3fwp8lxh3,loop-ust,47015690,47015000,690
terra1ts5ha6q9y7hrwjrt7wh6k5r072u49zqgwgp99f,loop-ust,21999253,21999000,253
terra12fddjwg5f06mcaqjlpevg2ddxm3g9mnlcauw5c,loop-ust,991638749,991638000,749
terra1h2cujkelzcchp5j8az6as3nja5jqrnluu7th9w,loop-ust,35051881,35051000,881
terra1qaju5jwaq0kmcrgv44q4zfu39c2v2e3cz2jxl2,loop-ust,276510915,276510000,915
terra1tez9t9wx4h8nftgjd9mguj75fzfj4cu0rjs7ht,loop-loopr,8282334076,4387978000,3894356076
terra1svvjv597gyu5jqcn53l63mnzza36acv9p4qup4,loop-ust,616085481,616085000,481
terra12qw54vdpsvhhfwpvp6gkuy30aecp3cksrq60cp,loop-ust,478262235,478262000,235
terra1gukq0cttrd4qs4tyw635swpekt505tzh80r7s6,loop-ust,49838654,24919000,24919654
terra1z5q2gc5fu00kwdamyux5kxt8sz744rptkmz8eq,anc-ust,80086688326,80086688000,326
terra1al90evejhftec2qm6j847968awtvmxhse79cwn,loop-ust,813391,813000,391
terra1femhfr5rg42duc9j9ld8qvr5saa6a5xjtt527a,loop-ust,33090782,33090000,782
terra1t4s4kuhywaegj9we06lpfs6m8jsyx0z02usqvw,loop-ust,37851769,37851000,769
terra1gmnhqs9fgykhzrx44p0a0g85cs0nldctqrsmts,loop-ust,20591062,20591000,62
terra1tajpa892k4hmwlxxy9c0zcd5z5w0y8km3955vw,loopr-ust,31083940,31083000,940
terra14fxar744m7lwkzg6vkr458tum7av9zv88hgat0,anc-ust,2005942369,2005942000,369
terra1qcdj2um20jsxflzxju8jea3z5lj6w6alfwgsgm,loop-ust,178799711,178799000,711
terra1ghcx6eurnlta8mpy2slaruv9gl648xmkp83k25,loop-ust,49640239,49640000,239
terra1ahmnqaar5ggknr4tzy82rrmp062h8fc0cpj3vj,twd-ust,4311154075,4311154000,75
terra1dg66744llzxj66kns76usk6wtg2y27wy20nu9f,loop-luna,19545210,19545000,210
terra16ldsl4kjg9vqeaw4ydzvcat787qyy0y6aam2dw,loop-ust,26085006,26085000,6
terra16ud8ck0urs983mc53nuv8td3c4s6w030dap8n9,anc-ust,489327798,489327000,798
terra1nljdnnkatd8p9dxsrw2lyp42uytaunev2fjc7f,loop-ust,481939803,481939000,803
terra1jrwwt5d4t3vfqsugt6v5hsn9wqwyhwzfdxtmkt,loop-ust,1617500,1617000,500
terra1h7zrw8ryhvfh29hyenr4l4w3hg26u6juuw55mf,luna-ust,1009094803,1009094000,803
terra1x2vsepsrkn6y2alvppd8mgw09jeku3l9ye4w79,anc-aust,79814395154,79814395000,154
terra1yqpcz9mzwr7c3kjmmqrafphhkz7pa8npj9na4m,loop-ust,15220304,15220000,304
terra1f0spjglwmqdc55dydvch3qgt4dkzt75a7t2ygt,mine-ust,3316962753,3316962000,753
terra1nddqjnfpy37yn2rqzr5nl5kyvjjvuasxpclk3m,loop-ust,766550784,389458000,377092784
terra1zjygw03wlsaejl8qyue850gzmu3ea56lfj7m2c,loop-ust,71183401,71183000,401
terra13y9uep8t3aewstd5u02fyze6rdxauppn6ggepa,loop-ust,5178173,5178000,173
terra1y2vzyl4v8tr3h93rgrsu79h3vxvxa5z4etj4mz,loop-ust,7323455,7323000,455
terra1p2tr3zhlyfpr66wyhvxltwwn9f7rcd6n825mrp,loop-ust,7830992,7830000,992
terra162q3stzkguusml8slukmzv6j3kglskl4g5xwtk,loop-ust,179053260,179053000,260
terra1grp2wcqxlce5kjknqsqq2q87mzck9hpjcvw753,loop-ust,35114874,35114000,874
terra1qh7uqg3mssmgstv9ew8jaflgclemur2qkma2ee,loop-ust,322542144,322542000,144
terra1486edh7n7glty9usxpjn25muh7xmvqjfl83f2g,loopr-ust,319468333,319468000,333
terra16ttatezaa6keasfzde60fx0e9s0m49sqtez7dg,loop-ust,8112815,8112000,815
terra13lzf34zcetf530n8f6aps9tafudug48nlkcexu,loop-loopr,13465817875,13465817000,875
terra1r28r6gx489e9zalrsnczqx7y47st3yazaq9ja8,loop-aust,12724820196,12257418000,467402196
terra16djre6g0m3d9p5drfs2a35luns62up72gfl9g5,loop-ust,15609027,15609000,27
terra1zrqtuje7qp8nkac0sx5kay06weuvkj8r0khrw0,anc-ust,1167280681,284964000,882316681
terra1luv47lksjyjxqesxej6av75mvrwzvxj5xluz5x,alte-ust,63005843,63005000,843
terra1rts5y83faw3tyh9kr8uyzyptajntljdja0dqn6,loop-ust,369654561,369654000,561
terra1yrfux2jzyqf5uuf6j7k7rd5d82lnfhhf0dv3az,loop-ust,1157309134,408000000,749309134
terra1vh4pjag23r6fmtzk5t5mf5ke6ess5fx8l80xd2,loop-ust,9434471,9434000,471
terra1dn8fq2ra2qp4fl6amsk4lcthwxur0dn0f0jj7w,loop-ust,7971171,7971000,171
terra188w0fd892zus60uz49nu98pz0cug5rlzxx5vwe,loop-mine,179873822,179873000,822
terra17u4qmckugktcl879sysud5p8dsaaqj9zlvzczt,loop-ust,427638754,101990000,325648754
terra1kqunkdrhz9lyp4qtjm4nv4r4h6rm5p3vuaxqtw,loop-ust,236410986,236410000,986
terra17cz879yl33xkvyflwma3rhn6x5dskxy4p92jgc,stt-ust,582718793,582718000,793
terra12hdw3zhlgvfjhwefwh6tfq2wu3vs66p62rf7ws,loop-ust,151244248,111784000,39460248
terra1luv47lksjyjxqesxej6av75mvrwzvxj5xluz5x,twd-ust,456960960,456960000,960
terra1fpgnxqp3jp720tq9upyp8wmamuzksdrzlqtghg,loop-mine,1397464596,1397464000,596
terra1s0f2mcsnpnwnk0yclnu6al3hmd8qmhxlt04fze,loop-loopr,38364569555,38364569000,555
terra1l8npwgzgdp66l347809j50lrmuycdz3mrvy3xg,loop-ust,277749674,277749000,674
terra193sxvycgqw57sp9hxdplggz7jtqvu9puvgudtl,loop-ust,2740327,2740000,327
terra1gk9rlhaqy0mzx2v2xvf3hjmxg7dg6czugypce0,loop-ust,387643239,387643000,239
terra1e0f5z54xnl7drrhursp3nd80q5e7z4596dsn85,weweth-luna,819900,819000,900
terra1k9hhv266dm37trq26dfqe8elzvphs340hf72jc,loop-ust,5068474,5068000,474
terra18w4r5z9xpjzfxutydmscnp967gh8k6pkkaxuce,loop-ust,46200021,46200000,21
terra1xzg8hl7gzhs4gepdtekd9a3xc855v85tvwtkt0,mine-ust,18027004,18027000,4
terra13cwrqe7t84w60fnrcjcn094ny40lvuy7z0dl9j,loop-ust,16453538,16453000,538
terra12csx76qzzafkkl3f5qzs93nmad7qn3tvy6qvcf,loop-ust,6161211665,6161211000,665
terra1u4765kh8vp8n8rml09yne92vsygru4qrw3jn4n,loop-ust,950547,950000,547
terra168gfn524c2zpjhmtn593y77hw59zz88hqnwg0h,loop-ust,6344199,6344000,199
terra1d8a75wmdhdpv329krmm7r7e5ecl642vn43fe3v,loop-ust,1355811913,1355811000,913
terra1gauundk4gkrysl2lutrjslhn9f7ph86cet6qlq,loop-ust,5988359,5988000,359
terra1590jheskp2rq5gsm7qrffds3ya3zwlzq6h0259,loop-ust,12274996,12274000,996
terra1wk7vmc9vxmm2q23640dunnxg3m9yuqmk3cr0hu,loop-ust,7905971,7905000,971
terra16427k48qw7uqkeyufprwkt5asf9qhgc8cs4s90,mir-ust,100006384,100006000,384
terra1l2gt3rgxz8eqqdpjnnjq5ggh5j6akxtsz893uv,loop-ust,1867559,1867000,559
terra1yglf2ka867aqzrkskax888casm6c4hl4crnz57,mir-ust,168540647,168540000,647
terra1s4kkrkvajxdgqxu62ddtgnmjtkfk6ga2vgucga,loop-ust,22637939,22637000,939
terra1cd64x3xlv7g88tv2xeu9tn8wtzgwm8v48hshhj,loop-ust,7847224,7847000,224
terra1ez2yzzaelx2kugqcnfcr5wvyxmjl9de2ecxr9u,loop-ust,74563348,74563000,348
terra1gl42ua6xvenm9sy7fam907cvr7jsl86l4znc3s,luna-aust,124047046,124047000,46
terra10qthlrwttm2x7uegd6m3q30x20daqmxpklytcq,luna-aust,30264556157,30264556000,157
terra1r75tgut5hvwcnjsxqe8prdk0g4tzy307lvycr9,loop-ust,6151658,6151000,658
terra1q89svgvhdu5ttd0as4ehmr5444ch6hmejjlqnu,loop-ust,12701918,12701000,918
terra1r44vpq5wrgjjr9de9tdtl49xv2743e9us6zhmz,loop-loopr,32368163908,32368163000,908
terra1pzxzqu5k0ftq2j3rk94weh94fl366pmmx85vnk,loop-ust,79714988,79714000,988
terra1l0jpacah0hpeptxn9d7g58300kmtzqycg6xqav,loop-ust,8457814,8457000,814
terra1h4xqkkvkmh3k8tvdalynkfhld8lzkwym8qkv84,loop-ust,42372306,42372000,306
terra13z0w2kly68359a2f7tavggxy8vvdevp4ymammq,loop-ust,17405193,17405000,193
terra1gad2ycuva54l03un36z72xhtgves6zxwh6j2wn,loop-ust,80731614,80731000,614
terra1tdklfyew75999wpg7ky55p89xgf0sa59g7e8zm,loop-ust,131163560,131163000,560
terra12mq0ggp3jlsx8pdd3ukmqk2mp28vyalhgs3352,loopr-ust,65035860,65035000,860
terra1cgll79cgnvv2ca5aglehxfnzrqhgvkr5e9d054,loop-ust,18643383,18643000,383
terra1963zpjm0e0a07q7eg3k8ujgycwzeyt0nwsz0u8,loop-loopr,39530232080,5000000000,34530232080
terra130gkxe7rftfhlztpsgn9dcpcu88qns3gf0p7g0,mine-ust,4755821415,4755821000,415
terra1dn5jzdurvh7vy5k85jq0c9pg0lzmrjncvxlvqe,loop-loopr,10796131226,201578000,10594553226
terra1m5zjpwvkf76dvd8pf6dvsf6mdqemrsx3zdrwt2,bluna-luna,8599359,8599000,359
terra1072y465zufm9u6c0hgwkcf6zf3l40nldnt4pav,loop-anc,8147503982,8147503000,982
terra1qwsklhzhat6rf8ldwxq3a33g63q7rxu335vr6z,anc-ust,24040582,24040000,582
terra1tlqezvcawmz7c0uqhvsgre83zkxfhh8exx8ts6,loop-ust,19605215,19605000,215
terra1y4rkgstt6m6ls82jzhhev5gm2hrrsza5v9xfsg,loop-ust,41042345,41042000,345
terra1e2l0zfeamdpqe3qq2sfnx5646wgytxy4zmxc7c,loop-anc,2409688,2409000,688
terra1lzyy66e9k6yu7awd9yv0jxgpvtshcqawug330m,loop-ust,10030143,10030000,143
terra19ux6fv44zvksd9k0cfkt3jnv09av22mgc06gs5,loop-mine,28256714,28256000,714
terra1gan8naj2rvg5n0w4e54835nfuv7w0xtkwnmy4d,stt-ust,83481532,83481000,532
terra174xxyravne6hwdstfnvdffey2pj5v7rq5vkdul,bluna-luna,2099152,2099000,152
terra10u9xy4rjhgx09d2lf8zm9pqnh0wfg4run985zg,aust-ust,26837598,26837000,598
terra12la43zgv4l23yq0cufx636m24nvfytswp3u8kw,mir-ust,40794818,40794000,818
terra1xg67lvqj50w3xn3aah488fnaf4xwmllfjr59e8,loop-ust,850587380,850587000,380
terra15n3m8c2l9dl28ja4qaz6979tszxnzv2uklhspg,loop-ust,55976373,55976000,373
terra13h9np8wg480m89py0hgndqrxcz0ea59xeajlce,loop-ust,51163698,51163000,698
terra1dasszcavrdh4nqdf94day7jj9k7fcs0l9d76t5,twd-ust,104275629,104275000,629
terra1lman5f0jvtelxa439qppcmpd2a86cqtlnkgtch,lota-ust,878498914,878498000,914
terra13zu0ra2evjc2atyr6up0hhxmfmm4y4s2kxkunt,loop-anc,479454026,479454000,26
terra18fp9mc2wg2d22runfc8ztrkr2re3dhphm6emul,anc-ust,250321876,250321000,876
terra1ck7wfqld4cydwtadf26jn4xvp7zja52z08f023,anc-ust,74791337,74791000,337
terra1wpj6hls5maw9xawjqydp32fl6caryrkypsr6sw,loopr-ust,18963733,18963000,733
terra16gdvel8yeuj50xyhlnj47aj5t004uvd4nwswqq,loop-loopr,1527231398,1527231000,398
terra1rkg66cklt404thhndrtsnzt7lg2449rl24qqa8,mine-ust,3964363969,3964363000,969
terra12xwxxmhew4tpxq2ezcuqjjqfyuhdltjves0j5c,loop-mir,1230409115,1230409000,115
terra1lu76rye3q6k7fhkta333zwj0kjp89jkgkdkqua,loop-ust,10751895,10751000,895
terra1j5khdwu3p3pzxprx2x3knv68ntypfshyd9th7n,loop-ust,168456374,168456000,374
terra1ujgvdeqy8w36slj9x4ntgjpwe0lr6cnhud57rf,loop-mine,153699773,153699000,773
terra144egxv6x3dhngud065a36dvl7kkml77rmuk4uq,loop-ust,11680715,11680000,715
terra1npq0k8kweuqc3arfshe9sjgfaluzn029dv4wx3,anc-ust,2792004878,1408128000,1383876878
terra13ayrgwfn4a2sl8e56f9mjl4m2tn8n6xhlz625u,loop-ust,16825324,8936000,7889324
terra1ea2uhqsjwap6y350hq5f3fkvmlc49zj9myrr2z,loop-anc,6120205,6120000,205
terra10w77yuhejwem8fnwwnmtd7xfwmhe29z0jpzhgm,loop-ust,13456978,13456000,978
terra18r2zrd9aepuqgwjmljpn2tf9d3rq9jk6v8punq,loop-ust,2496309,2496000,309
terra1k8spkxkw80h0ygmfz226f03qvgt3nq3ggc3309,loop-ust,4162819,4162000,819
terra13alvjhlpxp9fq54sj0g34j6mqf75zp7g97yw8d,mine-ust,1120270587,1120270000,587
terra1napc94jpsenft6zy3xtmd2jfplpz4axunhaeuj,mir-ust,59802017,59800000,2017
terra10mlyh4ygfrr0ltp93s9jrjlxqfkw4q8snzxv28,loop-loopr,12278734389,12278734000,389
terra1k8r39zs2gzx9mht7ukpmqq3x0l92766ytg6tyx,loop-loopr,2086039122,751896000,1334143122
terra1x5j20sd9wpjp03m4ccszp08r4yk2hjqhwgtaw4,loop-halo,742015613,742015000,613
terra1vvk90jum7s5krnfdw6q055x4ghamy4l3d3dpj9,luna-aust,42993966,42993000,966
terra1zxfdv05q86sl90634pfz8hdqex409fmhvadar2,loop-ust,10270677,10270000,677
terra1t5fvzdkv3jve5s3ueh9usd30xmsd7jca6ewlls,mir-ust,12191997,12191000,997
terra1u76djzyfhgdqvq5wevh7st5w0vv4f7m0jym6r7,mir-ust,29415735,29415000,735
terra13w09rugtsmqaxwucnvm5xjh93s9cj6l2ra57pv,lota-ust,15969892,15969000,892
terra15dn9n3ktw3766ks8zkuaxmk972kr333kznzc57,mine-ust,7741273,7741000,273
terra1ej9hnu5u2j320r5rx969ru8xfekry5pna6v5hv,loop-ust,3869175,3869000,175
terra1d7sz4s79jmt0cjhxtngncfwpmda7zvkz3v5jr8,loop-ust,6553054,6553000,54
terra1m878jy4lzc8zmq9ulajvhkxx49ymmtegu3d5xt,loop-ust,41713573,41713000,573
terra15k7flrfdl9zkcmrpmvws5f62erwrycgkrml27f,loop-ust,199451965,199451000,965
terra1kgmrp2rdwwxvjh7t8nxmr6gdzm6z7v6w259nvz,loop-ust,34234617,34234000,617
terra14t79fanlfn7r67ul5pdmxxrw8v0879rjndcpj7,stt-ust,169067078,169067000,78
terra15y4lvl5a83jtddsfk7ju3tshwwd5wls9gmafqv,loop-ust,2984311,2984000,311
terra19y88z70r6qz050zrm8cy305mlmzdpzjg6ed8je,loop-ust,63264352,63264000,352
terra1lz2hph5eyavup4dhtgdh69g7gf6ess3wqteewp,loop-ust,89240873,89240000,873
terra1kznyy6tta8ju607m9k464me4pyps6wc8emjak9,loop-loopr,84072359101,84072359000,101
terra17v6vngdasnj2njuqeukeyq522xgftytfzvgk9n,mine-ust,499432630,499432000,630
terra1sxdgfk8nzr536htwxtq0nmxhesh50ughfvsynl,loopr-ust,58695445,58695000,445
terra1v7wecuhv9apkafe2e4l940khkczeq8t0w02h68,loop-ust,319969863,319969000,863
terra1gtwthyqqxr40e2zvft5uuvnlhwwewsny7cuqkv,mine-ust,181043905,181043000,905
terra15h8fn2r80kkqrjdcsm56ew7gzcah7886nk4nnm,loop-ust,1661833161,1661833000,161
terra1rsk638ha7wgr9g4v9k3q8t6qs8dmhc4ct2m7tn,loop-ust,792456127,792456000,127
terra15wcevsnu5y3hs4mn3tg9dzldr795muazk469pa,loop-ust,592156974,592156000,974
terra17v6vngdasnj2njuqeukeyq522xgftytfzvgk9n,loopr-ust,4305071302,4305071000,302
terra1a8meyyd9fc2f7uvyr3426cze37aml0053rjfx6,alte-ust,5342443487,5342443000,487
terra1s4eycecvxxtuzcg4vgpcphrr0wu3q6skht0543,loop-mir,21441102,21441000,102
terra1exzsctagfsg0jjw2vxsr8kzjvgpack7m7345ms,loop-ust,44288720,44288000,720
terra1ugzs6yy0r4248p0heezcvsxgj2vx2wnkp5nqqh,loop-ust,2701636390,2701636000,390
terra1ra5tgc54cxmqtv8y6tyhy5ckzzdzrn8900cgls,loop-loopr,859037447,859037000,447
terra1v9nlmjcsygtg9f8v25kph6c7p5veez6ccqssfs,loop-ust,4367087,4367000,87
terra1xmqkcuef0s0cuuuswpule60w7ght8dhscd8rpd,loop-ust,452623993,452623000,993
terra1rdtjd7690dv4q32u47x0jh36fkcldk52z85wnu,loopr-ust,156515431,156515000,431
terra1u4xpx0yq377nt44rfhkkrkz5spd70t9j0k06ye,loop-ust,86260944,86260000,944
terra1fvqh5uk86qrl7kmxelrqmf3sj0mjq9kdvhc02l,loop-ust,9982232,9982000,232
terra1kegpq49e9f9r3rccdmcjta0dsp2x3tz5vqutcj,loop-mir,309090307,309090000,307
terra180yaxe9fq54x84smc5weku2qpcynvmuyq8af7k,loop-anc,471090966,471090000,966
terra1wnh075fkj0vxfx9jq5nkc7f6dpxwa29yljmx8v,loop-luna,15620657,15620000,657
terra1ygj634r3xjl6mrlawpmyg0ak6vjpx03lu9jt4e,loop-ust,24565625,24565000,625
terra19hjmw0j22wgx3f3dksp84ae87lfa4fju79mtsy,luna-ust,67137702,67137000,702
terra16e72dacdmvcxdtk7l7ve8hxrg4n8lcv0uq0pf6,mine-ust,12051489738,12051489000,738
terra1r24ncu4gsv9t2wz9ffd792s0tth99shpke66vm,loop-ust,11967715,11524000,443715
terra1qdujklqgd7yzeuqunc6xs2dyqa965jgdzy33q0,loopr-ust,12240597,12240000,597
terra1rgzghwmtt33s2ft98gs3xurl07fmny27mmxffd,loop-ust,980130638,980130000,638
terra139w7arglcpeegat9uwq7spzvlxzeqq86wy4pll,loop-ust,183180667,183180000,667
terra10sgracv98g7ulj7khqfgpafpfll93j9xvz8z3f,loopr-ust,10234735,10234000,735
terra10yh462gaggxkzt7q2h5v4hycvj305yfhkvhf5k,bluna-luna,122521832,122521000,832
terra1kuu9huaafxynppt0hc6fycywycfedy9pw2n6f7,anc-ust,4279405516,4279405000,516
terra1vx6e3py0s0md6keg4cqhsg4hcnkh9m3d2pmzs0,mine-ust,406318197,406318000,197
terra1rc8zsn3m5uxhj7wmds5zlf7s4h0l04cthlg8xu,loop-ust,13752331,13752000,331
terra1xxmal3vy5gn5cxfq7j2evsqts8sg0puav5grw3,loop-anc,191464244,191464000,244
terra1fdwwtjdg87nfszzvqssefglrhxw9qndz32djth,loop-ust,1461949,1461000,949
terra1k6zaq2gs2czyfyj7gjkv7jc7r0kd4wtgvf0wdn,loop-luna,1402035803,1402035000,803
terra1z66y9672ulh5hhaa9t5nwhgra8retxn29wkcad,loop-mir,1376672027,1376672000,27
terra1kp5yy03ndcr7lzpd6rwgtlga37wmz7wdjtg68q,loop-ust,150250736,150250000,736
terra1afkd5f8ppxldwcxjvqa2d5yqvan83xfszc32u7,loop-ust,16548927,16548000,927
terra175pfhlr9lpmq0d643wrcrnkkmewgfdwndzmfnm,loop-ust,75395274,75395000,274
terra1nzrmhgqzac43zclpz9k03xld8836df49dpm8p0,loopr-ust,67197549,67197000,549
terra124ttpyzrzek8wldcc25wjt9t5qltnw7dwa2yet,loop-ust,7539140,7539000,140
terra1sm8687se6kcl9hrc4nfakcxwk2yjwm0pr5zyrg,spec-ust,380121524,380121000,524
terra18wup0xwm5atth9leamw6fs6kxyeld54prh7e9m,spec-ust,68945966,68945000,966
terra1mlrhsutg24uj93t7ksr82e2lj97kxz4wsn7yzp,loop-ust,285499950,285499000,950
terra1rfa49lezjuyqm065h5204f2yh3xq60mqqyrgp7,loop-ust,466608583,466608000,583
terra1kv2zk2tlenjkkme7pdgqcysc9mk8jsa7p4fvud,loop-ust,116776243,116776000,243
terra1ymwys58nvcggrwkaea6s07xknhpqrce7ngpvw7,spec-ust,610832033,610832000,33
terra1kut2vh6t2afxwxkw0458rrzjfjsw0z2dwzg9qu,loop-ust,921014892,829386000,91628892
terra1fjs9tz4ctjsr6p9q6xexlt5y58xskj5m7xy5xd,loop-ust,481647232,481647000,232
terra1wda7prarg6w93n2yjak78l783cjhds54ml0mpp,mir-ust,9950983242,9950983000,242
terra1yrss4vsp7w83c7nu20yxnfd70ycm8pnrxkmyed,loop-ust,6994532,6994000,532
terra1xtdpnp9m77mkfv6yd72uthsu0tfan7646e4ucd,mir-ust,55244010028,5168730000,50075280028
terra1wc6xus49qvc502c2plpxwxutpu5gx620s5y045,loop-mir,2066823054,2066823000,54
terra1rhw0vy9ezcqway5pg94zxq43v0mpqssped3ygs,aust-ust,95487534746,95487534000,746
terra1hmujq3uctqhvpfnmjpxau5flzw7a7p3vf0y822,loop-ust,210623122,210623000,122
terra1vedwt7ewq48vy5s8d0e78fkrvy04we7p807jdk,aust-ust,134569487,134569000,487
terra19y2a76mc74hv6dmg7m6nm76660wgaxdsulxcje,anc-ust,2150956030,2150956000,30
terra18fu6njucntvzqu76swxce7nptlmxwa74c3m96y,aust-ust,1780415437,1780415000,437
terra1k3thx2nltk4rmq8r9jxnhtle046hy6rn6v8pxm,loop-ust,57133364,57133000,364
terra1p0rvutvay4vnhqnrlw3g2jdqzkn4tky93mc0ke,loopr-ust,3635395989,3635395000,989
terra1huvq3fp920clasjj52xvqxz737msuaxne9mljg,loop-ust,9208960,9208000,960
terra1ulnhdkn40dszx4h93hxgkatptt4e274zjgzsdf,loop-ust,15224091,15224000,91
terra1yez5lnjm63ls9efetr893k3yw527d3sjlh2jex,loop-ust,14788735,14788000,735
terra1zt5gvfyha6zkleguaugr0l9wjau7f2977dm2p0,loop-ust,32797207,32797000,207
terra1ykddpfe966uusanlpzlc0k2tkypvchmrr8ddk3,loopr-ust,74353029,74353000,29
terra14nq3ca33zlwwvpz585e4a27k2cn6tuenjum4ys,luna-ust,65594152,65594000,152
terra1f44m6ylrufl3k0ge8txrzjxnmwg9dv4sw52ynt,anc-ust,24361040,24361000,40
terra1l28pky07umychj0m4gmvpm2jzzehgw8argu0e3,bluna-luna,4991934,4991000,934
terra1n4a8kgmc8vyqvnznjetjkyxtkv33yxysw6w7np,loop-ust,2823787,2823000,787
terra1kxz2j007ruq3ga35utv6kvm08ra5c4r0lqnyqu,mine-ust,2232324059,2232324000,59
terra1gndm9mj98y58fypm6mnm4hza4zx6m3rsmx233j,loop-ust,1778564976,608589000,1169975976
terra1j7q0wexwm9e4knr4fqus0r9y38mayqlkfgvpey,loop-ust,55477941,55477000,941
terra1nxdwwrpfshdtj5mp4t6kam6wygcxtw3mv3lcm3,loop-ust,6879995583,6879995000,583
terra1rwxkmy7cksk8w8mgp96lqk493g36jk7xnw78jg,loop-ust,11541617,11541000,617
terra1dwa2fhnmm2fddsggzd5ff3pyfalg0g64thlj67,loop-ust,10459285,10400000,59285
terra1yrpwlqccvl3562hffnh89dcuy8z2fzrwk7vplj,loop-loopr,6521173193,6521173000,193
terra1yguh7dmeh5nw7cek6sljktwkscdgx9het0y6e0,loop-ust,63766269,63766000,269
terra1mku0fdwlsayy6gxg0pafvmvyfa47x9mckms7wx,anc-aust,72064066,72064000,66
terra15x2vjhg08qfq5lgsh042mrhe7y3tjxd27yhpmn,loopr-ust,2164150124,2164150000,124
terra1wrx893xfphqaedsu3zdvkc9jwvq279uskjk96f,loop-ust,7864687980,7864687000,980
terra1394pscq4f94sfpday4kv8rndz2eskh4qjgx4ss,loop-ust,511751445,511751000,445
terra1rq2j347qxp9wgjgvtm6tq3d9m405fc0zppc5aw,luna-ust,653441963,653441000,963
terra1w5fpak5s0uzdgw75jdrt07lu95gdrj8z3yhvfa,loop-mir,1012616465,1012616000,465
terra1urpw74hqh0cwrnllgvcqvmh8g5rra8tuf7fckp,loop-ust,51540387,25770000,25770387
terra1zmj698uuq9txmqqtxjvwrapx53sh975ahlujrg,loop-ust,54006996,54006000,996
terra1d6vtapesccks0zagknkrndktdg7utl04q8z3qk,loop-ust,47619922,47619000,922
terra10mnjvltqy27yu7zsf8s4xywhvu6682qx2aqr8p,anc-ust,114094117,114094000,117
terra1yqx9j83qr2grsyy2g4yzty86chyldusgs4qgcz,spec-ust,3794752995,3794752000,995
terra1uh6lhvy2396z3d4h6zl66jvsncfgf2r5sq3nxn,aust-ust,894949088,627380000,267569088
terra18xfnq0xr08j202jstewgm62pgy20jgue9tyfe8,loop-ust,2426343,2426000,343
terra1txtu3wyjw9z0w4hufn5djllxt299hushkwczuq,loop-ust,847568555,847568000,555
terra1zn0j3mnfwuxd09kdv35ghmjvyzllvz4nx3g7wk,loop-loopr,683976062,683976000,62
terra172ddfllqzcsnrw0dqwkfmdem2lske7aqpyv5er,loop-ust,9847708157,9847708000,157
terra1f3tcvc6n76f7zx5cdqr9dgcd6kw3td9ecdgjkk,stt-ust,347079614,347079000,614
terra148nujtmq78eya4u2nk4955p2ewwk94uhpw6hde,loop-ust,49004501,49004000,501
terra1ytqz8jmvrgasth7q08tg9raxk6gmxz8dt9ffar,loop-anc,30275034,30000000,275034
terra17uwfxgaluxxd6nzpzwzjzun8fcv7xhzna4jc7t,loop-ust,16137156,16137000,156
terra1nuxlxnyxncdl8365cv7837ulxadmy4srjwen5m,mir-ust,142893356398,142893356000,398
terra1rpz7sd5ex7zmy2avwkdjstycdz3fk0sffptm7d,bluna-luna,50179581,50179000,581
terra15k2hvsv9wl68hesqkkc73xpsdx7cvux26uy7ng,loop-ust,183519916,183519000,916
terra1yjh9wqk8c0xh5lmu6e8h65gf66srqdm302e4zt,loop-ust,44465220,44465000,220
terra1ne8p3j7f8469mj5lnwqyva94lf3ckxtmwjcey7,loop-ust,258679290,258679000,290
terra1hsg5vlldynknfzy8axz9h3kxyhc4pclaeehkm0,loop-ust,571319069,571319000,69
terra1sh958rgyneys0lpyr4j9uajuemnytkk92ey29m,loop-ust,5425590,5425000,590
terra1psyx7j20gdkzscqy7eazsr3ytklhwnsypjw47h,loop-ust,90203883,68039000,22164883
terra1zusjdnggv7ph26pe386ps55j00yathgejv7acf,loop-ust,4257544,4257000,544
terra1qp8qjtz53e8u3gn4cdmzhs7tmxdcdfvn20ys33,loop-loopr,179151186490,44787796000,134363390490
terra1333smm07l5us2663rel6wj6se0clmt05q3lcpj,loop-ust,88351645,88351000,645
terra1zcfdvw3s94f6ky9t6ck7e2g70e6zjfda0vtdqn,loop-loopr,278893108,278893000,108
terra1qu305nmu25h0u8czxcmrmdn0zq5q598s0ddt8t,loop-loopr,7193046279,7193046000,279
terra1agwsardw8amsjhgj8mp6czclp8c39hq29fyq4f,loop-mine,488549637,488549000,637
terra1tyvlqhr0k8a39ppzajckxqmmnlvsmqlnvnhnpe,anc-ust,163457263,163457000,263
terra1j4hqe0x4mgm0ktjusexljn3ldm34hhs2cvz52v,loop-ust,19513230,19513000,230
terra1f06k0npvmrp5upjxhh0myezgcvca8df7n93pc9,loopr-ust,67552050,67552000,50
terra1gk7cmv7qna0hjx2ekfj3tqk02pm972jl4ct33c,loopr-ust,402347774,402347000,774
terra1s423s24d3hn7avalspk3rzfqvncrfygv6gq87m,loop-ust,478503499,478500000,3499
terra10smr6vu79p0qpxtsctc7nmkk72qkgq3wysdtw8,loop-ust,28469088,28469000,88
terra1svvv88jtkhyqxcmcwyhn6snp4sk9s8c4y63py0,loop-ust,14830852619,14830852000,619
terra1vx50nllcytxw9u4f3fus7x0ech74lv2665vyn8,loop-ust,907511,907000,511
terra1eumvvdg5fz9aphqxh8weg6nve6a6hgxdm3ee0g,loop-ust,10034646,10034000,646
terra132vkcl4d7c5mya5uwnaw5qzdp98ylj8f7afv0p,mir-ust,302477119,302477000,119
terra1d65lhuck8u8mxxysjdv75kwvl7324u7xdp3u8w,loop-ust,54634498,54634000,498
terra1gmmmae6an529apaugv0rtu74lg2hnpt6dw7lkx,luna-ust,5167313,5167000,313
terra1ee5r9fxs8mupl3ng7upnkjrv2jqsd4vluvxx4q,loop-ust,8419922,8419000,922
terra184249he977u7hg2ck7ac479e8l4v23gmftzmua,loop-ust,124079339,124079000,339
terra1fsvfrvecapqk4kutc5tzsfjkqcperh5v8y0pcg,anc-ust,464343986,464343000,986
terra159m0lgdlyd2dgfgzgfahgzxnjhsgvrjv6y4g7v,loop-ust,23240698,23240000,698
terra1q52hfajytumzy834fr9s9h6lmxnxhrwg5kj09s,loop-aust,7334668513,7334668000,513
terra15cz6nwa8pguw7u0j22edpkpru2l7yqf2ncyt9c,loop-loopr,4484850223,4484850000,223
terra1mqkpg0lptrk5upwjuslmhrhc6afunxujmhcdxs,loop-ust,4117067,4117000,67
terra17e7t56464eny9pws6z44zezt48tvn5svk485kh,loop-ust,4560539,4560000,539
terra1ktts8skm23zl6mrfkced5e47m0ad6mew0f0hkv,loop-ust,4758077,4758000,77
terra1y7ccqfq7d8whul6984svyjpnajqdp700asduur,luna-ust,80414541,80414000,541
terra170jlyef9qa9mgjxpy6jggre3l0vg4alya8sp5f,bluna-luna,1872684,936000,936684
terra14fxg6uknucnq65nrczcyqjxvsqslfsp2d9w2cl,alte-ust,163796311,163796000,311
terra18jh6njzcdvyjlex79dsqnjkqe4a05khhsavgxx,aust-ust,89648958,89648000,958
terra145attqs8acm0y0as22yqtf3h93fzqhcthqm05a,loop-ust,292525660,292525000,660
terra139645x7kry55ac6jwfntar07v0a24h037699sl,luna-ust,100004821,100004000,821
terra15yqxg4akvnqarn7fe5dnt4487tcsfa4zvzccn9,loop-ust,1588295640,1588295000,640
terra1m6tv89fzuxruetwchqy870tukghzfh83lxz96u,loop-anc,2724481,2724000,481
terra1xmpafjzu5snvr200k74xpd903uvp3ah0emyqur,loop-ust,35601627,35601000,627
terra1wzc3f7fcl8sxheaqtgmjvpgg6zh5zewz38mdtw,loop-ust,6282812,6282000,812
terra1x9y4x3lyj95spzfmr4jxylcdm8e2uq43ngh9r4,stt-ust,608823694,608823000,694
terra1srauw95m600l65x8az4vcjzx8f4v5twpqpsaef,loopr-ust,49097336,49097000,336
terra1ej9yttjpyl4jrstfd7l35ek2xcqeu47w3zpe4c,loop-ust,4802578,4802000,578
terra1hhchj94dzn3yaxmvk4atd3rnfycly3cswwa4nu,spec-ust,87168668,87168000,668
terra1n9jvd86pq9mlv6frf285j7m4v28wc963chqkat,loop-ust,28799814,28799000,814
terra1zhaqfu6fvac2ew3p52kldnwk93sd2ysgmvm906,loop-ust,196788469,46405000,150383469
terra1ru2pwcu2hayr78q50r9kxedy96lhyjw22h2kmf,loop-ust,25862598,25862000,598
terra18t4r8unvkdv4enlrvn9y6dx09fjgqfawl2y5u7,loop-ust,17725478,17725000,478
terra1hea6ykwj8anltg24unytstt9mg6esfzkzuxvft,loop-ust,71023624,71023000,624
terra18xuxfjheraqk7km0adk2063c5u8fquvru3kfej,loop-ust,1443942,1443000,942
terra19w7qsxjw7hs4yply8gh34se695zdkr6ftnjs74,loop-ust,98225937,98225000,937
terra1crnu0qpdqamaulrh3g4wayzq0f0gma3tr4ggse,bluna-luna,70351994,48406000,21945994
terra1408ryk975jjrr8msx0qdcul9rmvydgwt6n6h7e,aust-ust,5541202741,5541202000,741
terra1r7jffaasczynrrkst0htwfhlhck67yh04n5h4z,loop-mir,264944084,264944000,84
terra18kxll5tfhenfgfff8wpfj833tllfwrx37qga20,loop-ust,956393840,956393000,840
terra12jj3saz28cyapxqqzmj5psy3cchh9yq2fs9767,loop-ust,9062427,9062000,427
terra1pqfgjclj9gywtaj39p2mr90q2hlm9xglt5wq8c,loop-loopr,671347198,545310000,126037198
terra12tueqcenydfyqxnwurg5vmume7lvfnxdeaqhz2,loop-ust,91676775,91676000,775
terra16u6k5m4nf06fuvqhme2yg4d7wmwq2fu6q7xh55,mine-ust,282234913,282234000,913
terra12x53kmmyxxgwwz03nuqj9nql99v3zp3spqnjvx,bluna-luna,3732689,3732000,689
terra13nxuu4nk842ye9a0e9cgxjkaztxc6pv6xk2670,loop-ust,26574767,26574000,767
terra1thws5qvg0s99g2hj92yahu6hnfxlcgj3lpk4pk,aust-ust,864190049,864190000,49
terra1mav5873py7ntfg5q5cv76v284ah3y7wp23txu7,loop-loopr,5590029342,3728598000,1861431342
terra1cdhvuf4ec0fnxhjl5uawds2j0jl2xy4lvscsc5,loop-ust,5359188,5359000,188
terra12wxta9ysul8hjmk6wstu2zlvaqthnw6nqw9cfy,loop-ust,23627098,23627000,98
terra14zqcc8zzrsustsh03l3xyhzman3tne5nhjyjjy,anc-ust,439199869,439199000,869
terra1m58r89q38k4p3lr2tzck33t4snrtcvjueqdgdy,loop-ust,114680743,114680000,743
terra1vlymyra6m4sju8gwmugj0f8htd98av2zxl5n4s,loop-loopr,716356564,716356000,564
terra1namtfd849chx5nyv3dfquvfhmrcjk5hv84dz37,loop-ust,12460469,12460000,469
terra1a8mynmdzkdrklchepcz96navjl05vtqjmfkgjx,loop-ust,796425140,796425000,140
terra1en6t4s3xdd8az2whrq528axkhmw66vyhdke2ag,mine-ust,10798725,10798000,725
terra1xjv232c5nx6pxpzpx0hwt38k6sgzhc2mcwr6rp,loop-ust,12937843,12937000,843
terra1m6dr572h3h29ttvzd4rj93c54lmml8xnyrz4xa,dph-ust,951728396,951728000,396
terra1t5fvzdkv3jve5s3ueh9usd30xmsd7jca6ewlls,loop-lota,23986107,23986000,107
terra1mdh63el395vcmyvklnpu9cuq79k8jl0qf8q73p,loop-ust,140289318,140289000,318
terra1njekzf98cy4gse2nq2jjrmt038wsvk2vtwzfrr,mine-ust,230269586,230269000,586
terra17ckyw30t65zpt4qg8pxs86w8z6ph5r7wta5dsd,loop-ust,14374231,14374000,231
terra1xr7rc7k5r99c88u0vegpkvqtu0e5reay3erc3d,loop-ust,27423634,27423000,634
terra13rtc0psw6dysq9g9n2fg422qp6qs6s80dkdnlz,loop-ust,54572240,54572000,240
terra1vsm2ylq5nf9yky2yt5n7acgf729nlmdsun94ll,luna-ust,14663542,14663000,542
terra1p0mnmxgzmftynkym0n5t0fq3wv2mmzszpc0ejq,stt-ust,69424193,69424000,193
terra1w49fvf48p5x9v70fkar7g4k5r5rxzyl980fvuz,mine-ust,1377938,1377000,938
terra17v6pp3ga5gq5gk5fruf6k3q0ad07kndzkldehh,loop-ust,11085399,11085000,399
terra1d2vs5ad8jeknh9qk3we2xr37szq2676tad7u4r,loop-ust,24308450,24308000,450
terra1js6rwd7zete2r7fzz78kc43ua5xvg9ddv85695,loop-ust,416951826,416951000,826
terra19y0qpm35tyku0smplx2f9s7e5kdwug0tym2ta2,lota-ust,1226332552,1226332000,552
terra1062vg8jzm6wm47zplttezp7u9gsknaxljv5lj2,loop-ust,90873567,90873000,567
terra1latsp70ssqhwf7ymguu7v9jssp9cxep3kan3cx,loop-ust,4908522,4908000,522
terra13k05s8hrhswwvw3sa0sx93242sdm3sgu9rxvfp,loop-loopr,17788118615,17788118000,615
terra137jr5n77j7scnfm9xdv33yru4hzrhgdxqd4q37,loop-loopr,70583909849,3603976000,66979933849
terra1j2048cglc8hgn7yku6775y9ve34c5qtvuspdnx,loop-ust,9945417,9945000,417
terra1zxgva3kq0fhyjtfs8gsnl9f8zm8hh77sp8seet,loop-ust,2810496948,2810496000,948
terra1jw3cm6g2gqzdjz96j8l3f8ry7m5cwhph282drw,mir-ust,4724505860,4393403000,331102860
terra1yelmaelplld5fh5p78etqtwh50memxqfge7q8r,loop-ust,206128424,206128000,424
terra1fyu2hkatn20tlxsewptv5jvv8w2mdqv8lfprq6,loop-ust,14493408,14493000,408
terra1y3qx2mut32h465n4j2a0ed5d5r3rl75l2y7kug,spec-ust,53519978,53519000,978
terra1t6t2m75d6ej3jng2560aj95z4sqqt7cnna8wf7,bluna-luna,157766673,8025000,149741673
terra1xmpzr7p0pcdwd6tgxz6jf59t0m6vwrfjnxq0n6,mir-ust,475830291,475830000,291
terra15rdt5k8ftcuatdhsl3vamv0dcj0jvyxejfhz46,loop-ust,120404133,120404000,133
terra1s6eg0qxwlca7at2t6xx0rj7vrpqwlylddd0nq8,loop-ust,54627257,54627000,257
terra1k42pc4kt0227atraaxtnwkzd83sjj550zt26m3,mine-ust,11529107400,11529107000,400
terra1er2twkmkkttrl8spxfn4y2ga54c6u4ty97tu8y,loop-ust,5379187,5379000,187
terra12e5mdqcvnrdg8sv7v7v5r97hvxz7x7l4t4zkyn,aust-ust,84862606,84862000,606
terra1kwh2cs7a79suavgst9zd792crv27s8v6ddadhl,loop-ust,91956345,91956000,345
terra1nn20cvvwuwqgwj2kwgz0xjr0403rz8ehhywp4y,loop-ust,640316395,640316000,395
terra1ugzs6yy0r4248p0heezcvsxgj2vx2wnkp5nqqh,loopr-ust,416587723,416587000,723
terra13qgj7peja32a7ck2y5vjvywynh8eu9helthkgd,luna-ust,12633324,12633000,324
terra1rsq76fyd4k2eaxyl2ghyrz7z7w78339ha9h54k,aust-ust,2686250701,2686250000,701
terra14wnqwna579umju8zpr58d2kk5dpma284yy3ayz,loop-ust,30944408,30944000,408
terra19l4n2nn563zdg2rhqy0yjg3fm6hw22ntnzzmnk,loop-ust,663401096,663401000,96
terra1uzdxvr4shr0v92fgcutm85ul90xvpj0pz86k0n,mine-ust,24121204,24121000,204
terra1zqj2qyyyzjktsv5mfslylylfkpadav7qygtmku,loop-ust,19609880,19609000,880
terra1qu82pwdarhu3c8dfu06nr5ncnq2magw36v8cwu,loop-ust,323473549,323473000,549
terra1s8qjggdfxhxgxc3vxc7jhrnz9wpktqdgn9tp2c,loop-ust,126115905,126115000,905
terra1p0z3kng7jkxc4eywwjh03emawa2sq328yf4lsc,mir-ust,2754323962,2754323000,962
terra1dwld9rw50vjgkxpga2ha38ey2fxya07lw6rxm6,anc-ust,68165004,68165000,4
terra1j2dv35a8lv7g4h4qtkcnwlluyyfumqklkkjshg,loop-loopr,1328688930,1234634000,94054930
terra17fv9p6hsfa8r7dkjjqxhe4nwr7js8rce6nqm60,twd-ust,170194080,170194000,80
terra1gj3urlfjffazl5hktzwpq4cm3xwn5ntmhj4t58,loopr-ust,85374932,85374000,932
terra10kjtfk97jg0eue3z9mafquffe5q4ty8q7m9wdd,loop-ust,187335691,187335000,691
terra1fkhxsdllqc57lh2lgtsr4x8h7srpe07cr305gw,loop-loopr,230668226997,230668226000,997
terra1xchjqx6netv32agjqrek7erryyrja47re50gmh,loop-ust,50494912,50494000,912
terra1n9l7p799tx2w66kv8tr3vej430zxc28tm99r2f,loopr-ust,7009124,7009000,124
terra1e72kvfhcqjx7wzek6grnyz5kxf0gswxeylapfu,loopr-ust,24508602,24508000,602
terra167d69atdud4pghdd2djt7r7dujghzynlxx8ct4,loop-ust,283771452,283771000,452
terra16r0g6gxeqc7nndctxl2tr0xcu0xz3szgwgptze,loopr-ust,33963033829,12153836000,21809197829
terra128nh8u5vnf3refhadgj5lsuyhrgfrygm432u2r,mir-ust,23900619,23900000,619
terra1x70jnp23rcu5usgeqhe23qlx2p3kwvkh49j5n6,loop-anc,1509086888,1509086000,888
terra18shsy8s59dt453w8mjn458tfgjngwmwz65fc2w,loop-weweth,12683937,12683000,937
terra12uhdfxshc3rkjnyvcd5qq5rpjy8rjpsmryyf82,loop-ust,43031639,43031000,639
terra1ejyppezpgdwxfatk4qcpvt5yfs25sn30qgkjke,mine-ust,241295080,241295000,80
terra15p492n7cu7usd2q5uvfwa0q8yx38gkcy65hyea,loopr-ust,869765394,869765000,394
terra109kjy26hf5sfn96w3sgt9mqayyl0hfw9kypkfd,bluna-luna,129952104,60193000,69759104
terra1rh5sx7gepdmyc3ax0m9255drm2nhwmgptwkyp7,loop-ust,721640353,721640000,353
terra1qcza0yd07cnr80hrx90lxyq7y6sy9x9gkk5wne,luna-ust,10676098,10676000,98
terra1plzug9mwq42wktjj6yt9772r25meug09du9s2c,loop-luna,25496045,25496000,45
terra19r47r7ksppelpfgck86wqprjh96mlwmpfmewmj,anc-ust,54172589,54172000,589
terra174vewrdfryy657wef46avrj9upqu6a8tczt4qe,aust-ust,282240571,145256000,136984571
terra1882cj38aytcctxv55nykh0aga7z2uc9p5rpcq0,loop-luna,9618603,9618000,603
terra1rmfxrhtue3t9thhp7w8xxx4z3y82ajlgx47f3h,loop-ust,4527998,4527000,998
terra1wpgmpvttzmanq8xjsgccqdugzcekpyjdqs2dus,loop-ust,8997568,8997000,568
terra1ynefacq8q7jhjr75ypkzz07gvxdrercurt5wd0,loop-ust,79966220,79966000,220
terra16fwhjefgg8sdq5a8s9jzgfg25rkpsrnvjhuf2w,loop-ust,471708126,471708000,126
terra1e3g3cu90rypuxn835rvyy86smkeenj5d75zpn3,loop-loopr,840538125,840538000,125
terra1ma2d4yckz3hmw2rkwz09k989njnrx4aygvcmfz,loopr-ust,957654029,957654000,29
terra1rsxpj9nmggurzr5a656lrdm7dsdag7n20v9kj5,bluna-luna,5976066,5976000,66
terra1qpc6acylhztez295qt0dm9nky456wzn92fesmn,loop-ust,400399941,400399000,941
terra1fv0r90tkvradn6ve0j7rcp7yyueuwaju30e7wq,loop-ust,5617074,3190000,2427074
terra1ldf34j9k04d2ldfxsrw7txmu4klumyeggvl6cr,loop-ust,8926925,8926000,925
terra1ynszh0m59gsjap438zft7ux57hq60re9tj6dmu,loop-ust,227913378,227913000,378
terra1egxy4sxnjevuukvdppmyaql6w35ctlem9ajk0e,loop-ust,5525956,5525000,956
terra18sx74pphhjng6vxc6lv8tfnt9pu88z9v3xu63w,loop-ust,19159638,19159000,638
terra1s4rf9f7fdhqc3hn46y5ewd7lyr383xetnz536h,loop-ust,24640154,24640000,154
terra1japd4x3v3k94vu7zrcttyjwywgmd68sjp8jdj2,aust-ust,807066265,44000000,763066265
terra1rc6vh28rw8ptwykkugul5dsz9jjdfrz58agqlw,aust-ust,6446944399,6446944000,399
terra1uxpz2sgh3u9957wcnpm8k5a3p0mey664u0s7pn,loop-loopr,16602679572,14090026000,2512653572
terra1825cy4yx7eug3f6m99h8yqydylms3gyflc54zp,spec-ust,352715307,352715000,307
terra1rkkljlt3fta4ldunn79l9yud99y784spvlakf7,loop-ust,17114648,17114000,648
terra1hscz8kcn73q378lxxy4mrwzje5dz3gcf8qkzdg,stt-ust,48780520,48780000,520
terra1x5r706f5dme2n7fy8gyh6vet5xmtwrnwyq2e2h,loop-ust,9481017,9481000,17
terra1w3ejs34her7fu509y7yqdeh5pkvmhu89lx95ke,loopr-ust,14200198,14200000,198
terra10ruxf7ye66wwaax5dgy7plcna7rxym6p3dudyg,loop-loopr,26252853103,21429646000,4823207103
terra19hhf85p3yhy409jng4469t077erw7fcs2jw6c6,mir-ust,1094333262,1094333000,262
terra15a750ytj34ravljvdu56f68ttr0lk7whkydpmu,loop-ust,6524586,6524000,586
terra16lhluekag2atf4xtlk70ugj4z6nz8rzfayfug6,loop-ust,4785675,4785000,675
terra1teumf6xawm8c7v37qlma57uqvpqu5kdu96pz32,loop-ust,1235327553,1235327000,553
terra1snjh05dm79qwa5pvl0vzwuyc2jzgtkurf0eyme,loop-ust,25431035,25431000,35
terra1pj6j02myyl3zylsg3ral3pzy8d7zt9qd9pkcnf,loop-ust,60240372,60240000,372
terra19ylfucw9fsa82thjhv3gd4uuxxxmfwy848w0sj,loop-ust,4373373,4373000,373
terra13q6sa34lqjqrv9txf4f6gzywtsw358syqxw8wn,loop-ust,1048916083,1048916000,83
terra1u8znqkyxkmwhz886whuj6hrqufnss9x5vmsr8s,loop-aust,624879618,624879000,618
terra19h4k7agcpn3nskn47yf97c93rgm385q9pum360,loopr-ust,163686816,163686000,816
terra1gt0c4phtywcpgj2r6xs5ft2lacllpq8c09s7a4,loop-ust,34885130,34885000,130
terra16h2yszqgjlm7j550sh97yh8sj9krkhnkfqkast,loop-ust,27847234,27847000,234
terra1jgvles65kf2fjckpqxa7y4h2ue5dcd35epdxuk,loop-ust,162864560,162864000,560
terra1j83nu72ga6uf3jsf22a4x50jlpyvtawjdgqsgg,loop-ust,14535264,14535000,264
terra1rfvxfnpe745ldpwna5ga7j2kt8f64upafceu2h,anc-ust,147761238,55778000,91983238
terra1tl3t8fq523jm9u73rhggqrdv22ahjp6fzz63cg,loop-ust,16830688,16830000,688
terra1aetw93ee2pr48jntejzrgjv3ghzxldk3vlpdjq,loop-ust,18138640,18138000,640
terra1mpatzc39vhdk0ar4cdwcyac37ms9r8a0wq4209,loop-ust,381741624,381741000,624
terra12mrv6y6armfnep6nllfzzw7lfsh9s87u7yrv07,loop-ust,980476644,980476000,644
terra14h4377du0jyh6aerkl7wadrdv63z3gtmyvjtfm,loop-loopr,6741903484,6741903000,484
terra1uxlc8rnf63w8lllscuh9sgd9he5ul7jayxyqrm,luna-aust,909319367,909319000,367
terra1lfm4eeyfjuxqxk6rjnt8gxymwmn3dvmw4jv50g,loop-ust,787885248,787885000,248
terra1jk2ph7ye5kk3xfc5vduzla2s96gw5ec9qspqw3,loop-ust,183295227,183295000,227
terra1zlws2gwa5xw9qgv2r4tk8zxggsk44pzuv3qvxv,loop-ust,1058553,1058000,553
terra1f036xmfagy2m6kxcvnkeexn0q7u2zlrltmztvu,loopr-ust,21663635,21663000,635
terra1uak3u358ranghcz6ttdxx6893yld7sujhh4gtn,loop-ust,1020823119,1020823000,119
terra17xh65lj2pmkjs8h0awzhlnas5u60f3tzt4cg5v,loop-ust,25324495,25324000,495
terra1rlyeqwmstqqw8fqh8vhuqdg00unvcj6kyfnghv,mine-ust,1090453630,1090453000,630
terra1pnufa8t3w5e07hp5saehe7zgg8nxttmsnqt93p,loop-ust,254907059,254900000,7059
terra1vk9ldcpkpgujkzaeex6nyhr4my00058gcu7u8h,loop-ust,170860427,170860000,427
terra1sdvtlmxmjh6t0h8pvdncyx6hngf26erwhxr6vt,loop-ust,36907953,36907000,953
terra129n27wyfppnz5saz9yt3n4stm0gzwljmlqq59x,spec-ust,181854159,181854000,159
terra1k7qytgrucy9jy3sz2res876m68pnmd87cdusu7,loop-ust,900645794,900645000,794
terra1vc4jw0nden09rws5x5wzpu5t0qxpjzy0qp0hkc,loop-ust,8629799,8629000,799
terra1zqzs5ewlz87tdgm0pq44a5rdk5zvrlsqnf24hk,loop-ust,1007074494,1007074000,494
terra1gusekszwtg04v8v54rfdc4zddsy3plh2y676tj,loop-ust,8840874,8840000,874
terra17rshhqqhnj8paey9tegyccp2kqmru5nt9n07l8,loop-ust,171441353,171441000,353
terra1s3c8p4my6vd6wptpms305mscahdea7mukju4ac,loop-ust,323935070,323935000,70
terra1eep5c99733ee5540nj99sefx0q4humv3sk7yaw,mine-ust,10144103420,10144103000,420
terra1jfp7f8rkkdjrtwlggsuhqj2gv8vvw2vhthzj63,loop-ust,45233897,45233000,897
terra103985t7haeeppgeas5lh8ys0zg7dguuqhrxwch,loop-ust,104642191,104640000,2191
terra1ge3xtknumkeuz6z3dhs082g40xf2led9ksnay6,loop-loopr,17325863621,17325863000,621
terra1ndvqtnskhgv4p5fxrgc94sh99ff0dnq9mdyvsd,dph-ust,356256601,356256000,601
terra152kse2wqc5hf0m7k62sspuh0cnwd7kpwdgem8s,loop-ust,9507251,9507000,251
terra1e4kxss5runrq0g3mr27n3zvg9vr7hpfhd8dwmc,loop-ust,11690744,11690000,744
terra15plam7h3j0d44dhmwnqtdcjv5g4t2rn04hnjvw,loopr-ust,13760500,13760000,500
terra10ptwr55s0vcrggd0ga4z72z4j9ukd2h4qz3n0t,loop-ust,31531595,31531000,595
terra1d3p37v7z8fglulydwuqm28xd96j9hnkz8nwn5h,mir-ust,1862079936,1862079000,936
terra18wkerg6p5aejsawp87gy5wzgje8ce3npg4sc09,loop-ust,45734730,45734000,730
terra1ne7mvr2f22umlpal7gzhqrq2xkz6h5kclu0l4d,loop-aust,7754489586,7754489000,586
terra1533lxzsyxkegvwexdc8c8zxfmu789vftr29me9,bluna-luna,3036233,3036000,233
terra1lefkwtqtdy3rw0yd29g23qk2hwq6709tq8ra08,loop-ust,56493721,56493000,721
terra16gcte7nfa8wq608vypn35qt9twgetaujzsazu9,loop-ust,11799372,11799000,372
terra1yhuezc45v4nnwre3tr8hxwemyq5fp46nuhuff8,loop-ust,15922893,15922000,893
terra1066yawyz9vq5f7nt6fj77vrszgza38ztzyx0lg,loop-ust,7251461,7251000,461
terra1wwkduka64eehmlrkj4c4xg40pxfvwn52605dmc,loop-ust,10493513,10493000,513
terra1jlnjnea9a09ccwfclc32t0g403c3g2pcmxzxht,loop-ust,46827415,46827000,415
terra1k2fy3hmkv47trkeufwtsjz2rv8xp92wgtcz7nm,loop-ust,23999239,23999000,239
terra1976gx7r9n6glv7766ear0tzpewm2gjjp2aykdz,loop-ust,98897880,98897000,880
terra1uplcl8jgxnvuks2wdqdjnu2x0sxwj79nd63vl3,loop-ust,66777411,27697000,39080411
terra19urukgu84tvpd9v5g7j8ps5jd5dn72x79ldw24,luna-ust,238835062,238835000,62
terra1wgj0jvpzmwchygwrrskfqc4yz9zxydnj574d6p,luna-ust,1318538606,1318538000,606
terra18pecc0nnptjj3sgf0kv7cphrej35d5e3zuwxtk,loopr-ust,495248149,495248000,149
terra1dz94arjs29a8sc6rkvum83z2p8vqwfd57jytvy,twd-ust,134555119,134555000,119
terra1yzkthvqzqz03zp96fka2mknz2zm8ran3tzx49m,loop-loopr,460551848,460551000,848
terra18wedgxs4qczyhrmy7uz5f8xzw2h5z7pst743yj,loop-ust,12623212,12623000,212
terra10f5py9e2nymzmhlkmdjhafakl0pzxwe2tm62f9,loop-ust,301616161,301616000,161
terra163nkfcy4q3dt9xy8de4593yuqd3jn8uth2epdm,twd-ust,38457747160,38457747000,160
terra1smusxgwactgq9w4566lgr0p4fvxdwuxew257u9,weweth-ust,112493687,112493000,687
terra1rm9crml9n58ex2eyuxx9wlnep8jgynnw38tptt,loop-anc,248561362,248561000,362
terra1mdr9h8dle7uq8mwdgqamvyfszeqepf0jttam7k,loop-ust,207540326,207540000,326
terra1pdwxnl8t8cr5pydp3l3m29dl30tlk3s87urm0d,loop-ust,40390931,40390000,931
terra1tma9yplnhkzev49mezay6fej9dh2lt5ewmtrw5,loop-ust,114988833,114988000,833
terra1l897pmlqs6nd7ywf6thz0k2nk6s065768ugqxd,stt-ust,500115593,500115000,593
terra1kne4ul6n405w769k2p6swx7x4ep30rv24099r8,dph-ust,972201405,972201000,405
terra1xg4q6hf7fmamvhrp6npprafekgg7flfhuwjaqc,loop-ust,2201979,2201000,979
terra1skymv89kesa7ufdvyemy7wt4u4t0dqxexcjsny,spec-ust,5724795,5724000,795
terra17rwqcwz2rkax89685ugyla56t33m4770lghvvc,loop-ust,30631114,29000000,1631114
terra1l7dvwnavq2qqgrl9vdnj46s9nkg05lejecjanu,loop-ust,234762982,234762000,982
terra1d8dxw3ss5mvh7ajak4u7c0ay5ntfrun7k0esf3,loop-ust,674882977,674882000,977
terra1p4z4ruflmt7d2gqtcr08l8ulcrl8mjt08d4e2t,loopr-ust,49278400,49278000,400
terra1uzwde6gq6lxz9evyf7c9xjct7rdumk3zgmk47t,loop-loopr,1508071760,1508071000,760
terra1rv7q45k9350de6qj5d9ng5pnzfna3hmtph6hu4,loop-ust,9298157,9298000,157
terra1jp0a5m27swqp5k70r3ue4sgekh5gavw55pqyxl,aust-ust,6287624032,1792000000,4495624032
terra1t5mgvmj3mdzax2lggd2qagczc6r7rg8sg6t0w7,luna-ust,111847303,111847000,303
terra1p5rxczqvtjahkrc55k9g344x5n77mklum820pv,luna-aust,530268993,530268000,993
terra1jcqnys949csmz6eprjlw9vqlfew27wj9fsn8gy,loop-ust,9024874,9024000,874
terra1an2nm87m58c344m4vsc5pnhvc3lfkrddt4ddzy,loop-ust,21824519,21824000,519
terra10me0c8vuk49vvhc6fz5k97nypemwal8cey207u,loop-ust,9855368,9855000,368
terra1tu0lx26n8vjkpfjrjdyktnvt3wqfdtup65lyj5,loop-luna,201066052,201066000,52
terra16jasg0j0fpc9qz3c2rhy9dy6z68ednq7pdrxlg,loop-ust,2675740939,2675740000,939
terra10vdak6k2r872f5yg7p4gpf3al4n8t4qxwvpys3,loop-ust,443184650,443184000,650
terra1eshc33n5l6e38sf2y8h277d7upycur5ycpjps4,loop-ust,22730614,11785000,10945614
terra1u6lx3pugfd4wegqhqclt7vfqrrq245ecprzmfj,loop-lota,106311407,106311000,407
terra1x25zleengg8ns6q2mu885kescesnvyp5f6yeyu,loop-ust,2908732,2908000,732
terra1nja6k8fw5vl9txs0pxsrs5k5x4kzs4zpj6xav0,loop-ust,17890164,17890000,164
terra18jfdzcfvp9jp08wadu42cqw843ds9zcr7fscjr,loop-ust,347203706,162801000,184402706
terra190wnzv2gswsete422xq8jzz6dz3py9e9vjkrmt,loop-ust,823224787,823224000,787
terra1fyal88m8suvnyrrhgzf6r5zkwrvd457046xked,loop-loopr,11781095,11781000,95
terra12s7xaflurysy45grncescedhva8vzghpusf2xx,loop-anc,9031347,9031000,347
terra1py3vp234sy8p9dn5cr3fre2z877pcyrgcghxhn,mir-ust,179998317,179998000,317
terra1663n5xnj8ecysgr6mf5hpwce0s35hx0rxh8ltz,loop-ust,12868582,12868000,582
terra1fzpx8tex02rscfjav4456s2y5evq2t7wue4jq5,loop-aust,7068093474,7068093000,474
terra1watuuznkrvecqzanedq0n7a4yfgd5xh252dnsc,loop-ust,9782768,9782000,768
terra13l7ymly4nx8vjy2na5nsuk8lp8vutnphfv0r5e,bluna-luna,499473701,499473000,701
terra1l7n7r5x62hlz39xqk4a4cy2d2x6emy2zcqkar5,bluna-luna,259084018,259084000,18
terra14fzknff0uxfry9qtwma9nf8dkqmjldqua4548t,loop-ust,388557979,188557000,200000979
terra1rdfm5ymqce686gl9udpgdhhchkuw66f8nsdsyp,loop-ust,2309243,2309000,243
terra1zhsvjgkpmcc2rn7dc0elmncsm979ncvzral0t2,spec-ust,6776461009,6776461000,9
terra1kvkc53srake35tk8pjqjhshyds2909lmnjemm0,bluna-luna,77245245,52227000,25018245
terra1yqs43jx5tdm8z90new5hyvv39qmc4g4qedv4rf,bluna-luna,198418,198000,418
terra18ne28dzueu5626wnwnjhq5gc7lmn06lg8rnfew,loop-ust,41418807,41418000,807
terra1s8kgz0f0ssc2g20dujdkpugj6luznt9rmltyu4,stt-ust,17643593,17643000,593
terra1xfsz20637lv3qn442mflag9zrs0ru8n4n3fz6x,loop-loopr,2846056428111,2846056428000,111
terra1xqrvp86up9xkwxxkxvad4fxlka4r7rrjkj96az,luna-aust,52868873,52868000,873
terra1m9vgzuk0kdzafkfxhyvj2usnt2xpv6nrl6s9dt,loop-ust,10710132179,10710132000,179
terra1nz2aswugl9nczqhzh0waeg0pqa64lv7jgl4es5,loop-ust,117383008,117383000,8
terra12t3tuaenyhshcwfqzx6h92jehsq66psarn2d59,loopr-ust,2049923373,2049923000,373
terra1awmp0t8adzd4vg8qxjhhtr28cr4nytnudaky95,loop-ust,2078141,2078000,141
terra1rthzygnt4zj87jq589q36lms33g5c3kxk5yd45,stt-ust,19268332,19268000,332
terra1ty334vt348aglqejnt2cxm6t6n4xaw8c03r7cj,loop-ust,1075396,1075000,396
terra1sn7d7su2r7hf95ry8hdn0xcrtrwtcuhujc7szm,loop-ust,1693243,1693000,243
terra1ej8g7hmrfawjm37xt9t2rxtztp7pvgelmshg20,loop-ust,19632888,19632000,888
terra16wty2uu5yt5ph6s9wgpl2n2rwg0uvw4psd0lqv,loop-ust,16256569,16256000,569
terra15xxk6nmnsczxu2nyy7us7rn3je6ad35dtw8rgg,loop-ust,14200937,14200000,937
terra1qvhetl79hxxtnu2tj7nfhe9x4ta9fr992as354,loop-loopr,732726236,142544000,590182236
terra1qkpmqgmdpkf6gjdcrukqvhm24xtjnk6u9ckdtt,loop-ust,768913440,768913000,440
terra1kg38v9f2kaj8ekhr8ztyy5s0n3z5w86kcxwz28,loop-ust,235240754,235240000,754
terra10r2lh999nf0ry37fkkz4g0j2w8xc8fnq0gk0wx,loop-ust,16151186,16151000,186
terra1n6y8dku46m0p7gk96gqgnhyry0vlnfumr0rz2x,loop-anc,11018897,11018000,897
terra1qg2lt45wps7fgyfe7e46wuaxfcvs99wwd2rk0f,bluna-luna,4979241,4979000,241
terra1p5xcqtxzqfq3ljhpqxnwcm8zs4qjk7ddv9qsc6,loop-ust,7991514,7991000,514
terra1eqns66x6x6veasjpg753n93t3cgq4avu8zda47,loop-ust,4961694,4961000,694
terra1r4cj5h8mh8xt9plm7ts6xl4vvrlq53z938aj7y,loopr-ust,38726707,38726000,707
terra1uzmgyftcyuvgqxk54uhtrdcfj3ylelgdrjhydg,loop-luna,36226647,36226000,647
terra164qg452s4w9qnsxj8x63llgsnuzptgp996vzdt,loop-ust,15558437,15558000,437
terra1wgm8gpl9r4k87gjud6ldn68s2huqm3c5kuv4m3,loop-ust,9874311,9874000,311
terra1sz2h02899n3yjf5mvulk3nxz9dg7s669p6y8ul,mir-ust,30921910,30921000,910
terra1whhz3fnhea77998xwdngjxzwn93tfehk7rcj6f,loop-ust,24159973,24159000,973
terra1zr0937zfwlq3tql0pf57e7qsr8y9gnxkk8hsu3,loop-ust,9569319,9569000,319
terra1dsea8f7pv3g6kulc04lg4lz9q56ahdqtll8pax,mir-ust,749370487,749370000,487
terra1l63cnpqycvynw9m6cwg0t2ms8x08urn0me75x8,loop-ust,1871519,1871000,519
terra1yzt54gmxjf8ask78d9lvepre328njmc2h2ftxg,bluna-luna,2516662,2516000,662
terra1hsn6drmcy2r65lz9tjzgg7mpw20sqazq3tt3jk,loop-ust,22086007,22086000,7
terra1q92jc4xv0yer7wgg3mq3rw8zwlcdlcs4tadx60,loop-ust,905668447,905668000,447
terra16gdvel8yeuj50xyhlnj47aj5t004uvd4nwswqq,loop-ust,160714617,160714000,617
terra10d64rrfr7rj7f3punrhcm8svf3fnsc9sqc9fac,loop-mir,55089582,55089000,582
terra1cau3hg5cz5u85uskm5mfcjps2k4cxvdcxz6ge7,loopr-ust,28615177,28615000,177
terra1cpyqlt7mnxp567renc4jfkw0lv9a9druezd5l8,loop-ust,28945162,28945000,162
terra1vz2xg7fpq59f468snmd4um573yawmm0m56sj48,loop-ust,10805961,10805000,961
terra1a7xk8ugla7heqwajexrgytd74yqn225ze9wdf5,loop-mine,298493798,298493000,798
terra1rf0fs4t8le8p6rmrl5dd8yyq6sa2c8yswkhx92,aust-ust,461010791,461010000,791
terra1hu2h7d9rlzk2u9qhgspgp800zhh3t9vv6w4mdl,loop-ust,330702992,330702000,992
terra1jxpxrt4fusf445thlyejqec9nncl73m9fy5er5,loop-ust,9107438,9107000,438
terra14tl9v2s7ju8kemvf6xvuvc0pwtruqmyx3jvf6f,loop-ust,296473297,296473000,297
terra10sk9zv6cd64mpyulnele73d9t8lrjwcmvpyq96,loop-ust,21407596,21407000,596
terra1d2h9n5uj0s4uzql7z7a8anxl6x0ydywafsd8xx,loop-ust,57127305,57127000,305
terra1vauq6hmj8ac6uh9fcm2ur75ruq67ku7y832wy8,loop-ust,247362784,247362000,784
terra1rfxxz480kfcek56qpn2x07rm0jkunwwaemrfxw,loop-ust,14518452,14518000,452
terra17hhr6ddnvj6au3jqxdp9ay8d5h6r4e7qvfdesw,loop-ust,668549763,668549000,763
terra1tggnxh4fxp2r6aa7xwsq77k3hr6ge8vsup5n7k,loop-ust,37293697,37293000,697
terra1xehwg0jrvcc0uun4g4l0alyd0h4v5z5qc30q68,loopr-ust,74733211,74733000,211
terra1zq94z9cjsh57kwgnrrstm0a00xae0r5qzpt6d5,loop-ust,18007410,18007000,410
terra1jkxdydnkvxhd0ss7t8pfklw6cemqp23zl8wdne,loop-ust,8614642,8614000,642
terra1dec480gsqhsymglzjpxl8uw70rgn7ldhr3q9w5,loop-ust,2432522328,2432522000,328
terra1rhe5vj339kp8qzqeajuyykep6y3nysjkpdpg2l,loop-ust,5092410,5092000,410
terra14jezeg5xct3nhdwzwcjaz8n0d6qjs99adsv4m9,mir-ust,193690907,193690000,907
terra1080j86kurrhe7796ynyj44m3y6pzx30utq5ttc,loop-ust,126107710,126107000,710
terra1v9gf2u67hcpkx0gj8f7venm6u6299gu5jplkh4,anc-ust,1738217729,1738217000,729
terra1c994z0m5a297qp53twy04lgjfft8q2925wfqdl,loop-mir,6098435,6098000,435
terra1tpv3wx7q7tnl4fhke8a6ut23zg6dtkvncyfrk6,loop-ust,3423322,3423000,322
terra1lmgkwjj2q2dvtlufhkgu48mv5lm2tt5phu28dh,loop-ust,20027880,20027000,880
terra1km6pe4t0s7fcmfhzxna7z70p73puujtpw6378c,loop-halo,23174452044,23174452000,44
terra1248kwc0ncxncmfeuf7sl9j3xlj26zh2qch2wut,bluna-luna,250546918,250546000,918
terra1sgx3c2hxqa3g5qfkht0h8cyt562n8plgftewkl,loop-ust,9022841,9022000,841
terra1jkrnrecy09phlzvej3mufq4w7ppd2aw5chus2w,loop-ust,99476647,99476000,647
terra10umapn3m2h0qfh3v4u0p4ywyrrpz42hqm60dyz,luna-ust,7006582,7006000,582
terra1e53vsnszdmap3xpnn7m66pp0sk24hd68tczly2,loop-loopr,85866882798,85866882000,798
terra1kznyy6tta8ju607m9k464me4pyps6wc8emjak9,spec-ust,69250697,69250000,697
terra1xez6rcv6zqzjae0t0hanl4g2guujwexfvpkvle,loop-ust,49320627,49320000,627
terra1lup6wqed689a5adrz2wdcghwgj2mqyjm5gh8pu,loop-ust,17341304,17341000,304
terra10jkj73tw3w8z2r3lkr0z0hr7rnexwsm6spuszh,loop-ust,21546399,21546000,399
terra1zqqpmepqxkjgl8fq5d5uemn0tlc5dqm8e9px7a,loop-ust,12305177,12305000,177
terra1ew39ds9ytmqr8lqpx0sdhdfq0aqn7tl8fgrhk0,loop-ust,6597038,6597000,38
terra12xtf0uhtfs43rnkgf4c3e775u9t8mxf0fj6rg6,loop-mine,40301139,40301000,139
terra1tez9t9wx4h8nftgjd9mguj75fzfj4cu0rjs7ht,loop-ust,178219083,62507000,115712083
terra1jyusmuzzlfffpekhktggrps22crukfwrdpwhyx,loop-ust,10945751,4644000,6301751
terra1clha4j4fu4f8lj3ah7kcygnjp6taf23garqerf,loop-ust,5149773438,4247341000,902432438
terra12hfuzmmtxc3h4jq0kxn5ezl6756paw5psnvsyj,loop-ust,495420818,495420000,818
terra1x2vsepsrkn6y2alvppd8mgw09jeku3l9ye4w79,loop-aust,50755508848,50755508000,848
terra15rs5cqkvls0kdzjny02pkwm3px6gt5yqtz9a8a,whmim-ust,19876850761,50000000,19826850761
terra1j2hlkjk5pekpe4jvkn4ktsf6uz706uete0xqdx,loopr-ust,866030003,866030000,3
terra1k7xyhq35cyxavzy703x5k88ptn208v2tgpc3vz,loop-ust,103802470,103802000,470
terra13dj6ax9jzsuy07quh9l5p89padjrn6e0fk00n8,mir-ust,201107278,14581000,186526278
terra1dz8earg6jemcks2frh0q3kcrtaj566alaa4pf0,loop-ust,23219750,23219000,750
terra18apakza8mqg90q7ehsarnphhr8fxl9x7h2fvdl,loop-ust,3104864,3104000,864
terra1vszgsj9ltve3cz3n5pfmr3swqat0ma5kxpre2h,loop-loopr,46503303,46503000,303
terra1ay4plxx2lud7vspszazh67fmfqsmxvxu0enqwu,loop-ust,49525544,49525000,544
terra1yeqj7vr877gdz2pyg4vrjzx2t7s54qzwkvq34m,loop-ust,20523555,20523000,555
terra1qn2tf2rxcvs5hz7yms6rht9dvs96045y984ye6,loop-ust,100334085,100334000,85
terra1c5ppmyr8fdspylexuhvlg4tnyt9wxzuu97sg5a,loop-loopr,85438995904,85438995000,904
terra12vx5h2gsuczwxghuqv65aupvcaatlf2ku3fqpp,loop-loopr,1040757789,700,1040757089
terra15r4f2q9qzk64zjs27kpznkj4f0rvaswtw5vlcl,loop-ust,7083270,7083000,270
terra1ptsy3d25gkxaxx5gc5uxj6rj98z6x38jp5s786,loop-ust,10680883,10680000,883
terra1wm9e298xnxvy4rvdvwqahhsrakam867tgay0su,aust-ust,902531284,6265000,896266284
terra1nwudag2rtyj9y5j3tydl0yhfyczjy77aq8pc5h,bluna-luna,71348035,71348000,35
terra18xwg8ez8tgqaaczu7mk8u7rwnktlmrvcegx4r0,luna-ust,244680463,244680000,463
terra1k0ut68lr5g04gu8023duwh85yxuygv8awt0kde,loop-ust,35273280,35273000,280
terra1255etglnpu0ul3jpr4wx3uuakep0cqh97gaxxz,mine-ust,129291311,129291000,311
terra1l2luw86x6nyeqws9akecrlcrg0rq6gq3chzxqz,mir-ust,826091228,826091000,228
terra14rfhm2wrzcf7qr3078uzj69kc79km9xa69kjt9,loop-ust,1535111,1535000,111
terra1pqqvn868dywcxa4yfwm0mgtfsvmyh8gnlggy4h,mine-ust,1901704345,1901704000,345
terra17ztnyhzujny8yaaq9s89rskqkzfzalvjhfy6g3,twd-ust,130970092,130970000,92
terra1n0a5wmskc6hap002vn06rnwqux9wvwemsdnaru,loop-ust,51203331,51203000,331
terra1vxlrmr4xk0veghtd8frg9nne0dj3t7yujluse5,loop-ust,8426458,8426000,458
terra1eytptm3le6ru8kagz253vzjquc2023767perz8,loop-anc,231092266,231092000,266
terra1l2tgy3j3u9kqg5shzwh7d7slwv656z59s4w8z7,loop-ust,1022839562,1022839000,562
terra1za4n4pjhfqwf6l8686ykvnfjehdehgshx77ldv,mine-ust,2729993351,2729993000,351
terra14m5gju40ge8d3nymfm22x96yelsr02a2g7946t,loop-ust,14136657,14136000,657
terra1jjp2mhpympp9n7mcpkvc3z2uhf5y9reem3cxyn,loop-ust,157920825,157920000,825
terra126gf26pdlk5gp8qu27l3crsjhngaaa4vrjtvc2,loop-ust,47715529,47715000,529
terra1zh75kxtgfry424lqhw53v38alhs4n4qm2xwg3e,loopr-ust,55179764,55179000,764
terra104pfjjkzw4mrjrgf58d5jk7prqkw6pjqxmxvdq,anc-ust,89728102,89728000,102
terra19d6juhahuxfrzj3jldh6srgyc8judu823ttgek,loop-ust,759724108,759724000,108
terra1eep5c99733ee5540nj99sefx0q4humv3sk7yaw,anc-ust,3226857982,3226857000,982
terra1vqjhpt8qyjrjpvs6sa0gzpz525e5x65epyvyjh,loop-ust,5042758920,5042758000,920
terra1wan6shmnrqnxypchurn8cncgq3e7fq50afhqny,loopr-ust,2786082229,2786082000,229
terra1ap9ws2ww2ukj3v7d9thfp342c2wqlpnsqnu9qn,luna-aust,8143725,8143000,725
terra1v528pppguk2adu80ayv39tytq6j4dllxu6ua09,bluna-luna,2758813,2758000,813
terra1vqcl6dss3jjr82xrajnyhpajdpyr93jn3aknsn,loop-ust,83764382,83764000,382
terra19lwl5vvey2x4rwvvnp3yxgdut5etxfausjsjk8,luna-ust,1216076363,1216076000,363
terra165eq9hsghfc88mf4k6lt8wk3k47v5tx84vl4fm,loop-ust,3038251858,3038251000,858
terra1urnan5cmf2mk53jxt26l4tv6u7em0edqhuzqs2,loop-ust,71287339,71287000,339
terra1t579wux757ejx86d697z3dvcmvfc8g5ewp3s0k,loop-ust,1841589998,1841589000,998
terra1dvgw9q9rz9n8hqc528jncejpjhzuxfml974mt6,loop-ust,101909969,101909000,969
terra1aszz4rt73tcwkt3tqxrvqwla9kqk4dfcgh43zx,loop-loopr,3601367350,3601367000,350
terra1auxwyshtz7rexul68wdmr26w4vd0xjsumdcuhr,loop-ust,389195206,389195000,206
terra1hw8epl9p602zvyvsrascesaqd7rrjx3aut5ps3,loop-ust,661349648,661349000,648
terra1kwc5z07vrqys4dtg3vmq8smv0ayjft38uvcnut,loop-ust,94054662,94054000,662
terra1nyvcsz970qakjvcmt7jhvl3y4qxnhhvcyk63g0,luna-ust,7845232,7845000,232
terra1r2fqrvssg8qpkye2ency4rv6ulqmgurakrqfaa,loop-ust,7700851,7700000,851
terra1e3g3cu90rypuxn835rvyy86smkeenj5d75zpn3,loop-mine,74391375,74391000,375
terra1hn396kv6edczulcqwkeermd9v5h9v0v06s3vjn,anc-ust,6770128,6770000,128
terra1j0fs39wf3hpzy9hwasrj6y04feeq0nqw644gs9,loop-ust,52946052,52946000,52
terra1j9nywf0l94ulak2tkqh5499fy95m645x6nfwxz,loop-ust,4125700994,4125700000,994
terra1304dmzwk844267r5n7uqaqjjneulzs9py267d9,loop-ust,9412390,9412000,390
terra1rxpvee35tsr0rnpnzjxs4j938ckrqn29s92v3u,loopr-ust,61419362,61419000,362
terra1k7s2tvqjc69fyv6zcty3f67j82u563cuvylkzd,loop-ust,75928367,75928000,367
terra1uu3yk4qzpcvffs7zhtwx47trmp4tny27fd42z5,loop-ust,1845704864,1845704000,864
terra199ah2vdy9tdk30dgeqzzhzwuz3auyetw26nwm3,dph-ust,332083315,332083000,315
terra1duke9mwxlscreu70jqzsjhugxzrlc4y9svey6g,loop-ust,138342267,138342000,267
terra1ldgp0luksaxy997u78htu4egzcnsm3vc2ll33q,loop-loopr,77556356,77556000,356
terra1egc6lpjhjk58pety9umcz86qpj3ah9jf6yqwqh,aust-ust,22268994809,22268994000,809
terra10sd5aj0zvqekj3xv9qfe8rxt3leuwxql60fd78,loop-ust,8356345,8356000,345
terra1v7qvkgakw3gx8x0quepsrz29k327v5detw4khd,mine-ust,1910386421,1910386000,421
terra1x2v7yc9zja6v2d4dcsxaj2mafr6rrzxqtufenh,loop-ust,485598153,485598000,153
terra1pr4w9lhjsdj7uuz8etgdvzrehu0xp3hd7rza7s,loop-ust,316020504,316020000,504
terra1pr2r4jr6hv65vlmtewyn3cqu3sspcq9l8tsdur,loop-ust,43910619,43910000,619
terra1mku0fdwlsayy6gxg0pafvmvyfa47x9mckms7wx,anc-ust,115787476,115787000,476
terra1xydtv4ern430rzpuhh73pjs7gjtvxzpt9m6gnh,bluna-luna,478835,478000,835
terra14rhxm5szhwg3rdzq3yc46vpjhqfsfuupn92yfc,anc-ust,462345722,462345000,722
terra19p0vtpkjgxkm9yw63agmhzghnwq92t8k9kmspm,lota-ust,380362382,380362000,382
terra14wtxtense9vzvkvsn7pzfpvlg3499rlrjthfkc,loop-ust,112971222,93471000,19500222
terra1qk47tyfs88v847pagth5ngw6zv7ehrd42sgn4v,stt-ust,485741107,485741000,107
terra1h9lugxqhl6d7kj626hjtgmwu8dyqpmf0ptqsq7,loop-anc,38605369,38605000,369
terra1jvrllu5j4sgefp8d9te7aurgd58l8uv20flu4l,loop-halo,355395693,355395000,693
terra1swzw3xmcv2lqtppxww7uszn2f0vv90taxsnrqm,aust-ust,89822132,89822000,132
terra1mryvhmcmwu24phnvdut64xe9afsfuuj24kptk6,loop-ust,2312468,2312000,468
terra1arrapsgjjp0pve2tnp2t5ae3kxrrs7lxwsuccp,loopr-ust,49775399,49775000,399
terra17dqxfgx5ueytl73fwtkxfj0xwzcxmes9chkyr5,alte-ust,1216734192,1216734000,192
terra14u04nhsujuzdwv3kq024ngjlntcdr2gnulnf89,anc-ust,78698966,78698000,966
terra1prppuf2elhvddykwewh5lmnw2vq33csru8avzj,loop-ust,144702964,144702000,964
terra1l897pmlqs6nd7ywf6thz0k2nk6s065768ugqxd,loop-ust,368907461,368907000,461
terra1d57dp3q5an9jajy8d3q5g7rxrqplj4jat42lva,loop-loopr,26343109578,5485729000,20857380578
terra1q6ez7m69rtplps4zy8ulcjgayudyj9v5qwc9hk,loop-loopr,6545299,6545000,299
terra109gag5jz6tprrh2qrvhl8y7xv9anc84532mzsc,loop-ust,491223028,491223000,28
terra18jcs0mtlznw4kcg8kks28endl7uvfvmsuug5ru,loop-halo,46724693731,46724693000,731
terra18p4wwuz0uzsf60x9739awwgjr598z85htzq70y,loop-ust,277305133,277305000,133
terra1xwxl5ctkfawsl0ufw75l9xsjsvazuzt79385e8,loop-ust,7654126,7654000,126
terra1052au6cmuq0raedls4nac43vwac8w42wrhasp5,loop-ust,16855540,16855000,540
terra1l9xqkm0859dxpwgs58hfycs6a08y9jfhzyu5z8,loop-ust,178678021,178678000,21
terra1k9gkm5ppr0clskuwu4u5fa8nt3w9dtx6xxdxsy,loop-ust,783217478,783217000,478
terra16azfcr2p2u8yexqmkrc78gh0rg2nl7ug7zserq,loop-loopr,54659583,54659000,583
terra12vxhuas37j27pkx2aml97vxr3wfqdsa737443q,loop-ust,180637856,180637000,856
terra1dfjdy7jra89l89rkgskxsjul35fg7cjljv20yp,loop-ust,9428164,9428000,164
terra1z43ypm0ls53njn4stsrhk0lzdcfmq37cspzmjq,loop-mir,31148077,31148000,77
terra1qe7f6hg7k82nx7rs7v79dhl239ug20aqnk6a25,bluna-luna,5705906,5705000,906
terra19cl0s9xwnshvxkxxg378muujeenq3mk9vzuxvj,loop-ust,5439209,2679000,2760209
terra1httskd93savjrhrdf2p284t8s7xha0suexfume,loop-ust,300003604,300003000,604
terra12zh5jngm5xxgvrg3m64u7r3y37ejhjxudqah73,loop-mine,408882009,408882000,9
terra19pkc3mujmsjae88fd36kj9u2y85g5v60qzjqec,aust-ust,1202033500,2000000,1200033500
terra1muuf2fe8tujv8r6yqekperdwdsu9aea8vm3xwz,loop-ust,12570181,6285000,6285181
terra1ckr72rj7jtn5gs6tujd77clrmhxwf53snspq5h,loop-ust,2055345,2055000,345
terra1ypszucdlktf05ddrjmrqklyghv6fpezap9sv9j,loop-ust,10026094,10026000,94
terra1eus9rf7x7xy5zs9s5gjd4r4tpl9azhlwntf9wm,loop-ust,12867800,12867000,800
terra1tu0lx26n8vjkpfjrjdyktnvt3wqfdtup65lyj5,loop-anc,223791264,223791000,264
terra199jkuyrvuaf7qtrtvnz2aty9068qrmx4kxyeml,loop-mir,123231143,123231000,143
terra1chdk4v6mzhkpr3ufsh6lpz8mv4wlymq8u8a3xd,loop-ust,16679057,16679000,57
terra1j5uhvhvxa2xctpaqq67dpva6eddws3wcgt9uqm,stt-ust,56178426,56178000,426
terra1mykmanlhm3ps9xgsptl2csshgzem72wkaklmn6,loop-ust,42500381,42500000,381
terra1ghntg5wep5n2d7lvx5pz9ec9g09pjmnwcl6sqv,loop-ust,4280484,4280000,484
terra1g0d02sedxf0mxaf6yut370jcxsk8ep3xezqt2x,luna-ust,11332192,11332000,192
terra1gznygpe7ac0sty2md9qxvx6t2afj4h927g04up,loop-ust,12057369,12057000,369
terra1f2c7f5mnjqt43608vxaz6ef8z2dkxzzq82e0kk,stt-ust,1995956,1995000,956
terra19p9vp5m75rr3hnvvcqn7jetndz8grwl35t4h3q,loop-ust,25752968,25752000,968
terra1lvrkc5wdrvl5glke6gz72jyf2rh2uxh0azl7c3,loop-ust,94019642,94019000,642
terra169uhawam77rapf09rlngwff4mt6rqg046jv4ua,loop-ust,95577056,95577000,56
terra1kmew9d9n7a03ej5ku34y4x6upnffe3d8uj8c5y,luna-ust,1018304924,1018304000,924
terra13nwpqrtsngta632qy3m47nau460cqlu2as3cs4,loop-ust,33155929,33155000,929
terra1pd8x9f80k37hfj5gpsp6veq2fsfp6fstxcgjls,loopr-ust,369241773,369241000,773
terra1vsm2ylq5nf9yky2yt5n7acgf729nlmdsun94ll,aust-ust,80515348,80515000,348
terra1q3w2jplythhlnev00tphml7fp0ekszyfaw5fgw,luna-ust,158377484,158377000,484
terra1w84ywvh2j9w7cwgcemgrcs92hncqwlfct98nq4,loop-ust,14324898,14324000,898
terra156jj7zh288zew6rlyje7a5dcjzw7rkqtald5p8,loop-ust,279638378,279638000,378
terra1lsve48sqrhknvlvze3p7k0pc7gtvl68wanjvaj,spec-ust,8184965,8184000,965
terra1q4rw5g6kdqlnjg85es9ne7yv3nzt9vdmuj5vr5,loop-ust,9101290,9101000,290
terra1gpqxzf99zprlaj3ztcncwpzs4u3gu968t3mndg,loop-ust,301333405,301333000,405
terra1k54yrw3xcmlz69g9v7hct3cdye8l2rng8n87v0,loop-ust,100115394,100115000,394
terra1xwn3xt4u3yxcn7yd37qphz6ktq5kua2kehsfx5,loop-ust,8149664862,8149664000,862
terra1059tc049f4ts3src3kyh9n2yvps5xh0p86rtch,loop-ust,17551927,17551000,927
terra1xseaexzyuq7prxkswrr3lvhvz3jx9vkvd6utzs,loop-ust,1096316,1096000,316
terra1kfrqjsvnjhdju52uhdewx76u0k0ttn2pa6vdcc,loop-loopr,484529985,325290000,159239985
terra18srx4p52s7rkzxfvdvv46fargcqdhtvgqrwu6p,aust-ust,36839681,36839000,681
terra1c9meff03wxk6fnvsgwug8legk7wq0r0337jtw0,loop-ust,1901945,1901000,945
terra1safuumhycd56g4r78jm4afdtre6ghpg74dt9e2,loop-ust,48869246,48869000,246
terra1hhy72cmjgucncxdts7sghz50r59cecvadsqcwq,loop-ust,51252683,51252000,683
terra164s5wansal3psqn9hfh6pzf26y9zdg35fdm643,loop-ust,38148034,38148000,34
terra1y868u8aknhuup885jk635usvqpfy4dt86ud5w7,loop-ust,18482323,18482000,323
terra1qv8g3hh0g7mrkte740fxk50lsxpcfct859tlam,mir-ust,67374660,67374000,660
terra10fum7gqm6rnxdfzrhp3j9knnnplgzfufsfw77l,anc-ust,1976562085,1976562000,85
terra14d7akvpdp0wr4quqvls68ux7uygajj7x698alg,loopr-ust,20937275600,20937275000,600
terra1vr066cyaxum3t45x0f57z3g65zys5ptf5esdef,loop-mine,3418681106,3418681000,106
terra16kdmfq73fe8vn77qrh47et7aej60lq0drzmjh2,loop-loopr,187309476233,95843830000,91465646233
terra18y6nhkejuu5at3d2dszfs64gkx7sxkff9mx78r,loop-halo,2227850365,2227850000,365
terra1z7lucmrnvr0357zkvmkmcazngqggc0c8jvsem5,loopr-ust,1496487549,1496487000,549
terra1p8zehe3umm05dmqfnpx53yf0al5js5mvlj4w7z,loop-ust,92668801,92668000,801
terra1uvwgzlaka2j8z0arelmu6cwekm0gqnmdj65rwc,anc-ust,612226034,612226000,34
terra1wyqthhd4ux27cu3rzhg8vklcwjh2v3ay9xx5ud,loop-ust,852569505,786236000,66333505
terra1t5nhn7kcvep4mqgcq7p5t3kvdntpz3hg8tf0n9,aust-ust,93998338,71707000,22291338
terra1d2ddfdtmlfcc2d6mx53dj6qvy9ld88kq29u8jm,loop-ust,718780250,718780000,250
terra1sm0p7gug459al3lwxdk0remmhlrmr464jxsq3d,bluna-luna,9046396680,4539958000,4506438680
terra1punz8688erkz3gcll907pux9sn9j4hphahu08s,loop-ust,5507805,5507000,805
terra1vmdzwhmxctyw3jvq688gek4jj27wlyz4da7uzp,loop-ust,12587932,12587000,932
terra18c9eankv07ac2mgmgvydvczggsv37e699wcemw,loop-ust,223669905,223669000,905
terra1g0wx85vsu3wyqwh0c8szfz8tj2vey5lvwvwxm5,spec-ust,192245945,192245000,945
terra1zw5y9nxam9xwne72sz288eectpwywywll8f2tr,loopr-ust,231568388,231568000,388
terra1c90q3m9lkecwqhqwsx24fs55vy7fpq83u8f592,loop-loopr,111565999772,47058234000,64507765772
terra1tkw56h35z4j7ghtzx87pyu7xru8g86spsvkcxx,loop-ust,26756255,26756000,255
terra18u7hrsh4q8535hf76u5x2kq8jwlmfftsf6pkmf,bluna-luna,20192971,20192000,971
terra1thxwrkxqrkj2q8m23mxdnnqmm6vmjefks9lc3p,loop-anc,1061923,1061000,923
terra1ek2pxvnlvlpct3svpcgnpms2s78addaalhc56e,loop-ust,9240768,9240000,768
terra1acgw0xenmezpsqwqktdg0xsj43x7uhmun2qjkn,loop-ust,19026302,19026000,302
terra1gwnarydj4vfted3muyfj5ek2gexmk27mxqcdj9,loop-ust,25776402,25776000,402
terra150v4wusx8pl4k6k43vymrq2fcxfug8sttqzqqr,mir-ust,28797825,28797000,825
terra15c6kdtevzer3g3mrut4zcjfgc89w9amshf3zl9,loop-mine,11673464,11673000,464
terra10e04n7z6dc2q430yqmhtm3c2ufw3796e9pa6kt,loop-ust,31985272,31985000,272
terra1l8dq4k2xgyvfj95etfrujd8fkkm3hkydghcf3c,dph-ust,932816851,308604000,624212851
terra1taqcj5ksuyqmnkgw2pnarz2wqfhju03x3lc7ae,loop-ust,1133864692,919421000,214443692
terra1ne5xjtzs2chkmnfs5dr72u0qj9uh5vt0kndt40,loop-loopr,1190877120,1190877000,120
terra1tk7av0wp07am34d2wranqsaxcg7h5klt8ym5p5,loop-ust,20332896,10000000,10332896
terra1w8c6e4hmhg2mscq9f42e774eputxd7avn4w572,loop-ust,9752380,7314000,2438380
terra1fhp6s6utkfwqx2nu5mwp5txgf3zx8utuzfks25,loop-loopr,334697251,280870000,53827251
terra192c5a8tpmychdk2m73p48vy0t52msqmdz4m8s6,loop-ust,141280666,141280000,666
terra1yj6y8xsu55nuvf45wztkmndclwh8ehqmreejn6,kuji-ust,358263722,358263000,722
terra17v6y8rmlxj5vdmq9s99f8f48xneq26ssn4ys7a,loop-ust,10593313,10593000,313
terra1hjzxy0ru3gq6l2h9feenkxtsuqcvj9yw83kyn9,loop-ust,23219785,23219000,785
terra1q8f4ppn8yudvvsxcdu4v5sctlv8yl4lrp87wed,loop-ust,85848190,85848000,190
terra1vjx80y0094v98jzd0ncgtwzm5jm7yjaf7wgqh4,loop-ust,4071352880,4071352000,880
terra1xuzp58kfuleewcss7ngpym6luy2c7kvss2tduc,loop-ust,112488365,112488000,365
terra1c5tx86563xqfggwe60k7pnemz3c2t7sug0lwgr,loop-ust,6800150,6800000,150
terra1cpda5earsgjxp7yechvl8urx42w09m2yazp2z4,stt-ust,59621995,59621000,995
terra1vsvyvjjm634yuh83wjfz9epm7g6qyvgr3l6xyq,loop-ust,167299711,167299000,711
terra1zs5cz7tk5yn2jvddfr5vwzdwzcnh0ka2tkwtrk,loop-ust,97631461,97631000,461
terra1jvff9gwha83y2ednu3p4yk3q4yryslrjsekurk,loop-mine,3974730874,3974730000,874
terra1y32u5ct58plnherywz78gcggdl6sfwd78kncfl,loop-ust,20514263,20514000,263
terra1gccx505ara007efg63g4rjzd9t62sdv98544ce,loop-ust,174792803,43698000,131094803
terra18pecc0nnptjj3sgf0kv7cphrej35d5e3zuwxtk,luna-ust,14635064,14635000,64
terra1uhvsvf64k9xdw7e0vh8agqndhpntx9hg6sy4l8,loop-ust,40224547,40224000,547
terra1uvwgzlaka2j8z0arelmu6cwekm0gqnmdj65rwc,mine-ust,176574111,176574000,111
terra1xh8xa772rdh6jxuqcqvkghnd90dqd3ywlfx4xf,bluna-luna,35881082,35881000,82
terra1g70r293ravpqr3t44zzanah4a6wvzgp8dclw53,loop-ust,3557469548,3557469000,548
terra1esc434nf8elfezh28jxjqspvg9va947pv8f55g,loop-anc,497455955,497455000,955
terra1y4zlmvx0hhmgjwfpct909cfkqp2ggnlsk6727x,loop-ust,5367930,5367000,930
terra1rnevntw635uez72uc7qy6ls7c70yjee5ehtg7r,loop-ust,214867347,214867000,347
terra1hhchj94dzn3yaxmvk4atd3rnfycly3cswwa4nu,aust-ust,9834864412,895933000,8938931412
terra1adcvqkuendh7lnlxwztxg009ayyqej3v95k4hv,loop-halo,2533324165,2533324000,165
terra1p62whk8qh70a3tvqu96fj36y3tl8n70486qyem,loop-loopr,1536605615,1536605000,615
terra1jhqe83svekn8n3cw6ayvhhdzhsgagakg3gj6g4,loopr-ust,38232903,38232000,903
terra1gyg7kn4kmv77tlfyatgv5ad323c5y9m986nyea,loop-ust,906368,906000,368
terra12vu7q45jt2n9sxvpp8gm3vs9s0afdckwkqgthp,loop-loopr,276933787,276933000,787
terra12380c9tq88veusnrq8rz99gymc92l6fgc33eks,loopr-ust,985059211,985059000,211
terra1aj749s3mqexkn4q79htvchk48wrn2lwrqcqsrc,loop-ust,1082678079,1082678000,79
terra1s8p0s48qq50lks32yu9zcdx7js4sdrm8pprq7z,loop-ust,8997464,8997000,464
terra1tluyekggnce4js7usrs0xk06528vg99ra09ae8,loop-lota,1637551603,1637551000,603
terra1j0ngkuyxx0aszp072qu6j7cfkh2yzn7jculnvr,aust-ust,895369549,895369000,549
terra1j5cuk3mp7vwh3j0gz05cn3qqvl6vngyv04csry,loop-ust,10314312,10314000,312
terra1vsj0c4xdn6klfsg0e2685rsqx3fd7xrv2yn6nf,loop-ust,188525429,188525000,429
terra19qdut7h08cdk3m8n97qjpwffkusjdw5h6calkz,luna-aust,15672529,15672000,529
terra1nh7zngglgx95jd69838r2zrw3gera2ylcsv0yp,loop-aust,194095834,194095000,834
terra1skymv89kesa7ufdvyemy7wt4u4t0dqxexcjsny,mir-ust,7177842,7177000,842
terra1z84u7v4kvvkqx5et4t5ydn9ncjufezqgkekxqg,bluna-luna,148040444,148040000,444
terra1amazdk4reqc55y9w50pk32f9e32fz5rk3yxxyu,loop-ust,7846677,7846000,677
terra18myvxghz5v7ucnvq2k0jx2lsypvwdt2lg0t37q,stt-ust,577785887,577785000,887
terra1t0xkqf58v96r6d9umydmhhwqegxzfh7ft550n6,loop-ust,183436561,91718000,91718561
terra1z7h3uvq8nnvuqhj6naa039kexkrkudmpndecqj,loop-ust,568752018,568752000,18
terra14dj3ryz6y5ylrxx8v6egfra3zary4anyweh0rj,loopr-ust,804653936,804653000,936
terra1760s0ks77vl6xge4t9z7xm9quetdfq2ngavemt,luna-ust,7931098,7931000,98
terra16r0g6gxeqc7nndctxl2tr0xcu0xz3szgwgptze,loop-mine,973445737,973445000,737
terra1qw6f9z83zakd4wnfxgdydc2dfp659qjuq9qj47,twd-ust,51868615,51868000,615
terra1xpnnkef8e3hlq6xqnyvajud7hhq0lfz50m3ut0,loop-luna,23365796954,23365796000,954
terra1ys03rex4c3wu92e6yhqsm5lsu0tl476xv26ply,loop-ust,275120927,275120000,927
terra13j45pgvaz3qjcqnmcacrfdfzyhjgpevvw5arn3,loop-ust,104565263,104565000,263
terra1k82shffwr2dnarz3gl7jahqjcer6mdzrr7rgjf,loop-ust,9228487,9228000,487
terra1eagrctkw0f0kutee6mfwg7pwft8t5afy9kd8x7,loop-ust,2646202999,1113252000,1532950999
terra1nwudag2rtyj9y5j3tydl0yhfyczjy77aq8pc5h,stt-ust,17696073,17696000,73
terra1paknxtnma3z3pfm93wf639ut2jm7ku4g7q8uar,loop-ust,8905892,8905000,892
terra18u087nn4qdpuztv0cl92kl3658gqgjnyg5xlsq,loop-ust,149477200,149477000,200
terra1z9c6sxhh5uv3nmmnvf709kqx5kztryzk0vfmwf,alte-ust,2942004949,2942004000,949
terra1369wgfu3cayrxq8wp05a0cqnna52fkt76tuzgd,loop-ust,3916480,3916000,480
terra1aum389u00xgj67j6adel2nmn9r0sa5ap77l0m2,loop-ust,8070968,8070000,968
terra1ra49tlmr8kcef75vjsk756mhyc87u74xz0x77t,loopr-ust,27192700,27192000,700
terra1uvth72nh5unsxxzjzrz2u9xqdlgdux3j29yhh3,loop-ust,160008063,160008000,63
terra13w97rtnuk5wrn075r4p68mp6r9vgts6axgjw8k,alte-ust,6170954208,6170954000,208
terra135u37jjufllum0pe6qwqpwtjsgwxvvd39nyenq,loop-ust,4900094,4900000,94
terra199mmust3fl6fu3e7mxa95ft6zlv89pvcp2nh27,loop-ust,22385887,22385000,887
terra1snjh05dm79qwa5pvl0vzwuyc2jzgtkurf0eyme,loopr-ust,518575197,518575000,197
terra1cq9jpgjnyd5k0ptzzzshszusrdmqluttqx7vhu,stt-ust,54331931,54331000,931
terra13v5h6ec4c29nlh79cmw76qqhrq0zqj26yepdgd,loop-ust,8845224,8845000,224
terra1qfwexsym7g9r5d2nqencp3um8gc5k4atmgcncv,loop-ust,28057747,28057000,747
terra19u6wn86trce8jakcfl4qh2zleffqkup65ty0dm,loop-ust,92110379,92110000,379
terra1qnh0ddlh9qtt9tnlqtyw6l340s2fezh2rr5ll4,loop-luna,41331636,41331000,636
terra1c6xjs4h3wrugmkrv752arvxeyhmahxw66hqd2d,mine-ust,17087307837,17087307000,837
terra1cust2c8vrusy0athqh27ea9z0x8hwnclelxgmk,loop-ust,7338832,7300000,38832
terra1004kjp76qvz07p23zdf47cq6d67nkj4e269yzp,loop-ust,8288164,8288000,164
terra18y6nhkejuu5at3d2dszfs64gkx7sxkff9mx78r,loop-ust,15859051,15859000,51
terra1cnxwnf4u8cdt23g5hc9zyyjuxmxt2pkwhyelj9,mine-ust,19164282604,19164282000,604
terra1ymjvk7htxuhlmxv280fskyelmt5xy978e6j75n,loop-ust,302005682,302005000,682
terra1nwudag2rtyj9y5j3tydl0yhfyczjy77aq8pc5h,loop-luna,183304233,65137000,118167233
terra1fctc9m0j9nyvz2zta6hwqqzjgzanlyrvwmfxa9,loop-ust,13882382,13882000,382
terra1vyyxj6gxdvz2srwax92862dnrk3nc6j58uqd6g,loop-ust,2171366,2171000,366
terra1v9ezsja73azc6225wx0qvt3catjwrgqpczmka9,weweth-ust,146345,146000,345
terra1m9257v5xq5t9eftzqma2s9700jthvpd955zkl8,loop-ust,11158817,11158000,817
terra1zexytfnrqvvdh0zaznwrw2suyt8vezran3pzr6,bluna-luna,87691865,87691000,865
terra1lufc95q8xqv05al9zpt6cmtay56nkl7q9lem4f,loop-ust,1320840080,1320840000,80
terra1myjmd6dre74d7kctam0k29zgkgg85rwpjddus2,mine-ust,1148654051,1148654000,51
terra1ynvjfrycsgyn6t7l52w47mh8hrrrgadt6ja9q6,loop-ust,303148,0,303148
terra1qf5g7xj53fgzj3reak7ly7fx24qv27nhxrd4g8,bluna-luna,12952766,0,12952766
terra1xnr2renal4txnw0u8uleumuzlttmtsn3k4q390,loop-ust,74835788,39565000,35270788
terra1dylajzpthllzjg5z8vzjds0482ntc3s06leec8,loop-anc,13726004,13726000,4
terra1e6uypd2fx7yg70h52qp8v69xnf8lm4up5ckj6k,loop-lota,6050591651,6050591000,651
terra10xx46ahg4av6dy65vncwpn7vsc6v2c6nswjauy,mir-ust,1844029153,1844000000,29153
terra1jyrmkmvedhuxfdffx9cfnhnvksyk47nvx34v29,loop-ust,1050219,1050000,219
terra1gmpsjq4wn6aw3e5a8xq0xgjtmhzhyc3cxkfwdu,aust-ust,19213223148,10265062000,8948161148
terra199jkuyrvuaf7qtrtvnz2aty9068qrmx4kxyeml,loop-anc,263672463,263672000,463
terra1l2cz3w5g0pac62awdmss6v2cwdsndp0nrusuu0,bluna-luna,72210792,72210000,792
terra13gckpljksps9h5gywzv2j3watw3tfe7s2g6gyn,loop-ust,6942733,6942000,733
terra1pqk79qh0vcdz2nj4chpnm7a5q929r0hzykx0rz,loop-ust,4206484329,2100000000,2106484329
terra15ntnnmxyndvnjudvkj5mfvnsy3lm7qrfsdt9y5,anc-ust,620408293,620408000,293
terra1rzq8l0ps4qtg3yn28xjjsw2d0ccecqrq0vdpy4,loop-ust,3555514636,3555514000,636
terra15vh6z4l2mhfu4886p6r456mym5ha5t99gje3rq,loop-mine,37380945,37380000,945
terra18a9dvc0n6r7l7qx6at3kjcpu7pd9hujc84yeqq,loop-ust,53698339,53698000,339
terra1uy86eswmuv3eq82pmf9mak0yyf6z9rmqak3x7p,loop-ust,35571335,35571000,335
terra1arjglud44amwf3t45q33z0mhutvvxnghttmgka,loop-luna,13759984,13759000,984
terra12rl0hd6j7wq9scj02hym3a9jylhjy6954g5p9v,loop-ust,11244578,11244000,578
terra1q4fwuv3x6dwm5g99psslck5tt8z6lldzdec49y,loop-ust,1395615879,1395615000,879
terra1v8q24fv663v2l6w7kum8f3vfa4cagacudjkqnq,loop-ust,2079617598,2079617000,598
terra1r4p67csf2wa4rxx5g78tl0vwjjd8gl84efwgvr,loop-ust,7067706,7067000,706
terra19s5n4nttf4nrf2rhtnqj786p5pyhjk3asykrg6,loop-ust,6199189,6199000,189
terra1ukf6wef6l8fzcf8d6f3c7xaajypm9r3v736xgd,loop-ust,31788756,31780000,8756
terra1rufwqdld327s4fhw6q33ndgczx74sa35dgjhfw,loop-ust,3885886209,3885000000,886209
terra1nk5gcu5yn0x5j4cua2evr6pxtq8pulj3u9auv2,aust-ust,1846521073,1846521000,73
terra18gedel5fy595agkqt5d0mqf0tallvsahggxwfs,loop-ust,27147311,27147000,311
terra1vnhqmwwul48x82f4km6yc7e940cpjveef8qpjj,loop-ust,11297470,11297000,470
terra18pgpv4chlsdv5fnl0sun8a59mjd8m3z208amuh,loopr-ust,376407359,376407000,359
terra1l30zes5nhene6euk87dfcv56csky6h0jqcdccm,loop-ust,455747700,455747000,700
terra1yjfvk02xftuwac7v0g42lnm9k6mte8vmk59k0u,loop-ust,4309035,4309000,35
terra14zwauyx5zsphyvmuxjmjhjrsen2zw3hmap2cug,loop-ust,4601319,4601000,319
terra1cv0a5wklwf45n2jpu0804sza2vapa7ert737ff,loop-ust,8406056,8406000,56
terra1mwxzq5njkg64s7y5w0sdrwkgvgnfh9u77fwulz,loop-ust,8455168,8455000,168
terra149sgfgnflamxupj250g9lkgjhryy3u8ddyyg3w,aust-ust,2412265270,2412265000,270
terra1e0hur7l5hvxy6zf9ekcyffz9vhfkrjzdh7u2rq,loop-ust,33318624,33318000,624
terra1twxwclykrannmcz3hwrq9fm8ykwsn6wfaycdq6,luna-aust,684089137,684089000,137
terra1skymv89kesa7ufdvyemy7wt4u4t0dqxexcjsny,loop-ust,10534644,10534000,644
terra1szx5plhh06wy4a74tslaf0vuy3vjgadgywyqlh,loop-ust,190392834,12582000,177810834
terra1rgua2v0kmf7rl4g7eysavfet89h8gju8pagnqm,loop-ust,1249428910,1249428000,910
terra14m5gju40ge8d3nymfm22x96yelsr02a2g7946t,loopr-ust,61225811,61225000,811
terra18lrw5v9r9ycvy0hypt546e0aen40l9t45j0ye7,loop-ust,4623711,4623000,711
terra1fsajghjrrggwzzzfcvqk0z996nuysdjcnfnsau,loop-ust,33262236,33262000,236
terra1sr0pjceh648cnqvjthl3nfpq52cg79238pkf0c,loop-ust,10722473,10722000,473
terra1wjs8tzxe4a0g5tqmshlx8cc4yyd3j60m5lgy54,loop-loopr,186354970,186354000,970
terra1qcuu39gml57dzzsx7zdgt2qhyz6xpvdhafh4e0,loop-ust,4705675,4700000,5675
terra1gz8nzfxu0dzga44tasakua5tf4pfxec74wgntu,loop-ust,330062515,330062000,515
terra1mp92fercxstd2jrf5ygdkrzlqxcttuael8fkaj,luna-ust,29734267,29734000,267
terra1cwnsefr0ggt8whkqdjfa8d274vzxnthpchpgeh,loop-luna,972131030,972131000,30
terra1qd0k3le6vhnguyqw5yhq7js6qxdf65m8hqx0m0,loop-ust,186423618,186423000,618
terra19rdwmulgel0j6ps0lk74v6pva9f68lwpemjjle,anc-ust,1172795572,1172795000,572
terra1akcs8y97g88y6mchww77h0tfwaccdu8p88njdd,aust-ust,2744017335,2744017000,335
terra1cfevsu5sdppwp7cfaz8vk5weuad3lxy92dtc55,bluna-luna,30185134,30185000,134
terra13tl7mwl7jn6cqzst9t83sl5rg78d4ty9jp755f,twd-ust,102709006,102709000,6
terra1256zg4j5sumq6nju90lfs0t5vc2qwt4jnnzrhm,loop-ust,48727749,48727000,749
terra1hcqklch59pxxakzn8hwmwlm48j40g2clauennp,mir-ust,1133367,1133000,367
terra1n28qt27zpkjvts49p349eyrst3rmm6fafc376y,anc-ust,1067950586,1067950000,586
terra13ftjkad09mdxff40pnkp7nmcglmzkcx79nj9ee,loop-ust,17654877,17654000,877
terra1uff5ctkn338ygeu4sv6mw6wda90jce2e7rh4ma,anc-ust,26560461,26560000,461
terra1a2qryyea53gskvcya474zax9n06f6p2w05vtl6,loop-ust,10175209,10175000,209
terra106hyw2v7xx8twz9cvukwveh0zszvpsq0s7eym0,loop-ust,56224793,56224000,793
terra1mqt7ew3xgq9g30zpfx8vwrc26cka3cx7jdpd5c,loop-ust,24678312,24678000,312
terra1sv0a6mmlyjkvy9xsz0vnhsghs3ld7z6gmg0ljf,luna-ust,456973077,456973000,77
terra188qaujdxeq3a9f8ekggzvs73qxjyvqt83smeft,mine-ust,2287042129,2287042000,129
terra1k0ne0xugypwc0jyhakvuf5zxa360je5ts2m7ha,loop-ust,17380644,17380000,644
terra1vr42z2ntr9kwntp03mtufk65d3uarpfzqzl6vu,loop-aust,166094230,166094000,230
terra17vu0n636tpjcn4g5uxxrhguj0752y732uzcpg7,aust-ust,3808217200,3808217000,200
terra1tq7r46av085ycj4q7v0d9aa78kd396q98xn2ap,anc-ust,485840797,485840000,797
terra1fjzl80lh9e22d5mrkgzt90kmyveuhuju0jnhpq,mine-ust,405819856,405819000,856
terra1g53mgtymzz8d3naw0rwl0zrp3g7teyp4fwll7a,luna-ust,7305380147,7305380000,147
terra1sj85ym4pe2pttd00nyedp32qdephpz2kx2kxs2,loop-loopr,77982911050,38991430000,38991481050
terra1dzqtx86sq3ddtk23m53vxf6tkkwlyp5slvssum,loop-ust,1135575003,1135575000,3
terra1hhchj94dzn3yaxmvk4atd3rnfycly3cswwa4nu,anc-aust,56421370,56421000,370
terra1059h7wp7g7ut8rue7xp64c9m5l57lpe4ee8hkt,loop-ust,4741512,4741000,512
terra1084gjjcndwmmtejd8x3gvp7l9lk7r25xshz0vt,loop-ust,134969866,134969000,866
terra1yr83dwnj5yq6c923k9uzu0dnqsmmr0k80yk6xv,loop-ust,10089241159,10089241000,159
terra14wttqqwgh59g76t7nl0p3vx9rgzfzz7747qqf0,loop-ust,127497097,127497000,97
terra1wef5hkwnuuzawycw4yq57lnpjw4j256pcjnxkg,anc-aust,1744976114,1269917000,475059114
terra1ghgt0rxjpp6typ2f7xnfh0jpmysxe0qrvcgnmq,mine-ust,955855508,955855000,508
terra1lqgffrzwj76q93c2vz9xgzu0tqkgsl38f6h8r7,loop-ust,15927406,15927000,406
terra12z9f7nqn23fl3apyduslhcjxtp6y6682p7ehj2,loop-ust,4653010,4653000,10
terra18cuzw589u638cmvs029sw7ehv8enr77722cpf0,loop-ust,52398152,52398000,152
terra1hk06zwvj37yeyj4j0ucjmthtv2zzvrptf0v384,loop-ust,314719597,314719000,597
terra13ldpxun5gsfwa7d0qkkh9apffs32y7edcg7jce,loop-ust,7581511,7581000,511
terra16aerunw7wweg2rhdgvrr9kgwg6n3dagserytzy,loop-ust,1281805714,13102000,1268703714
terra1kgmrp2rdwwxvjh7t8nxmr6gdzm6z7v6w259nvz,mir-ust,2884662,2884000,662
terra1l9ac7tdredxfsxtg65x7vfyn6fg009nmpu8073,loop-ust,458598016,458598000,16
terra1ldj88muw46vgme046379snz8h5l77c6ph9rtcl,twd-ust,532258263,532258000,263
terra1c5u2rw45gawmkfalt8grl4zf9l5nm2dpm2j9c7,luna-aust,115651031,58435000,57216031
terra17zhw8e22ekrjlzag9s35kqk7emmzpet77jmygn,aust-ust,48917720031,48917720000,31
terra1nqm6mckgz85cmqw63cklr8tzz77xmks3jqhvtf,loop-loopr,15018536848,3708964000,11309572848
terra14q2zwlwmjfsm6d5gx30nqu46ku5nhuf2ph3eeg,loop-ust,59502561,59502000,561
terra10g29zn2fdmw49yxupxxrkdkkak8yr0c04pavhf,aust-ust,4623188063,4623188000,63
terra1k0kzvddfuuuppc25wky7ycjwcjf3j3g070ylak,loop-ust,84718337,84718000,337
terra1w26t0su4grq8w0k67fh05zaw6h9sallq88fhrg,loop-ust,8548445,8548000,445
terra1ywe9g8jztk5utgld8ldkasx277wmqucp9ky2h7,loop-ust,387854362,387854000,362
terra1lzjz0pzdxr7g99lf2gkw93peq6e76r7yqxmr0n,loop-ust,15817419,15817000,419
terra15ceupkgdwgk0jr9rznrtazz992dwdrn83uszy5,loop-ust,1617114,1617000,114
terra15jw4qm3thxa6ggfgzvge6uj8wu2g52zyr59c0u,bluna-luna,286415331,247053000,39362331
terra1zuf8pc6lhek24p359flqztmmpm2e6wfjhgekdh,loop-ust,16350832,10034000,6316832
terra16vrz4hrvr2sp0qknuy7hvexr00ltkegfk8e9gc,loop-lota,152743499,152743000,499
terra1hhchj94dzn3yaxmvk4atd3rnfycly3cswwa4nu,loop-mir,106326092,106326000,92
terra1zazt8cjpe2wnz6phl3mx8vx2vpfl6wad47jsr8,mine-ust,632842973,632842000,973
terra1d6u9zg8wcqxt6hp70ydu8cs6kk2jk73ywd3te8,loop-ust,5935971,5935000,971
terra1xu55hqv20zx2jfd6tanzx5q208x6xqyukmnqyd,anc-ust,66600196,66600000,196
terra189flfwkjc9ayl7gj5hygw2dgdwup3mncjuld8j,loop-ust,5319732,5319000,732
terra1pp20td7rqjuzh30mkhr2q5q6cr452r0vaphn0f,loopr-ust,353767182,353767000,182
terra1ey63n2mf77z8ajzk3rk6vsqqa6dvhvd24kufyc,loop-ust,102681126,102681000,126
terra1zrrx25hnkt76ls532hgqxahe7frp7a60s0x8gj,loop-ust,2019374,2019000,374
terra14303eaf6sgs92c48xd7xkw4tka8wnu5u5c32mz,loop-ust,210277606,210277000,606
terra1fac0kqr4v2k20hf8npqzh7mz3vl2yqyukqlu8s,loop-ust,13165387,13165000,387
terra1c2j44hhj3a5mt84x7mhp0tq27qj5jdpp0ujql6,loop-loopr,301670255,301670000,255
terra1xev7xrzjkmnrks4w3ydlztrfjx2u0r6azslg54,loop-ust,2281130403,2281130000,403
terra1fj98j4hfkfjpc57s695c7pmuca67qa85a7vfr6,bluna-luna,25816546,25816000,546
terra163qejmrskm8urvm4yh78hf7pt6r3fypcnvpz7p,loop-ust,15184446,15184000,446
terra1sz86jekppd6t56fcnq430rjt5yq4s7rz6vnx7m,loop-ust,8897997,8897000,997
terra1ka8nsl3gn035z0t2kw8nddhhy6enccs53x6l5d,loop-loopr,104195732476,104195732000,476
terra1n6v8wnt62g0lskgtelq9mdmt742spzh89yd2t4,loop-ust,432365560,432365000,560
terra1rhf6mmf3xc4m2uzl9l8ntw55jk3lcjkrcqzqnc,loop-ust,2113068,2113000,68
terra1295etyk99ra5x3e2suvyp5yv7jd5wcrys9hmc2,loop-ust,188278374,188278000,374
terra1nffeln993j6lyzzwnzmxxuxav893aldngfp6v5,mine-ust,849187300,849187000,300
terra17xs7lel5veyvmzrsy7zfkd2xk2zafx80jqz9cw,loop-ust,35816316,35816000,316
terra1080j86kurrhe7796ynyj44m3y6pzx30utq5ttc,loopr-ust,75376062,75376000,62
terra1ah3fddc2kkj02w20dacpnh8gfxt6qwslmkdwk4,luna-ust,58069063,58069000,63
terra1ke73zv3aqpkvlkk8v0w9dczjwl9aa46es4qkq0,loop-ust,24413895,24413000,895
terra1vegs0l7g57yxam4k2e7zzv4ye4yrv8utm9gy4t,loop-ust,2988721,2988000,721
terra1u8nfw8dmhp2l4h5swqf5fxg955d42asrc0ct5f,loop-ust,9673533,9673000,533
terra17c2n82ymesdk3es8hgz7t878w26tmv26ah4u38,loop-ust,106123538,106123000,538
terra1fmsjwsn62wr8vegj9zmznwv8wemzc83kghy9hm,loopr-ust,58055253,58055000,253
terra1yemf2zpx5kgu0udfp3tvd2uwztfv08utpjklsn,dph-ust,47708095,47708000,95
terra1l8wlpc6c74e8h8eg99c3nkc4y679235lxtje20,loop-ust,238917496,238917000,496
terra13hu4aa7szyd0qtfkzskpjhetxvv8x7g785f9cx,loop-ust,1702646437,453731000,1248915437
terra16hj5pxacvqepe0dy9ccz297948w5tljm5pue5q,luna-aust,9713743,9713000,743
terra1geth753gkceh8c9ey7r2r3346et9dhglgdhs5p,loop-ust,890061,890000,61
terra10dr0gevtka2nfpx72vefx90pfe65xtwd3ew3jv,mine-ust,48209668349,48209668000,349
terra1r4gcahl7u0zeqaj60eta9juqnnzjyfgmsdvhdt,loop-ust,9610310,9600000,10310
terra1t6fre7g8lg6gjlnu4rsk9rky0gax9v2e0nzkpg,loop-ust,31185653,31185000,653
terra1gl97azssenpq6ctl9r2s9duxfgsvsyheka4m88,lota-ust,131600736,131600000,736
terra1sy4pg53aekkfangm9g6e7rc5f05spfwda6pwmp,loop-anc,6907716,0,6907716
terra143vxv356x06k476kp2gxhultwv2zvlgcq02f4z,loop-ust,205541,0,205541
terra1h8kx83dekahmq5vm3qm4nclws3zwkp6evkwuk5,bluna-luna,5648233,0,5648233
terra1uc343qe6r9l23mcs79qfca27d4kegkk8ne535p,loop-ust,10245241,0,10245241
terra18nzrky7sw95d6vvdh4wuyj3cm0n5ngnxf6u6c6,loop-ust,26086167,0,26086167
terra1uc5kcm3vsvntde7nanpunlk0qcg7g6t8kwluun,loop-luna,12500362,0,12500362
terra1axjjhnsk59ujtrvmlu3rp3hcnm8mvdn6l7x7un,loop-loopr,6304557,0,6304557
terra1r89z5ae75e37r9a3fl54wr8fvy5pr5xu7ceh4l,loop-ust,15625757,0,15625757
terra1nspfe0fq8x2vgaeq6x6frpmv56lwleck0tzfvt,loop-ust,1970404,0,1970404
terra19uct0wua64c9r9e3e3w4mrzxy0c6y7npppqgwt,bluna-luna,10080901,0,10080901
terra1ma2d4yckz3hmw2rkwz09k989njnrx4aygvcmfz,loop-loopr,1768805012,0,1768805012
terra1sjqn3v2tqu5skjwh5yzuu6z65mq63j2c7s8al4,bluna-luna,226698455,0,226698455
terra14trxfd33s6egggyvvymqfssskxfzxdkcctq08s,loop-loopr,2594334035,0,2594334035
terra16ptdxwhte3nllu029hjecd0ctccvqj9vwzazvw,loop-mir,234520304,0,234520304
terra1kw0ue4s5rlewakgnfd543qtk2zk9l35lfkrj40,loop-ust,2877306,0,2877306
terra175wj27sa6fs0y8ms6kv2lcnvztgra5meeppcwq,loop-ust,7744229,0,7744229
terra1at5888zqa6rlzvum2nkyp4xakwvkz0jam237km,bluna-luna,72661299,0,72661299
terra1h9u2pwjh56f08eptmzfwjtwqr5eklxnr7mlkje,aust-ust,35649434313,0,35649434313
terra1s7kvtqsfvtjnq8yxm99yvr0fc89lk79n6nchhf,bluna-luna,2326387,0,2326387
terra18669v3xmq3xy6e4uzf3jz3e5y2ykgysspcf938,mir-ust,2954518805,0,2954518805
terra1qwkjdu36gd6c8h90ksws85yjj07gna4t79wfm8,loop-ust,23860444,0,23860444
terra1h4htwl09nfjjew7g5ht99g00733fx4jmrl80a7,loop-ust,919213,0,919213
terra1s6jujnxqlfplzqjw89yc97sqlwufxseecw7pl8,loop-ust,4875456,0,4875456
terra162kt3ja8nwh7kr2ed67y054g42wqfs8ts7y4ee,loop-lota,905341497,0,905341497
terra15txt80dskc8a5a2eh08cy9pxelmtan04stk0ts,loop-ust,908432,0,908432
terra1gmryghne3refsya5f0sne9qzdp08xx8pnjh3c3,bluna-luna,59359029,0,59359029
terra16rjqll87x7gtgc9jexg49292u4hz5zpl0p9fcu,loop-luna,5659231,0,5659231
terra10jfyl7d0ww6uzpflzszzvr8ar4jqk7td5k0ef3,loop-ust,466388,0,466388
terra1fz9jj7zpjyxvz6knsf364ane8h5feljuarkjyk,loopr-ust,12080026,0,12080026
terra19vhnd4mhqwug6myquhcd53wdu4ern28esyt3kt,luna-aust,1255205146,0,1255205146
terra1l08svc04lku4pg493dnwzum2va30py96eecwvv,mine-ust,16431714,0,16431714
terra1l3rgxle54t4pwpvlr7y32ujufcxylkxwxruzr6,loop-ust,7898913,0,7898913
terra1qxmmv786r5wrkjekquxrspda8e85zkm429pkrv,loop-ust,9319262,0,9319262
terra14s0t7cg5689fepr02paalxaumkc6jkrr99utd5,loop-loopr,12456833,0,12456833
terra1l3xway50pcyz43jz4qw2whdsevhqg3zqyn3v4p,loop-loopr,33211860,0,33211860
terra170qwala82ny5xaxmfnw2ykdtrnaa6s8egtycpl,loop-ust,468061,0,468061
terra1g0t5ymsl34ykd5m5qgejkeulz03v8lny7lvpa3,loop-halo,39314810,0,39314810
terra186hejfpsshkgq4s4ga2ldjxjsjvtknmhtzg5a5,loop-ust,377250635,0,377250635
terra1ylh5pyss72djdqdusnrvl639ladrwrvf8ykcuy,bluna-luna,4478798,0,4478798
terra1luutppp5t5g72r5tmmd8nun6krz8hk3gdvjuqj,loop-luna,5313142510,0,5313142510
terra1sgcrg2ddsw92rqrjnuz2q5d3mkqkztjn2nj92m,loopr-ust,20547926,0,20547926
terra1lr67vzals5exptpnf6d4s5s8j0q9005n2tfzan,loop-ust,3827719,0,3827719
terra1cge4umtxj7emclhhdartyhhsfktgcjaafrn4vj,loop-ust,965616,0,965616
terra1eq7pkjcxtqtqda5lhkpdz4thhk9ly8n6uwf2wr,loop-ust,136827005,0,136827005
terra12wmr7fflkyqa6wvuua2wa98e3em5s4g8tht6ct,luna-aust,147257700,0,147257700
terra17p0rg2r620kp5lshpuwn6k5hhq8ylgdyj9pze6,loop-ust,2955656506,0,2955656506
terra1sc3qd68l66v0dqrtat6ttcha88qmllud4mmyej,loop-ust,24949131,0,24949131
terra1lq0973g2g4mu7ex5wq2n2rx93ft3rwqz25h8vz,loopr-ust,7279734,0,7279734
terra1z8yc6wk2n2hc70w3qs0j46xcncmhxlft4t54js,loop-ust,15625336,0,15625336
terra1uu4epa60qandjh05n9hy9ggccrqpmp93unmp2u,loop-ust,5058966,0,5058966
terra1eghg4kurpcntw6ky2q2f3599ptqdvu9unrdtfx,loop-ust,9502879,0,9502879
terra1hht6frjt0qkpeylwa5zusc9gxgz6zwmxwq3vwl,aust-ust,8963253,0,8963253
terra1zcpag4yedcahryvrhl8um92fe0m2tq2jgclzs3,loop-ust,65466227,0,65466227
terra14fjlql2txtsgsjr27q6ejmaxwev0nnmxmqfghh,loop-ust,5390032,0,5390032
terra1a0gm47x3wk3csudgdvmg0k62tynzk2wm93sm70,loop-ust,7459364,0,7459364
terra1k6ljv5zgzf2v9wd962ttfgcxarzk5wljqq4d74,loop-ust,5131101,0,5131101
terra13p95x0at7l4mkm7qapqa0dfeed0xs6xrrra9xv,loop-ust,1070,0,1070
terra19xx5vtudqxmjps8c94gmzdpntjfwhe0j6vl3gj,aust-ust,447644348,0,447644348
terra1ygs52rlg03ceu26rr2qy639tra8c2s7tp33rzr,loopr-ust,1209556770,0,1209556770
terra1zd8srwvpcxhwe8jnpflaz9npztw8r77ksvm43f,loop-ust,17368046,0,17368046
terra1rqx7qca68nh40ermmtsh86cqf6rfnufs7xfxxq,loop-ust,316458735,0,316458735
terra12v9h566mx9cgdwkftw3fdeac2hnx3uxxmav2kl,loop-ust,15596324,0,15596324
terra1jz9qe3lr4cx7g4jk0xgt0czeekrcaa3hv9phu7,loop-ust,104619326,0,104619326
terra12wa7nu7pg86evgusv6kh3jf9yhcfwyytf3akmk,anc-ust,3449468,0,3449468
terra1ky4d04377fw972t9vesa4wd2ncmy8vvgvq6am8,loop-ust,1804182,0,1804182
terra14g2a2cljpqrtz5zu2epl5kt2uvdk93r6h3gk6z,loop-ust,24415544,0,24415544
terra1kx8w353jsxfs04ye5zl88ptrh4gwzr87eqsluq,loop-loopr,1208694601,0,1208694601
terra1lezss35djv9jjrdgfrl6eze7n80fjlnr3huuvn,loop-ust,7595800,0,7595800
terra1x9hpllhjaggfln3prn4dq84qwzqzkauc2cvxea,loop-ust,6128307,0,6128307
terra1vte7wnlffsfllw79mrrapmf2c2wsl5hmry3ce3,mine-ust,189847955,0,189847955
terra1g22g4s7a75wjjk0yu9pllyex4r05ksgu638n9y,loop-ust,25351273,0,25351273
terra1gfrpts8vq9ptnaqtv2kn7emcpc6nttey9yx3xp,loop-ust,4214367,0,4214367
terra1qw0e92w823gnzje75kujf98fevsan9wyfzjzpj,loop-ust,32895265,0,32895265
terra18rwn2gmwks2rgnr4926u9ayusxy4awe6m0dtcj,loop-ust,83981872,0,83981872
terra17fp6g983twudzp0t04wn6dufeh5m353jtxukfr,luna-ust,379420452,0,379420452
terra1zxf2703ql78g0yc0cv2wz9pftm0n606rahezm3,loop-ust,1756928,0,1756928
terra12xv0rmyn4uajxnm24vernayan4nqmf8c6jsshj,aust-ust,4481784688,0,4481784688
terra1qj4cnr4f9jug8668hz85vd6fjf2q39lraznt7q,loop-ust,1156067,0,1156067
terra159xwn2spujy4vptpz59axssm8ydh3tyk0z740x,loop-luna,993744100,0,993744100
terra1tw8kwvl8nn9jykz8lkprfnyld3ggckrl4lgmf8,loop-ust,19921232,0,19921232
terra147a562j29ulva73nq2k5w4hwrh7yhu2v7ljlsx,loop-loopr,12436988,0,12436988
terra1ve5zj6kat5kdndk4zmxah6lnckxkjgjc3udnp5,dph-ust,544056482,0,544056482
terra13gqmt2f3f2nlkxa9wzgkryjs6hzyuk9tfje9d2,loop-ust,956808,0,956808
terra1xff6hzmst4gklzkmtu9x3ata54dhdu87gcwsgc,loop-ust,55809880,0,55809880
terra1uaulpzp5hxjq5e3vrur83y8kjjauw4tf8zeap5,loop-ust,3909356,0,3909356
terra19fx4hpgfftvgeh5x4lumm2p60kxkgajj4l4huk,loop-ust,351309729,0,351309729
terra1t3rkaxqwwh8mtagm4349ys4pa50f3nkwjf7x35,loop-ust,8877,0,8877
terra15twgjwtj39d437dhwk4n4ehqga64mn7zglzxwc,anc-aust,321666104,0,321666104
terra13a5ja0c5t2jj7sa5uh654cwt9cpgtxuxu77u06,loop-ust,819766,0,819766
terra1nkhdfxtka0zypfz9ssq965nnqwe7q2mqr8z3rt,loop-ust,1095072,0,1095072
terra1cex8ad77czq5heztuphdf3ucuqkta2v2tllzup,anc-ust,84322752,0,84322752
terra12rr88mq3shge9f5crqqep7ce0dh02am50dx79c,aust-ust,6882652,0,6882652
terra1a79vlm6pklc5r40sjqqyxjf6fmpcdzmwa0g2hg,loopr-ust,28198090,0,28198090
terra1n27qlyp8pkkse2klctvfaeh6snh6kya8cdwef6,loop-ust,1386722,0,1386722
terra1as67tpawnhuv44mzqfkjwx87vg8s3cfkwq2z6t,loop-luna,403319246,0,403319246
terra1844e64tf503650k8nkcv6qtdjza5su2r446gwv,loop-luna,2747426,0,2747426
terra18ckq06ds7ut5xm0a2wwvk3kl2jmcqua5yg2c27,loop-ust,62702001,0,62702001
terra1v5l22m65xq09cmdjwgdkmr8cuf8gequxxdkp69,aust-ust,305594984,0,305594984
terra1kmtl096x7yyakwwpnegclkm0zc8xen4p7grtev,loop-loopr,326974153,0,326974153
terra1egqvq0547pufq6klh86sm9dgfgu95r7dqsz0we,loop-ust,17073027,0,17073027
terra1gwcs4a2lzam2r0gw9th65twp26vqz2wved4xhu,anc-ust,47249873,0,47249873
terra1jm43hye4wpjuawvmuu2m2acdhxkqq79y0sy9kc,luna-aust,393031796,0,393031796
terra1s5tj6yxju904zqc4px483q6d4ev5nyyjwvcmyz,loopr-ust,14681568,0,14681568
terra1q959t2ynmea6mcg7ft8lxq5zw0slrtr45l8k84,loop-ust,1024435,0,1024435
terra106m0f3rh8dxmd5ldke24u7q3hpqhfh2qrhl5gd,loop-ust,63787647,0,63787647
terra12gsjr0g3nywwqfa8guk9tmjjynf6ct4rstre2l,loop-ust,9497861,0,9497861
terra15jhhfsf9h9jm87pespx9qfzscjtfl6hha6t6ps,loop-ust,2744313,0,2744313
terra1rd4hfd3auspwm45vdl5f9pljcgn28nr4zh3dhw,loop-ust,96452113,0,96452113
terra16gw2xuf4yaekn7k7ead8z2zn92dzx0jm9vqwpk,loop-ust,492013,0,492013
terra1c22pqfg6m9zrt0ekqtftdaewmdx03hstdl3gdr,mine-ust,30954354,0,30954354
terra1uz4cnuxxc9whvwm2j7swmjdz97u2q5lgzae884,loopr-ust,947172,0,947172
terra1dr4xg8xm92ejqujvstjsa8xfmwnjyg7wp7cm83,loop-ust,1205816,0,1205816
terra13nmgja9lg6j3d2zw4536wmfflwjvfhkkeewvpl,loop-ust,3358180,0,3358180
terra1z7yw0k46emcd9j7maex5hhzfxw66y865saz500,loop-mine,1262416392,0,1262416392
terra1m7c4ekwgqlwdtxtdhjzhhcx08yl85wpearrvqj,loop-ust,978238,0,978238
terra1xvt7vqt7lraxm7y5vlc0qxhs0ryzfhcqswjvsz,loop-loopr,3802537607,0,3802537607
terra1fs2d30kchvq42s9cr3sghufxpphfhkyyjakcsp,loop-ust,1092151085,0,1092151085
terra1chdepjga9w2tn8l3t6clhtfpwkk9e3c6jdh5lf,loop-ust,5149235,0,5149235
terra1ee6rc0gsjjsnz4ev3cy6lnpjt08njey03e38zc,bluna-luna,17441136,0,17441136
terra1uxamd4pzr334xt9ynkvv30vw9vaw8mh9gzfxzm,loop-halo,153320787,0,153320787
terra1hq2c3wapn34dfnc32zjcxrslhxehdeajtv6xz7,loop-ust,816349,0,816349
terra1segjd5944uzq8fvjrv39fyrvl2l67kxrc2hx9g,loop-ust,3666735,0,3666735
terra1uulzaquq9stu6fgx2gkaakaj9887z8qd8tjlkq,loop-ust,3543246,0,3543246
terra1jxzmuvmcfsm7heyselgem43w6kn4pykhzyn6hr,loop-ust,67617693,0,67617693
terra1umgqrkcamqae5szn4stz58y5fppk4k4pladhr3,loop-loopr,74156384,0,74156384
terra1yhrujcuzrsf5v4jtf27h49knz2ccwes9v0u7g9,mir-ust,2170954,0,2170954
terra13m6wd0mwqrmvdxl74fuqfjmcghu84653sema4a,loop-loopr,5274353114,0,5274353114
terra125wtmwun8csta5kvhe2ddepnl3htrxl5h7fr60,stt-ust,88258729,0,88258729
terra17yu2g4djt0m5p4p3gs75jse75vr070pydct7df,mir-ust,34698891,0,34698891
terra1ztmhy5fy422u83kux76n8jrv57fjrlpswvqwyk,loop-loopr,33315955,0,33315955
terra1fvjfvx2gtwtym6knsxxv86p3llhrnzjg2yylkr,loop-kuji,96266733,0,96266733
terra1ffh5rlzx57dz67pl2sddj9f672x9uc4zqa6rk9,aust-ust,11720570305,0,11720570305
terra14yf9gv2x6r9fxmtfslthpypfj04l0ml9m7a3mw,loop-ust,16834194,0,16834194
terra1msyjtmepm9mujhkshcsgduhzgpdqlwwhd83xpy,loop-luna,29184748,0,29184748
terra1w4pcm8ywtu3w9ause8uslvvlt9r56799pkjh3z,loop-ust,1175443,0,1175443
terra1a3naejq4k6mrllht605j0nrj30y598a9932859,bluna-luna,14996852237,0,14996852237
terra173m25hr3k39szvewcce5f9qaqvwds8x0fmshsv,loop-loopr,253163304,0,253163304
terra19tjvfgw6csy799z6uc3084xse7mp98hvxnwwrv,loop-ust,8080256,0,8080256
terra1zhsvjgkpmcc2rn7dc0elmncsm979ncvzral0t2,bluna-ust,13453303,0,13453303
terra1guh7kf2zu9753j4hc65lp5hp9mvm2mdphg8d0g,loop-ust,394381155,0,394381155
terra1qy2qa6ftrhevcv7u6hzl43mlzfug9ydu3nkw05,loop-ust,4307151,0,4307151
terra1kk0eul80p29dqtxhlsa2rm93pj2r0640s33f95,loop-ust,10246608,0,10246608
terra1z7ypu82r9lalsn2ynwk62wsd99zw0yhvjf6vqk,bluna-luna,12892889,0,12892889
terra1fkvg0yuf5cyvy6pknpt96ns9rtjdmury34a5mu,loop-ust,94805,0,94805
terra10k7xazk67grkf46gg24lj26jqle0f5sge4k3x2,loop-ust,2981417,0,2981417
terra1e4wc6kzlpfquhhce9hrshy0atudhckz62xrg4v,loop-ust,5286277,0,5286277
terra19ytqkpz2cjxnr3ej5672df60hhew0y8a9lxdjz,mine-ust,123862836,0,123862836
terra1ls0uh0ryj9n4fpvznf5k9fmyt549uunw8m2wu2,aust-ust,16612146219,0,16612146219
terra1r72t4ge0646e55d25cnmp0ul08mrdaumnrkuju,loop-mine,44299624,0,44299624
terra14mcuns5he4y2fwvvuvcqnyfjpchlzqkdrakqxp,loop-loopr,13575197,0,13575197
terra1gdttj4xuzsazyu5dtnsu5jqd0e793vu2htuhfh,loopr-ust,562400828,0,562400828
terra1gyjwqt50lh90ddtz3kl307frgmtpcckv3p7ru3,loop-ust,13854772,0,13854772
terra1tja8gnnh6rmjjc0whlen7cgrf995gqzzdw946j,loop-ust,12255957,0,12255957
terra17w59wm6ah56vsjsc57p9xqsek4kpj2usps6zmk,loop-ust,71598,0,71598
terra1zcn3zqafqgmrlwpkqmf60a6x2zy9dmua076jz5,loop-ust,9451037,0,9451037
terra1patny0ee8hjkm4zrdhxucs0l3msywjgf5ty73f,loop-ust,11661581,0,11661581
terra1rkx2q065gkdplw5njz2k4a63lq3tt3efxyxzpx,loop-ust,34570627,0,34570627
terra12f925zrqjfmeve5s36zamq0jvay6d435dyx2d5,loop-ust,4087589,0,4087589
terra188pd5l473x96w95th8l7sg0sdeauwgzrl4h7r5,loop-ust,3791717,0,3791717
terra16f8089mf9zp7tv62aqt47r4qr0gt56a45k6fc2,anc-ust,5554790,0,5554790
terra19wqzqvr7vydqctgazf0ys3j8gfjzrtua3n5vj7,luna-aust,395451037,0,395451037
terra1cs70eja5qg3nrcx4gpmaa8n8gyw53n5rjqx2k0,loop-ust,1056849,0,1056849
terra1clz9canwhhtvk28k704tml9cjhr6m5dgqh29np,bluna-luna,49807861,0,49807861
terra1cp4tx27p4msppvd5qtydqlh30xrx3skek8cel9,loopr-ust,25831815,0,25831815
terra1eu88uzak82c25nllja6pvscz0egnyu89pxhjrw,loop-ust,1971280,0,1971280
terra1qtca3g7k8cm43z0d8927dp0cwf9lqa4fvvha9g,loopr-ust,28903143446,0,28903143446
terra1rv4gnyzck0afj973uyyg9mg5gvk47uxc03txqs,loop-ust,49189198,0,49189198
terra1qp846ztjramjg4cynq2js9hd9hx27dlum6uhr0,loop-ust,33946092,0,33946092
terra1s5zkngehyk0jugy84rhtklwgsg4wdh77vas00y,aust-ust,1873908687,0,1873908687
terra1v33ure6cck2y0ypvvz8432jw84yfrr4nylpanv,loop-loopr,2070465142,0,2070465142
terra1ual9wmel66v0nkaa2kuxtmvvaz7fcrmlxkjcay,luna-ust,76056886,0,76056886
terra1je7xw5cyhsrqemn24xaex8xqmat67qzmmwgp5q,loop-ust,36252686,0,36252686
terra19gv2atxld7ugpcse47e4wu8crrype3ckywx5sw,loopr-ust,2633151289,0,2633151289
terra1kt87ec6pdx3slymhfz90f0krl2p58zst6mku4m,loop-ust,26701195,0,26701195
terra10hqk2zk754ntl7zkwwk0vdac35hkthdpnyxg8z,loop-ust,1070,0,1070
terra1mkg0guucnavngxvthea34l74vqzez9zfw7sxcf,loop-ust,3248457733,0,3248457733
terra1p6r2kk482ahfdq220el08pwlgg4dkeknt3afwc,loop-loopr,10357417,0,10357417
terra1rukgach9v7znq7dajy09vwxy9qf9ql7y3zz0lg,loop-ust,50398744,0,50398744
terra1yx9zkt2qff6txpxedl5dk6yc626g2n6sssw0ge,loop-ust,1013889728,0,1013889728
terra13vu6g0elt54u5cljhjsphgr7ke3jxx8vm2xf7s,loop-ust,4840676,0,4840676
terra1653w99u53jyd02qkety33g855achmn80lc7j7a,bluna-luna,19667930,0,19667930
terra19nuwaralms00yj9wevx8rpjgs3vfvmdkjj9d6a,loop-loopr,154019070,0,154019070
terra1qyskfp3qagekfp5a8m4zk0lm83q62uwktjwg6l,loop-ust,2805201,0,2805201
terra1mdmks7fnnzzzpfnm2gypddsymvzjn7qldsxjtv,loop-ust,870719,0,870719
terra1ssgd0kahx9ergr3eg7c8wdc0pcja4ufetg49lf,loop-ust,5699086,0,5699086
terra1ew2qyyfm7r0mad4wsverqq9vng8u0tcenfvfsa,loop-ust,788677,0,788677
terra142j9c76923ejcny6x3w2vzltefkn6kv5ksp205,loop-ust,27000072,0,27000072
terra1wkavr60wcruyjdr25k5pjd6dh64dgfh5wdmxu9,aust-ust,3130353832,0,3130353832
terra1qke7kvu3h7yequ0r0ftcpkrvypffky6naj9ksc,loop-ust,5173465,0,5173465
terra1y452nyx9erfc225yut3ssr4qt9890mn959m3l2,aust-ust,2147007933,0,2147007933
terra1mah76268qrukvl3sfgr9atel90zrtpsxgfjk63,loop-ust,19714131,0,19714131
terra1qd0k3le6vhnguyqw5yhq7js6qxdf65m8hqx0m0,loop-anc,126298382,0,126298382
terra10uka4g2e20gxck486kcfw5vtclj46gpylx2c2e,bluna-luna,5560081,0,5560081
terra12lld0tg8r2y56mp3r42akrmetek4zg5ls6qz8m,loop-ust,27073404,0,27073404
terra1xxyc7ku9yp7w5kvhd2h6szp6hy7pfkg72srn22,loop-ust,70554185,0,70554185
terra1rwc50zvc8cemnkpx37rax00pq0xt8h68lwnnvx,loop-ust,712509,0,712509
terra1fnne28kucrldwmzhcnrj3lya48f4ylrgaj0ruk,loop-ust,27000073,0,27000073
terra14r2n0e6uve83hn3he23dcqp4egcgqj7408vhyl,loop-ust,1487857,0,1487857
terra1434f0ajva4tg9pcjdycn2uxw4fjmj6ed4r2pxt,loop-loopr,11985691559,0,11985691559
terra168jjy3ppws2vpv37dxk5cf7dxy6rg65t7uh544,loop-ust,1188118,0,1188118
terra13g243mp8hw0r687ssk58qp2lhgj4rs8gulvrwx,loop-ust,2885429,0,2885429
terra1z0xjqeyszzhf5em2r20f8valvnmvvyntf62w73,loop-ust,161287,0,161287
terra1mrzec24u0sqrc7ct85vjnc9hznx9hl0tczcw3d,loop-ust,897493,0,897493
terra1d0s7xa8w0u2u05eazpmn6pvuv44xkm37u3he59,bluna-luna,2488537,0,2488537
terra1ylhwyg5acva5kgq22sh7y7anq3qj8mz6hreyrf,loop-ust,6003284,0,6003284
terra1dydu2s7ml8w6zye3yt54vcaclu26ec4nej60p2,bluna-luna,49854223,0,49854223
terra1vxz4xwtnpy2fvjl6vh35wfn5avwt76hg73nrgw,loop-ust,431022259,0,431022259
terra1wdks8d8dfvc8spnk6484ug4qu0ymysputavznp,mine-ust,7504220,0,7504220
terra1kdqdfc9zast3ny7tsjhgxpj39lawz4gg4a784h,loop-ust,15025388,0,15025388
terra16tmmlr9hutww78amn5ny0396axyf77lhudv439,loop-luna,11087929,0,11087929
terra138q985nmfjjesurrcwqzr75m7kemfwjl9rkxcz,loop-ust,61569082,0,61569082
terra1v3dcg7efzvj9z9shr0uuzglhrytm2wxq8apxuq,aust-ust,1778527504,0,1778527504
terra1xu6lryvjagdznav394yryz3ccefgxhtkprvjdx,loop-loopr,6626216645,0,6626216645
terra1qaf6dxw9ah0d80al4q8kqummlvuh76ka8j8n7e,loop-ust,1974156,0,1974156
terra1uh07npd6upycwvh66laks92t80dh386usmss3r,aust-ust,1334529404,0,1334529404
terra14y9n5wrsqsr9ypjh7gxvl8fa5f8lctrcqkhhux,loop-mine,17108888,0,17108888
terra1vllkwfe5l4rwue5hegtxq6zl8eu6jk4wxzr7fp,loopr-ust,30593290,0,30593290
terra1mucsnktu03qa7y5nduvtfwfl0ezth2n737e5s3,bluna-luna,41263827,0,41263827
terra1fuhcm08dqqtrxle0e4yvv4q560v6g3y890xaul,loop-ust,193719112,0,193719112
terra10s2c3uyelljf3txn8nzyrrfz3rl8ucql6grtvv,loop-ust,3593672284,0,3593672284
terra126gf26pdlk5gp8qu27l3crsjhngaaa4vrjtvc2,loop-mir,199708725,0,199708725
terra1jw8jr8a5t0hsqfvdunq0g5p0uw2ccmnmm64r37,loopr-ust,12634613,0,12634613
terra1jq78jhmrxxhxz5stspmgud4gwey5jr5zqf6egm,loop-ust,5658958,0,5658958
terra1s0l6ruezcy4xcsuwlh5cktw3gg4y3u0xvkyxye,loop-ust,25899006,0,25899006
terra1mt8mzw8lhwnzgr8v6ztu7axss0ljcqpht05z4t,loop-ust,4121277,0,4121277
terra1hy7s9mw0z2azunnrqmwzzmw4w8hcs3cdxunm9j,loop-ust,19408689,0,19408689
terra1nech6j8xv237ne9hya4t4fhvl3cx59faujfff0,alte-ust,1114907199,0,1114907199
terra1wmpg4u9xrg9yunsrw20mrqjaahhlfmv2ua3n7a,loop-ust,1298730,0,1298730
terra1sy5ylr92tpmmzfnrxfdqpm0hxg86z0pzpz2ls6,bluna-luna,90807514,0,90807514
terra1698gkg3fa5hy042dkaxaynh05022n8ac8j2htu,loop-mine,550866358,0,550866358
terra1gd367rqst7wav8xcnznp6cjpg3vps53p5e7m8x,luna-aust,16280668,0,16280668
terra1fydkkvczkng3k40x38e69s3yv07sky566usn9m,loopr-ust,12935163,0,12935163
terra1ljhyy88c7epkz33mpq6s5msze7ts0js5nqzt4p,loop-luna,16636278,0,16636278
terra1alle3vmx4g3nqgpjm8damhz6plmfhm94dwawmq,loop-ust,68010831,0,68010831
terra17placurpq6zjnu90lppw9m35zckyu6mk6zgkz9,aust-ust,2238028874,0,2238028874
terra1kj5rkde0lf9088svtdre2a940xm8sl0cyntjuw,anc-aust,12236765523,0,12236765523
terra1hx3v72l95wmygxd4na3gmzy5egq9r03lsp8cj4,loop-ust,19536795,0,19536795
terra1fdk7dx9h2r6s8f2v3wxeafv8xmym08yhg4u4t8,loop-ust,920631,920000,631
terra1z23q2vcftdvg97kea0yy0j3v34yu0wfw4rgmuw,loop-aust,4202229169,4202229000,169
terra16pqenrpdm0my8z8cy5ux3rz7vqj3srfa4xak7j,loop-lota,61395209,61395000,209
terra1ewjuhz8c0a285frxf034qcmljlam9eg7s9q9g4,loop-luna,3470505,3470000,505
terra1shlujaknkztqyzjsrgw6tesqyxmuakzvl7uqd4,anc-ust,40430829,40430000,829
terra1nqtvm6m29uuqpzs7kewgqt2e5eyp7f0faq7xe6,aust-ust,408328332,4472000,403856332
terra1skh0ff0aqcc6azc0f8v0ncr7s94yjkc25gddd6,loop-mir,1634053839,1634053000,839
terra1m6dr572h3h29ttvzd4rj93c54lmml8xnyrz4xa,loopr-ust,895086723,895086000,723
terra14zrc6q2uw48luwj04fccqs4erd4szjk8mwnew0,loop-ust,8926027,8926000,27
terra1kcjjd4cal5crzrq02kju44uuwhhxzwz2q5lhcd,loop-ust,21602698,21602000,698
terra1ufxzhmrne8f3smyun9y7sxxxflrqylaxwxymj7,loopr-ust,55038526,55038000,526
terra1h97f42lzcxkpvkut36n5ftmekr6mszg852zyaq,loop-ust,30672565,30672000,565
terra1lx8tvfc439p2y4qzda4gtxvw6l0cvxu3ukdpqs,mine-ust,179598782,179598000,782
terra1v9jdzrem3t2r6p02m5va32jxqjgw4rs6v60v7e,loop-ust,20176752,20176000,752
terra1c6v3mu8v47p9kf5hcgfpxjlnq52ntduvn0d4u8,loop-ust,181449579,181449000,579
terra18j660w45yep6t7av5zgzcw93swu9yn7aw4c8nw,loop-ust,37121808,37121000,808
terra1glqjvh042y3geyedsdeeq5uryyvqhl0m5h8k0n,loop-ust,46785133,46785000,133
terra15g6ch0f34ncqqk0lfrn49fyhu86zxj4dzgx2fs,aust-ust,595275781,595275000,781
terra16pqenrpdm0my8z8cy5ux3rz7vqj3srfa4xak7j,loop-ust,42454656,42454000,656
terra1nc5dq2d3d97twhw2cvft2mjharm52jw4ucfjk2,loop-ust,8414057195,8414057000,195
terra1prr6dxhsualnqhmw3dqqvdjcppsnv7yeq4u394,loop-ust,11106846,11106000,846
terra174echl95gxagu523ey6yupqz6kllahmlr374zu,loop-ust,483795861,483795000,861
terra1qd3u8ne74nvw0h4fcfmpkcu6e4cq9gvtzqfyvw,loop-ust,466369,466000,369
terra197dcxqxzy79aejnz00df7u5jn9ecs0uwqh0vux,loop-loopr,836682774613,836682774000,613
terra1u9vlnsvc3u5uj8qpw678cxe74wwktxupffucrl,aust-ust,892377309,892377000,309
terra1rpayx2jcs2z6t2upgmepzr69zudvwd7yxcyyu3,loop-ust,179769659,179769000,659
terra1wccjw9hnxea2dlz3he2ssxrcqwd9h70l9g4svl,loop-ust,15775969,15775000,969
terra1ld9kx2umesmp46qm80ns9r86syffm865y9sxqm,luna-ust,21754492,21754000,492
terra1jey930whs8d6cm8l0s229s07u6amlm4lhx76qa,loop-halo,2130716998,2130716000,998
terra15g0kqavaqdd9cw06qw3xd7yuptmwtpa66et0ma,loop-ust,46727761,46727000,761
terra1el9qsn4a0g6m6f99xwrdnsxjt27uwn53cnxug2,mir-ust,6706017,6706000,17
terra1v0j5rn5fmskxlf6jrrhdx8pj2kp0204m4346dk,loop-ust,131752198,131752000,198
terra1wz6rtj74j9wuzjv3vf0dtr2yv900wm43d4qeet,loop-ust,666170521,666170000,521
terra1jfwy8yy24flemwpk990mgcscaq44gsuxv9830u,loop-ust,170077046,170077000,46
terra1e6t9zf4s8nkwppdrp3umjrhgujn6pkr9n6d7yl,loop-luna,812897872,812897000,872
terra1tyvlqhr0k8a39ppzajckxqmmnlvsmqlnvnhnpe,loop-luna,93321990,93321000,990
terra1a3gkrcjd6zth6xx2r0h4yuy2yf0ws823ww9k4c,aust-ust,2002494552,2002494000,552
terra1dug0dyr345hrxxet5na50crec3uwhp7l4lnza9,loop-ust,1587928700,1587928000,700
terra1s4dzexkgd9pua9tht6w8emp0rh582m7qty6cxx,loop-ust,5113745,5113000,745
terra1vcp7zz9vysdd4seud9tmu2zwy55y9k2q34rmav,loop-ust,1836621,1836000,621
terra1lj7vcutxwdx5k0g96w3dtj7xsfavn4x59lpv78,loop-mine,2641557406,2641557000,406
terra1he0acnsny75tv7rv5zh8u7rd6wc84wcmxnp3um,loop-ust,11031004,11031000,4
terra16darnfaz7zm2u0x29cjhdq6rnkc5skxg37d97j,loop-ust,23371404,23371000,404
terra1al8ka5jzyrch64syecaq0heq62wmuujcaynmf0,loop-ust,2536210,2536000,210
terra1gl6spl3csscgzqygc6m3ay2wzgw2amw7cgnlde,loop-ust,44734081,44734000,81
terra1xg67lvqj50w3xn3aah488fnaf4xwmllfjr59e8,weweth-ust,23809997,23800000,9997
terra1vca79fjt0n2mqegl9jctg32kcwhyp8zjq9lp6d,loop-loopr,59439018,59439000,18
terra18cdyqyszff25z6xtshgsufslvyj9apyc8mq6j3,aust-ust,2248504405,2248504000,405
terra12pckldgm6yczew07vymgknlzkuvm2t8yvg9uey,loop-loopr,13032473,13032000,473
terra1v8q74e8et72jwe5dqu5fgh2tzctx7ek4krnsrc,loop-ust,97029596,97029000,596
terra1f7zl2g7ys5pm068agxl25tg2fhgzz54645f74u,loop-ust,89818690,89818000,690
terra1e7549wlryjzn656kvmujhmzlxf5l0ag2dkw3pn,loop-ust,27177724,27177000,724
terra1237lvw7275apgghwt5ktj2eyxnjmv52rxzktat,loop-loopr,12038870909,6019435000,6019435909
terra1ytqz8jmvrgasth7q08tg9raxk6gmxz8dt9ffar,loop-ust,48377204,48377000,204
terra1klx2x54hj6rhvdcp57mz6jagf8mkmgr4dshcdc,stt-ust,45606529,45606000,529
terra1kcpvnfhx0mg77kz4j0dp7h7l9ytynp29rkrxqy,mir-ust,669630732,669630000,732
terra1skh0ff0aqcc6azc0f8v0ncr7s94yjkc25gddd6,loopr-ust,96159970321,17923833000,78236137321
terra17a32j5xwyvpg90ay48czv57gxf6pdry94em026,mine-ust,287881018,287881000,18
terra1h59e4fsmkjz84zlkllscsn833j7nsr4nhkgwwx,loop-ust,1742831,1742000,831
terra1rrp6kxq8gd9a4ncekvva55zwqpphpxzzwt079w,loop-ust,9804771,9804000,771
terra1madruer5vgvgef47ymdzz7l5uql8chmurwz0c5,loop-ust,37877031,37877000,31
terra1hqcc9n4m9qt3ats76dxlhhkcuyku0errrn5n09,loop-mine,2558255739,2558255000,739
terra1736cd4esl6raqnsjmc2yx6kc87nf3j63xf583z,anc-ust,307207929,307207000,929
terra1gxwlg0rk530f5g0q4j4rqqlx6fwck2trglclgd,loop-halo,948352525,948352000,525
terra1n52ht3l2t0g7wv0w82ufjreg9uauesgh20qtmr,bluna-luna,6985556,6985000,556
terra16cvkz20ecvqsl5ychdllytrahs4n8tpcvuarwg,loop-ust,8495110,8495000,110
terra16za76fhncft8uwaqh8nt3zzkeskzcfkkj4ae8c,loop-ust,7019028817,7019028000,817
terra18fw97tp4dqm9ap3nwzccq6keceuyyck8gqfj2l,loop-ust,777030382,777030000,382
terra1mw0sv9f8gmpfwxanr02gdel4fsl0ep0sz69xlk,loop-loopr,213684281,213684000,281
terra1ttnhtqpmz9l6h2v6n4gjsnvhjuzjgnnzmk6vhu,loop-ust,13073950,13073000,950
terra1vshrzawuy2w84n9mdzqv79kltyahny4k8xm5mc,loop-ust,22965778331,22756720000,209058331
terra1wwshahmdctm8scaanf4xa6ml0q6p976u87nsrl,loop-ust,473949528,473949000,528
terra1dyjmauf9qw760ynn2c4czxlu563v5wuxnz2nf9,loop-loopr,5986333,5986000,333
terra1j3adz8zygfgl6k0e592rp57f3s9aw6qsagc06c,loop-ust,30403735,30403000,735
terra12jhsn2necmpyudslglyh26x3nu4f6fqz7lpt2c,loop-ust,38704662,38704000,662
terra1laqsn9a203j454sx6whr64gnyq0ar7dc995f86,loop-ust,15369468,15369000,468
terra1xqa2f993rxva4vmh3a8hc8vat7ckuhjdzh4qnx,loop-ust,4847910,4847000,910
terra16f36r5gzk7vvvrapq0gghfu5mjrfxavfkqsvx4,loop-ust,639196929,639196000,929
terra1hz8fzj55qdpa7y3u5890pzf06ekml6xudjmela,bluna-luna,12650517,12650000,517
terra1jcmrl9wc7tc0qcuty9c9kuvrkzek309wsmh0qq,twd-ust,739717233,739717000,233
terra15y2tz3js8pc5522q3wh249gwtj26a5qx9ym578,lota-ust,10399059,10399000,59
terra12ksldgkw455veemcvn0mm4g4ejuz65u4uyldtv,loopr-ust,937154447,937154000,447
terra1j6asv4y9zc29359dj2cp07ya7y6rgkr9cyqfnx,loopr-ust,30301922,30301000,922
terra1cj99ktux4saf3gxtvu557er62luqrtuz97s70v,loopr-ust,89073173,89073000,173
terra1qemvjl2hqcyzxra8qc04t69mu32eqpmncn7yju,bluna-luna,11229486,6553000,4676486
terra1wll9sf77qlyjcdlhu330cwjm8a6fxn3jjldg86,dph-ust,62745692,62745000,692
terra184249he977u7hg2ck7ac479e8l4v23gmftzmua,stt-ust,44432621,44432000,621
terra1e7549wlryjzn656kvmujhmzlxf5l0ag2dkw3pn,mir-ust,770892632,257382000,513510632
terra1jdyrythd2968uz9843gtm6vhv4s65p8r4g2dzs,loopr-ust,19410476,19410000,476
terra1f5vty462exy97dkdtwnqxy8fjucynur4n3ahxm,loop-ust,70438115,70438000,115
terra1gln6jaf6pna0zwv3ua94wm9h077sfgdjq4dt45,loopr-ust,38208264,38208000,264
terra1cct5hmrnvz826tn6qycuqn42kaecrlwklkn2l7,loop-ust,132276028,132276000,28
terra1dkzyheeygpdq6ysfaj54r3psdenmuhchtjnrvx,mir-ust,86242600,86242000,600
terra1z2g830s9mr9e3leesum7jqxun7a8dzf5jec430,loop-lota,141257902,141257000,902
terra1ljvvg2tlkugs2w386n8gu6tl0w605u4g67cm6n,stt-ust,82708313,82708000,313
terra1jp0a5m27swqp5k70r3ue4sgekh5gavw55pqyxl,bluna-luna,7275389,7275000,389
terra1t00s353ng7mcllue6a62xu8uufqtvu5ecx6h66,mine-ust,10645280,10645000,280
terra1800trvcxpe2h54jv7f5dlyk3f505vdkvu4jexf,loop-ust,522681420,522681000,420
terra1l3jxpjhcjjn2zxf4v6ga05yrlakvm2n5sh6xlv,loop-ust,24427294,24427000,294
terra18fs3weda0ey9wx6ugc2lxd3ecwta5gaq702xk2,lota-ust,456733180,456733000,180
terra1na92rw2j2zsv0xfrqn5rzkmpqjmwza0mprkyej,loop-lota,296942623,196041000,100901623
terra15u4ujke9sf8ru454laqsvnxnrdh8d8f0hxy9fh,loop-ust,19652082,19652000,82
terra1267j5802re7a3qe7l3yt97su83ysj0wcnmzqnh,loopr-ust,30901658,30901000,658
terra17jdc4fmaumzg7hqly333p5hhzwlqd8mqn7enhm,loop-luna,148251307,148251000,307
terra132ck5yt8xps5nf8ds4cgenfdwutmrs50ew0uk6,loop-ust,43724202,43724000,202
terra17crhxhvuvwg9emfh03f0aent2ze5qnzgxscp36,mine-ust,16525340773,16525340000,773
terra1dk4y9tfctlutpltqtsm0mx9xef7a03es7wwuj7,loopr-ust,345235294,345235000,294
terra1nqgxmc0z4n6aapclxthd63tsf0dsfg4t437ewm,luna-ust,2265349738,2265349000,738
terra10rk0slze6fucqwegl2eak37efp4kr94v0v4sy4,loop-loopr,102307002417,46855756000,55451246417
terra1w32e37ua08xx49p8j7q6naly6rf33f0jhh5rcf,loop-ust,263974172,263974000,172
terra13v036rkzx3ez2c84qkjkal9aagvy0e0lwne4yk,loop-loopr,162792834,162792000,834
terra199nqcvrdhj5dfk99dm2e4g3xcrt4sjx9urxhks,loop-ust,3833622,3833000,622
terra1zkf83tpx3eqxuasvt3n2se4gz730es532pyekp,loop-anc,8604119,8604000,119
terra1dgynunrtyq3dfk4k5qsjrrn4w0wnsh8qjrrnxk,loop-ust,59463792,59463000,792
terra1ap84h7c5mfs4aumt4h7aukd8et0p6kx02nfxx9,loop-ust,4212112,4212000,112
terra1w0zrgqprh8d3uhvq9z4fgatkadctkhffgvw9sz,loop-ust,98128200,10000000,88128200
terra1vqhtppdpxjcrxe9zdvkdxfw9f0n0xdg32au0ed,loop-ust,40934251,40934000,251
terra1rjdmymc6jqkdqprlejm8pyadxjg79q73dlfkxp,aust-ust,50429835,50429000,835
terra15h89wpe3fp0hm5hf9uz7z2ygeuv5ccw7lyptd8,loop-ust,17072513,17072000,513
terra1nkzml67zfse983z099ejntnv6p0zegudp6ffrr,mir-ust,386714026,386714000,26
terra1dcm9y02zzn33gsffhk3u487uez9kgamzlfwc6u,loop-ust,1610945,1610000,945
terra1hdgcza5y872a4e5h5sagelfle7728hlaylswga,anc-ust,4042519,4042000,519
terra13q0lpcratyynrnv0q7upmyuxvu05dymm3ew5tz,loop-ust,4802432,4802000,432
terra19hnamp3v4srrc7qpse2pmupcjm2lx8534a5k3t,loop-ust,9762302,9762000,302
terra1ws6uyqslwm4w9llkzfax53kzddg8lym9lwfjtw,loop-ust,1549663910,1549663000,910
terra12rz7p5qtepgcgwmdlqexj67wukh3h29d266dlw,loop-ust,59515675,59515000,675
terra1g9a7dwg6g2t3nvjgg058xfslwu46u2ycdxed54,loop-ust,47427419,47427000,419
terra1w8muum9lxf6pxp5a9cncc7m36l2ktam250pvhn,loop-ust,200615549,200615000,549
terra1q6ez7m69rtplps4zy8ulcjgayudyj9v5qwc9hk,loop-ust,102460846,102460000,846
terra1zkg3cwmp7u4z0ajx0spdudyhtr7h87dsgm82dw,loop-ust,189157440,188000000,1157440
terra16pt0ep8jfnsu0y8aq6yw99wc3dh5s9nm3acypf,loop-loopr,10594147708,10594147000,708
terra1klxazgs7kmvsu8l0qzqzh9fhpfcqh9u34fmaqx,anc-ust,1649220,1649000,220
terra1xtskxm05yp73ajpcy6xfajqys69adnvwnj0tmk,loop-ust,1369276529,1369276000,529
terra12r6hsn9fa5x9zzx3quw5zvlqt3kqenj9907lkz,luna-ust,105634909,105634000,909
terra1dzquahndstl5hq3gr9ugrf3kx28m00x2rhyglf,loop-ust,9938277,9938000,277
terra1k98j5ldstc4s83qrmqwx6pu45nlnkaph5hxm46,loop-ust,150520973,120000000,30520973
terra13fs4xk70ke0ht6wfktwk22pdccu8c4v4pydcvk,loop-ust,9045799,9045000,799
terra1rhz9pr5lm7flqd4jfeg26c64hz2frj5ckqda3w,loop-ust,5587146,5587000,146
terra1k0wyrhx0m3jd7862fww289n4pnw4uu9csfhws3,loop-ust,48700398,48700000,398
terra1w8dy3wmu9glnfp8rj3470sha4nzzrz8xtpre5g,loop-ust,144374347,144374000,347
terra1ps6hyc83mq5yff0tyqf9z6rz6srg0mj2lggj9x,loop-loopr,98428501,98428000,501
terra1kyj6fsw8f0s77vzs3t9qna7vqczt6y679gvlf6,bluna-luna,47434685,16697000,30737685
terra180rqptpfxhygsyzykrgaqztc9wy9hhd3kfyml4,loop-ust,17425048,17425000,48
terra1jdts7m7ckfrjt6sfqssaugwh0nem8j670vcemn,loop-mine,8214336044,8214336000,44
terra1z0xz7d49pltmwcvgxzhw8lvq5r3lmfwu6znhxd,loop-ust,11400170,11400000,170
terra17y8l9w3y0586xu84gdh4avqe0p9xtmp7wvnpvj,loopr-ust,64731331,64731000,331
terra142hnt6w0marvwhqqtlpqqhjcpaz4aprqyluqqd,loop-ust,797454288,383062000,414392288
terra10rzyc4n9fttlpkzt94mf9l0m9dlddplc4arws6,mine-ust,24953767,24953000,767
terra1dpsfwhjy66mdvx8q5zg5na6es79ylrfqnskqpm,loop-ust,20175336,20175000,336
terra1f4q70ca4rhwe4la4m34x5cwwhdhg6pafxj3p89,aust-ust,2692479907,2692479000,907
terra1cfzjsmpulz09knyjg6l7pv20uxvg8rl845dl9e,loop-ust,98433917,98433000,917
terra1yd3r8fdd0rnt42rqplyxmc5wn7v3pg978q20d8,loop-mine,1379004067,331783000,1047221067
terra1s0su9tzxydtjkhxka5d5vzcscx995gqxywr5wv,loop-ust,111613375,111613000,375
terra1588kuvcmjjj7senerc8tg6lwdr42gfjuv0y6nv,loop-ust,23961123,23961000,123
terra1tuj3ulhhuxdj0mdw5yu563qjkln3quzc428uqd,loop-ust,8088182,8088000,182
terra1fysg8p67xyrm0wnw40hyelgm2h7x3c79e63dmt,bluna-luna,349753563,349753000,563
terra1l6htyypa9u463gz596akq2jrka7qqxehg3qxat,loop-ust,2643999,0,2643999
terra1t4kksvy3xyt3k62mzpqvzyk4035j97cajeyuxn,loopr-ust,43750243,0,43750243
terra1pwzjlll723nuatt7skq0qe5um6cfgdk4wtxzm8,loop-ust,15315081,0,15315081
terra1v8xcwwh3s5zj5nr5tck5akjuuyxekp7au48mym,loop-loopr,2707092066,0,2707092066
terra13r2fy0hfs44xyhfn7yy2fmwwd3uq93l6t8t3d7,anc-aust,1121149532,0,1121149532
terra1whartvkghe88khjmq0zshsd2p2mg7dfn9dkt7e,luna-ust,768469,0,768469
terra1g09puumd0epwt2d94f8z23ln026ul9mcklc654,loop-ust,1935187,0,1935187
terra1ccqezw72xrqywl6wjs38kuf60lggp9nvwlg2g7,bluna-luna,1353263,0,1353263
terra1n2m6mf0qchrcup3742d28yjr33qqjeu7f55shj,loop-ust,4485798,0,4485798
terra1v7mv2jmuvlqftj89xuzazn7q6kjmyes70gn7hv,loop-anc,62804260,0,62804260
terra1uhnhhnk3k49ud0vz0v9az6556zhvre5uut9wtp,loop-luna,1536027117,0,1536027117
terra128masd777sqw2uak3qhkvqnnlzxtvvegtku860,aust-ust,2320358887,0,2320358887
terra165gz3234psss0xsj0d4fzle7wvy72re9mtvs3u,loop-ust,41855850,0,41855850
terra1efhkyut6h5efa0tg7c5nl4k9skxd3uqmgvynhy,loop-ust,55059619,0,55059619
terra1445zvmndfpdkgpr2z08en68frrd7jlgctd7n75,loop-ust,2582426,0,2582426
terra1ccjzv80m6vdpvu2krxg8ck28dngwp0s8d9fln6,anc-ust,1494400640,0,1494400640
terra13dvv5cl9srngemuv8gz30rzcc0rjgx655jrx94,loop-ust,4832447,0,4832447
terra1rfqv60tsaarsvj2wwxanx35j2sdaj2ezt349au,loop-ust,2555481,0,2555481
terra1xvccm0d9e2qtewqxhq980fyhs8tdklyrqmvz7g,loop-ust,4936116,0,4936116
terra1wa3y0a733cmwhawzdmut08mnqy7s3hytvpzqur,loop-ust,951,0,951
terra1zrqtuje7qp8nkac0sx5kay06weuvkj8r0khrw0,bluna-luna,23036946,0,23036946
terra1sx4k35rq94rp8fysma52drzvg55rkm0443t7vy,loop-loopr,492528243,0,492528243
terra17mc6zpnh3ffcv64phvvks2rekappf0d4c49w3m,loop-ust,4638171,0,4638171
terra1wj38m2qkm5mu2h3cge4wnrw9uujlva07j40cgv,loop-mine,365693033,0,365693033
terra1k6dgdfsy87k46mn8ph2zel0y5yvxdzwp5a25se,anc-ust,61220796,0,61220796
terra18qt84vfzldzwr7dzwhfgqqh5zlf0sramsrg2nq,loop-ust,3309307,0,3309307
terra124sffy6y07qm36cptumtg94ur69e7sf85q5fem,loop-ust,51436126,0,51436126
terra1360ddk9dahmdnsr6nze4qymlgeayke0gx733vy,loop-loopr,11858932,0,11858932
terra132puul5sthmnqwfetne70m04xra0eau2xs5sak,mir-ust,42169035294,0,42169035294
terra1qefxd255ezq54mg0u600n7zjt0g7n2c8m4l32x,aust-ust,406999873,0,406999873
terra1gygdedznvzv6v6jj4emcjrdns55dk04d55lgpk,loop-ust,16284940,0,16284940
terra155anmhp6dvmkq4kjqxuzxaklsqzukeh9r3wuc9,loop-ust,2584,0,2584
terra1zrzak5gj2wq7dl4w55hqzka7k5mzgdwf0j3hs5,loop-ust,61628979,0,61628979
terra175wa4nx4ppxf0yacegjet892uhq03agd9372tg,loop-ust,5693657,0,5693657
terra1ujzr6j4fx8fp9tjv3qw32x4rf3erad8h27cxgr,loopr-ust,51103,0,51103
terra1ullj2g9my9h04euxav9z879djz9csvm6ltr672,loop-loopr,51597370,0,51597370
terra16gkhlf4y7xchulndt0u7vzenqft2gvjuudldlv,loop-ust,4858225,0,4858225
terra1e70zzr32k08hu8l5gujex757q58vzp576wxgtf,loop-loopr,17489446198,0,17489446198
terra1vahtumm5lll59x5s43l2d9hg8spkn50d9cl3w0,loop-luna,19482173,0,19482173
terra1qpk6sw348w9as8zqzyu4u46v2jaht3e5cl6h2k,loop-loopr,13155363342,0,13155363342
terra1u0dyhanneuxtehz367cg58edw3fxa8yr35vn3a,dph-ust,1043101088,0,1043101088
terra1htlnrlj0ma3du8hmdhdynhk4scuhqkx68sxrzt,loopr-ust,38228149,0,38228149
terra1vqna6h35nsrg7u83nnnap9pprmgqkqtw34gaa0,loop-ust,109704197,0,109704197
terra1rynv0gcjfyyqfsh090prsy0ztkvyazawp3a02w,aust-ust,48089760,0,48089760
terra1gjyurc0rmhf9jr989vzrnexdr4er87ejwu8mwv,loopr-ust,69718639,0,69718639
terra16j6tgk8067stx038qem6enyvfr04g3u0xxp26t,loop-mine,23611395,0,23611395
terra1jj94y8zn55qvj89t0qasj3hps7p3nk6ufn92dk,bluna-luna,21905735,0,21905735
terra139qvtcnpspptcfnyvgp3mu2ky02vngmcd8vywd,loop-ust,29419973,0,29419973
terra17584z57lqkqh6rvwz45cefjr83lx5qj2fmjawn,loop-ust,1441770,0,1441770
terra1r6xfhgzuc55666g4sfv90vfvr9luctpkeev0gp,aust-ust,4140317682,0,4140317682
terra1k77qmvnltqj9ket4zs2wrkvd3436xllurkpzym,loop-loopr,180080045,0,180080045
terra18sey8e0m6gsv4p3uw0aahxrrmh25edcvgw3cpc,loop-loopr,77900166,0,77900166
terra1nech6j8xv237ne9hya4t4fhvl3cx59faujfff0,dph-ust,1051229420,0,1051229420
terra1gjrvcth2nchhw0ep7lkjzure649d4d7ursfrh3,loop-ust,865542,0,865542
terra1cp2md8fdf45spjc5aetllhwgktu9sc5sqd4x5q,loop-ust,22542590,0,22542590
terra1a2d4l2fmd940eajq0gs2v53mta4mycjjp26ses,bluna-luna,55796163,0,55796163
terra183a7sguwt8jsz3c4g2ly20gja057tl4mg8aycw,loop-loopr,13838090105,0,13838090105
terra1hy6rnx4jvatvpjl4yypdr6uaxhk8txsnljzdyt,anc-aust,250098313,0,250098313
terra1ktj50w620frfsn9ks3ueaxysprye2lnapp958f,loop-ust,17873623,0,17873623
terra1mda4q6hjtpee6ennfkmgrj0kvghlercvjk0hkj,loop-aust,95304267,0,95304267
terra1ejud0qe528xd37ymu0krercmsm3ytreuglr27g,loop-ust,4715375,0,4715375
terra1zqczh5xxul9836vdytnc98c9f4cwjt7q0dxv9p,loop-ust,186365,0,186365
terra176da0ef6jqrsd5hmperrht7lgtvrsylt9ew9k0,loop-ust,19707904,0,19707904
terra1nqne4mgam0uwqrfuhkxsk9yknnrvqnkfdeuk5m,loop-ust,55246314,0,55246314
terra10usruuwmxgzrgjcgz0fl6qwt0d0rgvse64vmws,luna-ust,36381506,0,36381506
terra1pm40mwgnjsujkcwnlg7d5fc2annwjpjwktw7fc,loop-mir,54433705,0,54433705
terra1vxpy5v99sjnkmkz2rps5g8g3jhjrcj2sku5jce,luna-aust,1270350038,0,1270350038
terra19vzjf9q06nv78gcwd30smt2934rdc5pxmneq2s,loop-ust,818602,0,818602
terra1mstj7dr829thhxyzqmmct7vhefskey0zmpnlsk,loop-loopr,29648360677,0,29648360677
terra1jeprfkgppvqu840d8h30wfx2g6xskr2cnvtvvh,loop-ust,95446724,0,95446724
terra1e7yul9ehx5n7uzyzsumgjh2rf263alsmj33w5t,loop-ust,942812,0,942812
terra1p7fjmrnju86kpgk5nr2kpw4kvwa0vxagfek5vn,luna-ust,2279287,0,2279287
terra1yccef280t2yskqmylsyd2usu943twp4v45uv2q,loop-luna,1001080,0,1001080
terra19vxw82vg2efatx2q5a908yc66qpp4d6ww39new,luna-aust,6079380,0,6079380
terra1lt3h3erpxy2az8kfazclj9rpxkgtaun2t3h06h,loopr-ust,71092244,0,71092244
terra1ldn7wkk3cfgc0tnwcse5n4jl422dtqf6mh55gg,loop-ust,7323717,0,7323717
terra156req2xdmu4980w0cu88y3lz8yvhjqgutl87n2,loop-aust,108328452,0,108328452
terra127jj6wfxs3w0plvtfpgpxxl6gmnrqyt4f9eejz,bluna-luna,8058821,0,8058821
terra1x48067gt9s0820aut9s2knyl8yf69c5law0c24,loop-ust,4499876,0,4499876
terra1xhyzy23v3m3wcyq5sene0prg3fq3nrvlmc9skx,loop-ust,4453186,0,4453186
terra1una9dsuf6d3u7wx9mymze0lsg9uaepypqpewws,luna-aust,63156426,0,63156426
terra1srzrwcd2vx4h2t5ujd6xsdyz8frndc8m3t6eaj,loop-ust,19286143878,0,19286143878
terra1vkrjxc5mqkangrkpv478q799e8et36kegtv6yy,loop-loopr,436558689,0,436558689
terra1plsyem3pe9k5azc48kupmugne8pfq6tuahszcr,bluna-luna,29939831,0,29939831
terra1qrqe7572mgm08s8t5uz28yqzd8qq52s7kk2dfx,loopr-ust,11401921,0,11401921
terra1mglhkv8urt7wlh7g99h4ntgv98w6f9rtfwh7wm,loop-ust,91546174,0,91546174
terra1u0ws3hwqj9nw4admn7ww2hyuuvuy0uyff3hxnw,loop-ust,3141961,0,3141961
terra1uz0swpljety3htpwuwpehr8xutrqflelncahhg,loop-loopr,5374492395,0,5374492395
terra178ad5yzpa7z2v4wzfadrnxc3q0wgz4c4kj8v4s,loop-ust,6974610,0,6974610
terra15wwavuqz8z69qhqa8j5ssmam8324hz2gh375x3,loop-anc,3380239424,0,3380239424
terra1dhg4j30x5afctptkny9exstd3jr8l6m6mdzcht,loop-ust,1238170,0,1238170
terra1exmtrc9dyqruraapmv0r0067csgnnc6gzxwwph,loop-ust,57823369,0,57823369
terra1etxx5dufd77l068vweneav37pt27g2523k3lpy,loop-ust,187999346,0,187999346
terra1p5tnf4pw96nr94c4yexgcs2er8js5v3gs4yqet,bluna-luna,27676750,0,27676750
terra1lrkpgp2kanmt7vve5n7y8k99a04whg79t6akac,loop-ust,14616934,0,14616934
terra1ujgflsan4rwtyscad0ty3k86wvgqvj935un77j,loop-loopr,11696267254,0,11696267254
terra1x5pwqh5awpjmur6u5heda2sg62fvr2n0xaygv9,mir-ust,4132982,0,4132982
terra13wjxnzu2swmlm8n5antcfjhttxhntq4gtpqlsw,aust-ust,101170322,0,101170322
terra1n2gcppdt8pp9vdzpddps2s7d42xkqf680jqvue,loop-ust,286026528,0,286026528
terra1kkaqjts9xw4c4yclp4x7t2kppwp3g48nr0q4hz,loop-ust,19736497,0,19736497
terra1sl4zf5ylw46rvgzclf4p0873uzvz87zn2yvxym,loop-ust,759090023,0,759090023
terra1x8xh5daqjnwm99chwqwsphlteq88gr9sh6qtf3,loop-ust,55506079,0,55506079
terra1htm9e847mghzz0x4qck9acexs7qamtxhnz8qe0,loop-ust,5098024,0,5098024
terra1ts2rje8hqa0yzf3xx9349gedrmrwuwjdpaattd,loop-ust,1170811,0,1170811
terra183ednpl4rvs3gjmyu4g3y0auq22fgwhx0nxrhe,loop-ust,194632052,0,194632052
terra15n9nyt2g8e3ajvdzgq88y00n0g99rwh67wp0t6,loopr-ust,71537754,0,71537754
terra1cf808agws7gwxqx09wdl8gdjfr6txctfzns24r,bluna-luna,9793201,0,9793201
terra14nhn924n7uz7w9d7v0s2gyq2yq2u65x6leyhug,loopr-ust,320220097,0,320220097
terra1s0q7pdgfc0ax08zzqmz534g5wx9yfxmyeg2qdy,bluna-luna,217253654,0,217253654
terra1vj6uzr667msvr22648yz5gstwla28ncz76urec,loop-ust,9190866,0,9190866
terra1ak672uz865ydaa85a57fj9rl2e9ngukgfs54vu,aust-ust,1344414415,0,1344414415
terra1m7lj92zsahdhc966k5cqsh7l8mh9s70ra84ay9,loop-loopr,4306762591,0,4306762591
terra1s4hmpvgkfp4pzs2kk84fvld4h3vz70z3g3d5h5,loop-ust,94083,0,94083
terra189cxvfu9r6027khsap7lcuv6qlhhp43dwc5gjp,loop-ust,1038077,0,1038077
terra1wtwkn4pzaxh9k4t8wl53xprlrezmgjcdn7eyc3,luna-aust,8198207436,0,8198207436
terra1yf2k07df2ay3jwd6cux9ka5gm96xm26z0chmtj,loopr-ust,99019873,0,99019873
terra1p7he75vuj0ztm5qcqm2ss66cfxck44ckq5q0uz,loop-ust,4758947,0,4758947
terra10h0ln8sr86hptadr2z3zy9z8djmntrkl4ve9pv,loop-ust,2041908,0,2041908
terra1kp4fhun40hjn3c6p0hm5njkqdtmuuxxv8tpgfu,loop-ust,44007083,0,44007083
terra10hfqcmjmnarh2afd4s7ets43scjy0hkv83ag9k,luna-ust,122530834,0,122530834
terra10xzk893afxxkvyzxg9vzsde4575yjrjfapph3r,loop-ust,44006978,0,44006978
terra1czka2eycealr9dnnwp8mdzevgj5v5xnseh4fu0,loop-ust,642282848,0,642282848
terra15wwavuqz8z69qhqa8j5ssmam8324hz2gh375x3,loop-mir,4421816531,0,4421816531
terra1k9n8xcnuulpvxl7afz7derxx2wz02ea8y6s0eg,bluna-luna,9024525,0,9024525
terra1xce9cldz4lxh6zlc37p635ms7gqck0hnamy5vd,loop-ust,27106909,0,27106909
terra18fs3weda0ey9wx6ugc2lxd3ecwta5gaq702xk2,loop-ust,976022795,0,976022795
terra13gqhltqk7prrp7nzdxtadn8mu0y8k43yfwra6z,loop-loopr,1392129771,0,1392129771
terra1acfseu2tax4zl4rkg2ld97nff8680f9vjre36n,loop-ust,107476757,0,107476757
terra1k7kqua2xxn4j6vct03rxh2hequgtd8arlnq9vq,loop-loopr,891004046,0,891004046
terra1wu6ul076gyya49h35acqlra4vxr5cn5gmkdt97,loop-ust,355998948,0,355998948
terra1f734n2m2t6eshxp0ta2m2crzhj4hz7sljf9faw,loop-loopr,143483270,0,143483270
terra1w780yln4hz2je4lahmurxq2hg3065wqnez344c,loop-ust,10296378,0,10296378
terra1kashh47utjafchzv85r8smw8506q2vqg9a88x7,loop-ust,9059445,0,9059445
terra1gzja56gt3ndcahw8pjnqxe38d02g5e7t0jvsma,loop-ust,2198174,0,2198174
terra1hkx60g45qngnrrfggg8wj5nrg8x62z9z40tzsu,luna-ust,96351021,0,96351021
terra1p5lg0j07dvlxxyy5vzwezwfnqcsazl3drn8g2z,loop-ust,944367,0,944367
terra1h2yrw9389w3em5mzuc85x4j85z53c7rgv390hg,loopr-ust,51155133,0,51155133
terra1n8a77qexsg02m6z4nhdd7f2uwdrfgqvpl6xfgd,loop-ust,5511624,0,5511624
terra1hql79lm6u3h84j6rksuczt4jy4v42qsv3wh6sc,loop-ust,9262294,0,9262294
terra159xwn2spujy4vptpz59axssm8ydh3tyk0z740x,luna-ust,16761558024,0,16761558024
terra14kv5f35qwjyuqsh496ptrmdzyg947ty6dmczaz,loop-ust,54506000,0,54506000
terra18505rh2dh0lrgshtx3ys6jgrywnzjje4xzfy4w,anc-ust,3475428604,0,3475428604
terra1h03ywgnd87rgay2urz7e43u8cff9cu3l626gnu,loop-loopr,2772908766,0,2772908766
terra1kk8mjyz22kedwcjx0u2hnnjs7q5drgs23tzv9r,loop-ust,12475796,0,12475796
terra1mlsy8crn05w957y99ytcq8srxsq54xd47kcmzk,mine-ust,457577354,0,457577354
terra1x6m7hd3xg7dzm5h24h0328ttexy5ffpg9ahn2g,loopr-ust,60210655,0,60210655
terra1znev7z5nknmzqfcsuhemll6tf7tnr5kr69rkur,aust-ust,2341566481,0,2341566481
terra1zgm9cjez46pycg6xqhh3n7ks8a7mmtudpunrn7,loop-ust,20737634,0,20737634
terra10xftlyjnfw2uyuufdh3k42al3x7sps0x726kj0,loopr-ust,122751376,0,122751376
terra14lgvhj3khqkfta88alhmunsjdleyjuczvdydsf,loop-mine,715788772,0,715788772
terra1csqcm8wvx3h6aprasfjwcmc72kt8tdh4vvngjs,loop-ust,78806957,0,78806957
terra19pe98em82uujupafnnpjgcz9zvh0w9dlg6g9eq,bluna-luna,1991090,0,1991090
terra1qt5zduxmxnfaywm46s4elydr8r7ru3ac8q4270,loop-ust,36814196,0,36814196
terra1dlm6rruc7xx9w84hl45u29l52r74fe8jgxjf5x,bluna-luna,11475618,0,11475618
terra12ttums6l4x4d8e0klp4v9evgclfled262ualzs,loop-ust,70211,0,70211
terra130s5k6qkwp22c33s0mtyqzszc4ljc6gjmnv2f7,loop-loopr,120173153,0,120173153
terra1t6t2m75d6ej3jng2560aj95z4sqqt7cnna8wf7,luna-ust,1208566899,0,1208566899
terra15uayh8k6xn9eu5v3rfaftk0njxwk2xv4e6290l,loop-ust,4893446,0,4893446
terra1h7n8x0cjswf9nqveg22ruv74hyz73p2fmnt5ht,loop-ust,2630146,0,2630146
terra1vchph62v7fv63xjfcrz7tkatn6g8w5kn2keu6d,luna-aust,23286358,0,23286358
terra1w780yln4hz2je4lahmurxq2hg3065wqnez344c,loop-loopr,10160341,0,10160341
terra1dfztduj5yd9ftvfgvnkgz587gqmkh24ughurms,loop-luna,81237225,0,81237225
terra1s6zs20c0ndl8ytufhqywgag9qjt2dee5tevzsx,luna-aust,1605984689,0,1605984689
terra1u79j7wchfdach0ygvnlswdapzwlkhcvqpqj92e,aust-ust,2699368267,0,2699368267
terra1yr6spywmfnk7met22uw2gt6sgxkpwsdr7qm7hk,loop-ust,10076340,0,10076340
terra1rxa6rgfqpec3rzywag8qp89qap0dfzkjgshnfh,loop-ust,144142537,0,144142537
terra1gtmqnuw0eyswpqd8clwxx5x45pkva7ldl7vtz8,loop-ust,81861498,0,81861498
terra10vdf4h80l8nzj0clppkv3umdyfgfw2v5lf2vxq,loop-ust,5443818,0,5443818
terra1gxegw34fqcz34qyj2wn7zn0fupfqz2c9f20wxf,aust-ust,3069577241,0,3069577241
terra1kalj7nf0kkcp3u3tyueq5pltqhwhhefvlj6mv2,bluna-luna,8166242,0,8166242
terra14kqcpt5cywd3ef2zv3xqwq4009lp4fm6y9qggx,loop-ust,2861807,0,2861807
terra1gvy3hyuln80sflxg5neqrefq8du528fwnpn259,loopr-ust,36039997,0,36039997
terra18fmuy3zcl6mr0d7mnu2zs5n0p5cntf593xej73,loopr-ust,360906550,0,360906550
terra130cf0cy423y0uvn48rdy28vpgfkh6q6xe3d6yt,loop-ust,18627108,0,18627108
terra1eau6kfndwkwredk3yxrp8x2zhxnegqunggljl8,loop-ust,34465167,0,34465167
terra1tvfst4jm3elwdetal2avzt82235pamjku0tdfm,loop-ust,22372563,0,22372563
terra1znuu7sf45348kt9fejwlkemxu6tuxvwvwnd8uc,loop-ust,7483319,0,7483319
terra19q42sufag88lwgldwfd5pvpe208a03lgnc328t,loop-ust,17104788,0,17104788
terra15wwavuqz8z69qhqa8j5ssmam8324hz2gh375x3,dph-ust,1864996694,0,1864996694
terra142xt8ecdcnulkm2dane65rvvzp926p9aqy9l0v,loop-ust,8554700,0,8554700
terra142z50x665v8g7eth8vm42m9d2lys54fu8p0ha5,loop-loopr,165536923,0,165536923
terra166qc8qt6fsvc68vrwa3qstkmg0yu3h549hgpq5,loop-ust,4651727,0,4651727
terra1eqevxetk86ne8k8c892ln4r74ujdzspx9yvw3g,dph-ust,9654704,0,9654704
terra139culsq9xaz4q9nvht77pfarp0xcgu6vadt752,loopr-ust,16280908,0,16280908
terra1wsu2ltntelfa8hpslrywy33n9rnun2mya8uf8f,loop-ust,1436430,0,1436430
terra1nlkpql9nqwuqsjr3f6wnrflxkmep37p2d4sytl,loop-aust,142958749,0,142958749
terra1f8lj20clvlc2w2dwgd9dhptv4xm3a0mt677r7s,bluna-luna,596198311,0,596198311
terra1vmzqveaz68zw8nnh9yeszgzyzuaptqe4k34yyq,aust-ust,45427491742,0,45427491742
terra17khkmkcfne9gpnx76yu7n8muf7t0mxegksegw5,loop-ust,917946,0,917946
terra1q0yxpqtr208a0qqvdcawcx50ah4s674ckdpqr4,loop-ust,27326231,0,27326231
terra144nvy3dygx5k3c7ze0mg9q4gm7k5lhtrmn6put,loopr-ust,5291123,0,5291123
terra1nj4m6fj5cwajpyr65guul6qgz7wumg4e7qf9k6,aust-ust,89361757,0,89361757
terra1t0t76xvgq4cdeu8stu6ydkrudcn895dz36rsxp,loop-ust,1966351,0,1966351
terra1xp3m3dgd5fw96av0pk0xer2rhq686rlggmu4sm,loop-ust,1368959,0,1368959
terra10vntfy2rp7eueq27xepzmmumqwxwdrxpz3jdm6,anc-ust,604348,0,604348
terra1rc680tngk3jgp38upcau9u2fl9t6hwuazzz8m5,loop-ust,7825896,0,7825896
terra1y86gz5rq2mn7wdyphajh3lqr46y6a4czsrtl5r,loopr-ust,24678484,0,24678484
terra1mcxkj7a2n7tpusp5t4ejsgx95gvp9c2m4hhaf0,loop-luna,147697851,0,147697851
terra13jgcsq3ux6few5w4nfmzs94jdcp3ku9ltjwrjy,loop-ust,974673,0,974673
terra1af4krs5qjwa4uemf3dlc8lnguayp4j5t8fqcur,loop-ust,5325801,0,5325801
terra1wkr20zr6530sfqaqncygc9vn2tamhgd7c43hhy,loop-aust,61629810357,0,61629810357
terra16tk3cm7jej9xj4r3ps86plxsrjereuk7lgrjtq,loop-ust,4879669,0,4879669
terra142pm74252xrfpjnpa0mezhcmmg0237svv7nf7h,loop-anc,3808489100,0,3808489100
terra1juh6mt9lp5rc70hcan9ag075scx9utzlwvm6v4,loop-loopr,5930771692,0,5930771692
terra1y9uyumld6jxzvxhc0wza86l4jyv8072m7336d3,loop-ust,42385667,0,42385667
terra126x4yupwahywpwcqpae9rawz23amz8hpxvehjy,loop-ust,3020367,0,3020367
terra1jfmm5wcfvwxfsz7ywrmyyt6u7e6e82vdvde0a8,loop-ust,2644952,0,2644952
terra1j0jkvzuvc8n7kp8z3dafs5xc3qjjpqykkuk8sn,loop-ust,2449329,0,2449329
terra1e0y8mp567u3zk0djccee87cy95e9r4cev4y6ps,luna-aust,29562019,0,29562019
terra1ucde9xfp3c762jav9vghtmv3ft0rafl3tl0rll,anc-ust,1487391011,0,1487391011
terra1ccjzv80m6vdpvu2krxg8ck28dngwp0s8d9fln6,aust-ust,1596755428,0,1596755428
terra18v7at35hffg887rvrkvjx00a8cgukwjyydhxfv,loop-ust,7965116,0,7965116
terra1ddzdvk30x38ulxk4pc4zm99vwzvmh269drjlar,loop-loopr,5838803,0,5838803
terra1rw6r3dslcyhj3ctqxrkrt5k3ukqtsdhvumd8ak,loop-ust,2055133,0,2055133
terra12grq2hz9ypmphl946nq989m7esn80j29unj8s9,loop-ust,466826,0,466826
terra1wvnqcn4afx9ks56dg040gg6dvdk36qpnqe7c2u,loop-luna,268751618,0,268751618
terra1knvk49lshaan26ft3rars0hj7fwe72lvrrqh7h,loop-loopr,42450550,0,42450550
terra1tegyldn9he4j0tyg8h72a3uv6wtskyp859dhp8,loop-loopr,99532329022,0,99532329022
terra15nqkjykh6dlth0vj500emxg60ycm2k89w2vn06,loop-ust,385406403,0,385406403
terra1pm7tr83nj08vllmzzv3gt9pzxup2s9ypmmwf5q,spec-ust,3926981996,0,3926981996
terra18t4tgfjfeldt0t7qghuyj6ssqa66knq42m02gr,loopr-ust,20476211,0,20476211
terra12gstuntpp4pv6vz2xs46cm5ql9yul32cta2v3v,loop-ust,16791089,0,16791089
terra154kaktu66c0ckv3alhyvjlrr0vxt5jzu8vy465,loop-ust,19369913,0,19369913
terra1qzherzgp7ztjdf6z63emnjdq39nk0w2fw2n72u,loop-ust,35236913,0,35236913
terra162rmecay7dtyk3q3qxecwd8x36cgncgvll4yu6,loop-ust,437060,0,437060
terra1l798fx5686agqunnpnpcl46a6kzd0s5vru66ja,loop-ust,60834683,0,60834683
terra18u87299khm49jp5hvmvy7wl3527ex7qshjxktj,luna-ust,48213976,0,48213976
terra16syxf78f4vzjd3rn5wyh2xwfmzsn63pkwu6ny8,kuji-aust,449272761,0,449272761
terra16m0h3jy9nd38zm3krthd7r7g4s7atvru3h4nrl,loop-ust,1427426,0,1427426
terra1e3aa52wr73xlgkyh8kggxchnqzd3hvmjl68wrg,dph-ust,47035746,0,47035746
terra1maf3yygga7rsqpm0nkhsknpezsessu7s69g3he,aust-ust,1714257379,0,1714257379
terra1jgjwtsckg7q9aw9pkklpanzqextmczhzl6gyeg,bluna-luna,7842271,0,7842271
terra14k8ptr57maetu298485h6g5cs8akfkyryvptas,mir-ust,112281886,0,112281886
terra12n7quqx949njrj2yzc5qzcakquwzkesv3mwlpf,loop-ust,9672440,0,9672440
terra10h9a0e8nn2fnvc9f9dwqw8szusryt6d623utmv,loop-ust,4093696,0,4093696
terra1vhdlf4skxgcexal7qwnpgcwkn0fpmqr05ajuud,mir-ust,41291027,0,41291027
terra1x8dtmt6kmfzsslvg4pgp8wauv3nqqqn3tncgf0,loop-ust,1944937,0,1944937
terra1m9m88qxttvxashvtcv3lz5ts7yu7r7gf73gtmw,loop-luna,26806449,0,26806449
terra125jwzpwkcr3klgqffek4d9r6ghljeeql72gtgp,loop-ust,6126718,0,6126718
terra1wrxq83zd23epthwmyza0snems72wnak26xqap2,loopr-ust,308265297,0,308265297
terra1mlrlx8t9lyxsk9075uucs5qhfj498nk8qz9xn8,loop-ust,78229080,0,78229080
terra1402xt43856rt790d8y26n8sanj264jc5yz4ep2,loop-ust,438529,0,438529
terra1y4exc4l034srajxehp20475r2dvcmdref0sku7,loop-ust,85632058,0,85632058
terra19vhnd4mhqwug6myquhcd53wdu4ern28esyt3kt,loop-loopr,48885162701,0,48885162701
terra13f42d6x9hqqy8c07zzlmq5njwxw7jmkzfk2w00,loop-ust,915267,0,915267
terra1mglhkv8urt7wlh7g99h4ntgv98w6f9rtfwh7wm,loop-anc,118793015,0,118793015
terra10zvg9wre6kd4yen6we5erd4c339zhgs5kw0hk8,loop-ust,14249902,0,14249902
terra1p8gdfref68jahp43khrgf6mypgdqklj82mphaa,loop-ust,8613951,0,8613951
terra19fwd2tllnth9yp7nf2y6cxvppewfhujcd3d080,loop-aust,208397226,0,208397226
terra1v9tgx8u87gr8urdca2x758w2dw5kgwcqd44dh6,loop-ust,1595062,0,1595062
terra1jrt6wdf2kuhh3zpytpas9hcust97kcwl9r4ewd,mine-ust,90432194,0,90432194
terra1ctm9trz0q8we2lffxpen2a6mu0c6tkp4mhzeqq,lota-ust,113694241,0,113694241
terra15ekx5k52plrgp8qesf0merh4nm8ecg9ungwgpz,loop-loopr,1373004041,0,1373004041
terra1sgcrg2ddsw92rqrjnuz2q5d3mkqkztjn2nj92m,stt-ust,2944398,0,2944398
terra195zdhsqt3rklft7emx9csm7t5rr9ucm29036xl,loop-ust,1732082,0,1732082
terra1k9znddslgk0z53dszdcrdhhq8yekpa7ya03z8w,loop-ust,11519870,0,11519870
terra1pg4gtmla6c8rdak67qgurnseahpslzfjlyprxd,loop-ust,8828151,0,8828151
terra167hpv5s9jygjgdda33xr5qtuvfev4c8j6c2hct,bluna-luna,3995292,0,3995292
terra1rwtjll5584wdaapctyqgwfpwl9pk00vpw685ln,bluna-luna,996137,0,996137
terra1xx865sqykxhffftrz4y58789t0pcnz4hf9n5m2,loop-ust,68057398,0,68057398
terra1f8n6e75ly0ydh5nhsaeejs0tj007mx2qcpmhua,loop-ust,863395,0,863395
terra1qdjthurpt73qvw2ld6d8fd2mv3lsza8e8n90eh,aust-ust,892461129,0,892461129
terra1m2jpd52qv4rkqpl4e75rfxepg6yg3q6pgcsl6r,loop-anc,152091311,0,152091311
terra1weq2lpmtrp47ppt2cneq0c4rwafzefmy3gu89j,luna-ust,27484132,0,27484132
terra10xkch0x3cndqp46rf5rn42elplen8qxp7pn5ln,lota-ust,196521444,0,196521444
terra1vg4wcfyyfj09pxs3j0j07gmfzgxaq97j4q980m,aust-ust,1343256485,0,1343256485
terra1zpfl7hn2ymtn283d0r24zgmkn3ueq9mn7mdv23,loop-ust,4299436103,0,4299436103
terra16yez05xgq2vufk0tyq5llv63ldwg6l46ms3vsv,loop-ust,55984023,0,55984023
terra16sn4dczenn5fshz6nx4e9xpzjaatfkd3dwara2,luna-ust,6064431,0,6064431
terra16llr98v5czwu6nu6ejh6vp9cn7nvqmu929aa09,loop-ust,10693834,0,10693834
terra16jkna0fjkur58elmqf8sce69fl3zeth8qa7ns4,loop-ust,25118522,0,25118522
terra177a3lljyce9v0wmh6quasm092vkhc8fx4f928l,loop-ust,7992353,0,7992353
terra17envn7jzyd58xma6wt9nhe6zrwtzv79h7vdj9z,loop-ust,2293170,0,2293170
terra1ny8nhpgtz29qhfl2pww3kwl3wln9j5g00scsqk,luna-aust,730753733,0,730753733
terra107dfmacrf2vuu6h7sjta7srpz45xple5z5jfnr,loop-loopr,46594022,0,46594022
terra1742urvrkkuu0e3hkknr6ggj0jjw5qpngaasye3,loop-loopr,154815632,0,154815632
terra1rfaqcwyghcpxnzldc9fnym8wl7j5jh94hjh5pr,loop-ust,1609659,0,1609659
terra1ly8je0a794aslxmwhdjas3e6dnz8562gglttwd,loop-ust,975812,0,975812
terra1zk8rhc3vwd064khc5qdngc7n8cwy5e9lp536lp,loopr-ust,26514747,0,26514747
terra1pqj2erksw8t66wy3du7mm60jj2wcj986kvuusy,loopr-ust,60735001,0,60735001
terra180megd9a4e9pfqrtu4lh7d7whxygs5dek5q85x,loop-ust,9727636,0,9727636
terra13csdee7gguqr8emltpsklaew089c08rvs5d2ss,loop-ust,2275142906,0,2275142906
terra1jf5jrft8pf4ay6vxz5sndyzryp43sjapc99efm,lota-ust,70560,0,70560
terra1k5lmwjn20pk2ltj93zwspaf3s7nstgkl7c3v0d,loop-ust,1841309,0,1841309
terra1e6q0h6z7uyx4y0kjwp08fxk8s5akllf53t4zhd,loop-ust,3923363,0,3923363
terra1u09k3s46er5klhz83hu4967fth9cr4vcqpldlj,loopr-ust,4438145,0,4438145
terra197rrasa42sq6hcg5r9tx5rfrehx43r9yzhev0h,aust-ust,1254128390,0,1254128390
terra1h0thu4ahknjwrjd4q09h8khcav0m36k8e4fhy6,anc-ust,19173778,0,19173778
terra1jsv7mpz4qf6n39w58zgqdzfs6xlk8kcgqfjd7n,bluna-luna,3479904,0,3479904
terra1p949prx2g6y387qsfpk8zccf0t9y4uklaq8txu,loop-ust,14150104,0,14150104
terra1ewnu5rj9day9chatldnez042jw4auej63j0v5l,loop-loopr,1336508155,0,1336508155
terra1c6ufqapzygtsmxxrzu53q6z5vmwf9x34m7sktk,luna-ust,2867920,0,2867920
terra1jtaakqwrw3gp7g6kpa82deharpr9ky8c4u8svy,loop-ust,94161,0,94161
terra1rlushf6yycuqrzj4gnndquu3zchgsmykf8etz4,luna-ust,2890911,0,2890911
terra1az0cpv4a7lkwhysjdllpufgehwf58rjllswuge,anc-ust,499203145,0,499203145
terra14h7dd26fzrvnu28x3xk9gh0du6a5nwdtqzrs4s,loop-loopr,2250681399,0,2250681399
terra102paj425nvx2rz2ee3ylu2dzytrkry65ua3lyt,loop-ust,135340128,0,135340128
terra1dg84sl0gap3akp45flx4t94k9e540gg8kywc59,loop-ust,5475541,0,5475541
terra1yz5hy5m9ph3krwvwl432r46kxtev5z63xr2ywy,loop-ust,361042,0,361042
terra1w6apt4kz6u347rgl4mdvr8vq9kd39mvghtapl7,loop-ust,897548,0,897548
terra1dycptt6k9p0gd3etylreqstj6cgw0s9x8un4rj,aust-ust,283340622,0,283340622
terra17vghg5m60l4u6jnja8yemjytjvyk2yux743y6g,bluna-luna,5016099,0,5016099
terra17z720y2uw8qdvwwnmm3j6hzu4xscvandtd32zv,loop-ust,5104291,0,5104291
terra15hw0asds05xzfkhgm8zat6ta6rwgyquwr4cjnu,loop-weweth,181737,0,181737
terra17h3zqmn3fhqep8cm0zaftd2m3f6w4gydrmh7gm,loop-loopr,2420822402,0,2420822402
terra1380v000rspymwm7wagsrwg6pnfvw3lvmjd89fj,loop-luna,60161991,0,60161991
terra1xvg29jkrycn2wynap9fv9dxgwl903nwn4kcvvw,loop-ust,1614607,0,1614607
terra1nnnstvepxlxh2el3mhlkancz7a4fjmwduv0lyf,loop-ust,173752039,0,173752039
terra1fp4gfcuugufpmefg97ufyz3r6ezzgaq2nd7d6q,loop-loopr,6816940449,0,6816940449
terra1ylccv6jfcm6dad6t7e5tvknk7c74vqxypnrtkx,loop-ust,925501,0,925501
terra1zkk8qfueyece53hjmc38yxtm8e7kn0ykagzd34,loop-ust,7276249,0,7276249
terra1p3vyav98dhdfcq5uvwn2szpz35gzj7cw8t9xyf,loop-ust,1848363,0,1848363
terra1q8pen6e2fdm0ct48nufdhxg34lu4gvprxgw77r,loop-ust,17328968,0,17328968
terra1pge4a74hpth0v8pdynqpyaypnv3g53qghxqeru,loop-ust,33777531,0,33777531
terra1wtkr26fvfcnlu3zwrucplr6k9tj5x5zt0evd2y,loop-ust,65359664,0,65359664
terra19lw0vjmk5qfpnl4mykq4lcm9tf65efxpw75yrn,loop-ust,1031452,0,1031452
terra1lrhd3at97lgee8su859993exwttl7x4q65zjkh,loop-loopr,88797847,0,88797847
terra1wcl5kh3rjcn638u3uc5fwfpy5qx3hdg2k70w0s,loop-ust,1061111,0,1061111
terra1phmwftzw592pck65et0ftr8rsw8g3gmyt5djs6,bluna-luna,263016768,0,263016768
terra1j82p82mp5hyz80tyh7l8taax9h3nd3rjrmqykh,loop-ust,1072279,0,1072279
terra1fucs3tqekkp8thj8ndky27c7x83as5nx6jmkgt,bluna-luna,3213610,0,3213610
terra10m46wakckuvs00m24qezy80hxt2xm27agv54sc,loop-loopr,5846068193,0,5846068193
terra192fn5fv8l0mnx25vhl5k0qh3hjm3nlqjlge7dw,loop-ust,26961719,0,26961719
terra1xu55hqv20zx2jfd6tanzx5q208x6xqyukmnqyd,loop-kuji,11721216,0,11721216
terra19545yp0u59jj5zekcfpfx28d9hf6v55a2gsy04,loop-ust,88611519,0,88611519
terra14x5vk0pdrelzw8npqx8dxmjew27se4hs0f6x9r,aust-ust,663276921,0,663276921
terra1qw5m0zut5hv28pgedyynzg7rwvjyn0vds67hfk,loop-anc,23716028,0,23716028
terra1ktx3jvn8kqn2se7m6sudm9k7e08c3zskwpmeyk,loop-ust,19558009,0,19558009
terra1fpqp4mqx6fkefue3654zls7jj5smzdgdy9085v,loop-ust,850870,0,850870
terra1e7rmkjgpnn7a59npr2t3jzfxs34fnphrzrzca0,luna-aust,301674983,0,301674983
terra1s9zltz036ss7zwvnetzt57a0g6x3vage34rppn,loop-ust,166515738,0,166515738
terra1dr5plcp9tljrvktttrwfvyy798dgy6dsv907ts,bluna-luna,25230846,0,25230846
terra1ewc7haa7l92p6qj006rjukhzt8wnxcv092c5ua,loop-ust,17176820,0,17176820
terra12d5kdw7cahh85zxgd0qplft6t8g3wzvwtcjdzt,loop-ust,1029726,0,1029726
terra1mxh70vsu26lgjdvh93ewtr9z44x6fjzeujxy48,loop-loopr,3142279210,0,3142279210
terra1jpnd0tgq3fktqj4xuqn6eu9ex6s825v5ut5tvg,loop-ust,2002852,0,2002852
terra1wzfejqsqxm644us3cf6ul7j67crd4we4v32h08,luna-aust,90685717,0,90685717
terra19p55ksvynehr0l342ck7y755gkcp5cwm8fnhc3,bluna-luna,2496105,0,2496105
terra1wlvwxkdk80swqpkte764hkdl9atm7w7cmkd5fk,mir-ust,80120695,0,80120695
terra1996kdpzagp23feepczxtplekcc3w9ngmfn7vef,loop-ust,2300372,0,2300372
terra17mzxm3f96wz42ek0jh3svz2glsznekuaupkwvh,loop-ust,2245025,0,2245025
terra1dq7q9022kljmmful4ga46fh5dmvhkewhuw7fmv,loop-ust,91887,0,91887
terra1yj6y8xsu55nuvf45wztkmndclwh8ehqmreejn6,loop-ust,437823194,0,437823194
terra1xucvysqzzwlfzffc5y62shz3wmp779yv4596ac,loop-ust,145315961,0,145315961
terra13qcfw8da6cf2xx2jggn2nky46xlqtcy3lfztt3,loop-ust,22688027,0,22688027
terra1favpx6pe9exaqlkn5w38vhekxepujaayfv83kz,loop-luna,2222788,0,2222788
terra1gg5dzdmh2e4v4daauprvfwaknwlusl6t0uw5ft,loop-ust,1732436,0,1732436
terra1r3na4ynwcg8kuklae3y45pch97gjlpruuv98jj,loop-loopr,24545877691,0,24545877691
terra1ufu8dmm8sxlr5py40389dfvd5pvsheqpnhanw7,loop-ust,50783551,0,50783551
terra1j8mqyr56hlja2yms5umv5mdqmkj047ynzldjer,loop-ust,36130083,0,36130083
terra1v4t6zjk65c2zzc6s8wf6jj50zxhrtv42ugp8c4,aust-ust,8945088688,0,8945088688
terra14uedlnczuzqzark3cf5hazktqh8zf7mdeee6dq,stt-ust,9559485,0,9559485
terra1xq23rhngcaw6u9yu0swz7h2m49vjy8jtn34vf7,bluna-luna,249756793,0,249756793
terra176p3hrwcxychk49uyvxlwjkzangkl85as5fuy9,loop-ust,16561206,0,16561206
terra1gwcs4a2lzam2r0gw9th65twp26vqz2wved4xhu,aust-ust,3067315155,0,3067315155
terra1wka3zxyrfy45znltzu2sm6upg2eswgeqpp3eqe,loop-ust,19643103,0,19643103
terra1jdhfa6gx4p8ulxgx486w4wnefxhhnsw6h3lfr7,loop-ust,277837163,0,277837163
terra149ll23eplres0avchean4wkv9uh8as57zdp98e,mir-ust,14086775,0,14086775
terra1kj4vxcjepuws609x63wfqtm0z0dmm2shrn4tt9,luna-aust,684514678,0,684514678
terra1wc8d69udhpsnx3xy6j8ecf2g0z9fuu46jmqezr,luna-ust,1418509795,0,1418509795
terra12mpelhpjarymyur0rlpztstdq2fp4pz3egdjd7,spec-ust,9611834,0,9611834
terra1ahmnqaar5ggknr4tzy82rrmp062h8fc0cpj3vj,bluna-luna,111822091,0,111822091
terra1u4v5ezkncgmqads5rg5nuutwayaxvavy3zm97w,bluna-luna,6089639,0,6089639
terra1c035gklg74dxmeaftpfsp3hnjnl3xh6e0c2rvq,anc-ust,17990298,0,17990298
terra1l7q7re08kaf0xrewys2wa0a6jukpfxw8swqacu,loop-ust,1189414,0,1189414
terra1nxp5rpfztsukxn5uxn5a95tk5xvn42sj8rxrqv,loop-ust,126659917,0,126659917
terra1mp4vzx5eufqfd3daswfnnucmwznuz4u7d8epnk,aust-ust,1782062951,0,1782062951
terra13640022ph54jnnvtfh5yu5zh2cnq4ter3cexwu,loop-aust,13259920,0,13259920
terra1mhvrgu90nc5hqrdayh77cjmzecx9q8ww95x2ja,loop-luna,995331730,0,995331730
terra15cujm7dxmk2smne5zadg25j3hzqmp3eqfdhutr,loop-ust,5164376,0,5164376
terra1edzamq07p2gmrdhrgqzkg9gkhrtmj64w0dvla9,loopr-ust,5960110,0,5960110
terra1sqjg7yyqa7jrmasflmr5sdxt4sgg3q6kms7dnx,loop-ust,1873599,0,1873599
terra189ug86su32jau0u4as5s793da47ga6r3gpkpgg,loop-loopr,292332480,0,292332480
terra1ax5jxjmfsrzppkjmwx2l90s3urfxm7ltdeh4w7,loop-ust,17878722,0,17878722
terra1ngcgmr8vk97hx5fzk0c6q02jfujjncdjqm8qqx,loop-loopr,4657708574,0,4657708574
terra1tvyfd2c8d44wpzaw3ytghz402apurt87v8wu63,loop-ust,1890448,0,1890448
terra1mph465slvd3e60qf954qxg75kqp0vgaymwgevy,loop-ust,95972795,0,95972795
terra1gfze4tn4ygeywnszkp5pqfl05ydjydnjtg5rdf,loop-ust,4664941,0,4664941
terra1v28zg4nlc4eppfa0ldm9zpqn23509eln8k22n6,loop-ust,17725478,0,17725478
terra1zc5f5s9fqq0j4e0zr8k30junnexv7ppvr0wt72,loop-ust,25189948,0,25189948
terra170lnfw3km48tx8uukcxkar0cp58kan2p2c3nkm,loop-ust,17785828,0,17785828
terra1v8pnh7kaj2sv7h74hslw32resrgmzsljd5600q,bluna-luna,748016,0,748016
terra1ygr7wz0h6am2tq3e03q2ftu04hzg7uuukvhf82,loop-ust,910140,0,910140
terra1xhucqpf6t9gzt2dq0p9pvt5l59lczj9028ty60,loop-ust,94136,0,94136
terra1p57wtt74x5k4lnssshnuqn9duunlqpw5l0g0u6,loop-ust,952595,0,952595
terra1kwk6pnfsh36qgrju802dl89tsy2cugkk2kkp6c,aust-ust,2240640675,0,2240640675
terra1usdk7ll9w0jeghqj03kdjg4xlu3zlcjgfq720c,loop-loopr,112257442,0,112257442
terra1z8h5xn0rvm6p7xp3fs76qdd2qaecvl3e094ryu,loop-loopr,1037401085,0,1037401085
terra1500e5mpasfx76r7r7ypk2etkfpazau4ky582km,loop-ust,27189469,0,27189469
terra1my3mq4xfaxvfzksllsamd3z7xs5qs9da0ht8h6,aust-ust,42274321,0,42274321
terra1p5vgzz8jpvnevlz2gnq0q80l77gx3ty8kw4fxv,loop-ust,84319380,0,84319380
terra16ywdpurugs67e5u3thn3awshqttqa8225w2lke,loop-ust,131908,0,131908
terra1e0aljvcmcgcv867uqehq82jvl2qyxpplgtjpqq,loopr-ust,131228750,0,131228750
terra1t2dt2znwu6ml9uq24umyalfh4emx343s68g92x,loop-anc,34960743,0,34960743
terra1clr9anusgnw9pq48u3lss6vhdh9re4dnvxf46k,loop-ust,5068982,0,5068982
terra1ungc4l8kdgfz33dlvft2ekdt4rel5w6zl3rl0v,loop-ust,1531477,0,1531477
terra1gmqkgqreuakahxhnljyh5sypy59h3l5elsp3nk,loop-ust,968329,0,968329
terra1xu6pev7zf3xashv38y38z5hwnngwurxxyujen0,loop-loopr,525151936,0,525151936
terra1mmhnds7m7n7p325snm5s5heuek6faxda365770,loop-ust,14511263,0,14511263
terra1plw0gm5262wn9y2yufenm3lrqj46kx0454ggdz,loop-ust,808939,0,808939
terra1uwy988hyuhl5rru90erjv4shwkj5fyntpujxkd,loop-ust,4473524,0,4473524
terra1z0ywlyvyglm36hj86e07n0xtq2tfj5lre5vhyp,aust-ust,896248927,0,896248927
terra1hezcxzlaehemah35raucxw22j734r4q3t9dcwd,loop-ust,477578071,0,477578071
terra172qqnskudhqq6f0r2fqc6yxv6atxvq53y9pnns,loop-loopr,13406050026,0,13406050026
terra1075hty57j0juya4zekgrkc8t828qg5e4lwqszh,loopr-ust,24987545,0,24987545
terra1778sn6l8xrqfwylmqhe9jrkyjzfv6kmeu57pdy,aust-ust,448683792,0,448683792
terra1nmeu4rzu3s6k3ylg8yjeru0trmtvdlw0ghyddw,loop-ust,13902982,0,13902982
terra1cf7tuldrgqkz4kuys64yv3dwwnezp9qy70kaqp,loop-ust,9517121,0,9517121
terra1dpy88huse9da54txsucjmkss7xet2hjk0n38kj,loop-aust,4303684862,0,4303684862
terra1wfj82c4guvz5djzsdx82zv4eumw3pjz6y702ye,loop-ust,493521,0,493521
terra1q85vvlah7n6tqkafmevw77maqd9ptxflu9fcee,loop-loopr,2984952933,0,2984952933
terra1at3u5ahpq5x9yfhep8hry279netsd0lthgc2vr,loop-ust,2750772,0,2750772
terra107sjh77fwzsvch4ra9c7fhlgrvgsz5hvnpqwvs,loop-ust,343675755,0,343675755
terra1smgnuccp3987efl75dmlgndwq58kplmvj0zvgn,loop-loopr,966832604,0,966832604
terra12tpqgkvh4lgmkm05f7zl5r4hztpnfmyxnflr4d,loop-ust,4088963,0,4088963
terra1mnxs6h35pqy9afkx7n2eah9ey7wgp2mfu2u8xq,loop-ust,302657288,0,302657288
terra1d7v5ht0w6yweu2rg2vmex3u9zqzk7n388tlk7w,loop-ust,840731505,0,840731505
terra1dkr4q3erearu7q8jdc025asrvgjt407m3mk76u,loop-loopr,139946293,0,139946293
terra1e3wfn8qettqf4t0m3quw9njckaxg3csvfzmcy5,luna-ust,747574692,0,747574692
terra1gjv4gv0mau7jru6t0tv49gx5c363xv5f7jxcje,loop-loopr,1246895179,0,1246895179
terra1v7sf9rxf9qy09lw85mgxlr8xhaj27hyjfpx9vp,loop-ust,14510379,0,14510379
terra1pqvq0078kft8rvkfnq2zm4knz7vw4sd6yv9p66,mir-ust,386909959,0,386909959
terra1l54848j8z5rca9mrwztx46ma4hs4m43w0an83a,loop-ust,58203590,0,58203590
terra1v3vjqeevn95redu0mxg5qp7etsm996mqrsa07s,loop-ust,1156604,0,1156604
terra1yy8nxkrvh4596z0szuvgnud92ztx29nhc9grk8,loop-loopr,6907871201,0,6907871201
terra1ydc5ucppyvarxl7l7d3rjtfx7jmdymd5jxfz8t,loop-anc,265759212,0,265759212
terra1h0kjss5cnyna30uu8dnp3sgd3qxgcj6g9fepdw,loop-ust,866154,0,866154
terra1m0p5xnr4a70rwzw77nmeclnfwp49rvedcvw42s,loopr-ust,56793254,0,56793254
terra1lrnak5x740vxjs8mxvzlnwqc3rvqhq2qg4jcs8,loopr-ust,154906234,0,154906234
terra1feup3syyh4f82t5q59mvvsphywn7h47tejjap2,anc-ust,14327055,0,14327055
terra1t00x4gqfpcrcjlu73qu566djxqmtwnk5fj0dgm,loop-loopr,74382091,0,74382091
terra1yhrujcuzrsf5v4jtf27h49knz2ccwes9v0u7g9,loop-ust,59617742,0,59617742
terra17ujvvugtvm08kwxuczsqpnuv8ywz8j8g0r3mqj,loop-ust,2369815,0,2369815
terra1rccr67f2ahjg84jwdaeluyeyxj05enwkm5hzza,loop-aust,1333532390,0,1333532390
terra16z45nfu2qhpz695sfts6z8h63j26m4y9vjf7ch,loopr-ust,7743699,0,7743699
terra1nexqfqylst3wjpdxery5mq79w8d2kgry02j0c3,loop-ust,2840089,0,2840089
terra1kvu88hywtcmsl0z0vtkkqdzqvkfx9l092t72sm,loop-ust,116884930,0,116884930
terra12n2ark5renzfpxfw7sl5gr8k29ddxl2f4ak3t6,bluna-luna,4498105,0,4498105
terra1tsewcehzyevu3yk00feqrncxrrhkruqaxc27jv,luna-ust,28949671,0,28949671
terra19vuz7w3cxy5k0ae8mtp0tc4n7a4nz0mdy65qrd,loop-loopr,164184533011,0,164184533011
terra1cuc454vl2es9qx0rw63l8vga2eystk8u5ys80n,luna-ust,369967780,0,369967780
terra1w9p55ql4damzpukf26v6vcnnskxnxpctdxukxx,bluna-luna,14981465,0,14981465
terra1zcx3q2xjd4mwyda4pnjdx402lynqsl2v5jxsc7,loop-ust,71903,0,71903
terra1x4sd68awr7eykhw8kk9nrsnqcwdk3gflz059k2,loop-ust,5534816,0,5534816
terra1c8ryff6zxffpcjlkckznhgkk7cd5m5907f0q4j,loop-ust,4112616,0,4112616
terra1vmxen8ge7zvd8wrelhhwpw8hrd6quw6z8pc57t,loop-ust,457428,0,457428
terra122x0vqxdwekc8rehtqdqhp50d2ucarfznlv9s2,loop-loopr,7363959987,0,7363959987
terra1xangjmlzlcy85faudrcynf5nv2mq7vcyluz5l3,loop-ust,422426457,0,422426457
terra1u3gqdw8tl9mavdyy3cch8mqqpse6j9ry7hv6kl,luna-ust,5140621,0,5140621
terra1vjk0p55cx7gy0zu7565x3lr7a5khjcck43tkvw,loop-ust,3462914,0,3462914
terra1vrhg7y38leq9x7k5vuyr3wxrklyy30ts34zvwx,loop-ust,6217130,0,6217130
terra1mswldq9mf3l22j20v598kvvhkmzrmqhnymydl8,loop-ust,3456442,0,3456442
terra1gp2letdfyk7zeef2mmg6a2gr465ey8z8xrkywu,loop-ust,12610124,0,12610124
terra19vmgfrn36yr44afxgpjrt58sz8s7x9sc4tgeyk,loop-loopr,4391561589,0,4391561589
terra1f59tr6jdcz46ucnmnyy6t4anx2q05azxrp539t,loop-ust,63060587,0,63060587
terra1zw9p7f5zxdnz0g0ags8cktl454kdjescply0yd,loop-ust,16057840,0,16057840
terra1rdtfe9t226k9eklely0vqpta6gm5qlhx2appmp,loop-loopr,2819437666,0,2819437666
terra1ep08n8agrmrhttvfmzxurt9r3jhnj5ljuzg034,loop-ust,3212892,0,3212892
terra1nyjf0jjwr079y4pmg8w4u8yhmeg4vk4j28pshw,loop-ust,5156517,0,5156517
terra13heyr7yd4yv0jsjghhxu3wjxa8vxye23k4nu66,loop-ust,449370,0,449370
terra1702gvveqcj5lh9rgxxhsse2s70mmpa2dqfa675,bluna-luna,5170888,0,5170888
terra10xfx8nssu0zgf2qd6nqu4470h8p2eq68vlkaff,loop-ust,8973254,0,8973254
terra1x0h59k34udzlk244d9rxjpffjh04qn09nc90ry,loop-ust,743719294,0,743719294
terra1pn4certt4mt9qxy8xf5u8y2sjy2acm9sx2q6zn,loop-ust,3891026,0,3891026
terra1s8kgz0f0ssc2g20dujdkpugj6luznt9rmltyu4,loopr-ust,102079622,0,102079622
terra1qct8zzudefduc247xusjse2vjv030rana6neet,bluna-luna,2706392,0,2706392
terra1xexm58pdc2r3necv5zyrx6e9l0y6qzfuulh8re,loop-ust,8654047,0,8654047
terra1e6uypd2fx7yg70h52qp8v69xnf8lm4up5ckj6k,loop-loopr,35881576142,0,35881576142
terra1jzxgzppkhfyyj35467sqqwtwugeappvjlqxzul,loop-ust,1199197,0,1199197
terra145t7yjy7ppukkp00h050re2z6ayu9g058rpmpr,loop-ust,1719952,0,1719952
terra10qrasqh4y24qp67yvxuuyqpvf3ahhhk3p8aqxx,loop-ust,26185856,0,26185856
terra1nuen4rr2hc74scw46u5qlzu93y57u07awl5pvv,loop-loopr,4984950498,0,4984950498
terra1svfdg2p5ckf79umfjhze8mxlpzvvfp04zrem07,aust-ust,580783634,0,580783634
terra17xh4aet6vg0zcrxj2ufphuv45gr2we00nheuyw,bluna-luna,100994285,0,100994285
terra188eww058j8a09ue0tpusz4h7qph9dj2cwwlxlq,loop-ust,1643065,0,1643065
terra1wa6ndfa47e05r9t225fyx5upnwzlwum3u97d52,loop-lota,86925625,0,86925625
terra107ctqdf7hz25tvce3pmvxqqfdlvue28q6xxh2d,loop-loopr,1093596906,0,1093596906
terra1wsy4k8neyrdvmw6kuzxp5mchahht0ded7uzvjz,loop-loopr,40123491307,0,40123491307
terra186a0a4yzx5llaghaqgda07azjv4dv8mfa6yckg,aust-ust,94684180,0,94684180
terra1kzp8qf349phj8dm763mxj29mr2zan67mz7xsx3,loopr-ust,11962957,0,11962957
terra12r6hsn9fa5x9zzx3quw5zvlqt3kqenj9907lkz,aust-ust,928633266,0,928633266
terra15p2j9g7alfhx35psvrucm2r46ftvz283gnxvwk,anc-ust,19599980,0,19599980
terra1cusdke2h6pwrj4a6rw96f4j5kyht2xaxwa0227,bluna-luna,1001391,0,1001391
terra17s6975cdcag5rnyrkaqdf3q074u8s9zyr2cd68,loop-loopr,76710529,0,76710529
terra1hau0j74hw7lnlyxqug9fs8ywk4qhcdytq5qqhc,luna-ust,671656110,0,671656110
terra1qm9cqrex7mx3jxnsjcudqeetlrzpfvq8tqd9ge,loop-aust,28954802,0,28954802
terra1s6gr299ph7c4qn0ep627m028afmpfacuu3sven,mine-ust,3510769018,0,3510769018
terra1sgx8456ry2vtjeqx0gdkl3fnqj8dqh5rr3w2sf,bluna-luna,49781758,0,49781758
terra1j9qcaqrvu0txt60vn3cy85gdudtmfxwj0s882m,loop-ust,10866421,0,10866421
terra1x4ya6q4wrp8lm7wvacuxg8zkcxm09lg6jme9yz,loop-ust,996862982,0,996862982
terra1aztx7cjcas4lsqzmt7e7kph86ynhfcrmawh76e,loop-ust,1003404,0,1003404
terra19z7wh8n30hr40qz2axrulx6kuaekr333eruspz,loop-ust,95913440,0,95913440
terra1mm8uc2a5s8q9z5n5pz2594g7m0rlczynv6vecr,loop-ust,448079861,0,448079861
terra1avp5x4zk8gh4x8j2wapltasm6l483pdc5rcrdh,loop-ust,8870872,0,8870872
terra1w4zpzsh6nktgl6xgwnk7r2wpazsujd4r8d0zy6,loop-ust,1769365,0,1769365
terra13qy6ht9r2p2s0ptjppaurk34r7qtd96e7wx3t5,loop-ust,9020163,0,9020163
terra14hjx4qyj5wh7py2mx50pmv3zg5uzz3wxvgcqsu,loop-ust,487963,0,487963
terra1jtt37yprq7y3y7jywdjdfy3q579d3x2ylyhkdu,loop-ust,4772461,0,4772461
terra1njekzf98cy4gse2nq2jjrmt038wsvk2vtwzfrr,loop-loopr,27156679991,0,27156679991
terra12l3upgvph4hjjmnjrtegemf4xtts7c4gf2u4p0,loop-luna,11931490,0,11931490
terra1wtkdnwz22ymx045p9y4j0y6jtt382yhc0w0wmw,loop-loopr,833404369,0,833404369
terra13640022ph54jnnvtfh5yu5zh2cnq4ter3cexwu,bluna-luna,10951454,0,10951454
terra10rdyv05smyjhhul664kcpcj34trjarf7fpxlx0,loopr-ust,5092410115,0,5092410115
terra169fyry2tlmt0eyeqahxjtaue62gve08nmuksft,loop-ust,23139982,0,23139982
terra13qjnq6ghgdpkv4ekwwffch786nyxjamkymjkws,loop-loopr,78582495,0,78582495
terra1972enm2qfpkq78r3ukrsuz4latuvv4a72qvchl,loop-ust,34079758,0,34079758
terra1da7r6767nptvc74ghc82sfu00vwknn02a3rxqd,loop-ust,4557315,0,4557315
terra18wrtps9nng984shs72zdvy7pxhzrjnhgv5s726,loop-ust,2761859,0,2761859
terra1dt890vlhmz3ehd5pw7qqhv3etjej4xnlur7yz9,aust-ust,104571266,0,104571266
terra1zkf83tpx3eqxuasvt3n2se4gz730es532pyekp,anc-aust,1680349001,0,1680349001
terra1majp2grpa8g6cx5munmauxcccrsz8s4rypj56h,anc-ust,267392941,0,267392941
terra1vav4wh366zjvmfgfnu2jk2vjmlfkm337799e7v,loop-ust,4290946,0,4290946
terra16c5fyc506r82xwt3ddqfyvay5kxhxwlqva4yza,bluna-luna,92837222,0,92837222
terra1m42ql85ejkn5jlwkm6d2qs6pltr9j5yz3p9jaf,bluna-luna,286590426,0,286590426
terra1ntmnhre4cere3esvwhmwvlx9pck9u8xtxvtcc0,loop-ust,5912712,0,5912712
terra1hkkk6xdjczpukrnqxetmuhr6ena3jpewmkr4uy,loop-ust,4293312,0,4293312
terra1sc6vxq3a5murj2nnu8hljslflt6gyz0ghdk8fy,loop-ust,80544661,0,80544661
terra1gxct54svz45yg3lf4s6sg4xpwetfl47dpfmteg,loop-ust,10606851,0,10606851
terra188pk95x9g0nh7fxpfh604l3t2phwnfd76vnzmn,loopr-ust,38816042,0,38816042
terra175v29s7e05jlkh36mrt3zp34mhr53c2wwzm0m9,bluna-luna,299572788,0,299572788
terra12wqscdgwtavqvn4fjwy4mg527dx5fglyv8hxc2,dph-ust,15060625,0,15060625
terra1ym6ylka4lchz9rl9akf70v89lnac3v0e8gyl8j,loop-ust,1994338,0,1994338
terra1p7kv2n04t3s7qlgvtmcstcf0mj83jakqp569ea,loop-ust,20145375,0,20145375
terra1rfa8eez3z9lxptv9mkpsjnqadhd0jtf5l7g32r,loop-ust,68691875,0,68691875
terra10lrvqdy2y2r5r0xwwdxlwqux78sjzgmsja049x,loop-ust,3203715,0,3203715
terra16uvp0mxmhzpre0dpu05jkm6a3zmwazs9a9nqqq,aust-ust,469442703,0,469442703
terra1zwafchlw2s07f4q0pdlmw6pqlxvg9kdrkm4gn2,loop-ust,951,0,951
terra10c6vf6qn2ssvhqh9dvm9clt0qzdfa7kuurenwq,loop-ust,1062739,0,1062739
terra15y2j74jf3a6qye034v5kjynjnmwaf3msqrc6jf,aust-ust,73379826,0,73379826
terra14kzeys90v45njf90ywaawkc76mwlrrsa8s0uxv,loopr-ust,121080407,0,121080407
terra1wr853vew4d0encv7x8kzxnzrejsj7y7dj2n5ua,anc-aust,2209105939,0,2209105939
terra19kvhwwxj6dehfc8hs6qtve3dsu8nvp6mmmc6ca,loopr-ust,1665973159,0,1665973159
terra1wtjt7zsh50wdhkm9xepenyrz96dxrph3gaqpfn,anc-ust,9185544,0,9185544
terra197q7e78l9x2ewx28c9zd3u96yzg5uy2rlppxtg,aust-ust,4490683515,0,4490683515
terra1q8sckd4q0d364lnfyu5sf0dn2h2k3jvk864kg4,loop-halo,201925728,0,201925728
terra1vg2p0sn3etx0rhhwv6z04kju473ze4e49dx6jh,loopr-ust,5652435219,0,5652435219
terra19ugj25kgu869qyw907ja7v3qwm6llcshdt2yjy,loop-ust,1079642,0,1079642
terra1eeye7cszslqenh286n4atlwlgms3afdcp6tauh,loop-ust,149271449,0,149271449
terra1hrp75ncqpuqh2t0uhylwglqfl445zhw4py08ef,dph-ust,81972077,0,81972077
terra1adf43ft4gh8ykxjjz800e8pgjqt5d7adtrhepc,loop-ust,996104,0,996104
terra1mv3c39ff60qrfkl8ejw80nr9k4ax85x238l3gp,loop-ust,54910726,0,54910726
terra1d9mx9n4qy42nkhjdylcy963t04t5cywsc6khfj,aust-ust,1063580657,0,1063580657
terra1pdjs6hd7xhxnx6akfprvyrfscme9tu4vqq48h7,loop-ust,26452050,0,26452050
terra165d3h492epmav2n3metggr4t55jdreeq6z8mlr,loopr-ust,12712185,0,12712185
terra1l9j5a2q5rmpv4yt9w9us50elpknnxwmvt72x0m,loop-ust,967289,0,967289
terra1ytxpfsmkt5ug0qzmsch4xgx2ywdrch4qjwhz5y,aust-ust,4471595532,0,4471595532
terra1c8m5m8dq89ptmq4g347wuuf8vw52p80q5ujdh0,aust-ust,8059677901,0,8059677901
terra1dgqgjzzm2c98jqpehwwlyy32rwtuwjakdjexul,loop-ust,2124737,0,2124737
terra1pkgg68w3ga6pth90dlf8fa66u3q0w8agn7xnaz,loop-ust,9041973,0,9041973
terra1dfax3yu3y3dv83y965wzgadfuz45jjqaq6tvlg,loop-ust,2784524,0,2784524
terra13aj0chl452m4jrln2x3lcvd3ygg69zmzr9xpmu,loop-ust,1681486,0,1681486
terra1589vuqm5f044dywx0gwy2ur78em3x99dsw72g3,loop-ust,1118897,0,1118897
terra1a5zxf0usf4dqv3ckga7lpp94sp0kmu5d29drml,loop-ust,952,0,952
terra1e5fpuhmc0jx4wyf67s0md3sxq3s9hd27jem9ju,loop-loopr,26312567,0,26312567
terra13fphcyangl4jd3g62t5j0wxd5p3fultv2jmh7n,aust-ust,1299431452,0,1299431452
terra17tsung5y3qfekmn283msxcnd4ev0xe8lqhpm7u,loop-ust,6472366,0,6472366
terra1t4jtw4y0vy85hp5etzpmgj9g5yrdm64ard9yh4,loop-ust,3860316,0,3860316
terra16kgtfm074wjfrkwuyvhqdyvuuj6wpwyhqy8x20,loop-ust,1462253,0,1462253
terra14x0aspxhk2n36aue5qvufn9jlvuvj76xz6uy4z,loop-ust,20021620,0,20021620
terra14d27az0jjxczapjfnzufxsfp9l9pdvaz4mtdhz,luna-ust,16258680,0,16258680
terra1gh9jr4k9k0y59hn4wyy0yp40586y5fmus8564s,loop-ust,2956489,0,2956489
terra140wgd3tzxdg9x3vv00hfmmtzgj54d4uf3v6cye,loop-ust,1198207,0,1198207
terra1nehlqqunfwvzjd7tjyfhthmk4r9233dzv85xhj,loop-ust,47462347,0,47462347
terra1s64q4ulvxmhn6jndczektfruzkm5px3h5j53e4,aust-ust,1785561231,0,1785561231
terra1y80hwhw6mafwc753zywu7g230jx838gr2f3ryw,loop-ust,15779803391,0,15779803391
terra1edt753mqgaehm69l7wu5t24j4uve6zu6tspg8z,lota-ust,457440043,0,457440043
terra1xa0wp4vege2neryd3hs0pta4f0yfp2wrcu2xm6,bluna-luna,72850270,0,72850270
terra1sypve52mxn4ve32dc93yw837hx3jgl4wgfr3jw,loop-ust,940911,0,940911
terra1lm8cej563qn7f2mrh4neqduhunsrmhvcuyvm8d,loop-ust,5194091,0,5194091
terra10dryc9zevrur63kmsvsnexz4t436cl5puhy7jm,loop-ust,625745371,0,625745371
terra1zkwfx5watrnhhqpvj3ftkztuanwp58f2vhcwz0,bluna-luna,4986709,0,4986709
terra1480xu5ckz9atg2htmry8c4x0xnjn390sanv0u8,anc-ust,571560607196,0,571560607196
terra15z9q0zfndtgskwxjxv77k85rmt9ny33y3jw7n6,loop-ust,8007744,0,8007744
terra1f0jnkgdwykksmwh0nlqm6q4avj7h8vnr85j28y,bluna-luna,1004956,0,1004956
terra1ttg97t93fewn5cgtfeqjl9jzdzatav82mayu56,loopr-ust,14983990,0,14983990
terra16jutq2gs27yww2t2ghyurhdevr5j632h84mke6,loop-ust,5048796,0,5048796
terra1pqude5gsq4trvpsuu0akaj96fz4f6agptsk876,loop-ust,4736662,0,4736662
terra1u6j5a5z0g5at8y3ya4vrxkxehv9srrk8225q07,loop-ust,10144996,0,10144996
terra1xslqaxmf6qy23lpkxwpv5k3akajgfcsa4jq0vp,loop-loopr,8198107068,0,8198107068
terra19fwd2tllnth9yp7nf2y6cxvppewfhujcd3d080,aust-ust,76983925,0,76983925
terra125l2z2s5dclyq3ua6smjtwsuz9qh90y59deuun,loop-ust,2282948,0,2282948
terra1fy5k5eckx5axkq37grl3rdgnha8zgq0r3rj8pl,loop-ust,3169508,0,3169508
terra1h3xv3a3tuk58md7dmemyjazzz8746z7vtafyj5,loop-ust,2650841,0,2650841
terra13k68cxhh723z6x8xhysnga0rywwh8kuqck5g4k,bluna-luna,1401808,0,1401808
terra1nuvuw7zt4r98x5dzf3z4gjqmx3ptcy738rc5vj,loop-ust,12733070,0,12733070
terra1lng2gypwsrcktvg85x7x5v567d9svgk0kyx8z6,loop-ust,22905608,0,22905608
terra19yjfvjutjg3ckaw08za85wsj2saac6z4865nme,loop-loopr,3318545342,0,3318545342
terra188lx8naxs9h7n2ql3mu9ppdy36f38angyx98gz,loop-luna,417757054,0,417757054
terra15runxkgxvrs7s0ng2umzpm3kxuxcrw779h5d8k,loop-ust,6916557,0,6916557
terra1mn8yg59gnph6d9vtu8eewjgmstt79j78hqngq3,loop-luna,15728700,0,15728700
terra1vhqjuxxznxg88zte2y5jahpukfyw20x2c9429k,loop-ust,10614649,0,10614649
terra1uwfs4uh3lf5qalfr88plhnrshdf6prz6kwa2lm,loop-ust,50157878,50157000,878
terra18sn7rvvvzqjkcues3t2cem9zf0ed45kxg67j67,bluna-luna,197875330,197875000,330
terra1zpq4y5z9cp6v7uafsr86cz4qzv2ayvmk0l8zpe,loop-ust,20234772,20234000,772
terra1uew6czvw0azw2kksx7fdn7vqpmjwhl47ujayfh,luna-ust,155460733,155460000,733
terra1a9k43qnr3he2e6fsly9pua2dwrwjr555wfzgfg,loop-luna,40898227,40898000,227
terra120y5eu3spzpgl28r68ah2way4j8k5lcskyuf0c,loop-ust,1041128,1041000,128
terra1exjj0grgwq5893ag2ngz2tyl40dendehp5zffe,loop-ust,75432362,75432000,362
terra1plu75a8wna3a7jntwgh6dsc93a3tzxstadx9zs,loop-ust,47673125,47673000,125
terra1zak9pp6ysswtfu0qwx5fh97sezr5k6manfgneu,loop-ust,37207153,37207000,153
terra1deks27z9g5l8vv5s3xd8ks47d4yyslf7fdp5e0,loopr-ust,82198406,82198000,406
terra1ydg00xdlqz0qtr3mtjpzteatl263uysmlzprg9,loop-ust,11702042,11702000,42
terra12pyqfyh0hwathhgtfdy8ghpatd4mad2pfzun74,loop-ust,5403387,5403000,387
terra1wfs27pjgxmlly52kax3p2jk4y6qa6uy0062why,loop-ust,109962480,109962000,480
terra1u3mn2kml0v28rdk66g8d0cwch5wggfekydenjj,loopr-ust,52879201,52879000,201
terra1qw9adgtm5cak0pn5knkjq290jppdf90l33vkh2,bluna-luna,144513452,144513000,452
terra1mfmg4h2yc2hfenrelsc5m48h9m7alncu7escpz,loop-loopr,30765970887,30765970000,887
terra1a73lvr9mh674ghy6xkzc8rr5y32v6al73tsfm4,loop-ust,50055850,50055000,850
terra19f2mxz9caj88jwxsq3yrrnulxetdxhpc9dywgm,luna-ust,754616,754000,616
terra1an0fe5nw7rdmw595eycc60jraf6rca6rlva5hd,loopr-ust,533101727,533101000,727
terra1cem2204g6hp4e0q6q89pkvzrygnx279r5xvl95,loop-ust,61957934,61957000,934
terra1xys77afedghh79lftgmsudgl5q77z50u837qxd,loopr-ust,87941275,87941000,275
terra1fh46f99td0upsrepf6ell53gwe9zyyg8xf9dtn,loop-ust,19341465,19341000,465
terra10lzsapsh3d80mug297p4yy8fuk2842j9f0py3x,loop-ust,1378391,1378000,391
terra1wr2hu78045eh779ulecjlmskd5lhjcqhwlufn9,loop-ust,96658400,96658000,400
terra16amne3ujruk7tvqgvr30nddq6h9ll8sjyau74q,stt-ust,109794678,109794000,678
terra1g0z36dsxpag3j7mwymutu8p76rl2d3aamv2lfk,loop-ust,71082366,71082000,366
terra1uhpgu54ae9nydghknq3dc2ryupumds2q48kv89,mir-ust,171066710,171066000,710
terra107sjh77fwzsvch4ra9c7fhlgrvgsz5hvnpqwvs,anc-ust,5494807346,5494807000,346
terra1fxsu8g05wryhgg387pktew2zwqxxyfxkcrd4d3,loop-ust,81697637,81697000,637
terra1z3chnvlsttg52uys8saehrl274mvfgv6ug8jk7,loop-ust,135436830,135436000,830
terra1dxrdgusd7tsevfndfu8835nxth63fxu8yk6e3z,loop-ust,149957633,149957000,633
terra1ppfarp7vfp2pnzfz9rh0yh4rgg4nelk4kvnj77,spec-ust,3229820737,3229820000,737
terra1qc9l2qn9p9mp9rqhgt7ywwehy6k8gtj46rjd9f,loop-ust,114545841,114545000,841
terra1s3kwu4e585t9qrq03fqnqxme826aqrxflffprz,loop-ust,939544776,939544000,776
terra18q3dczrrc7pewz4rrc4023fesy3e4cn80vpeek,loop-ust,381207404,381207000,404
terra14zkgnktk8deuqulmcljvpjn893kxcwvsenkuvy,mine-ust,3638958087,3638958000,87
terra1jjkfgew9v77xnye5wrfw9ag09m4g02tqvtp080,lota-ust,389224350,389224000,350
terra18fp9mc2wg2d22runfc8ztrkr2re3dhphm6emul,mir-ust,187899822,187899000,822
terra12z2mmezldlgsh67npwfj5me33mqxapk577cgmf,loop-ust,35867540,35867000,540
terra1u4vnmpxc47a2sgtefnrfptv9h2v7wmqslwrj9z,bluna-luna,2919516,2919000,516
terra1trnla7xg5flxepn6jnrn4pzdp9krmv4g8nlwln,loop-ust,368399792,368399000,792
terra19t0lvfy7yllzv2fwxz7agt87w620wcklsh3u9j,spec-ust,169778843,169778000,843
terra1s78z7m9t7pwlcwetmczgv89xs563s078z70265,bluna-luna,128875028,128875000,28
terra1e3y3vj0jvk2dp0j5g7s8vk3syml6cxw37dld80,twd-ust,840477763,840477000,763
terra1p00nks9jfhytdguqpvf8nysyvced7prwc6f4h7,loop-loopr,5833341533,2774980000,3058361533
terra18vkfayl7mlzl7qgr9ssvevq8ju5jka9a3szte6,loop-ust,21160611,21160000,611
terra1l7y2df6hc6kp873s2rz53xvnyqmgj2atks2ehq,loop-ust,1826981,1826000,981
terra1vv5d5zy0kqh5jppkj3fayf93frfprgfemzd3p2,anc-ust,24242601,24242000,601
terra15jgnxpr5rrf6tx0ffsz07m30pzv6nnf0ghfjl3,loop-loopr,17453658617,8513931000,8939727617
terra166sl2cla5nntrkys8gyset568x54xwxv5z7kkw,loop-luna,10281176770,10281176000,770
terra18f5vlqa9vu0pf8ga5gjwrejv9eq9urxlwdkmga,loop-ust,20647145,20647000,145
terra1j9lpe0vltxe8ayd7mwu38ylw7tlk23w88l6x0z,loop-ust,286953171,286953000,171
terra1a40v24z4jcf378qexa2lje90pwxyw9a2qhcuuk,loop-ust,118693981,118693000,981
terra1pe8a7aze5en5rm27xc0jagaa7c4wnje3u7lelj,loop-ust,72083114,72083000,114
terra12rztm8z9lmmx5lxdx5vdwelf3qlh3mu8p67lq9,loop-ust,15509438,15509000,438
terra1xpnnkef8e3hlq6xqnyvajud7hhq0lfz50m3ut0,luna-ust,3948121240,3948121000,240
terra1ycq5wssmr4avc3dhgh9h9q2u4gwuek5vhuq4cv,loop-ust,7026775,7026000,775
terra160lml094xruqkufvapdm6j3qph8ppkrjt2m4dd,luna-aust,127150996,127150000,996
terra18dccv707n0xnd807vl73x8dacv37n0wwucgq5j,loop-ust,5852808,5852000,808
terra15htrqd4cuwnhvgevvpe8e3xw5jf4cx0s76ft4v,loop-ust,3082210,3082000,210
terra1jyut4c9japevenkxvtqlvp0tp0askz4yhr9xfa,loop-ust,362600843,362600000,843
terra1h8tm5aaxlvdawcxxxllzz6rlrh9mejrj6tx4u4,loop-ust,3267386,2054000,1213386
terra1ag927gyuaj0metdemu8zsemy7hd9h0h3ulmjmw,loop-ust,2503314291,2503314000,291
terra1xm7t2hzehy6pwcqrc5k3zp2g9mhlrjklx28nzk,loop-ust,50844263,50844000,263
terra1qh0j3y6cq2ttc0fsakqwxhw4e6yx0ezmsatdr9,loop-ust,83196400,83196000,400
terra1f7kkujqpjauhkv3yrna7zrvz8tk6d3dydw70tv,luna-aust,3714085358,3714085000,358
terra1a80d3vrrr72a7zkdls560ad9wkf0qdn2dgxkw4,bluna-luna,43147448,43147000,448
terra1ph350x4rsprpqpzuc82a72adp92d5xr8h2t4at,loop-ust,713810253,713810000,253
terra1vrm6rrsc0feauhth7j8ga7x6cyqhq85pvv2ef4,loop-ust,47441377,47441000,377
terra1dxl8fvpnu6nev48alrdnxqa946wd5xd83kmtea,loop-ust,107375344,107375000,344
terra18y6nhkejuu5at3d2dszfs64gkx7sxkff9mx78r,aust-ust,44837677,44837000,677
terra1skymv89kesa7ufdvyemy7wt4u4t0dqxexcjsny,anc-ust,6464580,6464000,580
terra1dmvjwuwu75s58y0mq4hlzx905328299p0gc3m4,mine-ust,828310660,828310000,660
terra1gzx4my4qur7wzsxcrtvemx5u3ezkeftdku88jg,loop-ust,16704227,16704000,227
terra16ynf7vdvj7gk6la07l9p8ge9uvrux2y2rtmevj,luna-aust,7980503,7980000,503
terra152d9ajctkng8r8yredt8wxky3r26jhenva6h8z,bluna-luna,5090664,5090000,664
terra1a0c73q0mcz6uwkwj2xhxgl3gkwscdh7vry0ap4,loop-ust,40100348,40100000,348
terra10u80mr7fu590armf35skhsjx45zn5hs5grexg0,loop-luna,9978327,9978000,327
terra1q5hvsdlrxe778eztxkefxdxmclx8xhjjfsh2rw,loop-ust,10012465,10012000,465
terra1yqp394yley5x4rye0vyzpyu77v97ssptkesf6x,loop-ust,8857349,8857000,349
terra1d865mfsa8q9yl6jrsuzwyh7svjhyw5p5sl8hg9,loop-ust,49542963,49542000,963
terra1g6qc9pwh7sy6jtrkd7fnzcs4j5z5spemey95ya,loop-ust,348679086,348679000,86
terra1tn2756vq5akaev7tzhk3jsx8nt7gchwaewqqjf,stt-ust,22981569,22981000,569
terra1nkj34hrsewgfd2l9zrzl32qec39zanwtyg5zqq,loop-ust,440458597,440458000,597
terra18f5ytl3ghlgve9k6nuj06lavun9mjd7kc8rxgg,loop-anc,58799177,58799000,177
terra1nghkxpr6axs8gjwudu3e2elck0lan74mp0yca7,loop-ust,777391707,777391000,707
terra1ssexjtum82z20x9pagz8g334p0540ssfulghp5,anc-ust,20771881,20771000,881
terra1vfxrttefrtqnwkq6xykj7rsqq53x5xt06g4m4c,stt-ust,125478335,125478000,335
terra160lml094xruqkufvapdm6j3qph8ppkrjt2m4dd,anc-ust,1829604435,1829604000,435
terra1vd40mzjlfnlnx8q9rdxw6vv7ty97nf3mqa30ee,loop-ust,11658659,11658000,659
terra1djuzqv7u67cty6h4rku49khv5n8dcvr98mnz9p,loop-ust,12254563,12254000,563
terra1una03wcx8v4eannc2gphpfc3aps723jv6tlqxk,loop-anc,85096634,85096000,634
terra130z8lw92yqgp9rh8m2cqf93wqrvhs7rylurpl7,loop-ust,356933303,64015000,292918303
terra1cwppftu9kj8ru2e5gfeyflgc2x8wquj5nn3yzs,loop-ust,180581178,180581000,178
terra1qz28vjx57ewk397gkssxdp0ldec9yy6n9s0p6g,aust-ust,3385434794,3385434000,794
terra13q3uj2tycctpdz38nsww8krl9nck2r7xgmdzxj,loop-ust,4595835,4595000,835
terra1wtemta906nsfsge78ty46lnud0x4kgsfkhr7v3,loop-ust,4857069760,4857069000,760
terra175cpdsg6vxhnv2vv6muwrsgnywspr6xfvhcr9x,loop-ust,253487062,253487000,62
terra1m0yqdx0k7nu592an97d25ez3ncyjc55a4edfce,loop-ust,10220941,10220000,941
terra1jhp4eckmw5v773vpgwg0uqyk77eh8euuadx0mm,loop-ust,4866396,4866000,396
terra17p0rg2r620kp5lshpuwn6k5hhq8ylgdyj9pze6,loop-aust,3031079951,3031079000,951
terra1lqjp2mhtejg246xru6urf955fu2ucf6f6u0knd,loop-ust,402403547,202255000,200148547
terra15yugd4htrf7vj06a4mj605625dpxyjvljj8wpy,loop-ust,1280229,1280000,229
terra1hxx75qvhfps6fmql5a2ayvx7zk2v9e39mrpanp,loop-ust,26667794,26667000,794
terra144t3420a90ph83hvve5lgxhhglkd2veqhrnzny,loop-ust,26343597,26343000,597
terra1umf0z8dy6u3ttlvman8j8jmunnvs0kyy2t2mqm,bluna-luna,14879354,14879000,354
terra1934lk2mphu229ze7sdww3aq50l883myw25mj8t,loop-ust,769008820,769008000,820
terra1u3daqt6frc5x9ven6w68wevkklx9vvfftg502p,loop-loopr,16979917,16979000,917
terra1zz0hq5ys95zpt8g2m3mmskfgdxk9t0emw000j0,aust-ust,9345560281,4877000000,4468560281
terra12hk6j3970944l2hlpycjqy5nw936wt6mu8ecuc,loop-loopr,313427503,313427000,503
terra1w2m3gaj93qu8emlg8hkplew5stzaklyy7678x7,loop-ust,432639993,210000000,222639993
terra1jpz87m0047n7l3slwpy3qwcw0cftz7rf08edn6,loop-ust,93107360,93107000,360
terra1j4wfagl6q9zclfsju3hrzqnqfj7uw2jnguh6h6,luna-ust,9471395,4774000,4697395
terra17nrp3ua4y74m0tv00ww7a5t7nwehcewlmjaypf,luna-ust,30107713,30107000,713
terra1js5pefask5q9t6e8ve8sqhwjtrhedxu85l2vjs,aust-ust,9645927508,2730698000,6915229508
terra1k5f5ffhs39r4rhpy5qhk4dr9xr2dctdeas4lhr,loop-ust,18589978,18589000,978
terra1zvaahve6x0h7lxav8yusssqnnlz9u2x0g7e3y7,anc-ust,2158631706,2158631000,706
terra1k9gkm5ppr0clskuwu4u5fa8nt3w9dtx6xxdxsy,spec-ust,528815009,528815000,9
terra1kz35kpctruwpgdaut0e9gu5wkm342858rzn4dw,loop-ust,23165675,23165000,675
terra124y8rdnugmzlg0n4nwah56630flptjxwelz5xx,anc-ust,1412580776,1412580000,776
terra1f8lj20clvlc2w2dwgd9dhptv4xm3a0mt677r7s,aust-ust,18702372906,18702372000,906
terra188pekjvsy339cjshlsnjd5pt8r8xt8mtn5t3ex,loop-ust,9701009,9701000,9
terra1vl6zs5mmhwvn84redeexychpephlhvquflpnge,luna-aust,832571688,832571000,688
terra1qgvnp8knehmlxlta72u7pdcfw4ua92pc6cjrsh,loop-mine,2944256618,2944256000,618
terra1da2fwty6e03p0p80xyt7m2ye56fnpzgdmmcnxy,loop-ust,9486858,9486000,858
terra14w3hrp67e7xg0c8489xqam739d5qrhfptgpc5v,bluna-luna,7730876,7730000,876
terra147wyc54drnndtn8z0pc03ge0ecmsx23wsfjs3l,loop-ust,16774464,16774000,464
terra1e753rnrnpwzueu2apdh6vsn9tkug7j5szuw34r,loop-ust,1788341203,1788341000,203
terra16mrtsdc46kzkyxm25fajsdjc5y7myp5d7pmrkg,loop-ust,10556247,10556000,247
terra1eaerumkx520k5gwd439gmngg5lnk54vm7qwwc6,loopr-ust,125061280,125061000,280
terra1ju70etengle27wywcw2ayrq65t3ux5vkwyuylv,loop-ust,469514773,469514000,773
terra1jrq3yxjwnz0xfvmmw0e95t4k8p076hg0r8am80,loop-ust,94222678,94222000,678
terra1crysrje5qyud2ahygmmjhfgned8emysz85yhm7,loop-loopr,36381748,36381000,748
terra1j9fshpekmfe5jgfkx80c7fg0q63fgft55ux2p2,loop-ust,4483537024,4483537000,24
terra1n4d3tdum7vfys3r3r8dur369e386n3xd5dx0d3,loop-ust,36591959,36591000,959
terra1630pnpr7023y7j8lwukj7z75zcwt4sqt67s2e0,loop-ust,1053274431,1053274000,431
terra19yslr5yvkxa6ralxhhdnl9v4dsnxfw3xeknlw3,loop-aust,10591217064,10591217000,64
terra1c97xap7kq2ahkpaa2wc87yxq53p49ndujtvemv,loop-ust,686955550,431338000,255617550
terra1kz2yjnf644keqrvt2pqup20skk2avg6atxayfc,loop-loopr,1779113002,1779113000,2
terra15shxmmv35tjwjn2xxf9sh5elp9r4hla9f6g0qu,mine-ust,3087987037,3087987000,37
terra17lr9ncmh6vatd545zgw5fue2k3zgcq4gnl2f2p,loop-ust,8684666,8684000,666
terra19r53wx9ujedqldwemkv30hzkr6yhn6s7z5gcmc,mine-ust,8665245524,8665245000,524
terra1zsx0w74t05wsppfhlyc204yk53f4cqwd86rl8d,aust-ust,5926342230,5926342000,230
terra1yvmt6q9ywx5cmkqm6yzhr8le8tln740wuct2jd,loop-ust,42791502,42791000,502
terra16qlwc5pdz4pxfcmkuxmc9uthfan4rn9v3aumm8,luna-ust,453298,453000,298
terra1hm0kn6r8najfapum7sc9fsuc706ul3z9lq59hc,loop-ust,16181526,16181000,526
terra19lmz2hw3tw0cfqxxm68xrpel3k2tcknqkzw6g3,loopr-ust,315345225,213324000,102021225
terra1l06k82revvjqlcqgg6m646k2ck29e8jumnh6ej,loop-ust,4253686,4253000,686
terra16x0wvdp4rda0cmhceejw6hzcg5qsng0jz0usrf,loop-loopr,45186708290,45186708000,290
terra1vyac9agtlcd9qjjdju9hkr3e6qpt2sm2cwrm7n,loop-anc,10634613,10634000,613
terra15tl92pzzr3wqvd0pxvev46m0qxacrs9800j3gm,loop-ust,1522017085,1522017000,85
terra1js6rwd7zete2r7fzz78kc43ua5xvg9ddv85695,spec-ust,195813204,195813000,204
terra1e9rcx76whzgd699hrdn4uh5tdqyzp3xqnsn0dz,mir-ust,280673158,280673000,158
terra1t5fvzdkv3jve5s3ueh9usd30xmsd7jca6ewlls,stt-ust,20735943,20735000,943
terra1757w2qkvqjc4xv79kw0ptc5fe79qxg88w7rd2p,loop-ust,98273165,98273000,165
terra1apufd7szrkpsm2xexxkqr5p0s85k5mcyw8up7j,anc-ust,11031134,11031000,134
terra1xanxwhz0uye4gnxlr0f24f4yl00kp84zd7gk8f,luna-aust,727406584,727406000,584
terra1j2kyvvqvpt4n3g52pp3ja99txzkavylg5752ww,loop-ust,342006269,342006000,269
terra1nyrvakzk7gqym0ylcqe8m9f50sl6dnez06gdaz,loop-ust,30442683,30442000,683
terra13emflyq8rtz5vxlecryvv9j0t8v35eu39egxnq,loop-ust,14724222,14724000,222
terra1feu7kn3a8y82hnjzkdgvz49az28uv4zztwyzyj,luna-ust,244142873,244142000,873
terra1vp9j58qhcgcss589dyfdc8dq8qujutaz4y8uzc,loop-ust,266332124,266332000,124
terra1y7epflvuw0m4txl4t98w66we89xafqd3szsgrn,luna-ust,1692583,1692000,583
terra1t65pnvrsdvljzyrspf63jttwqcng65qfawm0m6,mine-ust,1333918893,1333918000,893
terra1k37h7u44uvtkqdmku8ymvgmaggn4j96psryzna,loop-anc,4778850,4778000,850
terra100t7swldsf5xfug8cf9h6ha5e5usp6c03xql3l,mine-ust,1055411699,1055411000,699
terra10aujl6z3ezsaxnc69wal322l6ncy6l0aparqrp,loop-ust,18803324,18803000,324
terra1e72kvfhcqjx7wzek6grnyz5kxf0gswxeylapfu,luna-ust,2810149,2810000,149
terra1qcn994wrpnw22va7j32hlw2sd0txy4nfprx905,aust-ust,40344432,40344000,432
terra1t90n5s22rt6fvnuyx3dzsde8jaaupaglrcgc6f,mine-ust,447150967,447150000,967
terra1x33e4rktuz3hkrd0vrpn7u0pry4mztlt7r4q2v,loop-ust,391308695,391308000,695
terra18xgh308nvk53qwt9dwecj6w683tjm737vx6wj2,loop-ust,33391930,33391000,930
terra16g39wa04uzfmz9zp6f6jka24wnq4rd7yjtt2jx,loop-ust,4449853,4449000,853
terra1ng5ymdkmudgxgmw9qn0zts4cqt9h76kktmg5u0,loopr-ust,2091305005,2091305000,5
terra1gttv5ct0tnsrnhkdkmxzh0syf0r94lyp0amyj9,loop-ust,9444019,9444000,19
terra1jk9jkvefnlkkva08zqtf54vftkuxm7s5zkztmy,loop-ust,113694478,113694000,478
terra1ju9y8sj2whym9y3u30r7zeyw9nxwukgx7529g3,mine-ust,7187133,7187000,133
terra1ueyuy7caa947xejryuuczm53fg40ppz8zrh8zg,loop-ust,15390868,15390000,868
terra1wrcxk9sjdz9zr328d2uarmucwmrlvkxds2rec5,loop-ust,75470294,75470000,294
terra12ad9klsfswp2pl6r0ccjjpy3yd2mlse5yeasa7,stt-ust,136361360,136361000,360
terra1q34eagkt6t2vr970u4wypkkllnnak3fegjmppn,loop-ust,5363913539,5363913000,539
terra18dkhqppns7ln0l4pashg0hpdfrgqssw56nrth0,loop-ust,2320370,2320000,370
terra1xfpcrxcc3k9revfypcq4nj5ewgzrtr42a6yrtl,spec-ust,653811087,653811000,87
terra1dqjkpm2fszv4fd82mdmdyedn7etk45lqzkqk65,loop-ust,91969337,91960000,9337
terra14cmva67pxg2y2urzp0846qjn5uutqej04vwew9,luna-ust,43733802,0,43733802
terra19l4sty77wumupqqeuy2e5xu42c52efaqkvtrr3,luna-ust,246144136,0,246144136
terra1wxv4z3a5ztr3wsh2ppr8m8xjkej68pu2jhs63e,loop-anc,49342208,0,49342208
terra1qz9tk4uklfkrmrqma3xqfd37lhrhh7pjn5h3s5,loop-ust,904425,0,904425
terra1kh6zkc90mn9yh266rru2zv3pnkvywcev263sl4,loop-aust,162262332,0,162262332
terra1xz24858m7ke9j7gnrkk0lat8utr3vjexckz0zg,loop-loopr,326783927205,0,326783927205
terra1hhgdh240422ew45pzl23nq2mst254frqss9v8j,dph-ust,31543018,0,31543018
terra10l4p2c4n98njdxup0kejujvj95ua6rey5vsgph,bluna-luna,3079832,0,3079832
terra1l9skynqqhyaqxzzr4tjfr2g502px0zanlmasmm,loop-ust,2055070,0,2055070
terra1uzdlgqqcd84vfjfkt66w7ac4243k5nps6n0rlu,loop-luna,2817568,0,2817568
terra1hteu0fshgsz39z74w63cs24em5pugjzgk66yun,loop-loopr,426431201,0,426431201
terra1zmvyqjne4rn70a5cwtjzf4kfd3099uknuq8336,loop-ust,7876691,0,7876691
terra1xqg7ahkqa8jkf4dt0rtk65l95z7e5eywssln57,loopr-ust,13554366,0,13554366
terra1kr8ncnz93n99sr8unw4qxnmxpsftl0mdqpg6t9,loop-ust,5513948,0,5513948
terra1c59nz6zrw0898g9h9sv9rmugp47sgy2vses4hn,dph-ust,783090589,0,783090589
terra1qqaz5jf0sz4reh5e8xm0hxtgjyymmnyhrej7pq,loopr-ust,1171916645,0,1171916645
terra1rqz27deyv8gm2jdvzmdf3gxnnluy573lmhpxge,loop-ust,2812256,0,2812256
terra1g25n7mp292a83vu2hap2lhg78dwnh78wsv4cx3,aust-ust,88544096,0,88544096
terra1vkdjeq984mr9u83g7585qtu2jzh6tt22ff8lqf,loopr-ust,6731961263,0,6731961263
terra1ksa40ys7830kgvwu6uxfy4dyjl8ar4ccdsdfa9,loopr-ust,225618386,0,225618386
terra1s70zrxcrdj3anh3527vgfr5pxpdrnw8563w22l,aust-ust,581954078,0,581954078
terra1puzwdrpe53xezyz2g0y350xcsgx32nck944rfw,loopr-ust,3754934155,0,3754934155
terra12tzp495d67zq42zwyj8rytfe2wthcgq35ftp7h,luna-aust,66083029,0,66083029
terra1cqpyk94kwp9gccrl7ardc9td73ean8qca6398w,loop-ust,8648,0,8648
terra1asfvmes784zy54je9rnn32jjjhtmaqfdjj96tf,loop-loopr,123602880,0,123602880
terra15yledvc0epv5yzaat43p0mhl2lp5sxq0ywwe2u,loop-ust,473285,0,473285
terra103thn68hgae4xaehtevxdxqlh9fc3pu5sy8m2j,loop-ust,404361,0,404361
terra1qq2zug36qkvy0dlf8x7wfcqcd5kvm4fkpkzusc,loopr-ust,140822071,0,140822071
terra18vy7pjjm8d7gkthu8gwatecqrjkg9d6gscg9nh,loop-luna,654685534,0,654685534
terra1aas6sp4eqf656kmf5mkmk0aehzxernetdyw8jw,loop-ust,9430966,0,9430966
terra1xrs6txj5t4uj8n2dm2xh2lplscddy3kknrafc6,luna-ust,432686401,0,432686401
terra1a236ek60g00z6sqd4ukjf2azscyaqxnpzct25n,loop-ust,12081821002,0,12081821002
terra12wa7nu7pg86evgusv6kh3jf9yhcfwyytf3akmk,luna-aust,135092664,0,135092664
terra1rvwl9n0ujd4juvn6rlda4kheq7xsss0lva43rf,loop-ust,1972861,0,1972861
terra1k03n5tcj6f7d6zkjp3xvl8h6hp05vprlscw23u,loop-loopr,362030970,0,362030970
terra1mcdlt8vcfv78j7ee5rkyfd0235kcc0rj83urzr,loop-loopr,2692547712,0,2692547712
terra1pxehshgrlg3ulus2n5qex8222psnukp6fw6u9s,loop-loopr,1930635387,0,1930635387
terra1r4pw7p8fg2psps5m56u32j2tlcllg74z5lckgc,bluna-luna,99816338,0,99816338
terra1eaq9xa9ynsr9pus042w4k44l9sjwamau5rc6lx,loop-anc,2363763,0,2363763
terra1em3w846tpk05ajrsvdrxqecj6v9catxhxcyp90,bluna-luna,26417348,0,26417348
terra14kcvh4wyldkatcgtm9ghnvq4n8rmuxrcuan3ag,loop-ust,24806524,0,24806524
terra16gkvyzw2zupk9gm5ec2h5nyf4u6vuvdn8qapce,loop-ust,34836106,0,34836106
terra1fg85322d3g7gglqxq4y4ky2w4ql87mkqw3htc0,loop-ust,441214,0,441214
terra1h9zrklxwh4fwmz4xd0v4saqzjxa27tj5vclwck,luna-ust,2159996,0,2159996
terra17wwrxqmp4euch5em4lemfkafgtg3yz2weetyfj,bluna-luna,32860581,0,32860581
terra1vyrcfapduzwx88r3yduxf56aw5sqxfkdj2xzj7,loop-ust,15018667,0,15018667
terra15rs7ztruhax3gxql2aa0mnsm3ndf7u9wnj6esj,loop-ust,1010281,0,1010281
terra1w22chv4pf5p5x8fdpana06q6uaszt6klgdkgdk,loop-ust,911397,0,911397
terra1ezlte2mtymj7p8q66uadnnefyu30fgz7crn7s3,loop-ust,15649978,0,15649978
terra165kcndcupdwrrf96zg5stg6sm33evq6sxmv33u,loop-ust,1065904,0,1065904
terra1ns5xsjcdecegyj4agmcn0kurnm4yc5tyq7ryc3,luna-ust,25576097,0,25576097
terra1h0xr8lmua7n26lyvpezlkq63ktgjtqay3pve53,loop-ust,127854403,0,127854403
terra1fw0p8yh322jqwk9h5n0nqdv2ntp0k9pm4hm0r0,loop-ust,1207577,0,1207577
terra1j69lhvuh5090yx8yz5esxdwe8rgpq87hr62f0p,loop-ust,17496308,0,17496308
terra1ak469cczhuyfwwgn0ls2yuch52ha9nezs4k70z,loop-ust,3824018,0,3824018
terra1yuvtw7pu3qx5djllguwc2r6xfkf7yzar4tnnlu,loop-ust,3739580,0,3739580
terra1fk7kakk0fylhtyn0af8e2rsflr5ymtwfhh046n,loop-ust,889457,0,889457
terra16nvsy6x4qmqt8ujpc6e2lazj3k4499kzpgww9f,loopr-ust,23873938,0,23873938
terra1hu97phr47p6ejvnphct3xh2uk5jrfylxjxyw5r,loop-loopr,479075794,0,479075794
terra13xn0yjlqc8elu063dju6rn7t4l2ju72q6jv00n,loop-ust,3995895,0,3995895
terra1adq35lyvjq9t4678ha76c3yy086mn9g67sxns9,loop-ust,865417,0,865417
terra1r9ac40zlk5qgpmjweja8l44u5t0wr05fqc4jpl,loop-ust,4222814,0,4222814
terra16hg52ylzyz795fj5v4ks03tvvu6fgrk78zlxlf,loop-ust,1426970680,0,1426970680
terra1y8vcuygyvh6z59dlzmudzprfef6js34ex5xggq,loopr-ust,54565480,0,54565480
terra122ylt466x8qqhmk3cs4nm5ahm0l5qnz6lc7wut,bluna-luna,24917124,0,24917124
terra180p7zn769pedf5xxslrlnsf9m6ngelnzadvga0,bluna-luna,4684675,0,4684675
terra199r65jps8mzlg45f5g07cdf8n9qhxhglymxamp,luna-ust,52669920,0,52669920
terra148v44ys0n846jvwj39lsfysy9lqsfazs4d9led,loop-ust,355361611,0,355361611
terra10nh4tppf3arx25q2ys50ehl886he8wn0r884q3,bluna-luna,14965712,0,14965712
terra1zyjuyx80pls0kju7nl2qt9tx8d9cftyh6g9dg7,loop-anc,33247234,0,33247234
terra19ny22tgl85yft3qtqzk5xeffr6ewxhf97r873l,loopr-ust,178238873,0,178238873
terra14rjhznpmh8dsq3mm0q3p9l74nl6p5e7tjqhjh5,bluna-luna,19971396,0,19971396
terra1tczp3k3yr0azhs3zux733a285423hf7vs0va9k,aust-ust,4541826604,0,4541826604
terra1mn53walff65kvt7d9ca6rrlpj2fp3ssjcvv932,loop-ust,30540021,0,30540021
terra1gckexs2ezpt7asgprpzeaff9q4ft63uqsxfp4q,loop-ust,783207,0,783207
terra18at7y3m063hny4len2a9f5r3g6h72w4t3umf3t,loop-anc,170049394,0,170049394
terra1qqhxvfq960mnzr2v3py7n6xpyplxqqmz27xl3z,loopr-ust,103013757,0,103013757
terra1cy7v3lr3amp4m6fh7w3zqqt8l9sx3x6zmtlhd9,loop-ust,4272373,0,4272373
terra1xhjhj6gk7gj4ae6e2ynnpl4cyqgwtevm8n5fuz,loop-ust,1900848320,0,1900848320
terra1tzm9l6u0xvzqlkamdf3ypcc5fdnzhy408hj0gk,mir-ust,37266667,0,37266667
terra1ldzy8qpxe0twm4ycmqp7sjug6xh4gfgk8pjwtc,kuji-aust,92233193,0,92233193
terra1lgf6djhgnzhh90llgupmvy9s469nva3z4emm3v,loop-ust,29333399,0,29333399
terra1fjnhh5lsy2upaymmjajdwuk98f0j2xrcnrl36e,loop-ust,215159,0,215159
terra1xm742jylz00xqcds6ntqac8ymqa8w5svd06xgf,loop-ust,1958167,0,1958167
terra1a83hz5wklwk7d720469rcc6m35m59l82up820c,aust-ust,1343624085,0,1343624085
terra17h0lcplsavvzg4c7hsmqnsxs9w7gpe540reedz,loop-ust,263272444,0,263272444
terra18yk2l6z5w2d5e5suq7d6dng8h4ef7gv2s43py4,loop-ust,787803530,0,787803530
terra1z8jzgscau36mkkqqtstjape5pwjwhtyjva3h3g,loop-loopr,2925683291,0,2925683291
terra16z54vsezragh64pnu7hmt265wp42vhuhtl9f59,loop-loopr,21056203509,0,21056203509
terra15hme5exl8fc5vsdvae57m2rc7hz44zcg8gv93p,loop-ust,1372671,0,1372671
terra1ypdesz2dhu87pn8ft4ushqk480cy2flx23dynv,loop-loopr,6906120929,0,6906120929
terra1w5sev3ut2aggyjzyvaxes9ujjjzpyv62qmf9t5,loop-ust,19245346,0,19245346
terra150zmd54h4rw0ervp4k9zppzrawcjdaxxktvkfe,loop-ust,1088612,0,1088612
terra1p63078sly67rrxna29ynfkpuwzrn75dn6g4me3,loop-ust,966228,0,966228
terra1ej7pj580kd5h6cc65xeqmlc95kkf9ld7uuqsxy,loop-ust,396904642,0,396904642
terra1kusn2x62v047xx0cn53tatdpggd4mga8zaug0m,loop-loopr,6971049756,0,6971049756
terra1s0su9tzxydtjkhxka5d5vzcscx995gqxywr5wv,aust-ust,244925738,0,244925738
terra1v0awrpvg2qtwjquh9fl6yszryl29gvmuksj79p,loop-luna,1513651,0,1513651
terra1xmqmc69x9rstqeapycs5v66ygzku38n04shxph,loop-ust,44069055,0,44069055
terra1ew60gj0ayfaut34p957le8nwdg7l5ck7a7vuah,loop-loopr,7054308265,0,7054308265
terra1c6c35x6q64mps50cmhvw8rt9fvr00q867yquf0,loop-ust,4223528,0,4223528
terra1xu55hqv20zx2jfd6tanzx5q208x6xqyukmnqyd,bluna-luna,4235655,0,4235655
terra1qmwwslu7au7fdxfkh844h0zpe4zdkaszhy79pd,loop-ust,9870619,0,9870619
terra1eep5c99733ee5540nj99sefx0q4humv3sk7yaw,loop-ust,546764023,0,546764023
terra1hsdktn2y57qx8j5v64uke9ggaue74u5q5h30l8,loop-ust,201111198,0,201111198
terra18jlpp3y5j9h5w5erjjuw5s8tv4vqmpeu0jw272,loop-ust,21942216,0,21942216
terra1t608gjq8a2r39qq265wd69wjmtvr3elydqetvs,loop-ust,26083903,0,26083903
terra1hal6wemrhzeqckh3kayp0fm97w3y8zv8huvcvc,loopr-ust,720330594,0,720330594
terra1fkhxsdllqc57lh2lgtsr4x8h7srpe07cr305gw,loopr-ust,23739492057,0,23739492057
terra12lavvsgk89wk4phq96hgezwljeues9ksn4camt,loop-ust,1617884,0,1617884
terra1axzqqg782kkcejwzc2tpswrgpy2kph3mf95mfk,loop-ust,5300875,0,5300875
terra18q3dczrrc7pewz4rrc4023fesy3e4cn80vpeek,loop-loopr,37537629,0,37537629
terra14ynsf82km2qcygzahzfznqexnsyl5y34vypcd8,loop-loopr,8873840,0,8873840
terra1m9nt36p9pce7xkljefw7s48mguqtr0n9yl6t79,loop-ust,2260943,0,2260943
terra1g7n9aa8fdn6z32szcfvc32r73p4xaxpm6xt2k5,loop-loopr,582818332,0,582818332
terra1ujfkr64zrcy50egf8trkdr97u92ap2nls3vtx7,loop-ust,112073194,0,112073194
terra1302h5f7datqgx0h4yf0hqrfe37aavxhkac5gu0,aust-ust,209752472,0,209752472
terra1meaaf6ftfdx9glq09v74akyg85nnz3ftslv3g9,loopr-ust,527555164,0,527555164
terra1wptf3su0ne6mtn6xdeu8q3vlrak9jxrrqem7zq,loop-ust,784406,0,784406
terra1zpaf4z4lcwak497due5l44vc505acjqgnm6t94,loop-ust,24958634,0,24958634
terra1krtkkll5q39wv4g57pjx0fgtgkgjxz95dmet27,loop-ust,4447223,0,4447223
terra1ny28q6r0s7eusp2p4p0y862fr25f3jtkhl2hch,loop-aust,1152203338,0,1152203338
terra1ag5qj3c6jk7jkfvm400gja7u6yxxsvxnfh59k0,loop-ust,5213002,0,5213002
terra1cwjdamqsgr5v548af0njezs30nk7hqd4p9j2y4,mir-ust,248323102,0,248323102
terra1qr6h020wnhdp7x72c9fawjvf0rmg4tzd7v9pvl,loop-ust,9403628,0,9403628
terra1azuqjr2xtfn24s8t4m9ar5qthas256ydxsrxmr,loop-ust,14554179,0,14554179
terra1ydm8wl3l90qwa23tms36p5rucde9768zm7pmsr,loop-ust,84172070,0,84172070
terra10gyadcz6clywx6q8agxr6dqs8pvd448vfc3t2s,aust-ust,261947859,0,261947859
terra10x0laugfmp87c3hjac4esl08s3vd5yj3kf0rkk,loop-ust,32552444,0,32552444
terra13su2w7la5ad9rqdcpwrq9yt6tepcjkltmgj890,bluna-luna,20544869,0,20544869
terra1rczny8zfl8yh89xcfuw6h6dwa2mmyyr5m354sm,loop-ust,32718881,0,32718881
terra17tjza60amv56gqn55nju84xe8hw9vhxgg7xc3s,loop-ust,6696105,0,6696105
terra13um8w62a6z3n6yhhs2svqc3h4h7gfrvl64k5z7,aust-ust,92106827,0,92106827
terra1v32z9kx6rlnv4fqwjdmk07t6d8eupg99jfmpe2,loopr-ust,5197919,0,5197919
terra1u8n59xksf0k63fcs8lvrzjm22due3r6wh7g9t7,mir-ust,2635881,0,2635881
terra13gtspl9pzjgltpdn5myyv528se3z7948tngxsv,loop-ust,1205571,0,1205571
terra1ea4vkselq9a6ur08ufy0syjz2324mark7fu0fx,loop-ust,8650,0,8650
terra1a5tswfjnfujyep94ynqy8vwswp8gsfvphm3yvs,loop-ust,1666931,0,1666931
terra10nq5gpw29cs9hge4kewv2df47r9k3a74n305r5,loop-ust,5114993,0,5114993
terra1qd0k3le6vhnguyqw5yhq7js6qxdf65m8hqx0m0,loop-kuji,56655621,0,56655621
terra128uuw4xlgz7naj3vvuhs6u5tra8d9svp2m6ez3,bluna-luna,2979338,0,2979338
terra1v7n7gc6w6ygd684duv8zxgdh22ggtq8tgx76es,loop-ust,3633035,0,3633035
terra1ts5nyt3rn9azmfgqjfp26lypgu2vv672f6f4um,loop-luna,7467736,0,7467736
terra1g9trsfencrlqj04upl3lcsdndnl2544z7dpjje,loop-ust,569082892,0,569082892
terra1qqhxvfq960mnzr2v3py7n6xpyplxqqmz27xl3z,loop-luna,36833541,0,36833541
terra1zr8e9rt0zvg494mzck98f3jt957y5axkxfx8gl,loopr-ust,28849569,0,28849569
terra1ukgxk0aajf6j34j4nprckvj9zj2tv7mmcmqdht,loopr-ust,4432860,0,4432860
terra1e7rmkjgpnn7a59npr2t3jzfxs34fnphrzrzca0,anc-aust,33193841,0,33193841
terra15u6vfsy8qpt34msagpkt0dh6xepm4e29jryav7,loop-ust,10412883,0,10412883
terra1emduecghn4yz2mr9dt59qcnuytqag8xyjf6le2,loop-ust,10538825,0,10538825
terra1epvrd3nfuvhmd8jszwmztsxck2exq4ue0xxa95,luna-ust,81346265,0,81346265
terra1cqzmetfplxzhkeysyg0qk9h7a5u48wv22h6dtz,bluna-luna,3171512,0,3171512
terra1f6s36x9ls8sm2md77y909l3hfq0rvyv8649vz2,loop-ust,27204403,0,27204403
terra1evc258x4ycsmgjzteqlwkn0z02j0xc0fne7afd,loop-ust,15280484,0,15280484
terra123arfyx2ngg9jmffn8ct5g876nldd9l7u5fq05,loop-ust,3405052,0,3405052
terra1c2qgghsakxp8ywc7dzhuyr674s8tlgyazx8jmp,luna-ust,2724250,0,2724250
terra1lqa0sjdktyacw82xx07y2j5gd5majl7evrshez,loop-loopr,127718515,0,127718515
terra1y5fh7nrpc0cjp35snh0e2v93jhag02yy5f3eay,loop-ust,1227443,0,1227443
terra1m0vzqpxk6cjvszc3au3z40k0q8zjmd3mwps8s7,loop-aust,43592957,0,43592957
terra1jw9jsq2m7gx0qt8nqk5cyfqayczmzuvyevrqnt,loop-ust,3986477,0,3986477
terra1v6hlrn4ye7eyd59vmvvgtt77l7sf0p4yhc9a2y,loop-ust,14253160,0,14253160
terra15tqtf2wvjt7vc4cu5vk87zzdcfc9vvw54c9886,loop-ust,1612779,0,1612779
terra1mwc3dd96273sh04hpdzs4w2f4gawh9uqlu833a,loop-ust,5489365,0,5489365
terra1nttdq2deq0ygg6tdzhph4h5r4hpn6jpj2k4u5c,luna-ust,446907,0,446907
terra175zdnq36jlp8vvlh7fhkndwweqpeye79almjjh,loop-ust,3450274,0,3450274
terra1uahgql3qren4002cpeu2h95pd0jf39cmvafpv2,loopr-ust,66179161,0,66179161
terra1klxazgs7kmvsu8l0qzqzh9fhpfcqh9u34fmaqx,loop-kuji,1277619120,0,1277619120
terra13xu5nftx845cz8nj7yr58p0ckzx8x94nz7luck,loop-ust,17922021,0,17922021
terra1s6c5026t48xad9dyutnk4nwrnh9u5634907j0d,loopr-ust,34833726,0,34833726
terra1kac25zqnspgu8f2ypcu8myt59xzntxeuduxuu4,loop-ust,160359619,0,160359619
terra1dhhklzqrgeeq0k3264ywvth6gzm2r8kd57ydp0,loop-ust,2629366,0,2629366
terra1pfw3n7rwr6tugvf6n9c8kzw9k8c8yyhjn9s8jx,loop-ust,23924705,0,23924705
terra10g49s26mkydmv04wpdhw8l473umpj74me8aldc,loop-loopr,322105524,0,322105524
terra1r8va4zkka0a20kf98pd4x3t60ajg2m9t0ppxrg,loop-ust,39287379,0,39287379
terra1jh8uyr5neu2xpwdk2c27cp7zxckxar0urzhtdz,loop-ust,7323191,0,7323191
terra1rhxd2cq00g8kzu9n8xm8nagfcqssm56mjfdseg,loop-aust,155523956,0,155523956
terra1nla9lu0fpyv2p2rl3dw66yvjs7m8pju3q5pmrr,loop-ust,9531666,0,9531666
terra1k42pc4kt0227atraaxtnwkzd83sjj550zt26m3,loop-ust,708526023,0,708526023
terra1l5nlszrg650y3gqahzt353vt2u624vnxk299yj,anc-ust,903838020,0,903838020
terra10ngax5l2n86twzps663dce27ffhwa0em5svr9p,bluna-luna,3286489,0,3286489
terra1mrz2ed87p8qrzjexaya2h64ret2c90lwddzwj3,loop-ust,8707517,0,8707517
terra1vhdlf4skxgcexal7qwnpgcwkn0fpmqr05ajuud,bluna-luna,35655148,0,35655148
terra1jw0r6qplmmre7rv72j5v2376ynehus7epd6yfh,loopr-ust,193898702,0,193898702
terra1rk97jft9ecg2qgvwjn9mf9auclkk95dlm40055,loop-ust,2075503,0,2075503
terra1z9ssuvuny7vlxdwema4uvx7zum0vq0t8xn0ncr,loop-ust,9082865,0,9082865
terra1xn8a65ytzy5sy00nujezky274ddmyxt3p6f37k,loop-ust,26352350,0,26352350
terra1s64q4ulvxmhn6jndczektfruzkm5px3h5j53e4,luna-aust,7797284,0,7797284
terra1rt4tuw8s7qxg24c2e00z8m8lpygeszpn5n8sch,bluna-luna,21079181678,0,21079181678
terra1cj83mtpddz5z7mmumxqcvfltfzuc5x225f2w0v,aust-ust,3228006655,0,3228006655
terra1ttkgz3vshf4yzvmd2njq8g6tvjgdcv2ck5j692,loopr-ust,2540336831,2540336000,831
terra1pqfgjclj9gywtaj39p2mr90q2hlm9xglt5wq8c,loop-ust,299058785,299058000,785
terra1g6054czmwvle0rahwazkdpmtllyfyhnvjr94hn,loop-ust,665044413,665044000,413
terra10qdnrxyk4fgfh8xywzf62583m3drun0uazv4tk,loop-ust,8289019,7737000,552019
terra14uajy759k0l6rddhh5jhw6e0hn22kev9wu2lzp,loop-ust,237432338,237432000,338
terra15wqftxr25tc5e0tf3g5u75y4x7mk8vesf2y2dk,loop-ust,887718,887000,718
terra14ttlvaes7rrs93sek3wgc9w0qv4fyg7588ze32,loop-ust,139965676,139965000,676
terra1sl7tw2jrze5z4vv24kcy6v5mal80fmth82lz48,loop-lota,223372129,223372000,129
terra1jcwnjcld89n85g97y5wgawxemkfvzqc743m6xk,loopr-ust,395745563,395745000,563
terra170e09edhu4gmyxxc799xjsexe25jjpj6zcdv0u,loop-ust,580289852,580289000,852
terra1w3kqk232amt5dxjkvkxlnhjv8jwcg0e7wkpw0k,loop-ust,9241813790,9241813000,790
terra1xuf4cw6gjxgycp7pszag4hx00pxu6hftjdp0uc,loop-ust,35068914,35068000,914
terra10prjnq4k98mgn3nzcjmyjs4svtk6gpt9f9t9h3,mine-ust,859540375,859540000,375
terra1n6t5t47r8yxqrs8ew9rw7eld4truqvysamnkam,loop-ust,10406031,10406000,31
terra16520qcj9gvx2r092hfjq5tmw9gwqnytm7qmgas,loop-mir,487988834,487988000,834
terra1dyqjymav9pkek26l3mfh4uuf3kr7s9c7ds4ttk,loop-luna,1337199,1337000,199
terra1eha784thcfm7p9eek8g8n2fs767fnk83y755wc,bluna-ust,2314654833,2314654000,833
terra14ggz3gcu2yampd6xyrp8t9k76xdnmwuptchmjz,luna-ust,412861773,412861000,773
terra160lml094xruqkufvapdm6j3qph8ppkrjt2m4dd,spec-ust,2116830934,2116830000,934
terra1l2nnyq5skkkryj2h4r7dadwzsynq72um5gw6qg,loop-ust,931818942,931818000,942
terra1ynl3mxfk5fnzlm6efndg4hjkrlpgrwsmx6huxu,loop-ust,310082605,310082000,605
terra18pecc0nnptjj3sgf0kv7cphrej35d5e3zuwxtk,twd-ust,30466209,30466000,209
terra1crnu0qpdqamaulrh3g4wayzq0f0gma3tr4ggse,loop-ust,39909566,39909000,566
terra1l9cat355twl9wjzlsysdlfvm3snamarx6yg0dp,loop-loopr,1378820551,1378820000,551
terra12r6hsn9fa5x9zzx3quw5zvlqt3kqenj9907lkz,anc-ust,345684298,345684000,298
terra1efa7z6m40q8zyz6ce0uyml8vvkh89l5dg4zz83,loop-ust,2296419651,2296419000,651
terra16u0yfyyhgguurghqcf3jq0vrnrlrv6pmcsz46p,loop-ust,461209,461000,209
terra1ejjjzcm5sv39ak4mdstj6uu8cu09eyjc30h24l,aust-ust,4469535052,4469535000,52
terra1trp2ery3xxn7qsj66zgscpf9n2w8edttu8kd3t,loop-anc,331839625,331839000,625
terra13t6g3kgqjtuxqu9thn9wduplhcqnddxjn9uw0t,bluna-luna,7685497,7685000,497
terra1dnrw8qu0zz6t0fsrn728cy2eank7meq0xp5dc6,loop-ust,985978,985000,978
terra18ad3ufp3zjpwprmcc5cl4m2c8dwu3n3tfqr5t8,loop-ust,131580522,131580000,522
terra18jm3qr6k557852w0u7kkj5gj34ea2s36dfchws,loop-ust,258529845,258529000,845
terra1aqum3c6jlz48r28kkcf4dar7xr7tfnyyz584uf,loop-ust,11479070,11479000,70
terra1amjt3drhwntkpcpqnmvu60mdau0r5mepdqlau6,loop-ust,5538186870,5538186000,870
terra1zy2usgrg4ywh7e3j8qychvxarp4y5shfzg3zfm,luna-aust,31767729,31767000,729
terra100rezu53d2x2gctv69tv6d8deek3zk8gyvl25v,loop-ust,19842760,19842000,760
terra1uuzqtdrhsekrh7mv8tq7h22a5nr7epmydjm3cg,loop-ust,212057843,212057000,843
terra1xzzap9h809zzw8fm0qjqnme3yt4j64xv072x28,loop-lota,844872792,844872000,792
terra1y09nhs3kyxxa7ysgdmstkctw3fw63hm0zw95y2,loop-ust,8822947,8822000,947
terra1q2g4ql3gx34rps9q3m838q3skxyjds26ygklne,loop-loopr,16776438,16776000,438
terra1jgus6kwcvwpf7ny6rt3uszd59ptfq7gqwvp5uk,loop-anc,67079877,67079000,877
terra12lj7ft95u3s4d6gcxuuvk0ga3rwh373ss7fczg,twd-ust,260813465,260813000,465
terra1watf2ymfnuh8v994v94ff0yxe7uy2ngw22ha4w,loop-ust,75231836,75231000,836
terra1y8c6v9lear50hp6dj6hflwy09ncagv94spcgqq,loopr-ust,50314081,50314000,81
terra13nm0xfaggm0tcnr0jna7wf95vlryfsraevqa4h,loopr-ust,14567442,14560000,7442
terra19dug99464p92679pf7wrksft9k55lekn3s0sma,loop-ust,144265765,144265000,765
terra13ul7j8p36hk7jcm7vcnw7nlg03etqtndze26a2,loop-ust,233970,233000,970
terra16hmjeuklg4u7329c76jr3y8q6crnss4nr4km7f,loop-ust,434123601,434123000,601
terra1d9ct8jszgwhu7uk9555mc9jj5fef0yf8pt3dre,loop-ust,6048017,6048000,17
terra1lnlhnktp98kearj046pc2w8alk2g7ajcchwg3n,mine-ust,916038889,916038000,889
terra1p5gz9uan8vctyju57qz9khhx7cc97vgxfvz8wt,bluna-luna,23464579,23464000,579
terra1gsgvcl96zt5wpvw3qskanatr2p56wrqj33xx4z,loop-ust,263038120,263038000,120
terra1kqczwtsrrveyhmcnj2nev4psxhcn4495gu3hks,spec-ust,99300015,99300000,15
terra16kmatl03hlf2ktkc5cyk4aanat29crjw8pw2qj,loop-ust,19459330,19459000,330
terra1qhv2m8sw86wm4fpyhnvqw5j2fh6masacgyn4rl,loop-ust,902078196,902078000,196
terra12l7tqmqc4n0lf97ud7cjlh8vz0fag558nd6rrq,loop-ust,14624763,14624000,763
terra1zkg2d56hr6ppg3jtzyx60zx7qwum4ajdgewzqx,loop-ust,84441357,84441000,357
terra12r6hsn9fa5x9zzx3quw5zvlqt3kqenj9907lkz,mine-ust,1918550838,676349000,1242201838
terra1zn0j3mnfwuxd09kdv35ghmjvyzllvz4nx3g7wk,loop-aust,197256432,197256000,432
terra10kmr23va9jn4zw8tkqfal7w6ng8wkgvwk3crpq,anc-ust,934197866,934197000,866
terra1gmpsjq4wn6aw3e5a8xq0xgjtmhzhyc3cxkfwdu,spec-ust,51367772,51367000,772
terra1sv0a6mmlyjkvy9xsz0vnhsghs3ld7z6gmg0ljf,bluna-luna,13861277,13861000,277
terra1lhr8y726t8gtjes54c8snraqsmketn5uevrpwg,loop-ust,53144434,53144000,434
terra1fs9lvmfca9qgsz67u3cr894nxua495lh35a4mr,anc-ust,34580487825,34580487000,825
terra1h67s4hxy72ud087fq7up7aw40z3lcvqu02dn2t,loop-ust,32160902,32160000,902
terra15ekx5k52plrgp8qesf0merh4nm8ecg9ungwgpz,loop-luna,1883889,1883000,889
terra10xkx8u688q9lh5z0cmau7mundv2kuuc0wyhwh3,stt-ust,161940798,161940000,798
terra15883wp9m9sk8mvxvvvgs7s65l62w9vm9pw2538,loop-ust,85977206,85977000,206
terra1v2876gjpf629u88pjaqh2altaq93tpdhrezdtg,bluna-luna,199212327,199212000,327
terra1w4lz90vag3q3l0uqm4znyudf6sjh9fzxykv3vd,bluna-luna,32135220,32135000,220
terra1vew7m34gtrjyqjrq382sa0cqldwj6am7mdm6cd,aust-ust,971208910,971208000,910
terra1vkcuec792mj4pjexuxqrfz0gy6mlqtzqqg06yk,spec-ust,35082328,35082000,328
terra16rv5wp93m86n6fy4vc02pqsrz87vw6ard6zwna,loop-ust,48813782,48813000,782
terra1wef5hkwnuuzawycw4yq57lnpjw4j256pcjnxkg,anc-ust,5263323,5263000,323
terra16v59dr5654yf0rnn6nvux3h82dhwtq7ak4pwjt,loop-ust,51568480,51568000,480
terra164lnlpr9car20n2mu3n2u4y8pcjdswdtfkvyce,loop-ust,1864794,1864000,794
terra1ummvt3j5p7hlyp93fuj34mjteeppze2c9a40nx,loop-ust,84969412,84969000,412
terra1eskprtg6zhms9z3fh4l3tns7wp974sry7r6q3p,loopr-ust,1911379125,1911379000,125
terra1v9ezsja73azc6225wx0qvt3catjwrgqpczmka9,twd-ust,12883785,12883000,785
terra1pgnjw4cj84sqw3l34fw5c3wx2a0f93eeh0fjlm,loop-ust,60499302,60499000,302
terra1g8kj4fcekeqlqfpsnaf7h4v7256jcfkp807vvc,mir-ust,40751646,40751000,646
terra1hf67a7aj4uqvh6kjfuapy9sh9ujkqyu4rvjav3,loop-ust,1120685561,1120685000,561
terra1rm9crml9n58ex2eyuxx9wlnep8jgynnw38tptt,loop-halo,111600714,111600000,714
terra1sszd9yup703tmekqglw72t82l0c9f60ta4vgwn,alte-ust,19434346,19434000,346
terra17lapk5p993ugazmv2uuc2wdrn3qveqlh7hklpj,loop-ust,1161740005,458000000,703740005
terra1u83acxlh58p9fn8kvjwawwx2nlgnmc0ll5feac,loop-ust,2262983,2262000,983
terra14acjf33vaud6s2vrqsrmsx947apfe47q3g7766,loop-ust,45396805,45396000,805
terra16e72dacdmvcxdtk7l7ve8hxrg4n8lcv0uq0pf6,luna-ust,612348651,612348000,651
terra12380c9tq88veusnrq8rz99gymc92l6fgc33eks,anc-ust,50514243,50514000,243
terra1pnuazm0ceu3kc53p7sh54qpp83fajc58q2c7y2,loop-ust,20110145,20110000,145
terra1466j536jz5e34zs3ad7u9yawgyw3sufu2cuejf,loop-ust,17982019,17982000,19
terra1t6arv7k6jq8mvxutwesfxmfmk5k9wyyq6wc46r,loop-ust,671634217,671634000,217
terra1hw4gtzy7rehuxe94tlyk2s24gx8y3ux38cappg,loop-ust,1836822,1836000,822
terra1vkty2n9ramcu4e6j4nuqnzqdz3vk4wd64ty7a8,loop-mir,98595544,98595000,544
terra1hm9hacs5psn8ps2v2zcnmagta5epkv8hycyl32,loop-ust,31787866,31787000,866
terra1yssg9kfkqegthcy0x9hw57vax7dxz3wg2nal8v,loop-anc,159985632,0,159985632
terra10y4kcp7wh98e9w8xan55eq5zwd39za7j2dtltf,loop-luna,30340192,0,30340192
terra1k7nulz60mc2zp4ysk9255x6kv648whn5rr785c,loop-anc,1228377420,0,1228377420
terra15uejtk2lcs2470r83xxfwm95s0v0qvn46c5h8l,loop-ust,4647982,0,4647982
terra1kwv2584mt27e7js8vnz2e5u65gyvs286g0d94c,loop-loopr,9513082,0,9513082
terra1wfuzw7qpft63vq666qu22e47nm9aaz03d0nf05,bluna-luna,4456759,0,4456759
terra16e6t4ngr5l7km9s5uyvel7haujnv98pm5ss0ky,bluna-luna,76820748,0,76820748
terra1hxe6fjls9yu0hks0tckk3ghgdapmseeuh9h4g8,luna-aust,15469519,0,15469519
terra1zd99crc326cheqsp6ga8qeamksfhq9t4llxcrh,luna-ust,5503618,0,5503618
terra15dm2v4d5ag3wpru5adprlxzathkaudyljz4kzz,loop-ust,344942158,0,344942158
terra1gdn2zsl60g0lf6qmmw07aewhpgny6r6j77r4q5,loop-loopr,1438056421,0,1438056421
terra1wax7nveeam7d6ujkv688mgf35vudwe7e3383je,loop-ust,126029909,0,126029909
terra15wkzgn8zlrdvkhncu5ah3f9lcu8jldzqxnw30u,loop-ust,35894639,0,35894639
terra1qkmk3sw6fa8gn85kvdylccesla3tpuhk8jayyr,loop-ust,8791104,0,8791104
terra168z9phjwduekzz6vj770g2l0rh47wu0yzyl7jz,loop-ust,5131465962,0,5131465962
terra1madsn6x9hts8e3f8zqd29gwc08m8r3xhsau9dh,anc-ust,14475710,0,14475710
terra1q403mr57qxqj46q9jnvg5wxakyetd6et6va3yx,loop-ust,884936,0,884936
terra1t5tljv8tf06tdr3kkpw62wr3fn5fmja4kzrc0l,loopr-ust,12716790,0,12716790
terra1k42pc4kt0227atraaxtnwkzd83sjj550zt26m3,loop-anc,105686209,0,105686209
terra19uj737r3wrh7pe6mkel5sw05wk3grjhglrm9kl,loop-ust,7435971,0,7435971
terra1dgea3pfnegq6jx8snv83m0vh4dwg64cys0y75v,loop-ust,14556020,0,14556020
terra1xr4pg993g3lgq3vxr3er0y683wm2pra08pc3x7,dph-ust,39262571,0,39262571
terra18pdwg9rtrl57uqr2d4cv4s8g07qa8nceal879e,luna-ust,941886364,0,941886364
terra18dkc5peg94lknurw29cm2jdzvdc79urm4hgjlh,loop-ust,84632,0,84632
terra16q39fdu0ca2w6ptd58ppljq8c32f8npsl27zer,loop-ust,445919,0,445919
terra195ut3h5wpggypzhtfwfu0hchgegl2nafu0zd8h,loop-ust,35181522,0,35181522
terra1qhypvt3hkuars2f9us2clr9fv9rkzyses30wkt,loop-loopr,1074998812,0,1074998812
terra1jyrmkmvedhuxfdffx9cfnhnvksyk47nvx34v29,loop-loopr,127095,0,127095
terra1n0au77thplg00nwem87wez7uhu7tvqsm54cs68,luna-aust,6560034697,0,6560034697
terra1f4yju79us5ccj5c3g34u77e7wv2ek5xjwdfqs3,loop-ust,83960010,0,83960010
terra1j3a8dlu7jrcy78tfk20594539f7k2jkfpefd2g,anc-ust,248572549,0,248572549
terra1m83s4wzgvstsqt2hrchrp4q6qw3e35fljanyv4,loop-ust,913826,0,913826
terra1egd0p8uuesvp3ftjl5qa0czp79sn3vj22z55ug,loop-ust,2929635,0,2929635
terra1an6x2f5qxvep4q4vm9sw0l83sc9pfswrpqlwp0,loop-anc,907220811,0,907220811
terra1gaxvv4sq5sm58z4u6a2jh22c97etq009z0f7sr,aust-ust,89451513,0,89451513
terra1255etglnpu0ul3jpr4wx3uuakep0cqh97gaxxz,loop-loopr,5503078344,0,5503078344
terra1yz007x3xvcg5h5trqcz0wpz26v0vv9gf6dte6r,loop-ust,2127758,0,2127758
terra1f67gfrfd8s8kfqnmsjtnww9gjwsz93n2fk5h8s,loopr-ust,84175516,0,84175516
terra1d7rhx6uk0u8ynvc2sehz5rc9nlr39mvkxx4d6c,loop-ust,492044,0,492044
terra1favl6ek900zl2fwcknhj3j892rkq3az7meewuc,anc-ust,21379292,0,21379292
terra1a4e5uvad0kmjw0f7khhxem96pc99klrkptk0fd,loopr-ust,329654595,0,329654595
terra1una7ftaln6hwyj2nxmgdp0hhcrhrpwavu0rdv8,aust-ust,1998944008,0,1998944008
terra1zwtpt7alvt4cwk0jky77s94yl8qdk3dh80s57l,aust-ust,89822132,0,89822132
terra13anfwuu6jypqk2dq4xedsfwmn4058c589zsmzl,loop-ust,5060547,0,5060547
terra1y32tsxnk57rn3njn2pmh9wpzd4qmazgag4j0jc,loop-ust,1229488858,0,1229488858
terra1htzeet7p9ulkprvyjr5688lhnfme7mrn70vsk4,spec-ust,6921297,0,6921297
terra1a6zju3qq3x5l9ytztk378d753ws9lm5vjx902v,luna-aust,282839425,0,282839425
terra1rlty37ufck4qgyuta82vt4epjj29aa20yd64qh,aust-ust,179271076,0,179271076
terra1g4hyy0hg3cuwcstd2wzd3j6tnq3lym6fhtkn0e,loop-ust,1940859,0,1940859
terra1z3sqgmw344f9zkng280gh6x8gz8y6qyw7f83ee,loop-loopr,520258461,0,520258461
terra1m0r85y7k306wl2m2qxt4dte47cjsawveh4j2yu,bluna-luna,3483087,0,3483087
terra16c8sqjen2xfqn5vvk6zmsee3mvjtjvhnv28j85,loop-ust,6175417,0,6175417
terra12emvjpungzyzhaxx5tq5q46xz5mye06dh9mfcu,loop-ust,4874764,0,4874764
terra1fh4z55c0khgjh8pxyw90dn7u906h9ezdcwem28,loop-ust,422769,0,422769
terra1479a8df86fxn0tx42m3yz9dlqfz320wzpwt55j,loop-luna,136735592,0,136735592
terra1xs43flg7x9u8093q2kjuz5vyeyl3lavg6ea0st,loop-anc,24242486,0,24242486
terra14jqzcgh76stc8rpmsdk7t4ldr2uggnqgmc7emq,loop-ust,29995550,0,29995550
terra1xg740c6mgzfhdvw6eextkzhktxtyv4f4gh7utq,loop-ust,207760345,0,207760345
terra1m2dvqjydnzz0sppxm49vscvyx2fwcl5ku2evh8,loop-ust,13447470,0,13447470
terra17zhw8e22ekrjlzag9s35kqk7emmzpet77jmygn,luna-aust,2325856870,0,2325856870
terra1y0q3k5uqwwwyee50v2yvp64xy7jvnr3pcglghr,loop-loopr,8102146127,0,8102146127
terra1fe5ufqphen7ty447jp5rs0k3lg4wk4mwxv3kwl,loop-ust,45392,0,45392
terra1x7lgvaxwh2ud89yc2ygallpvsf994p868gmrke,aust-ust,223345253,0,223345253
terra17ze7gtf578c8jc2rr9jyq6y5hrkfan4ly0zl6x,loop-ust,342004142,0,342004142
terra1cgz7kzd8dmhg5exm7hxw4svwetrwlusn287ask,loop-ust,1060485,0,1060485
terra1kcevvsajax5tv5nmd96lr4wulnska64l9ukv9y,loop-ust,83575372,0,83575372
terra174cx580yskmusrzztqhs558wgjxg9vjjggemcu,loop-lota,3267770,0,3267770
terra1ynj88h5suwu6u3ztpje2u6wejup6d77v7l5r0d,bluna-luna,2190129,0,2190129
terra1qw9adgtm5cak0pn5knkjq290jppdf90l33vkh2,aust-ust,346101372,0,346101372
terra1z6fz67auje8laz66yn9wf79zgelv3x4rjspfgn,loop-ust,7236,0,7236
terra15rjcpqrceg43mg9045fdz0w6veevy35ql5l7dp,loop-ust,1526835,0,1526835
terra18dndwwcar9f6qrrk2sqgrjd82hxnjs6ux64spa,loop-ust,3210380,0,3210380
terra1a4kagrlya0kc9d2a8q3xj9x7nnxzxwehma973g,luna-ust,74019512,0,74019512
terra13a0zdcmevrdug5m3dd2zs7fkg9kw4gckklqzrz,loop-ust,5294634,0,5294634
terra1u3wwlwdgadf047rknwtlk2xsqpxf2kywzkwl5r,loop-ust,44447768,0,44447768
terra1gy3tmr7gyae2c6gg3xx7ehj4qezxvmh9u4mwhy,loop-ust,269193440,0,269193440
terra139w7arglcpeegat9uwq7spzvlxzeqq86wy4pll,luna-ust,52414448,0,52414448
terra1puzwdrpe53xezyz2g0y350xcsgx32nck944rfw,loop-loopr,636297283,0,636297283
terra1hdmx780dskmd45tu76fhkkgswy4ver3y98wwgx,bluna-luna,2970774,0,2970774
terra14ds602pke8jmfyynctv5cwsz4r86lycqm263vv,loop-ust,7123729,0,7123729
terra1tlyq734havhkc4v6u2q0pfgaga79u3zkasnzak,loop-ust,2722553,0,2722553
terra12w6j483xgjjf34smzmjzj9f7yspzmgp0ssnx9d,loop-aust,936550628,0,936550628
terra107n79uguweeqlkuz2kcmwy7jdlemrew5sp5z0s,loop-ust,1020254,0,1020254
terra1ljeqdqznfw4glvxat7ge2ht6hmzwrwuj6dj2y6,loop-ust,2659891,0,2659891
terra1j2cw82wsa4suqvcy45rhmhqfsuxctqe7glfjkx,loop-ust,4538662,0,4538662
terra1hl5sdg2963lxp6f328z6hq9exyl72wp2hp55k4,loop-ust,6678613,0,6678613
terra1jtmpyx3wdpswham92nzatwpwc6h4ulkv2xrdaa,bluna-ust,11324753077,0,11324753077
terra12m3qm8dag5rm6ua3pc6zpy97dmzksh64r47rlp,loop-loopr,63270025,0,63270025
terra15xagckrtwjsffemg5jx0kdftudusvgf5hkl05g,mir-ust,51943786,0,51943786
terra1x52g4cj95md297083zh064ma8t7m82ye3rfx9p,loop-ust,47572035,0,47572035
terra16p3g6kxenewawyerl3e9gd722fxkq3yqnvvcwj,loop-ust,3637262,0,3637262
terra1l6talnh4tlztafqmycgqa725zfr9whnllz2d4h,loop-loopr,3999542,0,3999542
terra1nlg2hgpttvrvzx2aljuku8qgnyva8zszm0wk4n,loop-ust,1027193,0,1027193
terra1j7f4m5n7cc60vy42z2p69vum5pajfp980gj50q,loop-ust,19962745,0,19962745
terra1yul8awzxqtmhu43jxaehjlwl2lgw74lhcc0h3l,loop-ust,1428481,0,1428481
terra1xeanuy433k2wlfpdgvej2k0k37k2svk08ev97p,loop-ust,16015612,0,16015612
terra1uj46eaqcxaqahz96qunpjd6lq50gfydkjn4gd0,loop-ust,44913815,0,44913815
terra1mn83ysxxe0zzjem4pc0y5wky8flvfq799436fe,loop-luna,45247225,0,45247225
terra1z8jrq0sthq5n7qd0ug997td672tapjvdh4eu7k,loop-ust,17603579,0,17603579
terra1w7keayv0qk05fxzhl3m89krerla8dng8tl8c2z,loop-ust,36727526,0,36727526
terra1qwe03f892m0ltfaq297lnf0g42gn3manfyevck,bluna-luna,10063468,0,10063468
terra1lgmuxvmmfr6d3cmxy7st8h88mus6uq3gnyz6ld,aust-ust,1109505908,0,1109505908
terra14jjcxq6sepak8a3nf3fsw6l6d6qzunmjw36qcn,mir-ust,22233071,0,22233071
terra1306klflex2mmmxt0hn04yqhlg0srkh2uaulkvg,loop-loopr,83125144,0,83125144
terra1n6crs97xmrguyafslksstzaq334d8sh52w4ms3,loop-ust,85039625,0,85039625
terra1l8aw3xl500fx8cahrk4kxqu5dy2lr5qzc3symd,loop-ust,356665,0,356665
terra1cl7eythmg2lvvstzyumq36nzfet7ge4qqdr5ts,bluna-luna,16457856,0,16457856
terra1es5p2cenrlut3kdhda9swxd6tnqeh045sqnz8p,loop-ust,224735309,0,224735309
terra1y97u6dyhnwcx2v9lj6rq27zt724fh9s4yvhgj2,loop-ust,535473357,0,535473357
terra1pge9zu9zl72zfx89lnpepzplrd29k00gmlgzyw,anc-aust,235527819,0,235527819
terra10cmqkth9y0yw9etp5pp2gwznyg4je9j2kgga0d,loop-ust,144954715,0,144954715
terra13jgz4gpfe2fxcsfttyqyutynqc4trmn36w6ngu,loop-ust,35480479,0,35480479
terra1g8rhh7mz03qdy78a9lf2d3ne6366hhxw8s4468,loop-luna,2053583,0,2053583
terra18ql757ujhmdwhxjths94qk07280sr080726sla,loop-ust,34212191,0,34212191
terra1a3w3rgpsudlv8e3ry99vwrqam79mwaxv5lea77,luna-ust,20791860,0,20791860
terra13ltm5pngtc5h6ar7j2hl3zdgl6ur9jw0zwwz3v,loop-ust,14009697,0,14009697
terra1ljy3yzpss48t066csdcx2jz03srjeyxsc0fa8c,bluna-luna,280021040,0,280021040
terra1n5k2ce4cf6xyt9vpqr30eshu47fz0yqaexcaz5,bluna-luna,28159600,0,28159600
terra1d4hl50k9s5thmddzlu9fexvu9ky5v6glzh8ezv,loop-ust,6363480,0,6363480
terra16ykek70rvcc05dlhslspev9uxc2htysmmwk3wz,anc-aust,7004356720,0,7004356720
terra13m0hh5ugqyupay6mjuyy77ljhpervafg5nztk3,bluna-luna,249546714,0,249546714
terra1tr3kc5c07ljh2ezxznpayel94sdnqafseeu7yz,loop-ust,1873422697,0,1873422697
terra1vr0gmxec62k7kc9u26hqmevt48kysqumdy4hy3,bluna-luna,1497268,0,1497268
terra18g7s5mmgszpkv3f5pht5q0gps3fcwklus6qexx,loopr-ust,22151928,0,22151928
terra13agqh0z6k7mxg3pz9hy3vd0un03ap5q22ld2zr,loop-ust,1856332,0,1856332
terra15gtgnjsaegpq6elvc6k96fmujqp03s8hmnt7ze,loop-ust,3475801,0,3475801
terra1etwq0q8wwnmq7322kz4v6ff2dcvwfm634vdkqn,anc-aust,12139964372,0,12139964372
terra1sw5c3ux8e36d2sf7v79ddk6vs7mt58wntkkz9d,loopr-ust,50490920,0,50490920
terra15ttfvtg027tjjwv5j2pr2emgv78ht5vk65djfe,loop-ust,8893019,0,8893019
terra1hfyz7r9cu3udqkwvm3j7xuj95pfhequgyh9g8t,loop-ust,1191138,0,1191138
terra1qa0w48lr62dygtg7yddj5m5ptuf5ftm9fnexe9,loop-ust,1260662,0,1260662
terra1shmen7dcj8m5y5rtmd2nffd4ctm2f58p9p8ugp,mir-ust,2133376768,0,2133376768
terra1cw2yvx0656gvjy2j45tme88s62eqd2pgwyudmp,loop-ust,1794036,0,1794036
terra1chju4glman4llcwklg9ffshp3ltsvphchs4u6g,loop-loopr,4094551872,0,4094551872
terra140qgnv96t79wk4e7laakcg03vdutugqj6zuhud,loop-ust,4788198,0,4788198
terra1vy2wdnqq7tyv2g8k26sns5epmqfukepsznt897,loop-ust,8884394,0,8884394
terra1vkmr20284j4xghvnctunalphmmct5ywlqwepml,loop-loopr,399779180,0,399779180
terra19ytqkpz2cjxnr3ej5672df60hhew0y8a9lxdjz,loop-ust,42167411,0,42167411
terra1sk5symvnmnxvm77h5stf4awpsgmrkh87f9pxsu,loop-ust,93982,0,93982
terra1vkdjeq984mr9u83g7585qtu2jzh6tt22ff8lqf,loop-mine,45237129,0,45237129
terra1mauvwsl7l0ddlrmr0n0ds7teplqy93ddw985up,loop-ust,21093056,0,21093056
terra1a3ghaphrd48zueu8636398fvgj3dqjtvz52vtu,loop-ust,1073668,0,1073668
terra1syfcd3rqatd2zne6zydvtc8fkmkapqx6ddne6p,loop-ust,1910360,0,1910360
terra1rt9303jmg2wyrv0rty0v8d7ec7qq2k4vv86kmv,luna-ust,22251399,0,22251399
terra182t2eda9k8zaue5vg606m8avtmt8zjmud2slvu,loopr-ust,13537121,0,13537121
terra1g842d8afwxgt2swm3cz2p993ls0tzrqe9tlr5e,loop-ust,15172577,0,15172577
terra1metc9k5sswp3yjvmcrudvfvfflvjnshv9qv3c5,aust-ust,22572644897,0,22572644897
terra1gr29ms8ghvgtncxz0zaqy67e0cvjpyktffltpl,luna-aust,979765443,0,979765443
terra1kshrn7m309al4mdzcv86k4vnfaaltu0e7fr3s6,loopr-ust,8863383,0,8863383
terra1zcpp20havczvjsjewpj8zq0tfjdzstm8xkv2m6,mir-ust,8055474,0,8055474
terra1jz9qe3lr4cx7g4jk0xgt0czeekrcaa3hv9phu7,loop-loopr,212292108,0,212292108
terra1tsa9whxqtyd7wk4064v7y64437he0q40d90uz6,aust-ust,44654498,0,44654498
terra1p5zpvwhv2nc4gtrd5eyzjw7kkzhqwagt5uwx5w,loop-ust,949619,0,949619
terra176pzsjr87mk7qe499hhfqmg8clm2aw0qt0jv2y,loop-ust,892186,0,892186
terra1t5ysjvlf9yzuem9rnp3j077x2t0rep8ln38jvy,loop-aust,5081725872,0,5081725872
terra1jamj4pvr7rpj3mdhdfqjzaura50pl7ga3pt8f5,loop-ust,9373269,0,9373269
terra17cf3ftylj399p9axgxj0xjsft6gzwl4memge4p,anc-aust,52986577,0,52986577
terra1neclp0zmjgh50xx46ax8hcddpg5lsj5n2unl34,loop-loopr,142254080253,0,142254080253
terra1d4wlsak0rnw7lfcyn2r3stmwv9xplrz6z3svmv,loop-ust,16501567,0,16501567
terra18aaj6p4x03vup6qtr80p8xqa6mf9p6580dg539,anc-aust,293193880,0,293193880
terra1ynz3nlp72s0twn79amn0ju2jfgzuym86a2sq5x,luna-aust,9004720,0,9004720
terra1zra6gvr3jfhdm96xe9ke7eflz9022cvsu0t6ey,loop-ust,822249,0,822249
terra1xxngjvdevcmc4qts92fegsphlmztnywzj39d02,loop-ust,4837295,0,4837295
terra1k9k74sx6n66k7wvq0cjq70aypnz5fx8k002gfw,dph-ust,46884517,0,46884517
terra1jx09g8q5vdelde7mhc008gmpfq6ypu5ngc5p5e,loop-ust,892082,0,892082
terra10g6utcaa9etapz9r9wcy39s3npq22lxz3dwdvh,loop-ust,16364480,0,16364480
terra1v8pnh7kaj2sv7h74hslw32resrgmzsljd5600q,loop-loopr,7045135429,0,7045135429
terra1kz6zhaes5kek4ljfucrwlwn3kqmg8u8axufcnf,loop-ust,14891422,0,14891422
terra156lcuw6t45mcf3utf9ay8ey0hkxmqqr7fnuprf,anc-ust,22899611,0,22899611
terra1nq4wk0cqkrrkvdrxls7grtcj9muadrvw5twxel,loop-ust,2914059,0,2914059
terra1r00xs6z9twj27w8mfx5lm7g07cafk9y6ujhcz5,mir-ust,677089192,0,677089192
terra1ah69vw0p9wypnd67rm78lzvdxm45kyvvwuh6yt,loop-ust,8740153,0,8740153
terra1kvl8k3rmst0x0medxx7pxem92wfua3r3fgx7qk,luna-ust,449960648,0,449960648
terra1hzrqgkyjtr07d23jat2u96c96srp9msuskqz8n,loop-ust,280092213,0,280092213
terra16hze7kw09g93h5v0w46t5ft9hrzl432uc7t7a8,loop-ust,4618011,0,4618011
terra1m7hz8g4uvf9ep5z2sams2hl8leyslgqdav2zrp,loop-ust,1207048,0,1207048
terra1f5sfurnswlx3xeacqyrajuxatzfy3pg3t2x29m,loop-anc,51126061,0,51126061
terra1muhk3uhwz5n57pkuq7p2ntj9wj7cnvanq8c4eq,loop-mine,3867343,0,3867343
terra1apkqx2j3n6v8dt9yzdhkrsn87d6pvlww4k4msk,mine-ust,11416647,0,11416647
terra1y0ug3g4r08ard35sxqvn9d96zkxzxp5zert9mx,mine-ust,58964071,0,58964071
terra1t6gthd6py7wasptkxnfpfhxnr9alhkvc6fqf36,loop-ust,3469561,0,3469561
terra1qtwtl9h9qm6ee9eev8zemn6rzx9ckf93zrw5d7,loop-loopr,970597199,0,970597199
terra106wyr5fu7vxcyk5xfg6uqqsm9w6v0qghsu7mqp,loop-ust,10271748,0,10271748
terra1dhwapcegn0m948403cdlpqw64cuuqghj0pjpkp,loop-ust,30109371,0,30109371
terra1n42a5q4etmkgfpc7wqjdaq4v4ea2gf2skkrfef,loopr-ust,59342570,0,59342570
terra1gdttj4xuzsazyu5dtnsu5jqd0e793vu2htuhfh,loop-loopr,960805710,0,960805710
terra1r3j6xus7swqu285rp9kajj2vmh9cx945q08sdf,loopr-ust,50421332072,0,50421332072
terra1u58xv7dyxc3dwkjszrvn0phm5cl2yr23n64j23,anc-ust,82262469,0,82262469
terra1kwnxcqfl0kt83hd9fetvnn78hdedvtv6whv9hs,loop-ust,318822884,0,318822884
terra1hlwt36g9593v3artcpfeaevggq556fj2rq4tpr,loop-ust,19307744,0,19307744
terra1ejrz6e83j3dhw3mk8q5kaufjk0e54lev52pttg,loop-ust,786133644,0,786133644
terra1wdvxghtpvaknak8dgjvstwed0u92fcmfvl3phd,mir-ust,39887565,0,39887565
terra1skk3cy0eq6fgls7wu8n7yvsl4q23qazv3a48vq,twd-ust,267953852,0,267953852
terra188dkjhj6sans3hvsxqmpxelvxuk8zdu93rc88n,loopr-ust,28595990,0,28595990
terra1pmkstt8srklxgkftf9s05u647g9n0s8nu0298w,loop-ust,190315261,0,190315261
terra1rvpscezkdcn2al47jrc3r8p4d7n5sm53hu7ll2,loop-ust,82377205,0,82377205
terra1kraf08aqnupdw6fgr3qf4pxcguqsjjthyazl49,loop-ust,650045169,0,650045169
terra1pje42kd9rpslnkqlanwwkksxn5pad9trspcs0v,loop-ust,70172,0,70172
terra145xq2l8uyukwesvza242su2zk67xrcez49vsm4,loop-ust,4517553,0,4517553
terra1g6z73w9gmslt8denv99u0aj2un94xd3pf7dq09,loop-mir,12882863,0,12882863
terra1720n89prqgdqw897hsu6s5qysk75xvrgtdd77e,luna-ust,30918406,0,30918406
terra1hxt0yw8df7m6s5lxn06jckjl2hmy0528g4ct4j,luna-aust,171768799,0,171768799
terra10ql6y2xvypz6x634r7quj75zxr24m772dkyvx0,loop-ust,2841537,0,2841537
terra1kh6jnswlju2729x0yjh7cf6x59dan252gg6a9l,loop-ust,15831116,0,15831116
terra1mla6dah78dl78ax7zus4fulxnlrnz4ywfgg2ms,bluna-luna,19923554,0,19923554
terra1xzdlmfw882ykl9ntjaha7xhuufcxn0lte2nwuw,loop-ust,505786,0,505786
terra16ztk5v425f3reagujt9z447xue4ytsk0am67kl,loop-aust,132546051,0,132546051
terra1v3yz8jdh59rlge6f76str0p283rakgr0hdek28,loop-ust,905999,0,905999
terra1956mjugjchwggtjvqnt5ty27qn3me9px9ay98u,loopr-ust,11638894,0,11638894
terra12rcwwqqwu8dtywge5k76my3l4klmr6jh7fnqp6,loop-ust,8860810,0,8860810
terra1zcsj3slrulv9lpjnf0wvrej0e8dx8cydljf5mx,loop-aust,11711278,0,11711278
terra15f0tdv6vx3k98n73az2n4cx58k30scugetca27,loop-ust,55140129,0,55140129
terra1ulm3nuc0r5escjvkccg3q2qyzpxzuj8drgjzsc,bluna-luna,2921366,0,2921366
terra1ja306hsfqxaus5lpfa6hyvxgu50xgcy5550f33,loop-ust,935443,0,935443
terra1kjusrcfmf3q7fvsrnrwx9yrd7kkht2l7yzhwud,anc-ust,315534022,0,315534022
terra1gvk74gd8causpkg33wawcy2kyjpengjnhgvlyk,loop-ust,89683,0,89683
terra1nuckdj4lkfyf53tga2mr7xd90vclysy0dcm48w,loop-ust,42879967,0,42879967
terra1yz4uv4r3xaldeym7q6jfpsezzpdl72gplz3ruu,loop-ust,36566982,0,36566982
terra18gfqw34w0fjgsdgykyd8g8jp5uz4a6m7hcyc56,aust-ust,12613439,0,12613439
terra1mqqtgcy9dze5en9nnfun4860vdfx66kqrd5d0r,aust-ust,580366510,0,580366510
terra14k3wdeta3ahc6zhxlg4f29xessy77lrtjftft5,loop-ust,1176562,0,1176562
terra153e9usgf8wnxlkt87s3cnl9vx53jlzk667yqee,loop-ust,67012057,0,67012057
terra1hdupsce0my7tr9e9epk273d2vrcsjau4vh9zx4,loop-ust,4424000,0,4424000
terra1640j55544txer0d9jkqrpee9xpdvaznuht4svq,loop-ust,36776313,0,36776313
terra15prchhzqzhjrfvfl8n3nqum8n6lrgjs4jk5alv,aust-ust,1744324800,0,1744324800
terra1a27mwtwaw4mgl6hr444ypawc65s0c34zfugx35,loop-ust,85653974,0,85653974
terra1nrhv4cpx6glp7qgzutgdqywh9g6e6z4uf8747g,loop-ust,10799068,0,10799068
terra1ev00yky4amjgvzlvvnp5995lzj9awk64n5gqua,loop-ust,71937,0,71937
terra1ytqgf527mw90g80a8chr4wf5kg5jrdxav0te9t,loopr-ust,433634858,0,433634858
terra1yj9gddj5rpfz8msd5rh8m6qfgrk7qa9sxa66ws,loop-ust,15949883,0,15949883
terra18evv9zhfxqnw0srq66cula2symzjt42vnnljx5,loopr-ust,14424964,0,14424964
terra1uzmggtd9aqk2fegmpxfa4azaq8tt6qxwvm6qr0,loop-aust,20124976595,0,20124976595
terra1dkzyheeygpdq6ysfaj54r3psdenmuhchtjnrvx,loop-loopr,3694295432,0,3694295432
terra1zv9rpty4jkmsa477a2xdzp9p85jw3ee4hgafzl,stt-ust,89919060,0,89919060
terra1cfevsu5sdppwp7cfaz8vk5weuad3lxy92dtc55,loop-aust,412760571,0,412760571
terra1p8dk2jtuyryse327nyar8nazp4s80lr6gpu4d3,loop-ust,5779755,0,5779755
terra1khcxllkqyfsllwe7p65lm4f8r9000kgv2dpvdw,loop-ust,46835696,0,46835696
terra1237qa4s72mdm9h5e4wjm7gfu6fdjmykzcyu9gf,anc-ust,37172810,0,37172810
terra18jccn6fkafh4jgwljaf895vs0d5chg8zpf3fgs,bluna-luna,67259004,0,67259004
terra1sthraad7e2kwzc76c4qj0u3ptnz47w94ndnur4,loop-loopr,731205633,0,731205633
terra1m00zu6hvr489ydqte7sx8kaalq7h78enln2eva,loop-loopr,4538512872,0,4538512872
terra17r3t8287vslfm7adcq8kzhlu39v4gjlzg7ed4d,loop-ust,412483,0,412483
terra1eu29aznukjq9qxj6dl6qln9nv2p0sgr7c97ryq,loop-ust,1522070,0,1522070
terra19c9mj9e5saf2x5uf56edgcyjet6gt4maacvj6z,loop-ust,1151630,0,1151630
terra1zvsmadkc553zw5d2y67l0j5fgyxc6pqesqaagh,loop-ust,177221342,0,177221342
terra1cfan66ew6p8mln6jkqhtp97lwduc3v52v9efdt,loop-ust,1394614,0,1394614
terra12z3h4qu3p7c2vjfd6tmptng630sns6rzjuj3d7,loop-ust,129641335,0,129641335
terra185fd6hqfkztv5ez6vkqm4x386sn6mtv0fk8lus,loop-ust,31566755,0,31566755
terra1vtsn822pnsr3hlwtazvm33kxq6a4vtu5ejnxak,luna-aust,63643842,0,63643842
terra1wshvgpv3gyc30ar079j0e8j0yuz8lp3hr0e3lr,loop-ust,977380,0,977380
terra1n5k2ce4cf6xyt9vpqr30eshu47fz0yqaexcaz5,loop-anc,374839121,0,374839121
terra1yu2pe6z837u0ny2rgpymkp7dja4wza6v5curqy,loopr-ust,6171797037,0,6171797037
terra17c9ajw042v4kn5dzrw8x0ua75ytqaytr4r3ygy,loop-loopr,6552434030,0,6552434030
terra17vuvmarz78lkskj4zk5v04yp2wxl35tfvm7jz6,loopr-ust,25890821,0,25890821
terra1rgk7zadul0vf8kpnr2r8mljpjsqyn5u6yh2eyy,loop-ust,6761963,0,6761963
terra13tjze0x0vh3rzvza85f40gjrjdtjtutggx7v9y,luna-ust,106114379,0,106114379
terra1l28zh06rqru5rudmqp0ma5gyavglw7psdl3t3j,loop-ust,53381487,0,53381487
terra1xvf8gnr6yjp68gp60037cvnw8wwxmkpj48n2pk,loop-ust,2401150,0,2401150
terra1xvt7vqt7lraxm7y5vlc0qxhs0ryzfhcqswjvsz,aust-ust,170481011,0,170481011
terra16z7zt3gcfky47d44q9dkfxwmfyl63e8zmmx929,loop-ust,3375057,0,3375057
terra1sy66jthkmmv5c6xrwnks0r7l9ed68hgvypxwy8,loop-loopr,13918812,0,13918812
terra18w04vlhf5ayq0t3mj2ulefxpsy5dzq5wcu494a,luna-aust,24633942,0,24633942
terra1z9e3vjke7q338x0mslf6gkzwrdyj60zrpzy796,loop-ust,977605,0,977605
terra17qats254xcyzke95d3wkstadntt8v6zzvupjcm,loop-ust,21018195,0,21018195
terra1qz9tk4uklfkrmrqma3xqfd37lhrhh7pjn5h3s5,dph-ust,3369913,0,3369913
terra1879s0dv5wz4t7v3nzygtrh6rmjy8k6pajw77kp,loopr-ust,15126172,0,15126172
terra1p8uh64gj9whyqc4t74qzd22uxcn2mq3u4smgma,loop-ust,4759949,0,4759949
terra1skgvu34klgr5lwpxsu6rtfmhvjaz4ahuxahml0,loop-loopr,261290886,0,261290886
terra19hj6zx7ygrm5m6uv5ry0zd7y6lla0h3mnqjamm,loop-ust,105646932,0,105646932
terra1feqtlvaru4lszqnpjesgfw8splrg7u27wwwqac,loop-lota,3141786284,0,3141786284
terra1en48g8aads629gg9a4uecee3jrcmefctg7cz7d,aust-ust,8942166726,0,8942166726
terra1g0x9culg0hk3qpy803qzt4zll8su5jp4umu39a,loop-loopr,4376502152,0,4376502152
terra1n69yy30n4vtar3jneutfkvckaqqx3hk6232hwy,loop-ust,788401484,0,788401484
terra1xca4vg6ggcdadx7cfukzp26qlmx3y3vqa87azm,aust-ust,138162385,0,138162385
terra1art5del82hk2m73aj9xj8nrcnd9qc8g63vfpgu,aust-ust,4473988736,0,4473988736
terra1r0y32pxlkhzvpv89gpr52x06wknpxwlpqzzqkc,loop-ust,2046982,0,2046982
terra1r05j66hc57l47ppxwkmnlaurt4lcl6enrs3sfk,loop-ust,906026,0,906026
terra14k0rujkgh4zsgampqhgxzuhwgj9fwwd8cev874,loop-ust,3786758,0,3786758
terra1zcmjlz2j6ldka56v7n7as3y2dwd9k8cex8a77a,loop-anc,112598104,0,112598104
terra1cg8n2fmz6kwkpp5cqe75ccnl4gec484ckdvurz,aust-ust,85365948,0,85365948
terra1u4j7runf6la33zks89922yhx7r4v44uev4ut7u,aust-ust,446803981,0,446803981
terra1van8wkd0g8skrkzl6xn7wu05tx8xvzg6hpce8y,loop-ust,9684370,0,9684370
terra1x3lplcy7xmzfeyk849ld006q7xyesgacjrxfxm,loop-ust,185291,0,185291
terra1zdh2ljfjugn8kt540z80r30nqxmmddwcqtsy28,loop-ust,69148216,0,69148216
terra19yxjfvnm3ye4v7unlcwehdgrj2trm7jjlz3g94,loop-loopr,723293898,0,723293898
terra1cfkn3xyt7np3k8g2mgz5szmr9gscatv72cl7yc,luna-ust,225387542,0,225387542
terra10c3pffu6vyqcex9ce4sqvwvcyg7xk7xce98rml,bluna-luna,59991300,0,59991300
terra1vgmq5t2mhyt9vr2j5sj6ycqylsj7khqm4fwamp,alte-ust,158268232,0,158268232
terra1staqhvn4ev64w9l464gjwwt7rafx66a0z63xgq,loop-ust,387407302,0,387407302
terra10qgf63ne7s45gr8jjrgvyfu7vx5nmxp4a49gp2,loop-loopr,863495906,0,863495906
terra12206jslgqdnt0hwawze09gcgkcr0pfaupzu04l,loop-ust,34221433,0,34221433
terra1ewxz52gfkwd3y06g5emw53g5yzfkhu8ncmwvg6,loop-luna,1504759580,0,1504759580
terra14k092zcepccs306fxmtgqyyqcggcpf40sr6362,loop-ust,465565,0,465565
terra10dpem6n72e9msugnjnkrzhafxck948wvpdhjpn,luna-ust,635447314,0,635447314
terra17cz879yl33xkvyflwma3rhn6x5dskxy4p92jgc,loop-ust,467722543,0,467722543
terra1puf0jykdga820g2ucmlnu42ntha2frqtuscn68,loop-luna,249242732,0,249242732
terra1t4ta20g2g558d65g2ge3hhfcwswmdncezkfz5t,loop-ust,32455218,0,32455218
terra1rhepve6l70fz8vdr0x35lx59ff54mxycdfa570,bluna-luna,114478,0,114478
terra1e8x9gzuu4kxzf4x582k04r6hql6zyv72athwp7,loop-ust,3083881,0,3083881
terra1anpz22r2nyj9ftngq0enx9sz7clzzezu4feyjx,loop-ust,479119302,0,479119302
terra1xc3mlvf9s5qsqxlztdqleq5thtvlaqjl5rqp6g,loop-ust,9454255,0,9454255
terra1frsel2g672p4z3dwyw2pcurkydwysc69v8fjzp,loopr-ust,28875336,0,28875336
terra1etwq0q8wwnmq7322kz4v6ff2dcvwfm634vdkqn,luna-aust,6139361705,0,6139361705
terra19khgkewsnhktmfwaez6cm7z9znmgkelmdf6rtx,loopr-ust,1219605930,0,1219605930
terra1qe2pcmzn34ct3tnvyjtuzwgc30u6xfta9ctm9x,loopr-ust,4166288,0,4166288
terra16t8caffsktatmgwkf2nhvkd3u0aau0w9hsw6mz,loop-loopr,605359413,0,605359413
terra1h9ul37wqvg0r04s3avesdekjnj8p9rh8hmm8jd,loop-ust,19567600,0,19567600
terra1m2z6hp562ah7cycae0ncn2r7fwsmc24f6pchln,loop-ust,5324637,0,5324637
terra19zgd0dejzm0uaqx2tnw8cj7tpcalv6v5d07tq9,loop-ust,342576088,0,342576088
terra1xr4pg993g3lgq3vxr3er0y683wm2pra08pc3x7,loop-loopr,1504604413,0,1504604413
terra1jlya3ekfj3qhsum5qnppagq5kl8g76ravsq5qn,loop-ust,8218822,0,8218822
terra1vqwlwyu52cg7gee4mm4plwnl0r256ujg3hrnea,loop-ust,8923557,0,8923557
terra13ys2eqv2jc6auu42m8cwzkyndqh8y8vvrrupuu,loop-loopr,8222895227,0,8222895227
terra1qgqj2f2na0ktlcfdz06ne7w4lzu52x4tuh5qa3,loop-anc,50572101,0,50572101
terra1hv43rq7vz4eljaj3mrc7a409vu2ygptvqm3kzz,bluna-luna,7801799388,0,7801799388
terra1alsdff58lfvy3cn6tqahqgwp2l84mg3g7q4vcr,loop-ust,518096579,0,518096579
terra1j9tpkgl6hl7sf7hwh6tvzz0zphdadz6zwu9ewn,loop-loopr,15319908,0,15319908
terra18uc73hdza4a7jyeqvdfu6nrr6lvx3ygknfe9f5,loop-luna,2175787,0,2175787
terra1lcrcwkphwgwgtsjwqkucwx45mglw9fm97jae0g,loop-ust,6952310,0,6952310
terra14nfn5pkal2y7st80mxyuuj6ch8ghwgwqfrgrvg,loop-ust,944580,0,944580
terra165h3dwv20k3hj4h022c3cnjurnr0046ke8ceww,bluna-luna,12337292,0,12337292
terra1sctqzdhxhuhqnmzhdumru5sk3tfe0tnhgxkk5h,loop-mir,199833975,0,199833975
terra1gakszk7aklusen4w3c7233yh945slumsj5xcfa,luna-ust,41277372,0,41277372
terra1serg0er4vj6t0ftxtt5c0ged2eg3u8g0knz6vf,loop-ust,14133226,0,14133226
terra1pl8rgz3umn4z4a6x3dr4r4jr0w455rzkdtnuk3,aust-ust,447323156,0,447323156
terra1sztj8fvv5qzrr3s589lt42ywtdfwq6w8fl7zlk,loop-loopr,377554584,0,377554584
terra18rglg2542u5gk8fuw7n96xy29qhqk58rwea7d9,loop-kuji,2478804322,0,2478804322
terra1q02t6x062xkm6e0e0m7kddntfdfplcryq4uw0j,loop-luna,1212019308,0,1212019308
terra1fjcwl4nmvraq0ae3s2n05d8jcvr0fezttw46al,loop-ust,3603119,0,3603119
terra1y25zhcz4tfmr7zg2fpc4gvnrvn890uhp0yctsp,loop-ust,9466614,0,9466614
terra17d8jv0j9u9rz0uy3cnwxk7daw4e7w6z24m5jfc,anc-ust,915157913,0,915157913
terra1g24va720pv66yt6t7vek3cnqau5lgmd8zna4mj,loop-ust,8854654,0,8854654
terra1zz0q5750lqzk6w2eq8ujvkvjj2rnfq8cjrs2dd,loop-ust,4770306,0,4770306
terra1yp3vwc4hry2c39js6e0atrln8a3rc7893p70v6,loopr-ust,39882883,0,39882883
terra1075hty57j0juya4zekgrkc8t828qg5e4lwqszh,loop-ust,440954,0,440954
terra1ner5hanuyualrht7t97pdmwls9gsqynsddr89d,loop-ust,801165,0,801165
terra1ey98y889vn9h2w7mammvjw0efmxlzrftjnllxw,loop-ust,57674595,0,57674595
terra1tr5jehjsalqwry2euwekvykguxvusp548gjkqs,loop-ust,4661806,0,4661806
terra1yjsgq7p88s99dcajp3affvv8y23rpry4hj0ats,mir-ust,5484426,0,5484426
terra1klt4nm5nhv32y7skt2cp68aervmgd9eky6lv5t,loop-ust,958908,0,958908
terra1gcrz6krqkw3jujnnzt96u46m6euqu37knek4gr,mir-ust,444618191,0,444618191
terra12yetutqvfpg0xhgvv9ydm2ummfpkvl95yakjfk,loop-loopr,2902708136,0,2902708136
terra126ryugu70usrf27ux4qanxr3tejd65v4waznzj,loop-ust,1427293,0,1427293
terra1tfhycp9c48c46whvvj9uc0vvc8vl7y80jqccw0,bluna-luna,99640,0,99640
terra1dgea3pfnegq6jx8snv83m0vh4dwg64cys0y75v,anc-ust,9308751,0,9308751
terra1le58zvxx4vhlrtkq6279vka3mhzdquzsdm7k05,loop-ust,900584,0,900584
terra1mpdrx8fqwnqrva5ns6lq5e56xj4w80rmfss366,loop-ust,74598046,0,74598046
terra1ctekac3gla4wrxz2kum4px0mnp5e8wj5tvn6p2,loop-ust,7426286,0,7426286
terra1r976vv6sd6t79jq9ymf39hhkhhtd6w4r2n7yj3,loop-ust,1787785,0,1787785
terra140dvankanllrejzratjmh822dnc5rvadpnwej3,loop-aust,17404616,0,17404616
terra1t5hqvv3jv8xfhgysc96gu362fs5q8mp7ty4nl4,aust-ust,901125018,0,901125018
terra1dhn9mjqvjhzrqarm05t7cv8elyuajqfd47nhdu,loop-ust,915350,0,915350
terra1t8q57ht4tk3qydtemrja7dxz80x3msg64x7dng,aust-ust,895696,0,895696
terra19xyv0dntutyfd7s9k9y30yakst8ycj8yynahd4,bluna-luna,14979731,0,14979731
terra10a2zzphj98zlc0r0wk2em75tyanueavjecdmyh,loop-loopr,480490585,0,480490585
terra1736kfkfcrwwd66c3dyqtt83yz256m4ep6czeuf,loop-ust,8935091,0,8935091
terra15m2jarxn8r8kvec5w0s65mt80suy6pamryvnep,loop-ust,516948,0,516948
terra1t8xr0xc5xvkc68qy4xmx8aw8jzy0qqll3nxlka,loopr-ust,42792713,0,42792713
terra1xj2zfe2ytak953hwcs500gn3tx5suf3m9vehyl,loop-loopr,106564172,0,106564172
terra1eeaglm0p0u7vnftwz0ugmk72uunk7r49ltzyqr,loop-ust,80982,0,80982
terra100pesppvy4utsvalwxqlmfrm68rv0qek2pajsw,loop-lota,288328,0,288328
terra1uce5asa2ru69qe8l8ae3de7z8hg3rl3q2z8zt8,loop-ust,2282042,0,2282042
terra1zcajmqu5r3z3udwgp2yyfc5apvt2wq4ylpahuu,loop-ust,4719450,0,4719450
terra1fjquyucxhek7ut7h596mwcrhfllyr8mvurfpmx,loop-luna,276479453,0,276479453
terra1u8n59xksf0k63fcs8lvrzjm22due3r6wh7g9t7,bluna-luna,528294,0,528294
terra130ukvmkuvh98wutqnynhcuyrqtlj53wm3wyw9l,loopr-ust,851733290,0,851733290
terra1hszl4wmmceyrpjyngp37g3atsydzm0aetndgcf,loop-ust,45928991,0,45928991
terra1krms60cal45zf5wkehp3pmlnnk7jnkyd385jp3,loop-ust,71448699,0,71448699
terra125zlt43rc7qk2dhdtanyqk3t6dkcru2fdvlrh7,loop-aust,9618012807,0,9618012807
terra192ulnpd5c3typ7n0ncdg3am6exvkx78c3wvzmw,loop-ust,1606768,0,1606768
terra1gll8gyjsnhetjuaxtpvmndvl3jeqt5ugrexank,loop-ust,865597,0,865597
terra128gtpyvswhm42nkucdqsqn30wsqqh0xzh657e2,loop-ust,448564,0,448564
terra1mnnyr93wtcflvcmk09tyx5f4due09qqp7vmxen,loop-ust,9398477,0,9398477
terra1gz2rq7x0uak8392hzyy395ae6sj50ufl274yu5,mir-ust,44305488,0,44305488
terra1q4jxemdyvjk448e0yah0fpev6fsgcj35lr5ja0,loop-ust,9572247,0,9572247
terra1r0fvdcwl398has3fpc343tzc0hd5rxypms6c6l,aust-ust,7146584056,0,7146584056
terra1wds580y3939rqjrh50mnajs09ndktu9h2xf2xe,loop-mine,133469322,0,133469322
terra1e7t5hjjzujf5xpcm93zjug6g0ce03zt65ysp8f,loop-ust,2128434,0,2128434
terra1e9nzamepdj8jqvrace3lacmfd8ug8cdj2ydevh,loop-mine,5707165,0,5707165
terra1ccvtwvwa8hy7fhfrq6tu5zctehajz4k0yrtpjc,aust-ust,1364662016,0,1364662016
terra1zaerlajluzk29ju9n4098hlva2qffcylfa6p09,loop-ust,901207,0,901207
terra1d38dqg5qcal7eqzg42m56rmt0wke5wvcxms384,mine-ust,15707,0,15707
terra1wt77hj7sjrrftfvgs7asgdtrcgx4mfyalljzht,loop-luna,30036168,0,30036168
terra1yfuh58k0882chty4df9yyu2ucpeqc44lsyn4nj,loop-ust,1450269,0,1450269
terra1yf4u49wucx3jgavcytanjfaafzffllrg8d02z6,loop-ust,5170921,0,5170921
terra1mrn2jwz3475mew4k89zx288l7jayw9c6j3pfez,loop-ust,212809889,0,212809889
terra17hjjsfu2r9pk09wf0cj980hpfwctkg04ugzpkp,loop-ust,65278191,0,65278191
terra1pd8c4yjjuywuwzd5scd3ea5ep27xdec7yw3wy0,loop-ust,24250130,0,24250130
terra1hety6td9kgx94fr2zwt3k0g0tlnd224vqt0peh,lota-ust,36880974,0,36880974
terra1hcduk69j7hjtpuy35qvd4fdgweeauxw9akglf2,loop-ust,49633890,0,49633890
terra1unmzhz9ngr8pn4d33wvdd4rt8fctn83efp3a5c,loop-ust,951,0,951
terra1guuevsvhq9vyr689lq32vp9adldzdvy9e5sfar,loop-loopr,2087403819,0,2087403819
terra122t9ksrzzpz3yml75hkcugnkvypt4fn2gquhsy,bluna-luna,17899040,0,17899040
terra18kewewx4wyvshpryeknra04u2n3qllad4np6hh,loop-ust,94058,0,94058
terra1nw5c3hc3t3up7hkxajx4p73rdfksaq2unns75n,loop-loopr,127031393,0,127031393
terra13evlyvgzxsp6z29wtqc2qflmky2vg6z9q2r0ux,loop-loopr,1602379094,0,1602379094
terra1nnnstvepxlxh2el3mhlkancz7a4fjmwduv0lyf,mir-ust,9108940,0,9108940
terra17zhfcmypxf233tavfgkx40p9ydglqrg9jfkcag,loop-ust,122821840,0,122821840
terra1wcvexyyxqstz68yv2nv2ey4eyrls5q3hcpusjp,loop-ust,1779663,0,1779663
terra12r3gekd5kqag5g0a7mxwx7xvpndaws09ppfx9h,aust-ust,1783046363,0,1783046363
terra1k35u5c2hk0yx5xejadwx73y7lfhga7zwhx53ak,loop-ust,15371909,0,15371909
terra1mnc5dejrvcjz8a2n9vcnn8066jrk46pmjdla8a,luna-ust,19215301,0,19215301
terra1d53vnr58gyzdw6vnlcuynh8ulhactlsshwawv2,loop-ust,1882666,0,1882666
terra16wqpup542766vggxgdwlzn53ql0szwxw67t0gn,loopr-ust,6808084,0,6808084
terra1ffsm97n7llltapgmnfs4r9sru2tl3elkh64rth,loop-loopr,27134521757,0,27134521757
terra1mrg22gdvcugldpcdmlffgdttstzww4u7qv3y24,loop-loopr,430717638,0,430717638
terra1h958t34w8qaze4pggt0dh38e2u9ek6lsavverd,loop-ust,11316652,0,11316652
terra1m62ce3p2yrjle3vlve4nxgn8e6gp9xqffjqd8h,anc-ust,28417682,0,28417682
terra179unn6w83y782hdle409yquve0ug579922vv2h,loop-ust,67686415,0,67686415
terra139m7zykeju8ydkw8g6r5avcwj9ryuxr73a73ny,aust-ust,23219692606,0,23219692606
terra1hkhdy8thpaen2spyaupsdwduy5cpva5sxk3tcv,loop-ust,44717977,0,44717977
terra1wfs29y54k2p5uq5sgx7gu82tvnzur5dscda64f,bluna-luna,1999404,0,1999404
terra1elhe4k5dmjhqs8jvlcneuftewg44rgpjrys7wh,loop-ust,5301166,0,5301166
terra19rduevr973uw65c27r70rwx4ahc0jx0v2cthfe,loop-ust,56891288,0,56891288
terra1x8gl6lht978cqegfpj92nt85chtdwfykkfnff5,loop-lota,239641140,0,239641140
terra1jg5ac76csvn2gx6j8dxp2ccas5cy72vegmstn4,loop-aust,1919866785,0,1919866785
terra1l8v3rn2fgazg0rwvzupwfvq709fg8es5mndwem,loop-ust,5272496,0,5272496
terra1srrsaaxecry45nezjv6jhe7hv0k7qvx39p0ewe,loop-ust,572785,0,572785
terra1ux8j8xc68fww7gz0t33mrnau23stjrneg9jsnx,loop-loopr,71863138,0,71863138
terra1q5my5v0kmlcjqq2tze0jwgrlr47pv7mflfgdt2,luna-ust,8708192,0,8708192
terra1rlwv79fdyflsdz0sjq8hc3c6eu9xruspnzzzzk,loop-ust,508493208,0,508493208
terra1mavck66l36xajfarxk7yy6wdzjudnqaa7z0wwe,loop-ust,462357,0,462357
terra1n4a8kgmc8vyqvnznjetjkyxtkv33yxysw6w7np,loopr-ust,62293013,0,62293013
terra1psdh934mwk6s4wx93v0anzh6q90uxkx5p4dc6g,loop-ust,24563867,0,24563867
terra17zdxev635g0cu8408ckazlx9wz58rzyhus0u75,loop-ust,33502920,0,33502920
terra1ptm4pztg074lymn4n78kgpcvj98an0f7jmqxdr,loop-ust,14591859,0,14591859
terra1k739mdg25r0chpufhu7ga56lj9zu59jhqad0d6,loop-ust,151943213,0,151943213
terra149yy3qd7map4rphhsmcmkmcgjfs4t92gqkvhh0,loop-ust,4599281691,0,4599281691
terra10sjjnya29saffznelhsxsjx9frs335qtsewv69,loop-ust,9497197,0,9497197
terra17chxnc76d34wuwzg9lx0w0el2tv90te6xan829,loop-aust,626325961,0,626325961
terra19uct0wua64c9r9e3e3w4mrzxy0c6y7npppqgwt,aust-ust,567879789,0,567879789
terra16kj4e25dtj4m9l9t29kckfl7cy7k0dr8k6huxw,loop-ust,951,0,951
terra149ll23eplres0avchean4wkv9uh8as57zdp98e,loop-ust,34588360,0,34588360
terra1760dqx9kft6ggc4hmejqu0v9fm2quhe3tch9qw,loop-mine,1626519994,0,1626519994
terra15shxmmv35tjwjn2xxf9sh5elp9r4hla9f6g0qu,anc-ust,1174981380,0,1174981380
terra1qmrkd9rk35yaqvx7yfatxyujh9ctlxkgh3qh5v,loop-ust,1033767,0,1033767
terra1g9srkhvmfrnsly2p66ycgwulvz24rqhwwxaug3,loop-luna,4532478,0,4532478
terra19rugc38ywu6qklqtuphuemd4mulrlc9erxkhjm,bluna-luna,39600155,0,39600155
terra1d7cwhgzdssa3n4m3nwegtmseza7n7k675a7ff9,loop-ust,4887066,0,4887066
terra16z5tdywfvqxgv7q8h0m7wzmct4hmkf2vvcuq8e,aust-ust,163925727,0,163925727
terra1cnjps92renp2x83hscl4l0nh7ew75l6udcfdkf,loopr-ust,43886929,0,43886929
terra18v0ccevpsld28zpuuv46yrzgegrkxpkqtnaupx,loop-ust,289664189,0,289664189
terra1m39mfdvrzzthg5n70wrsuxcf45j4wd0gv5hc2u,loop-ust,951,0,951
terra1yktr05sflecxatayg734yj69hf2xyrneqmtmc8,loop-ust,1304382,0,1304382
terra1xdkxejgkd5k6zf2lfdw7m5c3qepedl2ddu88zp,anc-ust,95447377,0,95447377
terra1lwk30sxvr48qk8pfpj8tc0d504e9tgw4ea9nhf,loop-loopr,6345208,0,6345208
terra1s4gmfetsxhjvwhdcw4ehg25fd9e4prj053qdlx,loop-ust,4822219,0,4822219
terra1kaxqvzcy8u3sl9px4r2swdtw0mpy35ea84c94d,loop-ust,9836154,0,9836154
terra1y0ug3g4r08ard35sxqvn9d96zkxzxp5zert9mx,loop-ust,37117466,0,37117466
terra1fzhej0zge0lzdlammg2e22znasyts507hf75qs,loop-ust,6406884,0,6406884
terra1aysh3d2mlgh2kndj6w3kceflc62ww355qa4v65,aust-ust,62832420910,0,62832420910
terra1ggk7eh4ec94j5f39ktfj26fatvmk20aa5u9lf3,loopr-ust,14422357,0,14422357
terra1vfgx0aa7tssnymzp7twuldtry63fug4he7z32t,loop-ust,14907659,0,14907659
terra1fje8hll60z95vv59sgzmdh782uvtnlyrnp2yw7,loopr-ust,6122042,0,6122042
terra1v4kerfu0wwz9yc9rc0r3cfhed5zezfdye62ean,bluna-luna,22503194,0,22503194
terra13jsxsaru5vq4hyxkh56fu0ey83rk23wwdlla6a,loopr-ust,413312037,0,413312037
terra12ns69xm94rp2enw2pgajt70kdnswer44n5sjst,loop-ust,936047,0,936047
terra1zqzs5ewlz87tdgm0pq44a5rdk5zvrlsqnf24hk,loopr-ust,673843407,0,673843407
terra1t9thawx8xd79z5ln6sa2fr0hxaglehs3lxg3l0,loop-ust,12168960,0,12168960
terra1lnrw6wd0agg2hp9k7p2702tc43fw6ej68ald3x,loop-ust,15986467,0,15986467
terra1ur5snkc2xk9h6tndahdad0mcxvhzhxuujere9z,loop-ust,6665320,0,6665320
terra18ymr7sdlhwvm3ha6ctn060tz56t0qefaqa7qjt,aust-ust,1789229978,0,1789229978
terra1ydrc4lm9pl8dpms9qftdf9janvl2wf5ytzmkhl,loop-ust,1005642,0,1005642
terra1v3vwvr83c0sk48gsdyx30eddz6swgv2kvy44p5,loop-loopr,685783764,0,685783764
terra1eepkcf696z3qat0xmfu5ezt07dg4adu7gaquke,loopr-ust,169782779,169782000,779
terra15m6a2uh5v6yz9aqjqu4uxsn8trx4m6rz8m64tm,loop-ust,16356222,16356000,222
terra1q35j90c6cnw357hau784553ega9906p370kfz2,loop-ust,22527218,22527000,218
terra1wpg32jhp3qnaguyayy6phxhz3kpv2c6reg9lta,mir-ust,349879180,349879000,180
terra12mq0ggp3jlsx8pdd3ukmqk2mp28vyalhgs3352,loop-ust,9591810,9591000,810
terra19k3s3gv5pfm3kh4utry9ty0hsulc2n8sv5shu8,loop-ust,602123952,602123000,952
terra1c30tjl2yf37zn8y5fv2n4lgydk3z89fwl56x4n,loop-ust,178229408,178229000,408
terra15wyzl7jh6zh7cnlnrspl2dgf049mk95ngukml5,luna-ust,1660055476,1660055000,476
terra1srlplp95ls38t6z5qmfka283tsla3npvkmxtwr,loop-loopr,8920707483,3521605000,5399102483
terra1gy49qugz2hxcm5su2ckr0egkctp2hrfgtakykz,loop-mir,150275916,150275000,916
terra1z2g830s9mr9e3leesum7jqxun7a8dzf5jec430,loopr-ust,1176856868,1176856000,868
terra1zdcl9fgp0zm9mwxhltn33szxy824ef8u3r0g9a,loop-ust,67890431,67890000,431
terra1d06ugj65dhy6fgrtqnzgsu5etjqjtk9zmty2h8,loop-loopr,98516063,98516000,63
terra18dtn3mcsxx4zxvf7vc5vauump5mm2c58xru4ew,stt-ust,46325872,46325000,872
terra1hzrhnvlfmdjecc70l6tf8crdddv57pl7fsgr5d,bluna-luna,40141799,40141000,799
terra1gn7dy3tfnrut0shzh0sejwze5u04p3ynsuwdul,loop-ust,6074852,6074000,852
terra1r67mhzju4sn544x32k2gy34hezm7hy7ey86mzv,loop-loopr,2953002,2953000,2
terra1gd7s4pn7udpuwl6kgjz979evjkxfdhxenqt3dk,loop-ust,30137587,7534000,22603587
terra1w4ndjrgkmhp3ecxydsqew4q973klecrffphtx3,loop-ust,11385546,11385000,546
terra1ce8392xhpfmnyufms57elwd97rtrupwxcjqg3w,bluna-luna,263002801,263002000,801
terra1qdvpzftrqmxxastarqye68lql655ejmr0sk0vn,aust-ust,898805573,898805000,573
terra1zycvuqdes6yq0ppffxrzymd8xlhsmtppun3akj,loop-ust,797325366,797325000,366
terra1gkqrm7ec3nr47pyn402ndzm9ycyhnuea5z2vpu,loop-ust,22872767,22872000,767
terra1r4he2ynwtkhm83aqc7lej0s2mtuy392960dthn,mine-ust,65705504,65705000,504
terra1rjghca89zyv5gedm70uzlynt2s08spavkwrtw0,luna-aust,23088640,23088000,640
terra19daunnkndfn2twx4ued2gzp4xan68mea8lx8jd,loop-ust,29093455,29093000,455
terra1jsqv4fy4dkdjt6ltu04faarmu9cdhfejwt2y0g,loop-ust,116116880,116116000,880
terra1zgc0gwtavpyg64svv2nh2q9896eqhv0yp4553e,loop-ust,11880816927,11864804000,16012927
terra154sgvc3ywrngjxvd5rhm7sgaagxtu58qd77s7d,loop-loopr,632666211,632666000,211
terra1z9cy3qkc9kq55xkdp9awd8vhmtp6n6urrsvmeq,loop-mine,115171982,57344000,57827982
terra17r8ah45879dl6vqp2ph74jg2fakpkx6tksyyks,loop-luna,54865580,54865000,580
terra1282sn8mj3ut6myyz57q0nef6jdk06kj69ekjfn,anc-ust,230122521,230122000,521
terra1qlqfdt93yx6lvydcak6ksqcerfdmcf85kq88lq,luna-ust,26486782,26486000,782
terra15xnn5f8f6fszp5fz7yzvhy00mgsdvyd8nz0xjx,loop-ust,16734678,16734000,678
terra1h3xn9248drlm8mts57cxvmyja23uupvk3kwcfw,loop-ust,75142059,75142000,59
terra16ssu5qp0t25czfp5sky7mmuaka5pxgfye4yyxp,loop-ust,391696054,391696000,54
terra1np9wth90u64kw0cdczz4t2dauc9awmh963mhsk,mine-ust,262408583,262408000,583
terra1n49xanw3urffjtf7tr9p3halem93j66s5hlfk3,loop-ust,7558592,7558000,592
terra1m0q0fzxz7tgr8f4uuz5eantdk9juxp3qdnx03g,loop-ust,5089929,5089000,929
terra1aayw0afj8zh67qpkzrsdat5ga0wxsnnn30lttu,spec-ust,6403388,6403000,388
terra1xyaax8v25u8d60j6dm59cqfaprqxsru4dj3hw7,loop-mine,4125120371,4125120000,371
terra1l6le2p4ut8kyc2qcaua36avq29zgyfd7wda7hd,bluna-luna,6844732972,6844732000,972
terra1kuv74w0jmlu4qu2tfdnzt04s5qxdw2625seslm,loop-loopr,88734686760,54370852000,34363834760
terra104y76pa2makag4x28rvh50umqd55lvnpx279xm,loop-ust,40781527,40781000,527
terra1nun2u7zru2p9h2pa3xlyyvu39wenhxlx7jlzn8,mir-ust,1131647,1131000,647
terra1vpwnh3jx0aquhdt4d4jujx499ssfvuafcc59tr,loop-ust,6286902,6286000,902
terra18srghdgsapdse5ctjgkdlk3w23h5jp7svnegy5,loop-ust,4346596,4346000,596
terra1v5rhhpa6sk9xte2sw7fwskav2yynvanc3ykprc,loop-ust,59756112,59756000,112
terra1xwkq8qs5fwdr93jycykaeclkfp7z26shk2v63q,loop-ust,1638639415,1322639000,316000415
terra156w0r4a9z57tpmccvg0u30jn4yjzk2y74a3px3,loop-ust,57899829,57899000,829
terra1c2dpx9lkvp27xuzss7gynqd7stsdte3m8p7rj5,loop-loopr,2141920029,2141920000,29
terra198kray3j3767k9lrzj4qw0wr7zjvsyx0ezgvrd,loopr-ust,38718330,38718000,330
terra142chwl6vr60mwyhmmgtc5vtc6hvw7md52rn946,loop-ust,2951653544,2951653000,544
terra1zfdrzxpn8c88wv89u0nt8v0d2nq3kauuk7rdhd,loop-ust,40166531,40166000,531
terra1vmle03zcdxlfx4t4g7wyvzldjfk9dl8mr9tzt6,spec-ust,11010726,11010000,726
terra1089dh6rqehev0yy06grtde46erswy4ddyxcpv5,aust-ust,14307277734,14307277000,734
terra1449ptsflllsj5w8hhyjmaczv6z54pw8nm3jmys,loop-ust,8186092,8000000,186092
terra143mcltrzsfzdy4cdq4lfjcxv69z77rk3ahw8z2,loop-mir,168000646,168000000,646
terra1ufyl5m20whyv7ewu8n7vj0w38tc2cdu5u8snqs,loop-ust,9027495,9027000,495
terra1an6x2f5qxvep4q4vm9sw0l83sc9pfswrpqlwp0,lota-ust,101829353,101829000,353
terra1gr9fmuswmdhkf5ac7fuk9y25tvwzxpcneygdk2,loop-ust,7421370,7421000,370
terra18t2825d85wfv4kcy53qjay87zaghzgr8xcj4xu,loop-loopr,2671049085,2671049000,85
terra19wcy3yvjcur49asxn9mzjaldaysmh9xlsp058e,anc-ust,899712228,899712000,228
terra16funt35h4xjvzyucsnsumqytpqsdjfh9yt3jh6,twd-ust,9349768,9349000,768
terra10k29sv63uyhlcgyvetqnava8r9mx7847f83z6w,loop-ust,155482829,155482000,829
terra17umtnrfwvw9y6tmlhmje4hp6yyv0efqnd7tze9,loop-ust,104581009,104581000,9
terra1p3sxc8k7ntrncuwhessy6kapyarf3ph8p9zh39,luna-aust,23431022,23431000,22
terra1kfcu5q8vamz693rf4agsjfskk3k5y9f8nm94fk,loop-mine,170045184,170045000,184
terra13xvy976cqty4rv7uq3ynchf7ctdsa99we0x5sy,loop-loopr,487005385,487005000,385
terra18kvddhqwmzuxn5jp4fdwt296dh6xegpmqr9nm2,loop-ust,165762306,104328000,61434306
terra1yglvhj25wtgumrgvks7g2qstuln8ggqxc2j6nt,loop-loopr,1398967282,1398967000,282
terra1us62qvng9rwjtmw0dg2y06ndsxmcdv477dhdfd,loop-loopr,78044142,78044000,142
terra1kyu6c5urt9dd7a4rqvs5tq6at6menkhrpfuhaj,loop-ust,1973051,1973000,51
terra1q4mgwprkync04zdu4jruqjr7n9lj2trs7678nd,loop-ust,36351413,36351000,413
terra10t429c97apdg44pklf4pnw0xc2kf346dg6e955,loop-ust,2362579,2362000,579
terra109903g3fglw7mrcrj25sh3rgc36nn2gxgg7mv9,loop-ust,6703132,6703000,132
terra1shntt905wggs72v9uv74zf47nnwqtw4yq3skwr,mine-ust,123173385361,123173385000,361
terra195s3mz4d2zv9gjlluq8cf0arerqlg5u4k4hfe4,loop-ust,1612718424,1612718000,424
terra10cjwq7llqgywvq54pkkqtmj4l3dh0x2ac0zetm,aust-ust,5409161156,5409161000,156
terra1zx80hpl5pdnwwultev4fsj77kg26mpc6735k7j,loop-ust,11328926,11328000,926
terra1ckfg8aje29ukqcnm5xl3n758mfgxkterxu2z94,loop-ust,121639129,121639000,129
terra1fk46xcumfdfslzlnn5sdzl7ktuu4x999u5gve6,luna-ust,14880271,14880000,271
terra1jxehmqfwlk3ll95trhy8a8eqf63573wfz0rxay,loopr-ust,112676722,112676000,722
terra1ss3fcfzj3l23q0gkvmqn08w7ssta9ry2z72e88,mir-ust,147265757,73769000,73496757
terra1wqfxpzm508ejuv5a20zv4xa4pqzz48k3guujhp,stt-ust,1436783037,1436783000,37
terra1w245udy030eumrcs9v4wqulz2aqpaarcx8s6x8,loopr-ust,1968147655,1968147000,655
terra1al3sf6fzfsxrehpll5f2sqhz2z5tmazx92kx4h,mine-ust,139162328,139162000,328
terra1wjlxng0f47n3yvukdnlfvayjungtwn4mvrc7ql,loop-loopr,1720101731,1720101000,731
terra1nmt5mjxnpsse5skdzzrjfc4zrrttwc3srp2ck9,loop-ust,5203599,5203000,599
terra19mnffywyhfrwnfhekgsj87xv04r7zwdef4ph7t,loop-ust,6487012,6487000,12
terra1uefy03d87ryt8p2mgsffn6cdqx4cjpltgz6kle,loop-ust,11715641,11715000,641
terra1rfj5yvw4pskvmqn28x4p9nqzz44uacnkwr5d5t,loop-ust,144097045,144097000,45
terra1heyxw7y2nlyheqy5m4jfv7v68krf9ckwz7c9pn,bluna-luna,593442311,593442000,311
terra1yh6qadwlz0cj4m2vfwchqqanfqejgpenhwvc0m,loop-loopr,160057107,160057000,107
terra137jr5n77j7scnfm9xdv33yru4hzrhgdxqd4q37,anc-ust,316662875,316662000,875
terra12avt8tvvkdd4ner2g9t0uv5rcyj85k0dzaxf34,anc-ust,311863211,311863000,211
terra18csluyelp46gvtfy7q32wme93qrxdfzqsnrd7l,loop-ust,66702916,66702000,916
terra150f0tw3cdkpqeccn3qy7wxy3tzfcppmk3rprya,mir-ust,117276824,117276000,824
terra1mtw7vzm7tuapxhshtcf58vz3dhwxkt7gts5u3w,loop-ust,55343392,27630000,27713392
terra1zcfdvw3s94f6ky9t6ck7e2g70e6zjfda0vtdqn,loopr-ust,362391089,362391000,89
terra1calq5wgt34ue5tdk0ldgj6mw2fxfmn9e62fryk,mine-ust,515678017,515678000,17
terra1fr6mtl9246nvxj09g0s25evt8ckwp0e8fh66c7,loop-ust,26442368,26442000,368
terra14rhxm5szhwg3rdzq3yc46vpjhqfsfuupn92yfc,stt-ust,277087093,277087000,93
terra1jt7vhm29j0xq4g509ymq9m28dechsaqdzx7t8p,loop-lota,2102007812,2102007000,812
terra1a6g69kvgrkt45a5he59v73p9v4uh05ex7vqlyy,loop-ust,188875394,188875000,394
terra15kcdq7g63d8sa7g8049a3uhjzr40la2vzz8wdc,loopr-ust,7258870134,7258870000,134
terra1we6xnhajhrsaxsqrft9cxurqcx02j23cmg6p0p,mir-ust,353563891,353563000,891
terra12r576tfjw4dalpssnwrc569jts2ezpjuue7s6t,loop-ust,11965857,11965000,857
terra1rkqkhxqn9fxac4fvmr4aszzcw7074j2eyezhrj,loop-ust,541951776,541951000,776
terra1nwudag2rtyj9y5j3tydl0yhfyczjy77aq8pc5h,loop-wewbtc,52325668,52325000,668
terra1d9sqykyty3kn0vz9dvek8lpymuhfalf59d0lm5,loop-ust,287087205,287087000,205
terra14wttqqwgh59g76t7nl0p3vx9rgzfzz7747qqf0,loopr-ust,596641649,596641000,649
terra17z5dngaaqmdj6qmmsdqjdkg664d72rptu7ypkz,loop-ust,189262524,189262000,524
terra1wreaqqflg45s0lfmg2kw0aqfqrh6ar82ur88e2,loop-ust,3868362,3868000,362
terra1kxdg90x65fcnhefwwjf4udxtmnl8lryzhec8p8,loopr-ust,137096834,137096000,834
terra10mh5pu2spds3nw0828px3hrj5znslum6cxf5g2,loop-ust,5805637,5805000,637
terra1flmps4p33easmqlhr39tuumc3gxqac0l8wcfyr,aust-ust,4939534043,4939534000,43
terra1t9j0r0t48x0dl972y769hnvh5y7ppv690jftkz,loop-ust,6103949,6103000,949
terra1zugy2t99cmtln0gdcnuneyw7h4qev6j0slxq36,loop-ust,109119497,109119000,497
terra107d638nzhwu30vmhzj0pe8tuvyr9zu7nyaup6q,loop-ust,929437882,929437000,882
terra1st9a2kcxx204xxxkk0x8d3xr2fs3ec0jhtrgtr,loop-ust,44526042,44526000,42
terra17p2sfa24zag6rkn7wlfj33lt85sdcp6cnugt08,loop-ust,14706597,14706000,597
terra1gqcnm9vp5h9l4qt5rqetxq6arp7lfh4epalll7,loop-ust,122253501,122253000,501
terra17cj0a5wj86qyx0xsz2ach9kn384dfyal0yeqcm,bluna-luna,297593189,297593000,189
terra1vs43qw9vhwd2fw7gxw65jlq4xul748r7uzj37c,loop-ust,298637778,298637000,778
terra1ag449xakvj78hvyzws42l7gf9tzen8fk0sv7cc,loop-mine,17832736457,17832736000,457
terra1tpmk2h6kmf3jkzhkzlzdp6avp0h6xxnrwgcvs7,loop-ust,1712542690,1712542000,690
terra1ptnvf4xncgz5hwmpxpwf9wy8zk6m7qv6tvh27x,loop-ust,35275268,35275000,268
terra1gkuxw277em4grav54v3knq2k924vu9w3xx6zlx,loop-ust,27627106,27627000,106
terra194nepprw4xvwr6g3z8p9d7hhqp0vg3k9z788vt,loop-loopr,1598109251,1598109000,251
terra1d2vxptga4yuxl0u329naqssywhmjn9m3z7f95f,loop-ust,55383691,55383000,691
terra1chdplv5ts62vhjqs400wy9f9vfepewe6n0fe6r,loop-ust,44953412,44953000,412
terra17dr654ljx980frcg7lnkxdfv69ptkwzku6tku9,loop-loopr,55729420,55729000,420
terra1e5ag4a5wlckwzlz4wu87p6nxjp427zpmc474zg,loop-ust,3444848054,3444848000,54
terra1re75x3pmvmvruyqn9p36uru9c6mfg5y70jljm8,loop-ust,1001183460,711644000,289539460
terra1mwfl7e775vkqxm3ryrekr7qduskjcva4cw73sn,aust-ust,359270206,359270000,206
terra1qa4rwmq7zefnrr3rd9j09k5wy0fclkw3ad0kxr,loop-anc,59908386,59908000,386
terra1p290hngeh3d99quf4eh34zeuru3aqw5w5yj83c,loop-ust,13217901921,13217000000,901921
terra1yq75kw0jxxz5cq4fte4ly5l36pztu805xpjzcq,luna-ust,918441,918000,441
terra18rwg4ljlsjdcpjv82luas7pnq6jtjjcu0jqwm5,loop-ust,393077915,393077000,915
terra1hvyvvlhwvlnczhk9ez7u36qgnvej7aqqlx2c8t,loop-ust,24884296,24884000,296
terra1fpyed9q3xxflgp4yn7d3u5a0pv248h3xa364mr,loop-ust,214299438,214299000,438
terra1wtvhl4xzr084r7h8vswzg6krt7qhhhj4wq08f7,loop-ust,43042969,43042000,969
terra1906mx2pclxh6l38z2alnl28pkpam55yf24pent,loop-ust,29057781,29057000,781
terra14eyhmuyaulcxz9l8qd8q8g5n79zhzvfjy8ghun,loop-ust,536330726,0,536330726
terra18xk8dxq72hwy8vmg6vxzpg8dpgq45cs8hy9vue,aust-ust,4534301544,0,4534301544
terra1uqnqmyj9s82tqhyajj48keuesz9syrzgglrny5,luna-ust,8163256,0,8163256
terra1fn5p9juy4e8sscxdf4nr8e8sk346jv97h9k052,loopr-ust,323237874,0,323237874
terra1vw69w04tdlsc4a29pxzenxx4j2w09quhysls84,luna-aust,3583568,0,3583568
terra1npd9rwuxewmh50d7nflj6celnurwrmgq5mztd9,loop-ust,20611306,0,20611306
terra1h9fwuz87h7wfkmackhq340l9qht2urjx3lfhlm,loop-ust,167770225,0,167770225
terra19tada2qnteac6hqnc75yrr2s5e73feyfddcsgf,luna-aust,480461081,0,480461081
terra17wdttmdy8475evzxqks7emyynrtetuf5sx79e0,anc-ust,270931144,0,270931144
terra1dukdzfrsr0r8qg4uter2w5pe6smkw3dsy0was5,loop-ust,338897727,0,338897727
terra18w04vlhf5ayq0t3mj2ulefxpsy5dzq5wcu494a,anc-aust,299657276,0,299657276
terra1y97z7knmkkh77je3jprdnez4lv0284nz3um050,loop-ust,2042074,0,2042074
terra1cd3ugr344zykx7vr5ceqnqu97l9s4lwl6q226k,loop-ust,13525566,0,13525566
terra1pkmu5cjz0vkup2wly4xhmlkstaunky5luxkqy6,loopr-ust,989207315,0,989207315
terra13emcw3zwmaw77psqg5rgnk82kzf8fwaqdwxusa,loop-ust,10666399,0,10666399
terra17wcuffq97s3pkl3yye8xckm4xjsnz3wsk64jcv,loop-ust,94047,0,94047
terra1uk6mvnl3lj43kryh7z5zmexzjwzheyhtlrwy3d,loop-ust,646962599,0,646962599
terra1qlkfevulh397g0jc9satwpsu9nxgullz64cxs2,luna-ust,54729801,0,54729801
terra172urryj69lggqx9gns0ut2yfpwxg9r52rgp84k,loop-ust,48821869,0,48821869
terra1y85p93sagux0mzpnpfd6xa7xk0w72rvu7gs6qh,anc-ust,835691148,0,835691148
terra19kvhwwxj6dehfc8hs6qtve3dsu8nvp6mmmc6ca,loop-loopr,13613436793,0,13613436793
terra1frpptf26rx3v6q3e3ke83sd86ze2pse7ln8yqv,loop-ust,1961357,0,1961357
terra1zzz9d729qzjy3m7d6vtzx9s2annj0qxj7zgkdk,stt-ust,39746265,0,39746265
terra1k76f47qqreuu7pe9kuzw9vfx4fm54yadh9ak2w,loop-ust,2597760,0,2597760
terra1f9r220dh8ll97xyrgas3dtwt9q6w0mkkjgr2ur,bluna-luna,48156605,0,48156605
terra1rhxd2cq00g8kzu9n8xm8nagfcqssm56mjfdseg,mir-ust,223635394,0,223635394
terra1q8vwd902tmzjv4lp47fthfjqktdwf2pjnxd5ht,loop-ust,2056024,0,2056024
terra13tm7wkul7nllpwaws9dg6cl40jj400talhm9lh,loop-ust,43539794,0,43539794
terra1ymx6fvvupwkql4cf3hek7hc5ysp6m6grdl0sfs,loop-ust,868848,0,868848
terra1tnuff7ne6xtxdwcaqf4p6057udgvjfzlttvh0t,loop-ust,1073653,0,1073653
terra1l8l6qsw53e87vr8t3s68dw36yj3hfe7f576xju,aust-ust,365989962,0,365989962
terra132lzqpxw3ktcwz6sxn5zk02dnsrgmah646ff2y,anc-ust,27737388491,0,27737388491
terra1u4y65us0gae9mpgkfqftpe6tgaqr3c00s3t8cy,loop-ust,1044491643,0,1044491643
terra1rrp0mer7xxupecaleqegkpza8l2lkex6pds0vm,loop-ust,4764179,0,4764179
terra1u34qpnzt5mt48jpfy4n2zpjgfc8tsnzn3c9en6,luna-ust,60839627,0,60839627
terra14qn8z0jsj2wlzw9fn5zd8t85cf4x5pfeygj05a,loop-ust,4153398,0,4153398
terra144wt8jaeucylhh5vz9zdtdwn7kpzl3zjmg6sgs,loop-halo,539500708,0,539500708
terra1qucxe77ut3hgqu63xtujt8hjgr4z8sry9ywth4,anc-ust,14052,0,14052
terra1ak4xd2wklkgdljxgmazz5zl7y9w88kcnslrw8v,loop-loopr,1726904515,0,1726904515
terra1wayplk5jmhagk0edr09epkrvcgh6evpsd53fw0,loop-ust,15262302,0,15262302
terra1s02jz7tu9p0pwg64rqfpjskpzzr8wuqvlfwmyj,loop-ust,21489162,0,21489162
terra1dhnkq8xlmp4zsv8485mxzsc3ptuu8nv9dnecyf,loop-ust,4281277,0,4281277
terra14dda3xs4gtd4y68pd2z9mqzmyex2yyd0fvka9e,loop-loopr,926426880,0,926426880
terra1l708l0jzxx5uze2tqpdxs7slh3ajydjx52d99n,aust-ust,694040409,694040000,409
terra1u0dsdytrdk0kd5feh6qpfqvcssplqzrkudxp6g,loopr-ust,1671475821,1671475000,821
terra1r674q0deja98yya26vsn69re2nfv4lk2ff47xp,loop-ust,34383566,34383000,566
terra1a20pshn3s3jq4da674dnmldtz00tq70xkp3fuv,loop-ust,15164176,15164000,176
terra1v4ufy0tftwh4m0ltjgwn9kv7xnvgc46ghethuc,mine-ust,51568856,51568000,856
terra1n70zyc8wtlz8lmvttldsezaytqmkj0ll8h4yjs,loop-ust,314671272,314671000,272
terra1h37fmc7uuw36lutpljycghvje886s687k6k20l,loop-ust,385723146,385723000,146
terra17jvtad85uqz6h9uak9s3py2tz6gdeu6a22mdnk,mir-ust,284076520,284076000,520
terra1vdkavz6gg7dga5pq5t5ty5jrv6qqnm9gcwngg9,luna-ust,4349568,4349000,568
terra1699xy2qnxphcchjys3j6xcat54r4nud6tszhm9,aust-ust,536980997,536980000,997
terra1gmkxefjm26ju5p5w4z357cqufcaxpvqest58qn,loop-ust,76214147,76214000,147
terra1xfpcrxcc3k9revfypcq4nj5ewgzrtr42a6yrtl,stt-ust,849410283,849410000,283
terra1950ctdcclr9rxg68rpy8cs22486k59ew0573qe,loop-ust,93033781,93033000,781
terra15u6slggxpsyx6wzzvwlh7jdysng4yrazae20u7,bluna-luna,9992074,9992000,74
terra1d8dxw3ss5mvh7ajak4u7c0ay5ntfrun7k0esf3,bluna-luna,496938201,496938000,201
terra1m5j8lwn4wg9n26rvupr5nvuaww5tqyj57sfwcn,aust-ust,179476771,179476000,771
terra1ham8hm3d9s4frgv7uyc9gdwkcp2el5ew53u5k4,loop-ust,839700839,839700000,839
terra12d4juqxs4p0fn3lcx57kzxppfk2s9vrkfc5fkm,loop-ust,4468711,4468000,711
terra13tmrz0k3g6qhmrsc7caesmgch7wz03rkpu4ngk,loop-ust,10258230,10258000,230
terra1hgxtch3mkaawnlnxa54h2ufkumkm2n6dj88cwz,loop-ust,16650552,16650000,552
terra1pg0fn2pcw6226xjaqfug8uvpgqgvvvhtwmps4d,loop-ust,32362347,32360000,2347
terra1k8surh8k2z0frgunyksyk9a0jewagfzcjqq7rm,loop-ust,38102544,38102000,544
terra1t9yh953ly7wy59e0q0ftdt6qc9j523xffv7zfz,loopr-ust,846638239,846638000,239
terra1we97t2cfypf5dguhgm7zhcywadufu39eunfe9j,loop-ust,793958759,793958000,759
terra1kffn22y7xkrxafxlqsv38t072rr5q5k8qzyxf7,loop-ust,23978546353,23978546000,353
terra1um07u6w6hzhks0p7pqtrrm338g6yn247q7g0qk,loop-ust,4211577132,4211577000,132
terra1y897caw73cq529vdh50vlpqw8ygxfhpcd9ea42,loop-ust,26964904,26964000,904
terra1srumycmm93qg9805yr0nrctdtrpg8h97vclyll,loop-ust,18221665,18221000,665
terra1239y426emx44zqh2rw2zsgk24mqq8kwgpm4vs3,bluna-luna,2966576,2966000,576
terra1d8qgz04czy24zdzfpyllqz4nek2zk2v5atpyt5,loop-ust,3496015,3496000,15
terra16x2528jxc2que7096x3tcl7xdakat7dyp3werj,aust-ust,1604365311,1604365000,311
terra1nrg8s0wtd2z0xyl26u669qh87qcn2ql0wepvhj,anc-ust,172390057,172390000,57
terra1hpsq9y086efsuw6s8c9paem0ugdm5j6pa2deae,loop-ust,13907209,13907000,209
terra1wxc4ufxg48h56kqhaaegzljjmup53rjxj70y5t,stt-ust,9732949,9732000,949
terra1jy73htmnq4dgvty379jve4xa6df7mz8gn7t7u2,spec-ust,3300044437,3300044000,437
terra1qp7fkaf4xl04kh0x2gp5p4y07xz8jcdwdq6fug,loop-ust,91837674,91837000,674
terra10s80xdexr2mtcukepqtd972e3vrszxhvwjxvx8,loop-ust,2778719,2778000,719
terra17m2qnzpy9yeyulfr4za5rf9rsmmjsy2g0mkam9,loop-ust,22360371,22360000,371
terra1xk69rdt0qr0g5z925vhn4jqerk5pwvj2dc8hh6,loop-ust,22745138,22745000,138
terra10gzrym7netezznha44ycvdhe4qg78v3gv73ym4,loop-ust,236885946,236885000,946
terra13h5447v9w70580mls6hy3peax6cjar8vfwx5sc,mir-ust,140378769,140378000,769
terra167863rqz5yw7jm6z8z6q2c8tnelxxxfq4stw4n,aust-ust,600313288,600313000,288
terra1s0gh38dn0mpwkfl0d5kk56rkhv7w30kgrt6uc4,loop-ust,810455484,810455000,484
terra14nne30dkyywf2pvl3dtec3jw65fxyquez45kqj,mine-ust,4616590664,4616590000,664
terra1qnn3khwea24mg8mldxcc0neq2de05c5xzjcdgv,loop-ust,14376042,14376000,42
terra1nuzaggrjnmvxnzdx65ylsk6q9k5ev6n4smsskf,anc-ust,2905165826,2905165000,826
terra142pm74252xrfpjnpa0mezhcmmg0237svv7nf7h,mine-ust,17292901581,17292901000,581
terra1uucft48vak5lm4q6qmwzfn462swqvxxu4lfved,loop-ust,37524330,37524000,330
terra194c4nw49ltzh55n3k6hfyfqnp8sxemn0kwn5sr,loop-loopr,90812365,90812000,365
terra1x70jnp23rcu5usgeqhe23qlx2p3kwvkh49j5n6,anc-ust,586916428,586916000,428
terra1td3un5aw56agxa8eka53n6qrrtzhhxvkn2s02t,loop-luna,1645158110,1645158000,110
terra1lwmhsxx0ny3jma43nxhsqvrzj8wm2w9nxakgey,loop-ust,4559731,4559000,731
terra1fsawegja5434aql8sazytzvyf5dmryseup9mfn,spec-ust,60529191,60529000,191
terra1hcu9ul9623xccfyp87cwjk46y7u0g0nhjdzhpn,loop-ust,8403132,8403000,132
terra1kyneu29mgxyqyypz0y895z0lj7wmselrnlenj2,loop-ust,45124903,45124000,903
terra1j0we9ydvl4n5ux66d2326nf6fdsyhlzn0pe8v4,loop-loopr,209516976,209516000,976
terra1snzsr9py4jey00s2whr23spype9lhnflv470ga,mir-ust,942235656,942235000,656
terra1a427vw7p8awuk34akmnescngcp9ay7uju7zqp3,loop-ust,1427941,1427000,941
terra19trzdqqjut50nc9ua5ynd5h2u257y280eslzsh,loop-ust,231140388,231140000,388
terra1vm6nstcssvunvd7mmtfuj3symsvny9mdclhdre,loop-ust,3247200,3247000,200
terra1v8ealxn4q3l5cu5ma79tpzrd22qylsgry4cs7q,loop-ust,205663505,205663000,505
terra1qhc6as5gngth6lhmdzrm8ngnd6pgstkka0yvmr,aust-ust,101234722672,101234722000,672
terra13cwrqe7t84w60fnrcjcn094ny40lvuy7z0dl9j,dph-ust,231353839,230000000,1353839
terra12nnl85tk3xwzeesh9uk4kqy89r4gx0kehsj8fd,loop-ust,36512574,36512000,574
terra1fcs88y5s3qjzynh3jqz8lusx7p46unethvfvae,loop-ust,1431498,1431000,498
terra1gq5un65xlt3ru4t0l73m0wedmzjh9ffmr6g03g,loop-ust,15691858,15691000,858
terra16cwfjqfpzcrtpz23a89sd8x5qhsvqn5m5zx33y,loop-ust,183050216,183050000,216
terra1r7kyzaegd4xql99dqpe4tt54nyzqqad87gfpe3,loop-ust,63328369,63328000,369
terra173fadrjgrgpg4034rcdtjsdas69chxsnzrcjct,loop-ust,720170,720000,170
terra1k7j4w44yrtd9suq5t2xdnlgyhr97f2wm9g4s3c,loop-ust,4687696,4687000,696
terra1wq4g4nrpplzjvt6sxgedfftd5x027yh2gwkk5g,bluna-luna,5553739,5553000,739
terra1n2qlmg79detql8d7ttp8fx8dk55m5dm4ed63tl,loop-ust,309110892,309110000,892
terra1ddpqrelr2y897q838tgp2k97c5nrmly4vqpn5h,mir-ust,448121170,448121000,170
terra16pgx8mm9jrqs7epc5ys9dlwqdc8vh8qsg6lt2k,aust-ust,3570268586,3570268000,586
terra1lrhd3at97lgee8su859993exwttl7x4q65zjkh,bluna-luna,55090,55000,90
terra1vvk90jum7s5krnfdw6q055x4ghamy4l3d3dpj9,aust-ust,1656993880,1656993000,880
terra1tsl6v6l42y33e29vdmtnk9vp0ua5p2ujhf8avx,loop-ust,25725028,25725000,28
terra13x9jqud9vpxm3rfc33hgafhzncnnm76ykaczdq,loopr-ust,9262087806,9262087000,806
terra1rxjqp0g8e7g0q628ptrkcsrzca3w3pzt5tg3xv,loop-loopr,43279536457,14105050000,29174486457
terra12wjpujygnueeaxq7w4mrjlflj28k8fl07ypzqe,loop-mine,191232069,191232000,69
terra109mtsz50px7a6ttnst0q6r3m5uj2ptvej0j4c3,anc-ust,2650375312,2650375000,312
terra1qwyhk5e9v9557fk86wtagcvkkkn4w57qzh4y8h,aust-ust,1362699008,104739000,1257960008
terra1pdtppkzh0qz7mruq2ljqaj96plekxvmwd0kc5h,loop-ust,18421142,18421000,142
terra1lsntcpz9mhj7r5wqm6sdlcj8m0jk6mj2yfxhlg,loop-ust,4533965,4533000,965
terra1urc2v7xmuak7jml5cfmvpjhe0cr2s4933u926m,loop-ust,63424656,63424000,656
terra1l4d7mr657jr2ccm96yzq9fumcx3sxfeqqajgc2,loop-halo,716470176,716470000,176
terra1zq8wnmqedawy2wvrd89rmmt872df92237n4s9w,loopr-ust,3485592525,3485592000,525
terra1crt2xlpe90g6mxzlu52k54jw4f5acu3yc587pr,stt-ust,19255073,19255000,73
terra1j5pz8j3twfuw4zzj64vmmmypztmjhht80cwjpg,loop-ust,28137977,9869000,18268977
terra17vnq8wczqd88p7f4np95lrnkd3jsu7zt8l7eg7,loop-ust,58356589,58356000,589
terra1vzq98yqy240exevsu5kff9qm9u88tlv4agl5zx,loop-ust,22856156,22856000,156
terra1m7x28jafmsxr9433cklmzzlwfm6k59rehx0al0,anc-ust,1204594519,1204594000,519
terra1xasvug2hzrw6ajcce3vvvm0cuvqc9u9gd6zx6e,loop-ust,155881541,155881000,541
terra1kqswpwgnwy6f09j8sjn65tmztey068yk6m7drg,loop-mine,4763625635,4763625000,635
terra147uxgtche0raru7dedst75a7lzx34ydqn5ayy3,loop-lota,167821964,167821000,964
terra1q2ln8ujhdx359wc7kapn8hqnew60udwxxplp9g,alte-ust,221472211,221472000,211
terra1cgjausy68h4wy05w9thausuv2q55wfr7n58gw3,loopr-ust,32793495,32793000,495
terra1pqny49drgztdud7xxmthpj8vq6ut7tudp8qfhw,loop-ust,10264083,10264000,83
terra1rs5ajvf9chul3vty9skcnrpy2aax8hlqdjwxgt,loop-ust,109290248,109290000,248
terra1wc2ls5hm6ywml6kxee5nesxr4wp7xmlgsr8f98,loop-ust,48064570,48064000,570
terra1m878jy4lzc8zmq9ulajvhkxx49ymmtegu3d5xt,loopr-ust,31489198,31489000,198
terra1hq8stxpltdz7grncukuzue0ldnhz5c8hezl0eh,loopr-ust,76396045,76396000,45
terra1dhhtcywyl25up3fx9gpfhukzkvw0ezmq65vagk,loop-ust,422767147,422767000,147
terra1t0vj45u795njmugwqye635lsgspwf6y8utsff0,loop-loopr,172978388,172978000,388
terra1a4cd6v097ye7u49j69vzput492ad97g7tf3m34,mir-ust,8228278567,8228278000,567
terra1u5xsgfthl36necn54yh2mpfrnaaq9vgccc2s5a,loop-ust,12303232,12303000,232
terra155jjyzdskj3ke3fpsu5dr6gw39ktfjhx4fnxug,loop-luna,9255042,9255000,42
terra18gtkc3f6mq8uf4f8p9mq2fxeuuzvvltal6dtfl,loop-ust,7547902,7547000,902
terra1hm8du5uj0wm6j0erh3ff45un5yu5d6pcmzdt0t,loop-ust,45018797,45018000,797
terra10tauvu9lsd6hhuj64xql4gmcu2a0yllhl89vv3,loop-ust,34375175,945000,33430175
terra1h4c8hxalrr8gvd87pf385lkhfgfcql024yp844,aust-ust,92201877278,92201877000,278
terra1v7qvkgakw3gx8x0quepsrz29k327v5detw4khd,bluna-luna,92370665,92370000,665
terra106nmy3uq757mde4rgrk6qtnpj9xnw7uttvz39h,aust-ust,22511272775,13584828000,8926444775
terra18tz0zgf7ym87ulsgd0q5j9dwu7l8rx53yehd7c,aust-ust,6586250739,6586250000,739
terra1aa2jv5lnzfxpvplu50ts8z078r8xeympe200m4,mir-ust,144257612,144257000,612
terra1kmye3hge8jpth27ehfsm9vhuj909vfq2nfl5d7,loop-ust,41854448,41854000,448
terra1c4r82ckfnch8u74afy6sve9mzlyjg8d63csemh,loop-ust,1838060,1838000,60
terra1u4zcjc5vwlt9vh2uyveve9yw60rr7waz5fvv0p,bluna-luna,19950955,19950000,955
terra16gkxptmn8ln2ju5yqdl8mfcyf0h2kh4wkdfudy,loop-ust,107964563,107964000,563
terra13pv99en2zh7xdjz6sfc0hc6nuwyn5gta2fgm4m,loop-ust,86850385,86850000,385
terra1ql20t52mqfj4c6m9cas5aj5rx3yx535nl2gg0g,loop-ust,7619607,7619000,607
terra1mhsfqpcrr3ltmjl67tsvreflshgeech2x73nd7,loop-luna,7419303,7419000,303
terra1fddkum5kg7r2vunrtjtzemq7rvuqexzk4n4qlj,loop-ust,446990543,446990000,543
terra12rl0hd6j7wq9scj02hym3a9jylhjy6954g5p9v,aust-ust,16997029,16997000,29
terra19yslr5yvkxa6ralxhhdnl9v4dsnxfw3xeknlw3,luna-ust,1668584853,1668584000,853
terra1dyjmauf9qw760ynn2c4czxlu563v5wuxnz2nf9,loop-ust,5107957,5107000,957
terra15zaceutk8w5cgs55tsc4pjccr5q0cvu734dqac,loop-ust,36554330,36554000,330
terra19khdu5y6age87q6yp963sk240hn6wuv3fh6j60,loop-ust,5728226,5728000,226
terra187f3rgk4cpmgku7l5nmwvut5tl5pt4jmmkmrjv,loop-ust,6980427,6980000,427
terra1skauq8hpr3zwa6myjqtajru0qwgrdfs9zjaj3a,loop-ust,8900656,8900000,656
terra1zhdmhmvha7zj3vnl9wm008x9ayemdp2t4ruykx,loopr-ust,1084941068,1084941000,68
terra1dq44nrcfuf52euk8zc8g85z7p99prhuqc9qe7a,loop-mine,116800992,116800000,992
terra1en78vyplxa75tvhwk9axyq7essen4t09rcg6sf,loopr-ust,14281222093,14281222000,93
terra16z2k47cgy8qqxlnkgl39fhlc86p0trq9eq9zyv,loop-ust,407736407,407736000,407
terra104twfn3zcsk2fqe5ktkqkfly0asu8k7r6z9lzq,mine-ust,48664192,48664000,192
terra1uxamd4pzr334xt9ynkvv30vw9vaw8mh9gzfxzm,mine-ust,655108375,655108000,375
terra1wu69xr7p7lv80zzyteyw5m22xs02f5jnt62wyh,loop-ust,94297458,94297000,458
terra1a5gxe07vlsmgpyldy8m23cetrkmvsqt0sg0syf,loop-ust,124666186,124666000,186
terra1gl56c9qnxjyw3kuqac5660e5e7n4ksnwghnlx9,loop-ust,13310642,13310000,642
terra1y45nw2yqsmnnrf3augv0ersg5jd3f4zcx7cr52,loop-ust,35344359,35344000,359
terra1hkn9x3cz86cufqwwy9m6wfhc8h2vxzt8y5fzwr,loop-lota,65178461,65178000,461
terra1emg4nzu8aauy6yt3zrrpf04cppg64x5hqcxtax,loop-mir,4516450902,4516450000,902
terra1pkny4qcdw2mxtjxdvft99ht040jcf6hrzn96ch,mir-ust,67041605,67041000,605
terra14y2zlekmlxvstsdwl9rscdh8m8yfjtvu7gskrc,loop-loopr,3182084,3182000,84
terra156k0lfhenpujwajd9t3edryug9eeanlxk2wcfc,loop-ust,15764693,15764000,693
terra19aeg2z30ln8k625lkn5fpy9lvnxx3l9rmdtg47,loop-ust,9236394,9236000,394
terra1n6xvmas0d7yrrts5859zup6w2y0tmkzesttxnr,loop-ust,119795913,119795000,913
terra1j5sdraprpjzpv554p30vcfe3cpcv6h6npgghg6,loop-ust,2358173999,2358173000,999
terra1h2g4lautknvfaqnzud0j7tk38gdfljfkp6548h,loop-ust,425213992,425213000,992
terra1wll9sf77qlyjcdlhu330cwjm8a6fxn3jjldg86,spec-ust,8643811,8643000,811
terra1uxrz5ql82ft8fzwcjv73upttd8a3r8xqkt6v4n,luna-ust,4614557,4614000,557
terra17pe7dk0e7qh6a74zeatrl4gcglzpct882fmmx6,loop-loopr,103587327112,103587327000,112
terra190pwfln4jcjvxny93hvnz2cr4z5k87xk33w9k8,loop-ust,2793922,2793000,922
terra15m47y77f3ynxt3uzljnf670s9ukdxtsrsu46jg,loop-loopr,9819059,9819000,59
terra1sw9yzrxtrtqyxa0ty90hlnmz33p2qc9uc5a92r,loop-ust,467227177,467227000,177
terra1jy62vw4ldzv8hhztlemk7q25z85ehxsvcutkuu,mir-ust,450714984,450714000,984
terra1wyqthhd4ux27cu3rzhg8vklcwjh2v3ay9xx5ud,stt-ust,229569191,229569000,191
terra1x6z406t0ss2ewfdtmtvcyf844yaelqv6stgeg7,loopr-ust,48497831,0,48497831
terra1v0fsn6lxc5xav3hxa9ca4fgzk6vnr24ce2ur9p,loop-loopr,3460212155,0,3460212155
terra1x643h897d4rq7avvl5c4vp8y0hkql80zhv043w,loop-ust,79558766,0,79558766
terra1pa4gmyl9ajwnrzr0753ex83cgwed7pul5tvldy,loopr-ust,14327506544,0,14327506544
terra1l4xvnnf4yfm70awcy8r5drzj6wwlhy3x84tgy4,loopr-ust,298809430,0,298809430
terra1pyx86tl20d8chyr83zswph5tk3mmhwalrsdyp4,loopr-ust,44992660,0,44992660
terra182n93fdt2w4eyqm29uxxjx7gd2tnckw3w9v3vl,loop-ust,24744034,0,24744034
terra1yskvkk2uwe620aj3zuxl2caknd4pswv4lcyxe9,loop-ust,94047,0,94047
terra1ur6k3dsyr3teuage24d9tgkd3zwren0n0ph8tg,loop-ust,2112067,0,2112067
terra1ml4aph9qhk0alkmeg9zuv7v4nsh3lw3asr2dzq,anc-ust,4742710,0,4742710
terra1jxr3h9yy6rcdaaj3rj9fvwdhngxs9u58l24vks,loop-ust,2043925,0,2043925
terra1kyyxeh2pdf76ahpt60rsaqf9luj9f46ex6v5z4,loop-ust,5435705573,0,5435705573
terra1szt8lar457zs4tyvm34y6sk369anarqhm5g5ls,aust-ust,1631898478,0,1631898478
terra1wqe0v8c6cqdrcum3qjjwdc786v79uepmzplmk4,loop-loopr,10168176938,0,10168176938
terra1jl2s06kyyfm6rgmsggv5ggl6ct9gcfdt82wsg0,loop-ust,1074850,0,1074850
terra1em8c7fcc89qhjteat2dvst275zrmka6v4t3nk8,anc-ust,3666577,0,3666577
terra1dpaeefz9kms9x4e49t6ek6hgrdmz9rdlj06n89,loop-ust,292805356,0,292805356
terra1cfkk5ug6kjfas4fumm9pt030lvxksjdrs0w0qf,loop-ust,2873204,0,2873204
terra18t6f8w6fll8f6cfhtx7a83meq25hwmls9k7trf,loop-ust,1940991,0,1940991
terra1f6qmth8x9tygupfshsdajegsvc8k6sq2vrz446,bluna-luna,178877,0,178877
terra133ekycrv5d5tdd3ydaclfcrj8k0xrvyhudqks4,loop-ust,107286963,0,107286963
terra1e0ayyqmdj53jvwnq6k32q4q24rd762uyygg6e7,bluna-luna,14912956,0,14912956
terra1fkeahxahmfqd0usv92y556rd3zwk34jzmaaagh,loop-ust,150919845,0,150919845
terra1vndtf85kx434w60t9dsq3w8qdsaelljjywujkj,mir-ust,365545059,0,365545059
terra1ydy335wrf54ua6wxrcxxw6kcjp5w64vr6vaxhu,loop-ust,18404769,0,18404769
terra1pd2w9ux6dssps33qqf45kmjz6egnta05s6ah4k,loop-loopr,352440961,0,352440961
terra1h99494has7r40sqcq0cj0dczfd6lsl3x69vt7h,loop-ust,3070479,0,3070479
terra14ku58jvw8ykc26q2lt8pyzu3ua3mujffm4566m,loop-ust,2637626,0,2637626
terra1twunl0586lvqyh627lcz60xa3trx2vua4rq4wd,mir-ust,7050467,0,7050467
terra128cthtstrl2n55fhwr8l9dv8vphfhul0fzf2vr,loop-ust,38425640,0,38425640
terra1rm28drxrsqq59jyucpptv005d9p4mm4thy2mdz,loop-ust,3638506,0,3638506
terra108uqskf0vydf5kaea5hszq9eu4c285g3cw0rxj,aust-ust,4282866934,0,4282866934
terra1n847anvtr4q495lvk49d2tl59l0fcracvjjfx9,loop-ust,73841785,0,73841785
terra1u0pmxum3s7fzptnuggzejtaw74jstqrw57t67l,loop-luna,219993495,0,219993495
terra1axyanjkanare9n2750asgvzfpzyuumtm02w02v,bluna-luna,2998028,0,2998028
terra1l5nl4r4lfp05lhne6xm3sd3wz5xhwaar5949zl,loop-ust,313157820,0,313157820
terra1qcs0pwk2ml7q30l90dmjjse8tce4qqe0g459u0,loop-ust,17131939,0,17131939
terra17nwyuws7rshf2zcmkcxw9ul9sxu270fhh4df8l,loop-ust,1060405,0,1060405
terra1c5tcy5pcn83ktamkmvzmnujjtkz77wn623mlw7,loop-aust,7524431023,0,7524431023
terra1wcezfdapp0a3lszane03edjdztp5h7xr3wrffc,anc-ust,2847498,0,2847498
terra1sfcdw35lzkxyft7kxuvnwns8w75wy0ygqdt38y,luna-ust,5873424,0,5873424
terra1fe3gkxktpqd9lvwmzym0gfcg34cxzhxhhq95wz,loop-ust,1141467,0,1141467
terra1h3n4g9ape923kg4252fty8k8ad3es3wqn6xyqq,loop-ust,103936602,0,103936602
terra1f2sczuf3px56jkzlcntp9zem0u6e0kqyzpmg2d,bluna-luna,22832490,0,22832490
terra1tenz9zkk28prjt88tmmcmxna6jstwz9d4dxlp8,loop-ust,5498998,0,5498998
terra1h7kq4vw0lp0sk2ufgu9a8ukjrteng4tdj9pzp9,loop-ust,68410904,0,68410904
terra154ka8l8cqlpg2k9fgmg9nxhh2nfdn6pre3ft9z,loop-ust,3182067,0,3182067
terra12tu3np8e5c900d96st2sn4snvujjuxpv7xmwga,loop-ust,33124554,0,33124554
terra1dgemvnf93lqp6g4whffdl9x9w6m29mmzesq86q,loop-ust,19458825,0,19458825
terra1cxrafd3rxv6l0m6tzeaevs4mmq9q4wnn0jgxaz,loop-ust,908754,0,908754
terra1jgwrvjsy780hsa7sh255ypzna98mws2jhw94hj,loop-ust,1430887,0,1430887
terra1frfe0ptjd0rp4qtmhf4mn5jl7m4k7jj4c6pjk8,loop-luna,861957453,0,861957453
terra14xzuwyaye8hcu32n9yxs5rdenrhud6pdvtddqk,loop-loopr,73561053,0,73561053
terra1t6cltptg872j464qkk00qyj4ttzt8zch68fxxh,anc-ust,498010263,0,498010263
terra1u65au7lrgpzlgd2hwc8dkehu09sf2rwcwrc345,loop-ust,46926007,0,46926007
terra10n2qf63ru375m40nhxrkfhlnsn8cfj3uytfqtd,stt-ust,42761,0,42761
terra1xspm5x559rz9rdy8cjl2he32ur8zu9llk22tc7,bluna-luna,70438,0,70438
terra1z5uw5ynhnwcklpnvzvccs77k9x0lk6hyfakvvr,luna-aust,1998678226,0,1998678226
terra1acp2rn4fw2fglycgmy9ggpy7u4a4l08fv0rvj7,loop-ust,26846742,0,26846742
terra105rg9gvx934jtuwc0yfq4gjqavndkle386h04c,bluna-luna,2802206,0,2802206
terra12k72786gxygn3xw5su7m9sgxvuml04sn52fxpp,loop-ust,21253601615,0,21253601615
terra1k6uk746yxwtqgkvnnmkc80242hfetczv8mgdkh,loop-ust,25741168,0,25741168
terra1zsnktcrtc4u6z05ql8gfccnvnmp4q87xkyy7kl,twd-ust,8185786661,0,8185786661
terra1upx7qxzlnepcw48n0acwzkqf6pm2x5ulp5r78h,loop-ust,27231611,0,27231611
terra1ee89704q7pd8egawamjykc5f34wvmlgwzc3ke7,loop-ust,127179155,0,127179155
terra1220wta37lwj5lqy4uhht4mdty543eavwmmh40f,loop-ust,1835610,0,1835610
terra12yypmu9jg2chg5url5kzfj4q9l2qdycmc2jyws,loop-lota,1028732548,0,1028732548
terra1kn9wtttxuj2vg7ayjqy7rh0ncc8fheege0pq6t,loop-ust,4830127,0,4830127
terra1u8tdmue7wqg8w9vsnjlykw4gtnmfryxpr04a0f,loop-ust,83045966,0,83045966
terra14zcegu9g3p5jmfg0pk0cvuhnvcnueu5hedcefr,loopr-ust,35090543,0,35090543
terra1aap2m92rgv4j7ekrd6jxdawmjdcyc9x5qhec98,loop-mine,104222118,0,104222118
terra1js5pefask5q9t6e8ve8sqhwjtrhedxu85l2vjs,loop-loopr,10181871787,0,10181871787
terra1r6f4dzjx83xafeshad59antugl9prejvmfz02j,loop-ust,19361749,0,19361749
terra1afkd5f8ppxldwcxjvqa2d5yqvan83xfszc32u7,loop-loopr,97793135,0,97793135
terra1gy7u5wa7nsmzm6cu33jwc4sgvp50evmqug0f7h,aust-ust,4414940704,0,4414940704
terra1w99xpz2ewz29updeehp5ejdavngxn2a73tx3lz,loop-loopr,60395279449,0,60395279449
terra1y63fdygrjmnwndyuwu8yct33zv6qk2zcd7t55x,loop-ust,3286040,0,3286040
terra12wmr7fflkyqa6wvuua2wa98e3em5s4g8tht6ct,anc-aust,518494538,0,518494538
terra1rptlsjpea4trvdelvj080gange55mv7se86qjs,loop-loopr,1875931057,0,1875931057
terra1nnyg82fu069c4zzlw4vxzm3fgeng0qsg8wqvf0,loop-anc,163568164,0,163568164
terra109mjlzrgvtmllphfedm7v8wy7yvgr5e0zkukra,loop-halo,27716114,0,27716114
terra1ru89lnzvaxamxac0tlurymy2zjt6zmjze4gd5j,loop-ust,3345947,0,3345947
terra1rh7dvcmwtrtdq3hd2cpa996h0a654lw4se9dc2,loop-ust,4215501,0,4215501
terra1chd8a9hjqnrywset6a7uyehtrlly8ykvgg3w4d,loop-ust,865512,0,865512
terra10d7q4fzwk0ksrzpvll3p5u8xw7yxmflstf4arq,stt-ust,1128823,0,1128823
terra1u2p66vx7grx7mggzmwqg400lmndnjq0vumygvw,loop-ust,2285268,0,2285268
terra1sr5p87xqzlk4chvxyef5sdu69hap92spv8xqmp,aust-ust,26889343,0,26889343
terra1mnaw5sa6jvwlpjujgjppxhgpsjcd2r0xenanhy,loop-ust,4307423,0,4307423
terra1757lqxzrp7nru9nvmun7f6cjqk9huljgfrfnxx,loop-kuji,428552944,0,428552944
terra1x5t2a3t3t7rv3n63phm2h2gpdkttx236xwm4u9,loop-ust,6315086,0,6315086
terra1w8he65yuzln5h2tprastp8rg2r4hv5r5whu0g4,loop-ust,5936268,0,5936268
terra1j4upggq0u3df6fkvvq5xuuhw0t9cjtdmlft564,loop-ust,5346279,0,5346279
terra1nyk47d5h3legfjalkuuprfyzssvzejzmcx0wh0,loop-ust,860251,0,860251
terra13dulxwyakzzeyxh65u7sz3n4vcjxuzp9n69a06,anc-aust,29121742,0,29121742
terra13sppz0cdszxmjygp9q3d2aj3et6cualnx2k973,loop-ust,167688,0,167688
terra1qg2a4uzntn0n6865ty3vzmkd27pdtjj2t96zlm,loop-loopr,1644218901,0,1644218901
terra1aevsy5mtn9jat6vquzlaajqt8ukpeqhyq55gx6,luna-ust,2488074,0,2488074
terra1qdaajjzjmvhr0g0pjupj9hsdy60yqsx2hylk7f,bluna-luna,80276076,0,80276076
terra1v0qrymsfske4eag5jr3rztgpxr2jpn8wyz3urv,loop-loopr,78458349,0,78458349
terra1u6z44245pzy7fry9aeks0yxm3tug0f7famrdaq,loop-ust,961981,0,961981
terra16zrnsf7gl2ftmzud7lfut7ppqn6zdhpnpkwwz9,loop-ust,1588009807,0,1588009807
terra1j2sr035p7tnaa3x77juhh3zy6mx02sdm6lqqxs,loop-ust,1951557,0,1951557
terra1x2ndyau6e4xxs0a6s2pju350c6nrwqar3ujqf8,loop-ust,4470411,0,4470411
terra1xt4qymeftgt3lrj405lv552d6jww3n5na96mh4,loop-ust,105682610,0,105682610
terra1dej8gf4gwmt5pc0dt6gutydepf5cvkluz24rnw,aust-ust,31951095625,0,31951095625
terra102ynau3wfcm9lp6r7p0t43xrqlk02du5te3264,loop-aust,37891917,0,37891917
terra1956mjugjchwggtjvqnt5ty27qn3me9px9ay98u,loop-ust,1817354,0,1817354
terra1837y6rzt5dwq38ekzf4gks2u390zm5rpnl4e94,loop-ust,30321216,0,30321216
terra1xghhtv8tj77sgkmn03fxp7j33309wmxrk32xs4,loop-ust,2060084,0,2060084
terra19gv2atxld7ugpcse47e4wu8crrype3ckywx5sw,loop-halo,2864558016,0,2864558016
terra1hmglalv6seeh2tfjnhxydpfjmj6ftd95qerv0x,luna-ust,107524053,0,107524053
terra1w67l00u5585z2fz6s5euwls8a2zm5ptxznl2du,loop-loopr,1206466788,0,1206466788
terra1a0k4dtl6dqq8cqmr94qytf6cgvnxqh8cpshvhd,loop-ust,119941,0,119941
terra1alle3vmx4g3nqgpjm8damhz6plmfhm94dwawmq,loopr-ust,716002170,0,716002170
terra1cufsmnw2st5qv9rfayuz54h59k9tm0lw5v2n7c,luna-ust,341661826,0,341661826
terra10hfwzmuke6h0m7asg7920lja4qksnnl5uz603l,loop-ust,2325356,0,2325356
terra1ny8nhpgtz29qhfl2pww3kwl3wln9j5g00scsqk,aust-ust,9308739342,0,9308739342
terra1kn7ch7r04xtppxhnw2mhvtnwwv78wm5g2nkp5m,loop-ust,5651293,0,5651293
terra1ytfmw7a9sk25gu9e07djdsv7q6u29nkz4sd5zk,loop-ust,40608148,0,40608148
terra164aujvuf9jnjfnj8svtmgkx03a50sgp6edlmge,mir-ust,99732440,0,99732440
terra13mh2frm44z6ctmccka634vtsxx4dc966k596ut,loop-ust,626550,0,626550
terra1yewrfvm9ysh43p3rwqy9swj7sa4c5qef856a2k,loop-ust,1005480133,0,1005480133
terra1xcftygdp6ymgsll96eamw652xar5chkctflhzv,luna-aust,50782281,0,50782281
terra1nqm6mckgz85cmqw63cklr8tzz77xmks3jqhvtf,loopr-ust,940954953,0,940954953
terra1ppmv0j8du4v0lujsgtr245h0qxkcktr0q2em3h,loop-ust,3985147,0,3985147
terra18rjvv35l3yg5n0sjh4glu4mqn55rr4uszeqant,loop-luna,19596958,0,19596958
terra10l8ve4lkghuuza9kd2v0mx59gqsd767dpd0yr2,loop-ust,2426800,0,2426800
terra1egtxmrnd8yw0ftd2lvzagcn0ffzx5w2l07cvg3,loop-ust,1031153,0,1031153
terra1fyma4ljzxtn406m0lca975y0eanxakezkaysfx,anc-ust,80407025,0,80407025
terra15huv3s5mczueqcawfs3m4m25dhanwylpgqsrje,loop-loopr,322377582,0,322377582
terra1tn4dqs24hgw32h50wuprzcvrk37l5lyrkpkkmt,luna-aust,127545307,0,127545307
terra1zrcmjmwfwdp4e8leasjavlhyaj5rrn86lcjqeg,loop-ust,28689868,0,28689868
terra1cna8789dsynsh5y9uh077zl7690aa8aj44gk59,loopr-ust,786148,0,786148
terra1u349z974jwpd5ajctp8rgarr87ld8egm6d8r2d,bluna-luna,2018514,0,2018514
terra1vcp95cwhjwmyhp9wt53r7mcj47k8smzy03d5kc,loop-ust,16975085,0,16975085
terra1szyq5fq2yh4szk654qt3v9txlaz24h0lyuqa3z,loop-ust,13000975,0,13000975
terra1pyvkl0wdrq5wcej6ct244qzr53fgg4hf57nmc7,loop-ust,16988248,0,16988248
terra1ju9y8sj2whym9y3u30r7zeyw9nxwukgx7529g3,loop-ust,1030195,0,1030195
terra13zu3fdt9wt574sha25qmhv060szlfuwzh89djq,loopr-ust,2247670,0,2247670
terra1swvhfyuz2p7yqjvdk0r9q5pmd46p5s92j228k2,loop-ust,31460199,0,31460199
terra18j4nyrets7azwwwel7070sj0vv00wxgu3ggxn0,loop-ust,1707029,0,1707029
terra1qu0m97gcxrf886438v7ajs2y3z8q5p7erau80z,loop-ust,95496835,0,95496835
terra1smhe2e2cslcpn6g5pv9leeu24cqktzmu8v4tnl,loop-ust,8770535,0,8770535
terra16wp46v30n37ng225tmwg9w9wlupsk4thuewewz,loop-ust,93986,0,93986
terra16jutq2gs27yww2t2ghyurhdevr5j632h84mke6,loop-loopr,139405316,0,139405316
terra12nycv98cf2fzngyhm8qs6g9luhghdsh8xlqpmm,alte-ust,2655897216,0,2655897216
terra1cx0apnakgr5jthh9vujrnlnhd2q6uyamwppuz3,loop-ust,5256195,0,5256195
terra1z94gkmvdkjqgy2e4ugwsw6j5qd2w2ea27my5na,aust-ust,1471744894,0,1471744894
terra15dv0ddxdendwp3v2udfpa4pu0hpv72ez4df240,luna-aust,111880293,0,111880293
terra1rej0hxh3ww8cla42wf4lmt9f2g8w2cszlwam50,loop-loopr,100466627,0,100466627
terra1zqc0gjna5z7ec6wcpjugquaspz6nduj4twa5yf,loop-ust,25810370,0,25810370
terra18450avhzsvqq4u8qwyj6eykwk6p87d0sn7cn8a,loop-ust,483653,0,483653
terra1ttj7z0cys48hnp4z2u8md28y2xw5jxtv6mhv4t,loop-loopr,1025861494,0,1025861494
terra1my2qrndfywypu869f98afmemwse6pve3ugzkh0,loop-ust,397871132,0,397871132
terra1dfy3rs8h30ul2c4jn45swuqng4f9y3fc77mect,loop-mine,1212399,0,1212399
terra1zjz92kcr2u6xevvc76vc3rlpr5pdl7xvyls97x,loop-ust,1635489,0,1635489
terra1g5n2jvx5g8w7kkntpgzssvzap07pqh7r9xmux6,loop-ust,3170500461,0,3170500461
terra158r7qnuemnedqacmskaungzlswarmdtfzl7l0f,loop-ust,10412262,0,10412262
terra12fqfalsuta4djmr682qh6rqqg6pz8u34a3tz4u,aust-ust,893759424,0,893759424
terra1k4hd0e3h54urswya59ge3npwa363qnnreqfhum,loop-ust,21183812,0,21183812
terra1sw6k5gaa364nmx05ychu8plwxpfge320ljyl6z,loop-mine,21451861,0,21451861
terra15em299hcfnf7wjk9wa9wnesucg0xyj5dp04pmf,luna-aust,116887592,0,116887592
terra1fg2da447hjmd8xq53k3thvpwptak3qcaxrv62n,loop-ust,89642,0,89642
terra1xhaxm6anzw7j3peldwjrayncz8d7jclkxsmnnt,luna-aust,25220112,0,25220112
terra1px423x9gjddu9ggtufqedjj0wdk263djepktcc,aust-ust,894858722,0,894858722
terra1zgs485lrf9ve7ttdkyv92y2sza2kmuzcj0wjr3,loop-mir,18982923,0,18982923
terra1vu2fzyrrhmgu8njt6jfwxg75jr4aapgka8u4ra,loop-ust,10053212,0,10053212
terra1ktg96nwsgshvgkwlxzjge4usef5dlen4jm5wqr,loop-ust,9383745,0,9383745
terra1s63lef9fde2hfwksd2w6gedd3fusdseqne3yc9,loopr-ust,4662273901,0,4662273901
terra172nvrt97vpfx5mvquwza2nvnz3fzch0jy9cxux,loop-ust,7113586,0,7113586
terra1sdw8prgf3tk0vd2hszjffw7p7cqc3nned665x5,loop-loopr,543963905,0,543963905
terra14mttw8r3xx5jmaw5xhzkfvu74yuldmcftfjrr6,loop-ust,9370917,0,9370917
terra15tww77ulq5cec9ptpjgj2e00wztsdk2sr9fytd,loop-loopr,7222174301,0,7222174301
terra1ld6606ggwy9yssjd9vl7tdjqhg4pgxp7kwtzvc,loop-ust,46494708,0,46494708
terra16832hu25sd6ww5cq5uaj0z9yxhqe3tctcmkr2r,loop-ust,904524,0,904524
terra1t2dt2znwu6ml9uq24umyalfh4emx343s68g92x,anc-aust,48247634,0,48247634
terra1xz6u9tzmtkpfqy5qq0hgf2gg9wt5qt2hnly7y0,loop-luna,63133285,0,63133285
terra195qcq79ku5mzj9agq2nf4u43rac46a9dav4qvh,anc-ust,26712681,0,26712681
terra1uwcj9c93lu4s0f99v87l6wfjlhu2mvuq37aema,loop-loopr,80719285,0,80719285
terra1v3kt7gqwunyens8tt0q0zgvlyzwlhckfpqy5y6,loop-ust,14931253,0,14931253
terra1jmv82efl9dwyznz44a994znjsxwxxqccru6t5t,loop-ust,1490700552,0,1490700552
terra1h25e7aghalqfdwuh5453xqa8nwn23hjqxujs2l,loop-loopr,684028830,0,684028830
terra17qdpgtaj55w9fvsgk65gtfqlxwwhdf5tezrldh,loopr-ust,87534722,0,87534722
terra1utvujk7jkuanqagztzjt33xc09g08fh4mak88a,loop-ust,24927324,0,24927324
terra1w2q6wjuvgddmt8aycxtsdg2wy0tjvusxl6wcvz,loop-ust,5528313,0,5528313
terra15nkqq8rt9ncgt55z5r89remg32rh6d52e7s6l2,luna-aust,99322598,0,99322598
terra16d3cwmndw5erkhqn8twqfpacyv4v2e5svx9rda,loop-ust,444516,0,444516
terra17mgplhjnmk9cz6hxztpf9zgcazdc9dar3gwfde,loop-ust,4624831,0,4624831
terra1gqmwnchhqjzt7u53uexskx27zut4kz0a9gxrvx,luna-ust,695862044,0,695862044
terra1kewrcxug8ks479ephkpkw6c8cp0k6d9lv8nwmz,loop-loopr,160759174,0,160759174
terra1jjvqnwv89zcawqdqe72a63jy6ch88qukqcxmps,anc-aust,379853740,0,379853740
terra1w6zj9djfjkr6k5y7pxqpk98scvsnzvp5vpv6za,loop-ust,1017731,0,1017731
terra1de0ru5j048m2w63k4zvxx7mdlv2gzcflusd3fg,loop-loopr,1721808872,0,1721808872
terra1madsn6x9hts8e3f8zqd29gwc08m8r3xhsau9dh,bluna-luna,3994023,0,3994023
terra1lwpedqt5scfjpz0fd0vuhqwdmmktmcuger4jxw,loop-loopr,41131987,0,41131987
terra19yjfvjutjg3ckaw08za85wsj2saac6z4865nme,loop-ust,180361622,0,180361622
terra1v5gxwhm8y8a554pm5yfe47yp2aldw258v003yg,loop-loopr,1021743336,0,1021743336
terra1r4tkp4pkvrrejnj5fz4neu2yfxcfg2h3vhgt8m,loop-ust,79940206,0,79940206
terra1jj7qzwg5avcyjt60qwkpy3tmx0t8t3hl6ac7jl,loop-ust,428459,0,428459
terra1e66g47axnt2uawz4qj9kv0r54sy3y5g90m9upf,anc-aust,1539149168,0,1539149168
terra13632ym7ff0ent0nx6eluscuy49sxlcfnm9el4h,loop-ust,2120089,0,2120089
terra1ymuw9c9s5d34agmr5432e99pzjm4ld9mhuvaax,loop-ust,5765923,0,5765923
terra1nv7a5pc5jzphqtddqtuvct5g3yqvjlzyfyrhzd,loop-aust,876027104,0,876027104
terra1u2zynda33t56rz9zuzce6rycnc3nz3nlclvpun,loop-ust,273789,0,273789
terra1xxkrsmwkp8g9xlk88avrtcu0vp9d7e7x6anx8d,loop-loopr,4884099063,0,4884099063
terra10wkgfper972hz308nwdzcs5hendyhfcj2g0q74,loop-ust,962748,0,962748
terra1r8mky84969ztkncrsptd2ecvs2rx64q7dreu60,luna-aust,545307044,0,545307044
terra1xuplsedvfvjrczqqpazjv9l6y67tg75gdx7t7c,loop-ust,1085188,0,1085188
terra1llx4z8td04p85wu6eesays7tsz2mzw9fheqxnj,loop-ust,946714,0,946714
terra1kvjf0xpk3yrj2x2l0kzkw4xgghfzsdxy9kpmqw,loop-ust,1127557,0,1127557
terra19wrtura8ml9de5r33a4lvu6x3npl507zz62xl0,loop-aust,7310318,0,7310318
terra1hhu3n47l5c47azw4lnn0rkhyl2u466lprc7tr3,loop-ust,638325,0,638325
terra1as52tsm6jkw3y0km4lczrp2pmd8jk8gsmu85ks,loop-ust,752376896,0,752376896
terra12r90x6mmx26m83yknp86djc7sk5kdsfs48uvc7,loopr-ust,469714157,0,469714157
terra1n42fqzw80qm44uey0rpcsdul8e7dt4pv5ahlh3,loop-ust,9834745,0,9834745
terra1t9hlcu7qrdf6gpzp5sy34rph3qwy6n2zllv2dj,loopr-ust,18307711,0,18307711
terra1qk7e2q25aqf6zgket2rkcvhdp8lj07sgzxl5pe,loop-ust,89220702,0,89220702
terra1zxhjju2lndryeyp95yt84jln07uzsx26kx7d02,aust-ust,14863888099,0,14863888099
terra17wt593ey5ajyr2g29h8uu52xrzupxs6s6aauq3,loop-mine,7128137,0,7128137
terra1ph6eqdgu5uvaqmnalf36fcwtp2q23krs6cyck7,loopr-ust,259627619,0,259627619
terra1m5lh43f0zg8lrhpzug7lttvmeu8ev4g72jw7tg,loop-ust,993108,0,993108
terra19kjh20u2z34nr8kz36pf53uqgkd8chggg3duje,loop-ust,122527412,0,122527412
terra1dkr4q3erearu7q8jdc025asrvgjt407m3mk76u,loopr-ust,5026145,0,5026145
terra1hdet93zntxcqhvx7trke4ca2j38k523sf0afta,bluna-luna,27630743,0,27630743
terra1jnc4d0varcdj79kr8mq9jjuzvg2yl4md6pu7lc,loop-ust,8443384,0,8443384
terra13dschguj6nvu9dtqhzta5p3pvy9w0jj6zsvj3y,loop-ust,3243963,0,3243963
terra1rdf0haflg54896xaxju9z8r524627rsu98k7j9,loop-ust,19963451,0,19963451
terra15mcdpzzhv22jjn0g2dvy4mq8xuhmw0hz3zuh75,loop-ust,650158,0,650158
terra1z459tqespftwrcvmddz5mmqcz58cv5s6p26aqt,luna-ust,57320013,0,57320013
terra1zjmndlml4d7vjc3ndxzea0c5wgpx5us0wq0dg5,loop-ust,61290571,0,61290571
terra1feqtlvaru4lszqnpjesgfw8splrg7u27wwwqac,loop-weweth,254389077,0,254389077
terra1y5hufsetpf9hcswz9f0umtn323vzavdjdjakxm,loop-loopr,3241954224,0,3241954224
terra1cqszrhh40wyn5tqm05c838p6sl5fepvdm7q822,loop-ust,2022487,0,2022487
terra1yul5zppp68wp7t25ggamy72pdpzkqfg55ms54r,loop-mir,4905564,0,4905564
terra1k9k74sx6n66k7wvq0cjq70aypnz5fx8k002gfw,loop-ust,33122065,0,33122065
terra1mzec6gy3meh0k82cdz22jah2hhkxhfd53gqvta,loopr-ust,5279963,0,5279963
terra182t2eda9k8zaue5vg606m8avtmt8zjmud2slvu,loop-ust,1079389,0,1079389
terra1xl6mmxnnqqg8hud4alkk0t6dxrq6r34v2m2v5a,loop-ust,17067048,0,17067048
terra14vzvr3n30hsamegp5syacmtplxwwdfg0t5zszd,loop-ust,2398894,0,2398894
terra1pmu5zld020gw89nmx9kv46w8htzj6c0ljyltup,loop-luna,53011829,0,53011829
terra1870llv3mlys7jg8dxhhtfdvnpp399hz9y7vwxt,bluna-luna,25041038,0,25041038
terra1a502dwwzak2rzyql9knf5gzau2h48ytrf65rwz,loop-anc,256782024,0,256782024
terra1przvzakuj929dd4g6fttuwvk7uqxyq5q04yk6g,loop-ust,95239,0,95239
terra1wvysz8wnzs40v2gxwdjug2xt85t3ymvplzhqt9,loop-ust,4402550,0,4402550
terra1zcsj3slrulv9lpjnf0wvrej0e8dx8cydljf5mx,loop-loopr,26489036434,0,26489036434
terra1vg2ha7k0eamkn5mtrqz9qwjr2c3rlzfat78r4u,aust-ust,4482452717,0,4482452717
terra160hdlmw3c2f52gx5es3ecvz0vlcap98xvc8gwf,bluna-luna,17111865,0,17111865
terra1fn5p9juy4e8sscxdf4nr8e8sk346jv97h9k052,loop-ust,42680328,0,42680328
terra1mfzayg4laf5wh99wfahzahe80dt3h5s2y70s3k,luna-aust,39754976,0,39754976
terra1xhp5z4vu06g5nka5c4fu20ss06w0munvy2sdne,loop-ust,2853571,0,2853571
terra1neg2lfcusd38aspme89e6nlmja6g3evp0rna5w,loop-ust,9179526,0,9179526
terra16gxynwt88qe4ppa2h0t3z5jemsxm0llqvrsf5d,bluna-luna,49757,0,49757
terra1hwfcq3fq36arty5hjyyhjdfuzr40h9yy75dy2n,loop-loopr,101868129,0,101868129
terra1gyhcef8ssldjhpxj505my0q2aaq0j5p02r7p9n,loop-ust,4605163,0,4605163
terra17td58d6s3ln5yyxn973ry42nmp72qkq074t0ax,loop-luna,15142592,0,15142592
terra1xxngjvdevcmc4qts92fegsphlmztnywzj39d02,loop-loopr,236276130,0,236276130
terra1chju4glman4llcwklg9ffshp3ltsvphchs4u6g,mir-ust,15071261,0,15071261
terra1suzjjmkc8pl2zgw3c6p6jpegufsnvsmzetx6r3,lota-ust,148959222,0,148959222
terra1yhrujcuzrsf5v4jtf27h49knz2ccwes9v0u7g9,luna-ust,2276525,0,2276525
terra10lacsw69l3v7ff3a0x2u29c3qvxltypk3t5nlk,loop-ust,5341215,0,5341215
terra16eurplmv034d69wvlv92xcrsj3l780p23kflpk,loop-ust,9735119,0,9735119
terra1fhyvwh6s6kpqzpvzd4dq9gkhdz7638phdh0vwm,loop-kuji,215646921,0,215646921
terra1t7gw8rd4d8qgzjnyd9actxz6hwg0cgtyah78xg,bluna-luna,2546083,0,2546083
terra1amw9cxc9am3nxnaum9xhdtvnzzf0ae4zd87ray,loop-ust,16065634,0,16065634
terra140kpkzfjalz62x26cp2lzzu4rxew9czd88at04,loop-ust,3235821,0,3235821
terra1mrdup7l5nu82kzetmjdfvjunvh6srwdkrhkuft,bluna-luna,9959877,0,9959877
terra1xrul682mxxjs8arvmnmqewu2kennmklgflq9l6,loop-ust,9755962,0,9755962
terra1ea3jejuvtp26qzcpvqnv5yu9x07n5x7fqt60nx,loop-ust,1052506208,0,1052506208
terra1dae2wunkelgy7jntur6z7peqpezd0ty8vk5uqy,luna-ust,22271895,0,22271895
terra123af0nx6rgmgjxfh00z2qpq9m4ts2zkqzpdvht,loop-loopr,346523213,0,346523213
terra17nmhw85te56r60cszsqy2hc6v3800p0j4wjrce,loop-ust,13724857,0,13724857
terra1j0m3c942gutvlf0nf0hp5hrrpjscp72ltunnl9,loop-ust,1637120766,0,1637120766
terra1puuwktemtw5fnvnag7jdx44dtqh4dcmkucjv07,loop-ust,6873019,0,6873019
terra1dn35vjjtpku9rjp74jlk4wafkga4nwkakpjfkp,loop-ust,76739517,0,76739517
terra18yk2l6z5w2d5e5suq7d6dng8h4ef7gv2s43py4,loop-loopr,10610148311,0,10610148311
terra14u8thjwl3zgh3udk8f082x5d8nx5a2fgkyvlzm,bluna-luna,2986437,0,2986437
terra1zv4hxl28s7ef6vcqad422tqsuepaefguqpt4fj,loop-ust,1828719,0,1828719
terra16t6e48pumkw686j3eke5xsyq37x3n0nq4e5pya,loop-ust,8889666,0,8889666
terra13xeyvd3f6j802583f6fws3yna22gyty5gvc9q0,loop-ust,1072,0,1072
terra16ray3lkp00anpvv78nspvdc6t2jhc9rtrjmj3a,luna-ust,1368840426,0,1368840426
terra1yzpvlqh8g9v2046we2z7pkg7zclvy4m3v8kpg9,loop-mine,93839193,0,93839193
terra1ctwvpqdkhyq470qultyhe6nausjfhktv6j0yj6,loop-ust,9971635,0,9971635
terra1y043yfcz5prnvthsq7e57waat5xtwsk9rs0xek,bluna-luna,88733716,0,88733716
terra1gq4xr3tvvzqqnftsph9ggq72yc7l5ya9qjgqk2,loop-mine,59980762,0,59980762
terra10z5wxl6ergcte5ukq9z8f7lqpdwrpxqgpur8l9,loop-ust,19674238088,0,19674238088
terra12wpvajp4ht0hvek37p25xy56vwep4ef3wn62v8,loop-ust,5503117,0,5503117
terra165zsmxxvgrk87yp4p3cg6vaahylprh6nhdpkxu,aust-ust,104699696,0,104699696
terra1tad69atnpklqxca8u50g4h8uyqnj9pzj5zlgv6,loop-ust,10470342,0,10470342
terra1xen59w6szff6wwvmzp6xa6xnjc9wmhtserf66g,loop-ust,5574920968,0,5574920968
terra1v4c6t33ra63902nft0c8v9p2de36jwsudnxagm,loop-ust,371152617,0,371152617
terra1wrl32rhnzn6g24hgwa9vxachk6wqh8t7pkzgzy,loop-ust,11769276,0,11769276
terra1nm2wwdzjx3g2pttt8mtcf66qnjmyqlxvp7yvm8,loopr-ust,92073933,0,92073933
terra1kyzs742affd5e9f798t7vvs20h7qh7aqs2ju32,aust-ust,179862187,0,179862187
terra1nk0eqmv5nduejsvsa28z26lx6zmg7rgyljvwcw,loopr-ust,101346810,0,101346810
terra1vccpg8fg3r4fkf4xkxycglscuxszytdwhxmzfv,loop-ust,36293602,0,36293602
terra1pz2m49sdl4a2ttagjzrcyhjcalnm3q8daxt5dp,loop-loopr,18214631426,0,18214631426
terra1vzqwvratn73qnpsyj9tut872n0z54f4ctcrfn8,aust-ust,223877254,0,223877254
terra1javc2t4el9lxj70h3umyhpkvj55cczx7d065ul,loop-ust,7737414,0,7737414
terra1fgtltm6pgra49dlsjt7jcw9spsl3h8729l8sfv,loop-ust,1050498,0,1050498
terra1sphfmghd7j3kx54wsxwm9e75fu6qv504r7dkt8,loop-ust,905379,0,905379
terra1gzxatexka8a0c80dkxw435d69jfncjcnktqrft,loop-mir,5066271,0,5066271
terra14w8a2mwjnqmuulwx46vamvdq9n3mus4jqc3zxx,loop-ust,1714556,0,1714556
terra1tcckkl9rdue6ccdf99c730h9lgr56wpfgl8hg4,loop-loopr,104233446,0,104233446
terra10p324gvygsepdr2ynr622tusxcvdkw7jt0m33s,loopr-ust,1077945157,0,1077945157
terra1s0gdy54fptmk7qj0z0an7l9dv3v6l4almfya9j,loop-luna,923594625,0,923594625
terra1v9v29s0wcqc0yu468fpct88kcy9p2c6cxp6wf2,loop-loopr,2294900088,0,2294900088
terra1xcync2jqvf5h20sxvtr355v5023dr72selh7te,bluna-luna,66693586,0,66693586
terra144jl0pp24x0cw4srq0t4l09asdtefqhq5wjvty,loop-ust,4058157,0,4058157
terra1hl4jzpyq7qx69je27u73txn2qhv539uxj22az3,bluna-luna,60454382,0,60454382
terra19u4m8z0slh8w0w78h0sm0lryujkynpdlusnpvz,loop-ust,142814436,0,142814436
terra1fpvaur3hpj0drhprwsd7s86jw3j8ayp0dveuc0,loop-loopr,85406626,0,85406626
terra16uznees27a7jgaducgusga65vyn59qj53palqt,bluna-luna,2596805,0,2596805
terra148x5c9ld2qrnlguwm96v2hnvezgpwl90s49f83,loop-ust,9420818,0,9420818
terra19qp0g2srera26azkp6pgkcz0da3mzeg0sp5lqd,loop-ust,1056210,0,1056210
terra1w6t3jmu7n0tqhr8pgf5w7000ygtazplreyk5cu,luna-aust,187227691,0,187227691
terra1njhy8se22rdt7v8wf4l7xm4mcajmhunqsf9ayu,loop-ust,5435580,0,5435580
terra13fegndctu92zuna382jwcrgep729a69nqa234y,loop-ust,984318,0,984318
terra1ydt6s25t8cl8l3nugxpcarmnmeep4hym9dgdtr,bluna-luna,66141630,0,66141630
terra19s44y8lqyzrgvqy0szzcyjuzapjuxwjgk2u48c,loopr-ust,98279466,0,98279466
terra1asy0xh50t9t3cmh3vcngvtfzcnlskl798fl4rc,loop-ust,4627605,0,4627605
terra1v7xf0swmuhy0rs0c55n9ru5cg8gg84caglzc0l,anc-ust,2903727,0,2903727
terra1fq75mqljsgsjx8nju77j7tak645yc2e9y00pxj,loop-ust,957101,0,957101
terra1qf2vndk3s0m8zcezpznc52x9prhvr2nf50m7ww,loop-ust,20567057,0,20567057
terra18rglg2542u5gk8fuw7n96xy29qhqk58rwea7d9,loop-luna,96121130,0,96121130
terra1h77wcwq43lrfq5huant8zznj0ng4ymwcg5clr9,loop-ust,10018021,0,10018021
terra1tl2ssh0je6ghzcr82s5zd7ewhjc980gd0my5s7,loop-ust,1753185,0,1753185
terra177wernqnvszsa5kg50s0x8jka8dr297pu5x0w3,loop-ust,140438756,0,140438756
terra1zal2jvzawppjvxhpcfq9tg370ppywv4h5j3z52,loopr-ust,93832866,0,93832866
terra13e4xqm87zzyw0ahqagc9995hyu3vznq5n955es,loop-ust,978085,0,978085
terra1yrjxga08xu6s903zzg5uye2mren9vemewxgzlf,loop-loopr,20437823,0,20437823
terra1h36ku9fpchdwpwgxdqqz44al2y4k8asz9san62,loop-loopr,133073676,0,133073676
terra1f4kndx36grcuwjccvxpfe2f97pakd3xwvgaur5,loop-ust,715769,0,715769
terra1lrxlnqpv9z9fzm5ny0uzf8yyplmxf2255euu9a,loop-loopr,320319245,0,320319245
terra1tdvsdsn9gz2puvhwqda9y0h8cy5pmv3k4kqud5,loop-aust,152596197,0,152596197
terra168rr23vg8xltp606mn8dg9vttkslen7t04cnqe,loop-ust,17694120,0,17694120
terra1vpqcukf89numct69dj9lx3maphvqkr3u8hfjv7,loop-ust,7046087,0,7046087
terra18z873x6qzlqfccatpvkp6jf5khav8h2s7cuh2y,loop-ust,7837377,0,7837377
terra14cmva67pxg2y2urzp0846qjn5uutqej04vwew9,aust-ust,184943891,0,184943891
terra1qj594djvgpswqanqc48mtmyq2pmt5cj258tt7t,loop-ust,7234323,0,7234323
terra1yun5hcpv4e55encptgtd3hlfg0cz97jdftjwgv,loop-ust,2763540,0,2763540
terra1lmjskjrtacg887ej0a7k4cp4mzn5krusplgtj2,loop-ust,389176,0,389176
terra1z3zgkhftgtlmt68pjyq5yzhdnjqfgnfd3z4z3w,loop-ust,5370854,0,5370854
terra13ddfyrmh87mwvluyp2fecxksjmv37vzy9f9uly,loop-ust,26921930,0,26921930
terra1gynst6m28uzh35zfmx8lfgr73aeevxdnfl56hd,loop-loopr,429154827,0,429154827
terra1a7jtpk6q39py8za8qqj59zk2y8lmlgzye55amf,loop-loopr,98749609,0,98749609
terra1kxk7w83t0l04vyr3nrq44jdet3j2hy0pjzwpum,loop-ust,3235971,0,3235971
terra16n06jpx5p3r758j0k6smzq5smt9r0ugm6heyr8,loop-ust,26107098,0,26107098
terra125e699ethh4z5py5ryekzv25ff2h90hegq77ex,loop-ust,865330,0,865330
terra1htvcdw4m28lpdcwmulg68l3j5l6s5k7y8uwne3,loop-ust,461299,0,461299
terra1ldtu4j4fh67qc9kctmv52ml2k8r3g7n7h78927,aust-ust,1785099709,0,1785099709
terra1ahpssu4ny5c6qnfyqq5asmzxnjthnzzknl9e40,bluna-luna,21947532,0,21947532
terra12ek4qv6s5eegt53dtg0wpuvmxg9t2k33jy675f,loop-luna,169515888,0,169515888
terra1an6x2f5qxvep4q4vm9sw0l83sc9pfswrpqlwp0,aust-ust,16501710921,0,16501710921
terra1wxte9xs0all8l570w7svajkavgerp2dphs0nt2,loop-ust,6267406,0,6267406
terra1s2ajykcg3k9tdmr3vwhf20gavqmgxt0g8r6gje,luna-ust,272289,0,272289
terra1rw85fvj2rct9mx3ydw0dvfp4pttckufne2vnlc,aust-ust,537348266,0,537348266
terra1xt20tsgh3wg2exc5xx8t4k44td8vjlv2gd68qw,loop-loopr,1505504722,0,1505504722
terra128jrs6vhz6lavdeec8gdp7p0ng5x09m2mcn6x9,loop-anc,15780874,0,15780874
terra1js5pefask5q9t6e8ve8sqhwjtrhedxu85l2vjs,loop-ust,58660703,0,58660703
terra16n9gpp6hyq5zrv9aej7jx65u2ha3gc7z2gspdq,loop-ust,4455796,0,4455796
terra12a6023cy5e9p8v0j7ajkxn2pv7dustrwenmskk,loop-ust,18402521,0,18402521
terra15f3h7nzq4pqa7cthttg86dmapk39z0wzqjmxff,luna-ust,2303203950,0,2303203950
terra1dj2nkcg46eqh2h275zqfy968qn376rf7r0pzfh,loop-ust,3983103,0,3983103
terra12fqfalsuta4djmr682qh6rqqg6pz8u34a3tz4u,loop-ust,287470093,0,287470093
terra192xzxk0775qxu9w4y8tqladgx3grxjnep9kae4,dph-ust,31754943,0,31754943
terra1pdwswkshs3f8tn0pl5tx2dr2g6q3zxqu9atggy,loop-aust,80343615,0,80343615
terra1k0p5flc2ltw38xtc8xkq3ylum4g4s77ny38ne5,loop-ust,5989265,0,5989265
terra15hu6mh5hm7r344hvsugrruvwkxzdxf26nutd8m,loop-ust,249507456,0,249507456
terra1p6rwdkkku0qm4y04ncdc3prkfxkml3nc4vkwcy,luna-ust,38456354,0,38456354
terra1d5a0j4rpz0rt8uext98ly67ttgwdyl5s9t8upp,luna-ust,14765269,0,14765269
terra1a0322tr39fmdhnmv7flut2f7e68hspr6ndqmgr,loop-ust,1005286,0,1005286
terra16z96umddympsdq6j3pgrey0n36dvsur2xqp5cz,luna-aust,9902242,0,9902242
terra17gag57h0ah0d3yez3yfdszranxd9uyrp6m3g8g,loop-ust,928544,0,928544
terra1hkggd8kxkh8vmwyk9nru4tdhwks2hlk52u8uqk,loop-ust,2124560,0,2124560
terra1vkrjxc5mqkangrkpv478q799e8et36kegtv6yy,bluna-luna,705927,0,705927
terra1gzy5men28487y8995ap46xc84ymueq3v6vfr94,loop-ust,1127712,0,1127712
terra1hrhkgct97dkl9r4kpf8myuczmnwhen95h5ag8v,loop-loopr,11037899,0,11037899
terra1xlr63hww4qer33ex3rl2aky7r9vtdrk6my7z9z,loop-ust,3272760,0,3272760
terra1clhzmzzuyjplxex5nmu2gwmfd05f5tt43e3huk,anc-ust,287176110,0,287176110
terra18q3dczrrc7pewz4rrc4023fesy3e4cn80vpeek,luna-ust,7283463,0,7283463
terra1pk34qm40mj6kqtmjz57jhmtvslapcu5a99m2sy,luna-aust,3519615,0,3519615
terra1lppy087u3l0mzldjgh2g5pv55km6as8xpkxlgj,loop-ust,5288663,0,5288663
terra16th3mj9jecsma0ypxk62glnwz9phh2c2wql92x,loop-ust,7970525,0,7970525
terra1lmuy27kt0qhynsysdpqsmhfl27wsp7tqqn8m79,loop-ust,807857,0,807857
terra1dcsjdnjrrkd09zwzfx8n07kf8qplg2djqud07f,loop-ust,233197617,0,233197617
terra1hh5wj8hz6qcj5szw4fqgd79tqucwhfnxuhdw4c,bluna-luna,198021230,0,198021230
terra18qh4pqw7j54zsq2f5dc4ywvg3g598egr6rfewr,aust-ust,237700854,0,237700854
terra14tlyag07sq8ss8nwcjt5kvue4jxvmgxzautedh,loop-ust,8089532,0,8089532
terra1h4eljza2zz85h9xr3prx27p4ljr9cxn8yvc5wm,loop-loopr,156208160,0,156208160
terra13j4m4ezd5xnn9dduy4kzz3el557r9l0gepfy2m,loop-ust,9296119,0,9296119
terra1k87maadg3z99rudqdnnjw52lcnl4du8pvmyl0z,aust-ust,4467467439,0,4467467439
terra1g6lpkz5cmdyw0c46un3pkzzq5k6h06dtedj8j7,loop-ust,3585492,0,3585492
terra1tqkqdkmcy66377qsyfu7tfwkh6l8ac0ectxn2l,loop-luna,48269937,0,48269937
terra1stzggakxzd3vd4p6025xz3v52xy0223da3542n,luna-aust,40435915,0,40435915
terra1qqnt9zvjs2r9k6twlw9xkjc2dmx8sj30ncud3g,loop-loopr,66360801,0,66360801
terra182mj0qdgfpntawsmsr9r0gyc643e4lkfc5w2ew,loop-ust,26873091,0,26873091
terra1lqum20zwewm6v9h8w3hquscuxl85fc85k7d48x,loop-mine,22756750,0,22756750
terra1xwre3dd9t76ep6x4qjqzn6hvfwpevhkyt2awj2,loop-luna,4188345,0,4188345
terra1wem2fhmfyd8xwj5znlfv8lfgwvrp9ty0999gnr,loop-loopr,2020876843,0,2020876843
terra1nv2cr9r8h3j0t3jzx53ze638zkxx0064wgla5g,aust-ust,20568573,0,20568573
terra1acql48y3udhnuj6tpxz8ltkwnd60lw42mcq6s6,aust-ust,445645002,0,445645002
terra14m0czjgyuhx7gfs53nqprj8y9efza4ccf25xks,aust-ust,448762351,0,448762351
terra1nj4m6fj5cwajpyr65guul6qgz7wumg4e7qf9k6,loop-ust,19544208,0,19544208
terra1ksp306nz4cut8fat7gu08th4uj9eskvxuzjt9z,loop-ust,1719890,0,1719890
terra1t52gjfpz64z03mmevvts2nmt8w5ddc6g72uh3y,loop-ust,3157337907,0,3157337907
terra1lwnet79nv96xcmskauc6u88wyassal0gxunhgr,loop-ust,2556115,0,2556115
terra1p8ua3lz89j64pdsu42apk3ddkt7l7ymyvcqj7q,loopr-ust,6392435304,0,6392435304
terra1r9f26vx8qlk4rxqzrg04xvvrd3t0y40dyetwpk,loop-ust,11004659,0,11004659
terra1kqxxlxwgavnk382rudzq2me4edrcj47c87fj34,loopr-ust,70051956,0,70051956
terra16rjqll87x7gtgc9jexg49292u4hz5zpl0p9fcu,loopr-ust,37014028,0,37014028
terra1yhad3ga5yh0fj9n5s5mw2kv7la08jwrrjnlx87,loop-anc,29912090,0,29912090
terra1nn6jzml5pnx7gdr6np6vvhtj0jzqanxqv8xp30,loop-ust,92951162,0,92951162
terra1xnu7p5mte2yawh6ns24ktlk7u33x5f8l2km2dn,aust-ust,963644357,0,963644357
terra15tgmwmjaw8adgq5kdl0zyhvdpxsau646lpnkyj,aust-ust,2570237673,0,2570237673
terra1mz6pp9y97y2lx2t6vzxy8ag4lyr606r3vcq45d,loop-ust,376933,0,376933
terra1exmdlt2lzluemzsva2ywjpd6lcfschg5kuu20h,loop-ust,194462486,0,194462486
terra1nq97n7j85pd485qfcp9qzqfeywrqka3fwfauyx,loop-ust,3827719,0,3827719
terra176aray05ds5tg5w258gp338uc9vew4k3635g83,loop-anc,11239765,0,11239765
terra13wz378zas5x9mt6exdd2mfqucpz72s5jejmqed,loopr-ust,14406401,0,14406401
terra1klslzvw758zldegc5cqkvay60taw3527ndjesu,loop-ust,857275,0,857275
terra1uer2dvhn7jdgr82wcv2ek7lkd65cfka2tqwnxm,loop-ust,1520252,0,1520252
terra19fnrhvrppry3ls30qj8e5eqjsuzxgdwzcwru6f,luna-ust,98189029,0,98189029
terra1msdtzwk8sqz6e4065fu9t3tsyts45edurrsnkp,loopr-ust,78957715,0,78957715
terra14jmp5e6jpfqxe6m5w0zaa2kaqggmr50xqs296v,twd-ust,21970723,0,21970723
terra1hfem5cgq6g8798vwes0z6xs97h5uxmfh7dztt7,loop-loopr,14161088,0,14161088
terra1ck3fuacu9p6m5df6gvpygzzzuxn2rmrg7m266k,loop-lota,222150674,0,222150674
terra1mhcmk89pw22008a89jwcvjfwg3vl59cn5ukhhz,loop-ust,3804633,0,3804633
terra1mvztjn4drq0mpw3h5p5d78r4wjflqjhurwyvps,loop-luna,5488948669,0,5488948669
terra10us3q6lr34chmln5z7pl3lw5avx3k06hc8tx4j,stt-ust,185152211,0,185152211
terra1lnzpntrdlekj0xgpjlvxkvq7lqrp4mryn49hgd,aust-ust,2730117933,0,2730117933
terra1k29rv6gm9apks7mv64d8ed6g4agq26ks4f5mh6,loop-mir,3279778,0,3279778
terra1vartun3ucp78zz42pxyc83m9dc3gmtdszpftty,loopr-ust,25431722,0,25431722
terra1egz7v50kqg72dehr74a2ugtem3nf0rfpydkvcc,loop-ust,510103091,0,510103091
terra1hpk546ch38u6cv08q2psagzlv88a6ykmctx2xr,loop-ust,8162737,0,8162737
terra142qmes60a9f246q7njzznr937afu6a48ehchl4,weweth-luna,31104034,0,31104034
terra1fgq09nu7llcshj9t24we2qa7mfshys28xgetqd,aust-ust,13862158755,0,13862158755
terra1thf7e8yurfw04y8ggkpxrpth3mjqu3sz4rs9m7,loop-ust,2132524,0,2132524
terra1qwhll7fkzeyaunasjhnw5jhl5vxw2596gp8v6y,loop-ust,98215452,0,98215452
terra1cd2sehwmwulcf6v0dljn3v8fwmvfttxx2hhel6,loop-ust,144824898,0,144824898
terra1fpxcq9s4l60wmuj8cuq2dp74khhuwgepvuljth,loop-ust,10256338,0,10256338
terra1s37aas2cmhrhtw60stfk9wmkkeclq9n9tn373j,loop-ust,36224474,0,36224474
terra1e5qj0c6mz9jzv47y7euevh2wtw5ghw5947pvju,loop-ust,25745094,0,25745094
terra1gy0aw07tehxh5fpvmfw7hvkx23v7wdvp0ex3r9,loop-ust,16533195,0,16533195
terra18drgauamkxy7jlz2uvp9q2yq0lc970cr0l5gks,loop-ust,40645763,0,40645763
terra1a042nj9dzq6d6yqtx0m303jqt0hyuqeddcenq8,loop-aust,40187100,0,40187100
terra1rku4y74g9078g4agmlg080h9elvee4r66vvw90,loop-anc,75183699,0,75183699
terra12wqscdgwtavqvn4fjwy4mg527dx5fglyv8hxc2,loop-luna,2804217,0,2804217
terra1d9q9md249hrlwyq6sqvpt7mxmvyfkj8ukn0qlc,loop-ust,123597474,0,123597474
terra1vrf7n7jk2h9w6t8pfh27lsr84sf6w9m9v3hak3,loop-ust,2951735,0,2951735
terra1qw24s7c5cl96zdm49f38tnswrk68e2w8h8tfpa,aust-ust,4471933,0,4471933
terra1q0gcpuva7wnrzmds3sm6cnuklmzzkfnn56xpld,loop-ust,18065233,0,18065233
terra1s27hzu5xrreswwlk9p39l47fgacazhkvqst9eg,loop-ust,8031075,0,8031075
terra1k29rv6gm9apks7mv64d8ed6g4agq26ks4f5mh6,loop-lota,108708,0,108708
terra1qrnwa552mzf5e4fxqh40x0v7yyzf3jx5jfp6qp,loop-anc,91181350,0,91181350
terra1utw9ehl26xrnh8yg7tsfxg00g3ug0n4u8k8hwm,loop-ust,51168013,0,51168013
terra180mt9d3ed3v74778udxh8m8rw2nnc9qhfkmxj8,loop-ust,38499022,0,38499022
terra1qrjz2aulu2mg8t77cqte28nvgrlaplasfzyuvc,loopr-ust,515520912,0,515520912
terra16m3rdsstf9kl7mgwsvlcpkhc23x8hta9rfm7sk,loop-ust,273877,0,273877
terra16655psyjm2e8fnqk2980ptwvszgywllrf6cp9l,aust-ust,10723392,0,10723392
terra1lq6kz2asd0qm72zqp57eg0zyn85hvexe4k0wjs,loop-ust,3093707,0,3093707
terra1dq5r6fquvjmr3h4m6rrv7ns37ru8gda0myun7q,loop-ust,96516266,0,96516266
terra1g7w2v3qkuwy9lyw3plxjvvgewvfxcrn0j43c9y,loop-ust,28610042,0,28610042
terra1afaqlu34uufm7f3x4zz9lntwy625k5dh5q78f8,loop-loopr,175309862,0,175309862
terra133k9x9ff9vwe5f8zz5eyk9vaaf7tewd49x4aj2,loop-ust,2739723,0,2739723
terra1t677w84dpk0ym5945v8cqvxerjg2aqcwgfaq35,loop-loopr,156140845322,0,156140845322
terra1kft0w7ldsxp4swwd7dken0mlh3zg8we5c89y44,loop-ust,1092945,0,1092945
terra1dh54cz2maclt0r6h9dua78862uahju8h9ypm99,loop-ust,132040031,0,132040031
terra1pdvyl38d5afwvtz2g826vcgkvrwd7h3n5j8e00,loop-anc,758786015,0,758786015
terra10mvm2uyyy3sns0fequmdtkydpl9hz3250cr2p5,aust-ust,69545018944,0,69545018944
terra1e08d2uk2npyv7xg0pz9zhjtvnle3sl5yhxdflt,luna-ust,52328711,0,52328711
terra18f5ytl3ghlgve9k6nuj06lavun9mjd7kc8rxgg,loop-loopr,982075168,0,982075168
terra1xm7cclj33s365ul5cnlp2scnlf364268cv35qw,bluna-luna,5022104429,0,5022104429
terra16thrjx432ywvytj3lsmtee3c4ttvulpz4c063z,loop-ust,993577,0,993577
terra18098jyu5842nz3kqp7tg940m6yarmwl5am4kkc,loop-ust,83879178,0,83879178
terra16pt0k3tqkhrxrkn06dzep83k0lj0eg9lh3y5xf,mir-ust,3077827676,0,3077827676
terra13z8peaxgav26kn6dkzt028nprm3yee3vss4tfc,loop-ust,8090718,0,8090718
terra1rrspsap6acddvaqm405tz8k4hnd6vgvjqctt4z,loop-ust,4965800,0,4965800
terra1h9zrklxwh4fwmz4xd0v4saqzjxa27tj5vclwck,loop-luna,188990150,0,188990150
terra1pz8t6ydkpz3tp5r0cp2k3sm8chdwph4wul0tqg,loop-ust,2123691,0,2123691
terra12ju9wyjjlmhlvpvuzl793z0dedwk3h7uye5ms3,loop-ust,1021450,0,1021450
terra10jkldcpmfd8y79z3jug4l27a2tf68493fmmr26,aust-ust,2638540,0,2638540
terra12r0gvw88w4899w8psdah7pgmrrwanjz474mt93,loop-ust,32138426,0,32138426
terra16jyajpsfsmfj4ergvmlnf4mw9qg30hg9d2us7n,loop-ust,20722410,0,20722410
terra1kucm6my2cejdennq0c6x8zksncvvkf8zz77tmz,loop-luna,165312730,0,165312730
terra1s5uk43u5hkyhgq7h457l9kldn6azc9tu7vsc6q,loop-ust,302955629,0,302955629
terra18867qvyl3hlrphxqv7ecpt8qe5vlyn0fhnpvwt,loop-ust,5440774,0,5440774
terra1urr39ahg4rme2cks09rwy27pykp44dh5c3cj7h,loop-ust,89687,0,89687
terra1rv4f3ttpy3l5ygj4k0768ca3fu8vvnexmfj0zg,loop-ust,70068364,0,70068364
terra1t4xvzmwnh3nskcrmawnu6hlgndh6plyrrfv450,bluna-luna,20191905,0,20191905
terra1986gczp06fgvvndzjugvf3hd9udkf8wcphk3xx,luna-ust,1078707736,0,1078707736
terra1ny3ad3cm0me2tjeqhmlah95qwv3u4enunuwe7k,loop-loopr,263388911,0,263388911
terra1rzhhu53qfs308ncs7xdddnewupwp7aa8ft9jvp,bluna-luna,629534872,0,629534872
terra1flkgkzjr8d3l8rdz9y8d8pmtcvns9hks2a9udw,loopr-ust,156919484,0,156919484
terra1uzg3chhvcp8nuw73lfe32a8eljzfn3gqa7ahg5,aust-ust,36034008,0,36034008
terra1eqnts9na7r3v3jtg4aq8hcscdeet2fs370e9fe,loop-ust,1963445,0,1963445
terra1rlqsdhdjfdx57lkgrhtryfljvk5a7dnaln59gw,loop-ust,2408094,0,2408094
terra12z97wuz9dvd5cg5xmmslg8gxg3n573afxlhgya,bluna-luna,489202,0,489202
terra160wmk8nkfgsk2zgxxmn0u695pawzq2yfgnn9as,loop-ust,1080169597,0,1080169597
terra1ej7pj580kd5h6cc65xeqmlc95kkf9ld7uuqsxy,loop-mine,5012418064,0,5012418064
terra1dhhx7jlqg222dp7a2pa9lgmuhe0tdk8ywvt8pg,loop-ust,8391112,0,8391112
terra17e8nustf25wq6n6sufg6935gjlvf78gt3p0xx7,loop-loopr,6131142236,0,6131142236
terra1v6pv68xaf0jlxhmgas74j9ftuq3p7mc82sj0tc,loop-ust,930278,0,930278
terra1af87sl29q25qerh98yxv7zn403q472d09a79c4,loop-ust,1394993,0,1394993
terra139m7zykeju8ydkw8g6r5avcwj9ryuxr73a73ny,bluna-luna,9007426,0,9007426
terra1ne5ts4uqpwqmerjamf5dwarrcq3dcsnaanquls,loop-anc,20481053,0,20481053
terra1hgctd4tk747eyr4e6apx2zu47zcagzefxflajz,bluna-luna,1016815,0,1016815
terra1g20p7k78yzzj6zxednwjrgt7eh7k0kcfnet86w,aust-ust,8956192,0,8956192
terra1f3hsntga8j3vzeejrtvqcfsl42mzkpzx0uqy5r,loop-ust,4748414,0,4748414
terra15399lwwy9qwdzkktpjgfdrhy6t98w7cp3nqkxm,loop-ust,2774850,0,2774850
terra19egpjy56xeemf20gplml5md8ll2c9qs9x9rpt3,loop-ust,25545140,0,25545140
terra1d20klqsfyx24rmts8c6mzhfeh8lrj228359gaj,loop-ust,26823135,0,26823135
terra1f65x4q6d7rkuh0xafgc2gtsjj593fljf52j2s9,loopr-ust,1092654894,0,1092654894
terra1ltt68m564susf6m5vf6ryc08zhhsfhk8w7330e,loop-ust,983665,0,983665
terra1fm25eypkkqmqnrm8caytcgkvzrawdcjkr6w3a8,loop-ust,2373329,0,2373329
terra1jfgmgnjju9s6dygzqpx8qt7g6h3jwnw0glcljy,aust-ust,1050556242,0,1050556242
terra1dxf6l59m8tlt3w67dntc9v38hrmx63gaslq6hd,loop-ust,574557809,0,574557809
terra1tt3e85ejq6jezh0kf3qqjljjsvc8tsee0n0upg,loop-ust,468676,0,468676
terra1xnd0u5meqhx3vrarj9938ay57uzzfjhefnl0m6,loop-loopr,182105216,0,182105216
terra163qhvuthzzhfvy0xwhpr4arp482aegjfsuhlz9,anc-ust,213626635,0,213626635
terra18cq8m0arclkdn88c3f4llpcug9vp7t2wfpamgl,aust-ust,87843725,0,87843725
terra1844e64tf503650k8nkcv6qtdjza5su2r446gwv,loop-lota,18176952,0,18176952
terra1t6dq7h9gnssqv7emw4z8l5d2ej99u53yau2kh4,loop-loopr,162019702,0,162019702
terra134229g03mpw3lywxh9j8qup6ydmm60335td4dp,loop-loopr,22556087,0,22556087
terra1khaqak7wn69pl34vded4yh0xps4fyv32elyac9,aust-ust,107232259,0,107232259
terra1y02qar5fz0xxzcs8558rn4m3hqt082ayt25ppz,loop-loopr,6300972928,0,6300972928
terra1l3vhlel7qy2s950seng9kwepj7299tuya2s09a,loop-ust,24780265,0,24780265
terra1ewxz52gfkwd3y06g5emw53g5yzfkhu8ncmwvg6,luna-ust,443586493,0,443586493
terra1trpyt2sqt40fg35q6mznsw0yncmpjzd6tr3cmq,loop-ust,23612694,0,23612694
terra1ecw34wrnxt9yqs63utj2q3xpjumtn2yjucfy9g,aust-ust,4462652839,0,4462652839
terra140lqz7rgypcmgwjd6h25g4kj3faljd7z5gwcuw,bluna-luna,289473340,0,289473340
terra14mjph9dwsffmcx3z845hwk8xqwqmf6es35my4k,luna-aust,154529491,0,154529491
terra128gey453wq0r8q2qt4nzfrcjwf3p088dnlyal9,aust-ust,223390811,0,223390811
terra19rn6l88kxtjz820vf3vrafyg5a4qa70w9tyns9,bluna-luna,32032101,0,32032101
terra1uhmkn5y6rq3ed82gdkejkyh7ff55h49vmqusve,loopr-ust,5291129,0,5291129
terra1rxng5g43em2wk9e94acmtg4hlsgxjwrv44usrz,loop-ust,124132857,0,124132857
terra1edqkjfy9vq0zq8x4t4893m8hhvtcavvefkdprk,loop-ust,1826290,0,1826290
terra1dg5we2c2895nxy2navrfqu6u940ypkerrvqw8j,loop-ust,1822235,0,1822235
terra15lgvpne3ujgwv7t6v82650zmcq9qk29ujqch22,loop-ust,1940547,0,1940547
terra167ldxllt6fmxzw5e6sdzk2j04vcdx5d9lulm5d,loop-ust,26838837,0,26838837
terra1dyx343g0vfze5pcmcudwwe3k0983ww4crpsejl,loop-ust,48694293,0,48694293
terra1wpnn8jh75sznktu4nm374lvp3dpp492ad7uvka,aust-ust,646103840,0,646103840
terra1ycvlpfzn8ugf362tq8khzj4wvkshu8hdh3x9qv,loop-ust,4922078,0,4922078
terra1s2r9v6u0rpgs7khm8djduqa579u3kcl8j43c4g,loop-ust,806441,0,806441
terra1j3gdw7q9ydlwflrj2qu0e8uhg5d2uapyhy4yaz,loop-ust,941409,0,941409
terra1354fdwunxlggagqsq9k3xmeygypjymz9ghalhy,loopr-ust,62956462,0,62956462
terra1mhc2mxhnxd55hsyqx8qm69wx08x6xu8wevjhmf,bluna-luna,5015862,0,5015862
terra16tmmlr9hutww78amn5ny0396axyf77lhudv439,aust-ust,16969481,0,16969481
terra1xz3umd4umlzuusksgnd2lk58xtx0avkkvuqhqc,loop-loopr,53761968,0,53761968
terra12ddqx2t6gjx63ylxnjf0e0nn7w63ksturcpuku,loop-ust,1617112,0,1617112
terra14842jh09wg47gven8ndrg78jyegx9ks2f6fkz3,loop-ust,25562545,0,25562545
terra1atdz6axxerxj2m0r77yyu3dawut38qgwtxcx8c,loop-ust,33234714,0,33234714
terra1hs6y0petq57r5y7nky4uvahc9tqvch9avwfw7x,loop-ust,951,0,951
terra14j3qshnw4vppra2g9kzscfxy99c3zglclgd0rx,loop-ust,713507,0,713507
terra10zz997xna0zhegdlf0g9nd2t3x74p6c2g3jkkx,luna-aust,64694069,0,64694069
terra1cp86m6fs5hn2p5qp896f8fv92nz7zfh2vucn5u,loop-ust,7295155,0,7295155
terra1aatjhsatetyex07funggkxqftcmvgdzkmlj6cy,loop-ust,17048275,0,17048275
terra1lk3pe9jmhae77u6c85nz4lq5w0j5zxzgs7c377,loop-mir,774342744,0,774342744
terra14jx8f5zexhvcpl0f4x4fw29j8pghz35vjf2975,loop-ust,509358,0,509358
terra1naafdnxjmcpahyc3s0mmqwj0yj3xhcupszacjr,loop-ust,16617223,0,16617223
terra1wpnn8jh75sznktu4nm374lvp3dpp492ad7uvka,loop-loopr,492218962,0,492218962
terra1rl9v94mhe86nzv8va5vphnd69xxgdqmfjkkwed,loop-ust,107797316,0,107797316
terra1wv3tg37lazzfu0rygmcxq405xds3uuagjspyzk,loop-ust,33740822,0,33740822
terra1snqrc8zd7eanl50spjefz3w4nmu2ywprhkfuw8,mir-ust,11273321965,0,11273321965
terra17xhv365dt7r3cjgf5u5cfe8el84t3spyj08tm4,loop-ust,22448110,0,22448110
terra1x66k53sz5h6d4uu9tdvuygx6m8aqnewr3352rq,loop-anc,985834401,0,985834401
terra1te8j87khgyfuxuy6vmpgw60nj7lwphzyuhzeg9,loop-loopr,233094404,0,233094404
terra10h3qltfuqsvcdaap9rks7wpufhk5ahscadzf0j,loop-loopr,627053604,0,627053604
terra1pjnggt9mnm0zgsduapv57lstyf6m74pm7vcgyk,loop-ust,8192424,0,8192424
terra1jyu9lfclp3rcqedm4c3c992qvd55r2s5n8w38q,loop-ust,11845714,0,11845714
terra1wqu5udwu90a2yrklwu0g56hda45m790nf83hje,mir-ust,257277657,0,257277657
terra1znet73w6hc8z0vu0z687dgk5ntwwll97f6n9tw,loop-ust,1099227,0,1099227
terra1ss3fcfzj3l23q0gkvmqn08w7ssta9ry2z72e88,luna-aust,25366816,0,25366816
terra1gyhakm00ynssuhdyh7yelqqang072lg4ppsj8k,loop-ust,18655222,0,18655222
terra1s8jae2lljg659n3ssd6ez8288t0yxuw9ys8hps,loop-ust,45454691,0,45454691
terra18yaqkvdhknc2v9rmksf92xsrvnfs40s8trjtuh,loop-anc,20702587,0,20702587
terra1d9rshas88wymmqrzweh9ycj8ql4583z42kuwa3,loop-ust,639181688,0,639181688
terra1zztegfq6cne8ytfnrp4dvmtv9ch66lekaw23ad,loop-luna,1128439,0,1128439
terra192kpmd7u6lcpssfjf4948j9rny3g379jdjs73q,dph-ust,32425655,0,32425655
terra16uzkah2d3qn625lpn34jx5j69048s2n5lmhp8d,loop-loopr,2414857958,0,2414857958
terra1nzkfvc50vqs8yvrncemlpsdy96vkeq5ah4xevl,loop-ust,29037016,0,29037016
terra1lnp7vyktpdreq9c9gu5jc3rjmt4e0h4x57y5v9,anc-ust,3973509,0,3973509
terra1gan8naj2rvg5n0w4e54835nfuv7w0xtkwnmy4d,loopr-ust,2711356877,0,2711356877
terra1y5kl2grjc7qn4whl05j5csssasp6drggtn7pgn,loop-ust,5022325,0,5022325
terra1jenmqpd6l4zp8v4zn4px3zype8fa5aqsvtdf6d,loop-ust,2271531,0,2271531
terra1gq4xr3tvvzqqnftsph9ggq72yc7l5ya9qjgqk2,dph-ust,308033882,0,308033882
terra15e9cg27qs2t9wga0ytxc4ydr2d83kq9jkwd7us,loop-ust,19722613,0,19722613
terra12fljw6p7zkjplcae7sw86d9yy27eqvqezrtadc,loop-ust,1595746,0,1595746
terra1mkgf8jcn5u26zwk3xn6le9pu72huz8p697cvvc,loop-ust,3858687,0,3858687
terra18ekueytfk9vtcqtu9xe7546kkgplutqj92x9td,loopr-ust,323627518,0,323627518
terra1fll9m3zdeygxg0cj94jgsr06sdwxa0p3n2m0qz,dph-ust,643264234,0,643264234
terra1pqjefv2ear5t004s4m6q6ehj3h2hte7cekwyl6,loop-ust,3620209791,3620209000,791
terra1sv0a6mmlyjkvy9xsz0vnhsghs3ld7z6gmg0ljf,alte-ust,235304665,235304000,665
terra1wvlz4xfdz6yzq39accyuxkel4qp30lf38lmfsm,loop-loopr,18111796842,4579170000,13532626842
terra1wa3pzwtj5fy3lnfc8hu8phl8h0raj7zd7g7xpn,loop-ust,104193203,104193000,203
terra1k2ecpqns0x54fr7vm5jlvkuqmtj56za9dvyye4,luna-ust,13697970,13697000,970
terra1kadf3cqcfyxpvdlu0sg82ayfkpv6g0nzmcmk9q,loop-loopr,2244736775,2244736000,775
terra1dj2sf4hg60wxpmq4mhclpyg2k0j5sge3rpqgw8,loop-loopr,3290406458,3290406000,458
terra1024d90q84wax4k6l5wvya5shzn49fnnxa64c95,loop-ust,1364368804,926505000,437863804
terra1ujzr6j4fx8fp9tjv3qw32x4rf3erad8h27cxgr,loop-ust,2001968,2001000,968
terra1f202nevwlnj58k4gevjp6hhlevkp7lws50896w,loop-ust,36567912,36567000,912
terra1jjvpa8dtkeq67p2t9t6y0xmjk7gg687lc8cufc,loop-ust,146541213,146541000,213
terra1adu5h56uveg92ta7xhl2u8yn2xhpth7vt44tmk,loop-ust,276217355,276217000,355
terra1p473c78yx9ffhuacksmrplmtmnerht99h47rnk,loop-loopr,2234193236,0,2234193236
terra1h48w0qvs8fu44dkjzluskle69mktgfgqks0j06,loop-loopr,48913194,0,48913194
terra1zw3uqgm9nht2t0w2jduarfjufa00dp68guflf2,loop-luna,9372228,0,9372228
terra17yq47w2jlv8rkrzqwyqwaqz8k3csmnm2s6r03z,loop-ust,2613471,0,2613471
terra1kry4tlvpnn3258euctz46n0p2wq48al9aj7an2,loop-ust,3833051,0,3833051
terra1w467tww8mrxsmx2m7xk3r7ek5m2k3v8ta9drn2,loop-ust,9477712,0,9477712
terra1xhaq3cqsdcdkp448vyh2lj9u68es3yqsy8ylwh,loop-ust,1681583,0,1681583
terra1as52tsm6jkw3y0km4lczrp2pmd8jk8gsmu85ks,loopr-ust,570007065,0,570007065
terra1ngcgmr8vk97hx5fzk0c6q02jfujjncdjqm8qqx,loop-mine,29230042,0,29230042
terra149ll23eplres0avchean4wkv9uh8as57zdp98e,loop-kuji,46448892,0,46448892
terra1rk0jvyrwyfqnxq929cz0tw2xg72nx8qxtk7u6n,loop-ust,88075846,0,88075846
terra1gc4qx0qk2ghtcz93nmacalr9xsfymdtrjpaf8m,loop-ust,16354490,0,16354490
terra1ugzf6w03xl4hjf6msrsjfh0dz8d9aupq8ttdy3,bluna-luna,13643620,0,13643620
terra1senjx9ccygg8tq6r3qfe2mzg0wef3smk4nv78k,anc-ust,209200739,0,209200739
terra14xrpe9j8lp8uw5cmtgdy9qg5vp93d9x8jhckp9,loop-loopr,3742213578,0,3742213578
terra1jv47qu8tladg7lxm3gjtc0z2crg5nq2jx35wtl,luna-ust,12306832,0,12306832
terra16ttnl7z00eryxag79eujcmjjp2wx9hslknznpf,loop-loopr,2114516223,0,2114516223
terra17zuatx9qmenq6z8a5njahnv636dhv6faxhcmju,loop-ust,16617310,0,16617310
terra1rljmsg3lcyqy7yxmduycf2x6r9gq3wd24fyqt4,bluna-luna,11461689,0,11461689
terra1m4c9fmkq569q5du22fuasn9ygpr8ggglyjhsxx,loop-loopr,349947188,0,349947188
terra1hh2ug9m8cf3vmx7f22ncugcj2d3gwg394ak0f8,lota-ust,45632790,0,45632790
terra17jvtad85uqz6h9uak9s3py2tz6gdeu6a22mdnk,loop-ust,619858072,0,619858072
terra1admqs0mezt4f7df5wrkug7asw9yr34mn7e8gft,loop-ust,893090,0,893090
terra19pggdwks6el97a3uca6rpf30wttwgwpd6a3h49,loop-ust,2007339,0,2007339
terra1vj3af4s5qcesx6pp654njz2jfhmwygfxew9jqq,loop-ust,3828878,0,3828878
terra1938hplwlz7y8jjtug5gl749x4md2q7a0mhtefu,luna-ust,8907936,0,8907936
terra1as8nsyff6883ularmxedmrphegpuldjr439ng8,loop-loopr,10050601210,0,10050601210
terra1l2rv3xk0cqrz950a2t8u7spk5uyn856ktdk8uk,luna-ust,1015243,0,1015243
terra13wz378zas5x9mt6exdd2mfqucpz72s5jejmqed,loop-ust,1425345,0,1425345
terra1lt9d3azaztqrm70zwpdqz5ncax22nm9x2lppqq,bluna-luna,9950104,0,9950104
terra1gatat6xpyketzmx08e8f2m6lhtvjdxw9pvxvpu,loop-lota,486996842,0,486996842
terra1wyjh7te9jklcqlcs69dd784a9dj64rx6ad9azt,loop-ust,96851385,0,96851385
terra1njpyhxe9wv3w8uql5rua38pf8z92grpfpgalfk,loopr-ust,5996589,0,5996589
terra132t5vzv0w32acmue06lrmksgvf85t2rgktcjgc,loop-ust,26177061,0,26177061
terra18j88h90g5ax39n6wtejwmazhlvk3c7quwedmgy,loop-ust,98042215,0,98042215
terra1y9c5w992vp4rc63wvj7299k3lzm82tv3z06tcn,loop-ust,5078289,0,5078289
terra1s2ns7s5jhsx9gl0jwpwl4exwdxp420uwyr27c7,loopr-ust,63084069,0,63084069
terra1tsewcehzyevu3yk00feqrncxrrhkruqaxc27jv,bluna-luna,7836456,0,7836456
terra1vmhwcettw5eg3su263xc39unedjvw9r4pals7k,loop-mir,26759988,0,26759988
terra17zjre96gjcze38w6duhxelkhxtws6xra05mere,luna-ust,799127909,0,799127909
terra1l8wlpc6c74e8h8eg99c3nkc4y679235lxtje20,loop-mir,164798466,0,164798466
terra1tas2n6prrvcsd890hxp6f2untpcyd6ywfheanm,mir-ust,2911755554,0,2911755554
terra15myzcj0ekmg3xkvyav5exyf05j8nqrpnwtlcmc,loop-ust,922085,0,922085
terra1pfvdzakms2psfhzdzx96nwwzavpcv3nez3zqaw,loop-ust,3425812,0,3425812
terra12qhl4xu2mmda6rnp3j0zt7ydd7ldztn2jv2wd9,loop-ust,799146,0,799146
terra18w5kr9k4jyjlegayhm47t8rrulvjeqtmd6u8j6,loop-ust,4512225,0,4512225
terra13apc9ksx4meskl3ux367guvwjtnwd9dhsfgg2w,loop-anc,164272652,0,164272652
terra109fcpy6hmpthk35aps7td4qyg2cvwzrn937px4,loop-ust,5732262,0,5732262
terra1e2v2a4cx94wkyrhvgc3j0a8736svuxau0k67ef,loop-ust,36645504,0,36645504
terra18c8rn98jq4gtutrp3kkhvpkzpngs6zw5t05xmx,aust-ust,4472678,0,4472678
terra1slrsamlc0zksjakd7x0et8qv9k6ue3n4rj4ryt,loop-ust,20085564,0,20085564
terra1hr3nl0kat98scjxnuumxr3namutsr45fuzyjr4,aust-ust,2232197324,0,2232197324
terra1jg8ml4tzmsvcwwjwnm7j4xhz7md37p4u3qvac7,alte-ust,19280298,0,19280298
terra1dzuu4zhk8276a66nec54gzzsdj43xjktnywkvc,loop-ust,108289780,0,108289780
terra1zjhjjf6422vkt04e55sl55tfj96uc0pych20w2,loop-ust,101099372,0,101099372
terra1pdc5vt6sjskf6af3dcz8g6cmqtgs5g6a2njrnd,aust-ust,443256994,0,443256994
terra1v4w2ku7f7dhw7m6ec6cdx2zfxcuemnn43624gt,loop-ust,1888812,0,1888812
terra1u9vgjhe6t45k3hkkm0j32ju2cn75g5r0lj04gf,loop-ust,1080093,0,1080093
terra1cdys6ll0w6hzfepl900tzt00dreudkznep80h9,loop-ust,9029778,0,9029778
terra1mze3zs44fea7nm6amhnx0w0w8jjg8zwlc04d8f,loop-ust,575644,0,575644
terra1xq8xtp6f9nm9pwmx2yqhxzkzm5u9590j6myrw2,loop-ust,290704521,0,290704521
terra16z525pkue0dt27t3gtjuxpsrx48zhmkevul4a3,bluna-luna,4501167,0,4501167
terra1zd30et29tazp40k8jytlfl4k02v05fj6ka8zpu,mir-ust,125798935,0,125798935
terra1zkuxsdlqc454tmqm3km0dqv8x6calcdnqs30w3,loop-ust,8015782,0,8015782
terra12uuq3fkcyc86kzkpl7veg6edwsq90vkqgtnujd,loop-ust,25006122,0,25006122
terra13gznq3ajyzjkuef3065wwhsa3gw5ernnsr53xt,mir-ust,172730413,0,172730413
terra1024d4dfhr2rzy3gc5rg9xlu7ufxluan2480jl6,loop-ust,1961353,0,1961353
terra1xvqcmpz4ag4mk86gauedj3986ehz6rv0g4tm52,loop-luna,202410171,0,202410171
terra10nhpuuvs9ysdzxmv0e46xagtawekt7q7f89fgn,loop-ust,93982,0,93982
terra1tkkq7huwk0jlqngh7e6g8m4nxlehwmhtllg4ju,loop-ust,1818960,0,1818960
terra1da2gdqcl0lys7489hqlayjjzlgv7ewrce4jaap,loop-anc,1977515,0,1977515
terra12d0rptt8msn89qjpm2m8hkm690uxjv8wyhf8e2,loop-ust,33612594,0,33612594
terra1xe5avnq5tmv4v22pl70pshz3trns83n7xuwh2h,loop-mine,83409731,0,83409731
terra15knqq0pu8x26tc7tfq9d4h62kt786x36wcuhzg,aust-ust,886978414,0,886978414
terra12tlkfk0mn8uuwc2sfzv7krm7mtrwhqlkeuhzpn,loop-ust,502658222,0,502658222
terra1senjx9ccygg8tq6r3qfe2mzg0wef3smk4nv78k,mir-ust,218569312,0,218569312
terra1rt4tuw8s7qxg24c2e00z8m8lpygeszpn5n8sch,loop-ust,46256677276,0,46256677276
terra1fqszmgvqhalxuluzsmntrttzatg8x3ug72nr4s,loop-ust,2245045,0,2245045
terra1as52tsm6jkw3y0km4lczrp2pmd8jk8gsmu85ks,loop-loopr,5238085159,0,5238085159
terra1janw0r6mxm9v88hwjk6ss27u8ur85ucsrzqhlr,loop-ust,10718016,0,10718016
terra1vgyl2wfezwwzhhv4vu2gxhvwx20lzatsllqvpz,loop-ust,7040417,0,7040417
terra1qv8g3hh0g7mrkte740fxk50lsxpcfct859tlam,loop-loopr,709664550,0,709664550
terra1tnfj0yajfqs8tsyl8l2hm73qzjmdkfuukaz0ck,aust-ust,1400941924,0,1400941924
terra1ujvn5lthl9r99ddwkq7vm9p4pujgthdsjmtvlw,loop-ust,54225835,0,54225835
terra15ggh647pj79akzaydqmrcgptjr4z6ja35lnq25,loop-ust,1000448,0,1000448
terra186dugdthm5nnmlljz3d8lrmjud0eg9z7mwymzh,luna-aust,462414515,0,462414515
terra1p6udkaem5494r9mvkgr7ac24exfv5f92vwp2zj,loop-ust,16893997,0,16893997
terra1jmq2920v37tktafchel8cu0rhw044s5ehfutgj,loop-ust,5351330,0,5351330
terra1w78c8nyk02yxkl4pf9sxqgcaq84g2l6t3pl2rx,loop-ust,115863340,0,115863340
terra1mfdp6lef0keuevlfm5dc6tnhhzvzx80gnyq8yz,loop-ust,301546,0,301546
terra1v2rkzl59zga0ep0heny7t3h2zc7vn3l8uvvz6m,loop-loopr,13654788396,0,13654788396
terra1uhzkat58na64fwpd493ruy34842hs7rmp4wsty,loop-ust,2145164,0,2145164
terra1gvsauq7acgqwxdd8n0xqlafrdxu9t2yrytuaus,loop-ust,30408837,0,30408837
terra1m0am8425ff95q5v2weenmpq853lf4e724wlqvf,bluna-luna,561222,0,561222
terra1fa9rrhhztg6zt9ly5l60zef7xepfzyupwe0f3c,loop-ust,19735565,0,19735565
terra1zrj20jeu64zfqsu8pc0vu7d3rv7ra0mck4dd8q,loop-ust,27263842,0,27263842
terra1qzqzwg7p5ydcd2c5vqdc9kl76zxuuprv6fn0wu,loop-ust,131465541,0,131465541
terra1th7wznjznnyck42v3eyma6cukqvrttsq75cu5a,loop-lota,7811880486,0,7811880486
terra12aagruwv2e2uy4h25lvgh68s22y8ne4t8fwva7,loop-ust,1774834,0,1774834
terra1rrhgummlu0nczx0vzh5wzpdzl5g2hp8dvee4ln,loop-ust,71748157,0,71748157
terra1pa37kg9jgnwt9lwn755ljzj6ed6kx2sthrx4sz,loop-loopr,167225011,0,167225011
terra16xtycqjsqh5rmwzdvuj9w4nrpnqx9acdtvlumz,aust-ust,8913110,0,8913110
terra1feqtlvaru4lszqnpjesgfw8splrg7u27wwwqac,loop-ust,4578759946,0,4578759946
terra155475gk67e04njugt3u0useka8rfs5v94znu0z,loop-loopr,2215225027,0,2215225027
terra1x0j2f40dv7q2q05f6shv8p9gx6d62jmt3x52lq,luna-aust,177749459,0,177749459
terra1jpvm3z7an5ms5htrz2at0cp5c9w0hk40nmqgju,loop-ust,52059562,0,52059562
terra1csskxpyfy4n8w5ud7z47t60asscrg0rl6z9uvv,loop-ust,8133361,0,8133361
terra1t29a7ry08lrf4l6s87dzcmq2k685w48lf3qd5d,loop-loopr,175925036,0,175925036
terra1fhyvwh6s6kpqzpvzd4dq9gkhdz7638phdh0vwm,loop-ust,227247955,0,227247955
terra1vy0pnnux3ch2qtw83znnvv68juzqv7gfywpafx,loop-ust,3523303,0,3523303
terra175juf7v5kyx4g9jr9tae87auq5qhczl2kzpdff,loop-ust,10119121,0,10119121
terra1mzgma0qlpp70wuj7p78pkqqe4nxs3pr0n6gk4q,loop-ust,5422862,0,5422862
terra1dwrl0kpvfrcnas7j2pgc3xkr3fxjn9lvj8k847,loop-ust,5829042,0,5829042
terra145fy29k3me8lk0uar967402njm5s7c55ehmp83,aust-ust,5239933531,0,5239933531
terra1gd9s6366cgkr3qp6xjuwtmj3w3tgukaz553h28,luna-aust,41700645,0,41700645
terra1vymymlkjkrc3nrav82gqlp66cwnqfmt3x6elw6,loopr-ust,3479468,0,3479468
terra1cf8gs48g2dc2gl64pllgpex98752wsx2wmha8n,loop-ust,296857572,0,296857572
terra1pmrarnengyupc8e6uqfd3pc099mw246crhjgac,loop-loopr,2354820825,0,2354820825
terra1s7h3gwpjznhw2et6jxtut429y5953q3xxzkve8,loop-ust,1996828,0,1996828
terra1fs7xndv8chjy6m0r8yt8dt8xh8rmmjhhlmeqkm,loopr-ust,28723422,0,28723422
terra10qge4qsn6c60urvat5lmm2cyaksq8u02p5ar6k,loop-ust,18464868,0,18464868
terra1vjfq08c7jd5csylagthwfgruug2dlt9nnykmvs,loop-loopr,774261107,0,774261107
terra1zn23yqpur5lyduk4cdg5zney43mjzascqws563,loop-ust,144284470,0,144284470
terra15t9d9n6cmcy9xrugwc2j3zflx8g0p7j82rdl08,loop-loopr,16390049649,0,16390049649
terra1n57tn23cja4yfmm2r9njgaukprjptrvmnnckv9,loop-mine,86473834,0,86473834
terra1ahvy3gesw4p7nw6r3r5y6mrcwzjeedkzphldka,loop-ust,1727297,0,1727297
terra1athym672y3gzy7mghpg7wppz046hn79x5ad4y6,loop-loopr,11870105,0,11870105
terra1qz28vjx57ewk397gkssxdp0ldec9yy6n9s0p6g,loopr-ust,1468967576,0,1468967576
terra13cn0yvd4huyhd4u5xp2qp9uqdk5l8wmm90tu7l,twd-ust,1098875,0,1098875
terra1y98ln02kzuzt2tkm0cjxhux8v6yx4svkwvr7ja,bluna-luna,3056642,0,3056642
terra1uxzxysftlalx53ltrzllaesmn3ndyddcyxup38,loop-ust,1072344,0,1072344
terra1gpaac98v2txakjlc93a7zkzdju7r26nxg97zu0,loop-ust,9619513,0,9619513
terra1aryn0khcqefz7qsa62vngg8upejttzwfks9qsa,loop-ust,58892013,0,58892013
terra1m8qyrqrys36vnmz5euu5asg4y6cxnw2x620v2m,loop-ust,969246,0,969246
terra10f4ct5yv54duj472lx37dplamjmk8nrsuaa2jm,bluna-luna,37838857,0,37838857
terra1vew7m34gtrjyqjrq382sa0cqldwj6am7mdm6cd,bluna-luna,994343,0,994343
terra1px3lk56fq3jamj6p6rw6yhkfljf7dgzrh2nnud,aust-ust,1797921438,0,1797921438
terra1yck0n6a8fyc0gql74w6kt6purfkqxm70vzayxj,bluna-luna,40946269,0,40946269
terra12la43zgv4l23yq0cufx636m24nvfytswp3u8kw,bluna-luna,20488522,0,20488522
terra13tjze0x0vh3rzvza85f40gjrjdtjtutggx7v9y,aust-ust,907352672,0,907352672
terra1xyw4d4c8ythzsw3ausuv8ycsz9tjpymtjfts3y,loopr-ust,297310887,0,297310887
terra1xznren30zfxn5ftfj9jfakurejr0jfkzjl4crr,loop-ust,4653319,0,4653319
terra12le4hs43l69ynv4zrf2ncr32yn34awrg75k2v0,loop-ust,4557315,0,4557315
terra1tn4dqs24hgw32h50wuprzcvrk37l5lyrkpkkmt,aust-ust,1340458415,0,1340458415
terra15sy064cva7pjh6k66l5wwum5uwy27tyux8xjy9,dph-ust,411554684,0,411554684
terra16ck8pe9tx7mkc7x3td9wjnly4pqyhfm2375yzm,aust-ust,892194526,0,892194526
terra1cw3gv66rh65ryusd4w66m4uerj7p49rx8rqhyt,aust-ust,50112539,0,50112539
terra1g5z3vcjm7dlzwz6ql6d9tk2x5f7vjhhaevmph7,bluna-luna,3993959,0,3993959
terra1c7zpvzhzhraa2a9n893mq7ec9z3z02tyev0sc6,loop-ust,28038406,0,28038406
terra14uutc7ayqnlqgdwurf8jdyjqr4nqshxkkkp7mp,loop-ust,136884542,0,136884542
terra1g7gapue30a24v9m5r9dwz5xymjajs0y4vqvzx9,luna-ust,40816188,0,40816188
terra19nuwaralms00yj9wevx8rpjgs3vfvmdkjj9d6a,aust-ust,28085633,0,28085633
terra1dulatnzhjnep7n3ag3g3ykn5seghnugp8pl623,loop-ust,75127142,0,75127142
terra1p368lqy5wfgu9qhwfff2cgq6u4ez5yljzxk9z9,loop-ust,10278060,0,10278060
terra1xcumyjz78v64mcyypsw2uz0jydqe50drc5dzge,dph-ust,280777955,0,280777955
terra19yrmkltejex0j9w5zjcel7dgzqqqpuksd9e2vx,loop-ust,1835559,0,1835559
terra1sz2zamkfh24q4s6sl2xj5lxf2zl5tsp0pg7gw2,loop-ust,26484598,0,26484598
terra1v35s499lfvnqxeyxlq5mfn9qupr93whtcg2g08,loop-ust,13119678,0,13119678
terra1aw50ssfnal4wvgtuufj6ttfcwehg3mdznkmjd0,loop-ust,1141552,0,1141552
terra1uxgzj034a2guwhmlv89cdxxprzvecq0m5e45g7,loop-loopr,134284012,0,134284012
terra1nle330u4qy655ra67wt0elzsyg8wkdmpl5tmlj,loop-ust,53713700,0,53713700
terra102zlun5qlemrzqezqquyj232r8gfuatxw236ah,loop-ust,914973,0,914973
terra1tnw7h6whkg40dq8tyvv49k3crfegzure03kfe8,loop-loopr,170932238797,0,170932238797
terra1nfxvj5cm9vxz0gnyxm4cne0u0yny6l6h4tnlp0,loop-anc,16439178,0,16439178
terra1dfwftcnw8ta0mz7jaa3rnl3nr0engvskgpvjxl,loop-ust,1060914,0,1060914
terra1nc2uswxwcdcjkljsk8fxkhw49y9k3cnmamqzlr,loop-ust,25784059,0,25784059
terra18lcvgkruku24nuuw7wdwkzq7q0nak7ljz4zpc9,luna-ust,63755,0,63755
terra19fgsyxweax28lydcutp2v7v982c4pdap9prauh,loop-ust,10962491,0,10962491
terra1uw9xwc6449ervnll05f6q0pexxfsu8v8k37ay8,loop-ust,47449090,0,47449090
terra1rc8zsn3m5uxhj7wmds5zlf7s4h0l04cthlg8xu,anc-ust,1750954,0,1750954
terra1gntzalzsgvrf8fsv8dg5qr7lsayaqy6xu49sep,loop-ust,7399858265,0,7399858265
terra1kessc4h2zwe2fueyzuxcv7kqcuhu70ealxgtwv,mir-ust,99688650,0,99688650
terra13hjulea5w7ep87y4cc93gxtvkwz8naxjkkwylt,loop-ust,4289113,0,4289113
terra15ffg3sy9n5u3cupwysndsledlj2yc272f7kf75,loop-ust,2124318,0,2124318
terra1necr2ap92vnmm8cza4t6fnl7ufqrmxze8y3jgq,loop-ust,1086587,0,1086587
terra1w2jphks0kk2z68xkcu64lv5yrgxtsnmzufxe8a,stt-ust,774666,0,774666
terra18waxqcr9jkr9ya78ddyvk0zy7t9pp9ghuwlg4z,loop-ust,48070336,0,48070336
terra1z3g56ug4r8jsdl2jstpmt6eaclt5jpfd0pduqe,loop-ust,168327046,0,168327046
terra10t7dm64ylv5vnkrjz6rwp52uju2y36qstapf4a,bluna-luna,506399310,0,506399310
terra17vw0n7rnksaahwhd6m2y9hmfz3uaam0he3tj2g,loop-ust,4846545,0,4846545
terra10hxwjkpy39hrek44weh43r4hcwh2qj4jepqfne,loop-ust,7991472,0,7991472
terra12l3upgvph4hjjmnjrtegemf4xtts7c4gf2u4p0,loop-loopr,675524331,0,675524331
terra1h5fhq9dx4el4pra3tsk8ymgtemjm5dz6t5f5mn,loopr-ust,624757862,0,624757862
terra1typn8rzjvyuf2ka93dwyct0sqnqtdkkt2g9a85,mine-ust,8626599,0,8626599
terra1vxcan6gullaymluy62mywx75gwzgxlccseuz93,loop-loopr,1061530436,0,1061530436
terra14t5c4hh09jvt0fsvv0hrur0wu33nyf4kvcwxmc,loop-ust,72250692,0,72250692
terra1lwfjznmneguqhth3rz6f49duszza2tzjqy4q4j,loop-loopr,828651506,0,828651506
terra1nqm6mckgz85cmqw63cklr8tzz77xmks3jqhvtf,loop-aust,374498445,0,374498445
terra1wpnn8jh75sznktu4nm374lvp3dpp492ad7uvka,loop-ust,47378312,0,47378312
terra1x2j5eefalvp63z98g0x57fl4rgxypa2792546w,loop-ust,4465996,0,4465996
terra1v75zc50ad2k7xjwatmm38xyzt23fge07cxm8c3,aust-ust,537755493,0,537755493
terra12lph68h2wcskv7csfnzu8wmh5460m0fsee30nc,loop-ust,8760635,0,8760635
terra199sgw5kg2rejzr6ug7uwx0sz3mhe7x5q8rsgga,loop-loopr,11005410232,0,11005410232
terra15uayh8k6xn9eu5v3rfaftk0njxwk2xv4e6290l,loopr-ust,14767267,0,14767267
terra1j64kf4aq4rq9xa4awewcguch5esq4z5jpdql5e,loop-ust,682118,0,682118
terra1hcsgg70rhtg899cuvsf4e4xcmma3fkva6rctju,loop-ust,520720,0,520720
terra17s6975cdcag5rnyrkaqdf3q074u8s9zyr2cd68,loop-ust,2127838,0,2127838
terra14jx8f5zexhvcpl0f4x4fw29j8pghz35vjf2975,loopr-ust,6230446,0,6230446
terra1nttdq2deq0ygg6tdzhph4h5r4hpn6jpj2k4u5c,luna-aust,748572,0,748572
terra1m7qfg9r0ny5qc39s083klmvx4sc0e98s0kgmvf,loop-ust,9443667,0,9443667
terra149eemwnd00lqaqf7k298fwrrlwaf8tjrhj66d2,loop-ust,6519415,0,6519415
terra1khagju6t0epp4pufla4u692n59h5kdwfvy2th4,loop-ust,7789682683,0,7789682683
terra1su3wqq4fnl4yjfnsza0n5ddrfakn5zt65p39mp,loop-ust,14462778,0,14462778
terra1rmkz2jx7wukyxwmu0nhez99fpsatlr2ay3hvu7,loopr-ust,6451232,0,6451232
terra1htkcl7amhjz4uczy673qw70cwum578px43vyft,loop-loopr,174514027,0,174514027
terra1eqevxetk86ne8k8c892ln4r74ujdzspx9yvw3g,twd-ust,5284548,0,5284548
terra18lu7wmywdsc75qzw3qgcp4ulhenpckxn3t3zds,bluna-luna,74605290,0,74605290
terra120da0q74asg69jmp5zxh2cajdlwgr8nvye83kf,bluna-luna,28815759,0,28815759
terra1tgtn8xr069sn62w6gs49hflvh0cqsmh56akxpt,loop-loopr,6499463,0,6499463
terra1k890j6jhsu6vya3zg366rz0zv580eqhhnc0nnx,loopr-ust,28800059,0,28800059
terra1mrd26a34aqlvq6xex8m5qt2cmta9l54t4xchqj,loop-ust,3233514,0,3233514
terra1dazxntg5n4pzx3wans9vv078z9z8jkfcfcfrt7,loop-ust,934888,0,934888
terra1f5nsqjw3ygg8p8eakdq8v0ctzg723ujvp2d757,loop-ust,2144247,0,2144247
terra1uwwjgzaxhw2hemr2xn7guvu0dk3fsehcprplcv,loopr-ust,27123546,0,27123546
terra1wlkm55kv2d2djdv6uy9vzjj4pv94t5sqv3a360,loop-ust,12166918,0,12166918
terra1gsenhkhq8fldmhw499lvpknwfqt272veqg8wfq,loop-ust,6530625,0,6530625
terra1tqda788vnshn9peqha9d5qem395pxg6m27vylz,loop-ust,16220453,0,16220453
terra1sx7ha8tv37urazswuse8xn3ulpfxywwh26pq3j,loop-loopr,6038842,0,6038842
terra1cuy5hurnnm7fhtr7e25n7zjpgv8xn2903ld0w2,loop-ust,48214710,0,48214710
terra1zmvxf4ehytfcg70732yfwevh8qm83car4xw806,loop-ust,3004566,0,3004566
terra1g50xkg7yyed60339cmsfqkjf0uypw46ndkkxfz,loop-ust,425654,0,425654
terra1n4q2wpl5ek74ah28uarn3tfddxnej5htqe5xlh,loop-loopr,93675936963,0,93675936963
terra1y2fpz2d0csapgrx03ze68lvg5zvk569lck0pzh,loopr-ust,13860208,0,13860208
terra15dfqcdjvqmu03n8gw2zva3zcgyuwsrjs03c86v,luna-aust,5597803,0,5597803
terra1cay5sf23yumux3xdhk24wph8w376x937vsmh9c,loop-ust,18614144,0,18614144
terra1z6skn3rdhcp7cgsxt8xj5c630vgumhu7f6rt25,loop-loopr,1204354640,0,1204354640
terra1fa3peys6e9ne2lh7n2snag5u68c4rr9qd3tgpl,bluna-luna,1476036,0,1476036
terra1ld0fnm4h9l7mphm8fjrh2up79tel69kz9f5q3x,aust-ust,189896692,0,189896692
terra108j2jsys4anuat0u5wvu3nflutvh50v5vvglzq,loop-ust,21810285,0,21810285
terra1djrfpnv0gqr7pdskfy5mmgpawu742s039zjx8q,loop-ust,1785151,0,1785151
terra1wtps70meh8a23gc37p09wlzrp0gef7t4hlyfwp,loop-loopr,9013124974,0,9013124974
terra1r2ktajd3ms52g77xtxcs53adud8hacacp7xz5x,loop-ust,2419332,0,2419332
terra1c876k42rvhfsxzaurwvlc602kfwva6cdl22n0k,loop-ust,137061285,0,137061285
terra194vruee64mfz2tcuwcyhej49pcgkgc3ajsxaaa,loop-ust,1099178,0,1099178
terra19k3l36emkt6yen42pn8v03yxavyxkcawkv8cvp,loop-loopr,1360648454,0,1360648454
terra184mpghscc368zlwp2xvug5hefhcg47gg9wdv69,loop-ust,1613963,0,1613963
terra1hrnje9vnp94rekd7hly4arj80dhz7spfzwk34e,loop-ust,932692,0,932692
terra1klrumjhcgtd6qamuhpk5my97yuker3qp0kfapd,loop-ust,1910682,0,1910682
terra1vkqv9t3mwangw8vyr6e8y6jw53jsgfvwlwahp3,loop-ust,913053,0,913053
terra15e6wvm7z28aqwac8scvv025n22s80z284jdphh,loop-loopr,8616564025,0,8616564025
terra1xgx4l73q7tvx6gaxsu89k5rpcme0e4w7x287yd,loop-loopr,950211832,0,950211832
terra1dptj3pu7eqx7nef0z53juks0vp38gd25765f4w,loop-ust,2577516,0,2577516
terra1cca6g0qz9vd64hy2ndgh9zq05qe2vyrwjgpcvj,loop-ust,1399252,0,1399252
terra170jlyef9qa9mgjxpy6jggre3l0vg4alya8sp5f,mir-ust,63233610,0,63233610
terra1zcsj3slrulv9lpjnf0wvrej0e8dx8cydljf5mx,loop-mine,136708984,0,136708984
terra1h7c6kxys36e3lwfsgqh2wlmlxym3ldzpq44d0s,luna-aust,230886423,0,230886423
terra1x9htnd9y863jjlf42rhzwsaq9e44s08f3tlkjg,loop-luna,8769727,0,8769727
terra198mjfagfqdvullcxwgaen54erjd5esqh6vh69y,loop-ust,144270338,0,144270338
terra1gxwlg0rk530f5g0q4j4rqqlx6fwck2trglclgd,loop-ust,226837199,0,226837199
terra1hhl6qu86w0mjqh549pyapxmnut28egft7lyhw5,loop-ust,2758280,0,2758280
terra1l9vfa7uzfpupfyksp4saf9kxsd4qxghjn469p7,loop-ust,2341562,0,2341562
terra173fptekqypuw0aesv830ut2c26jvy0dx308yh2,loop-ust,8017350,0,8017350
terra1fch5zswp2lep7qm6hzmeh3lz0jxtt5rsczywxt,aust-ust,5729702952,0,5729702952
terra13z8ceq9eea46l5v46q8y2c2rv9wd2md3qlqmxk,loopr-ust,200185,0,200185
terra1ysnp4lkug6p2a0ngjkml9tjurdcas98szkp0m8,loop-ust,45376784,0,45376784
terra19ua0r77ygykpy565szeecr77fltnfvlq9wtl4t,loop-ust,250969931,0,250969931
terra1vv268ega7haues4e93xjwqks5p5kqalmwqppss,loop-aust,526553356,0,526553356
terra1peanvwrezjlx2d0muc6wns2u7jktq7lx7466kj,loop-aust,635869784,0,635869784
terra16z525pkue0dt27t3gtjuxpsrx48zhmkevul4a3,loop-loopr,5604086748,0,5604086748
terra1022aur2cdezm8segwf4t3jq333gjewujsdhfs4,loop-ust,4383579,0,4383579
terra1qqu376azltyc5wnsje5qgwru5mtj2yqdhj0cwl,loop-aust,26744289,0,26744289
terra1z92z83cj4mt26rvpty66565n5dz704yva4985j,loop-ust,3626961,0,3626961
terra1azu8mudgpglk46mdz7ufvedt85p9efcterwe03,loop-loopr,67342482,0,67342482
terra1axqpk3n4ccx2xvu8edm98n0tnnjaennh247tj5,loop-ust,1682685,0,1682685
terra1h8hhk7zttak6hsjgpx8v7lz9h7k5uzdm83mchg,aust-ust,367609727,0,367609727
terra1uy99ers3v4fd52q5k99u6cwfcana32c3j4y5ms,loop-ust,892268,0,892268
terra1muhk3uhwz5n57pkuq7p2ntj9wj7cnvanq8c4eq,loopr-ust,8380805,0,8380805
terra1x3a4xw6vdwvftpkxpehxr9re87uyuuk9q99x5a,loop-ust,1708696,0,1708696
terra1f2j6q6pj9m6lrn67826qzalldfc6ad5ch3afdt,loop-ust,6272310,0,6272310
terra1kkaqjts9xw4c4yclp4x7t2kppwp3g48nr0q4hz,loopr-ust,24070002,0,24070002
terra17vxe9xsrsvhj2q8q3xtwd3dye2fgfel4yw74ct,loopr-ust,1604560995,0,1604560995
terra1us8f4jmsjmj6qrwdclgpe0cj84wzn44jvmdlp4,loop-ust,111470548,0,111470548
terra1r75w0e9j0ljspumu7lkzjlddulqavt8rgfc6qm,aust-ust,198428893,0,198428893
terra1v07j0lhetduj8kr2lrfde7mnnkmz3m4tze0v4z,loop-ust,234696390,0,234696390
terra1hgs2qtdtqmfjwpc23ehklld4dwwq9xnzhzh8uf,loop-ust,7555542,0,7555542
terra1e2l0zfeamdpqe3qq2sfnx5646wgytxy4zmxc7c,loop-ust,6656138,0,6656138
terra1dccsl3s8q7j4sd993nv99neaau87zytet4x0wl,loop-ust,15402497,0,15402497
terra1qda8rlqe6kcmtggu3923xwe2mh75zq627jzm54,loop-ust,1281772,0,1281772
terra1uacfz0r2zytpdvcpev8px00acg5g9ek0zg63zf,loop-ust,1882577,0,1882577
terra1yflk58n98w48letrx4zd2n8uq5l3pu5uu2xdcp,loop-ust,9437247,0,9437247
terra1wnddzdlv3n07k8g74ek2c2lmtzsjwgc0tppsw0,loop-luna,6404002,0,6404002
terra1hag2txr8kvpxm28lmrah0t5r7glnhyfarm4jx2,aust-ust,5368502594,0,5368502594
terra1dmynl8u4rdc3uvmqjxn9gy6ssjcdc8735gkg87,loop-ust,46417314,0,46417314
terra12tu3np8e5c900d96st2sn4snvujjuxpv7xmwga,loop-mir,88559722,0,88559722
terra18mw04vqyzpt0j8zkz9vt9u4yuzg03uquvt9snj,loop-ust,8095638,0,8095638
terra1fn5p9juy4e8sscxdf4nr8e8sk346jv97h9k052,stt-ust,104447412,0,104447412
terra1wahptwry652ph2h6dwm3up0wp7h7qs677p4akc,loop-aust,120187926,0,120187926
terra1z7df8np7kxynn605tmfglxdqffxylu7xl4lanf,loop-ust,84107,0,84107
terra1r7kuv735xg7gteq3u84gd5rv2kah3vzhsxqq3f,loop-ust,27979192,0,27979192
terra196rll6t2lqnzgvkfp2rjpqw7wtdmasrg3nq6m5,loop-ust,173779802,0,173779802
terra1nnr3xnpcl4mcm8plfa5yv5v8txjxkc30lgzjk9,aust-ust,8939583882,0,8939583882
terra13tfyk6dv5zyh3jhrzav0yql9h9vk6g7yh8fshl,luna-ust,876343915,0,876343915
terra16g6tcyvtw99ks5rwh9c6tdymu8c6nzzy2j0xed,loop-ust,3381422,0,3381422
terra1k2gjta632dqwn94nn50lvy5plff8e78rr9qdfn,loop-ust,952,0,952
terra1hxuym0he5ldq22vftsr6nkrpfll58dhkqfet68,loop-ust,1090957,0,1090957
terra1yfsm5ca8gkws4f240mu2cksdz39nmamhfeenuz,loop-ust,5990102,0,5990102
terra1aec7erna79tqarwv5rwq65k7jgn5gffz9xjg3t,loop-ust,25686038,0,25686038
terra12myx6484n4w8kxqqu52mu2z8257s5ff33xn66u,loopr-ust,513266287,0,513266287
terra13jvza8upddqx8xjyntn0dgdvcf32tfv53j9qsz,loop-ust,12051060,0,12051060
terra12j222v2y027q2k66l247a7jxstf8lnph0rfkrn,loop-ust,3371659,0,3371659
terra1wl84mnd3e8438wq4849khcsrjmxq6qh2zzczhw,loop-kuji,64488964,0,64488964
terra1p9pa7sdsdg38w6ye0fx80v0njh6vgu90xme65j,luna-ust,105260,0,105260
terra1dny3msjjdaw4zakupw0hnjgsleh4cqmyt5aqv9,loop-ust,8440649,0,8440649
terra1sy4pg53aekkfangm9g6e7rc5f05spfwda6pwmp,loop-luna,32209758,0,32209758
terra1yunkhy9fm2yfw9tmle3ddw9qm3n8qs7fdlgvvu,loop-ust,1687677,0,1687677
terra1t57g0wucmc3a24va4ytzul0v46h8uwvdh9sxpq,loop-ust,24381418,0,24381418
terra1w94fvxcnl4x7wph3qmuepwdvtr9hmdcxh8ze9j,loop-ust,915584,0,915584
terra1p2yg0tz7pkn77chdz5qq6zrkhk06x690jmpnxe,aust-ust,289971858,0,289971858
terra1curjqpxp6rlfyvr0hypthe4dscux3mdw804kzc,loop-ust,2923881,0,2923881
terra1z7yu8gksxssmnven49czm5unyl7xs79cmdurct,aust-ust,117545447,0,117545447
terra18qrnsf3ezfpupp2q3kzvdcdes70zes0awn7vzs,loop-ust,156975272,0,156975272
terra1tzfjgznck39dv9krs4mmtufw6wetkr6f70uguu,loop-ust,2917156,0,2917156
terra1d3pa48wapekkgganjqgxh49dhhxquyka0rlvgl,bluna-luna,24845543,0,24845543
terra1pkdwpr0jsdnq8k0szq9t93dg49y8dvuhncq2qx,loop-ust,5188834,0,5188834
terra12mpelhpjarymyur0rlpztstdq2fp4pz3egdjd7,loop-anc,18463109,0,18463109
terra15kg0rrgfhsjpu23njk5pdv7mrn3srqwjhfkav0,loop-ust,5004968,0,5004968
terra1se8k96plgc2rwxp9wzv6xfzppltfcc75x3fx7k,loop-ust,8997080,0,8997080
terra180dxyq7a4rpmlgkpwqsfu8a3g7hetzgrrg37us,loop-ust,1765105,0,1765105
terra1vte7wnlffsfllw79mrrapmf2c2wsl5hmry3ce3,loop-ust,89371083,0,89371083
terra1an6kc2tlnrhsgvs0wapt9fh30ld9kq25z2r009,loop-ust,269326083,0,269326083
terra12egzghl6se8js8kmz7z5hypamut40qute0467f,loop-ust,754221,0,754221
terra17a2ymajw5j09rw023c88jf42c2dsgj9wc3ylzd,aust-ust,3528680153,0,3528680153
terra1j485yt3dfgxvpqyfwtm6hw4f6q9vlku5qx0fc6,loop-luna,152970303,0,152970303
terra1v0fsn6lxc5xav3hxa9ca4fgzk6vnr24ce2ur9p,loop-ust,1702738317,0,1702738317
terra1rc6vh28rw8ptwykkugul5dsz9jjdfrz58agqlw,loop-loopr,39826709630,0,39826709630
terra1u7p8p2eyvg6ujk4yn085srvfdz9sjg7vpu6rcs,loop-ust,4938632,0,4938632
terra1e6hekv9c85cuf5nduxryczhjzst2jw8tpk3e5n,loop-ust,1420934,0,1420934
terra188g7t4uqqfdp345xmf9swldufagwjyqlaykr3p,loop-ust,2425925,0,2425925
terra1l5nlszrg650y3gqahzt353vt2u624vnxk299yj,bluna-luna,7095638,0,7095638
terra1yhm46p0h5cqg6fd8scv2gv00a0n5a4ksx5v32v,loop-ust,4338948,0,4338948
terra125fy6gxcrhhceaafhrdqd4uppmu3wukvcmrw0m,loop-loopr,337189088,0,337189088
terra1zcdeuju0ujyfpmvjh4909dv9aeyyv6vlktdwwy,loop-ust,34924784,0,34924784
terra1v0va3a0lc3l4wyzzt7ghplph82gd6v7wdug9nk,loop-ust,1474149,0,1474149
terra1lc5yjjdvuqe6ftlu952ycj8vukdfwnhrx4pksn,loop-ust,34873860,0,34873860
terra16pv06rfmmgqkc6849remzuy9lwheuyn7kvu40w,loop-ust,13887419,0,13887419
terra129u6n3nglmf70ezfnnzx4q7myalljywzm5ve08,loop-ust,2934975,0,2934975
terra1ja7w3eccf5n8qz0vrn2e2w39n546rh52mnlcmr,loop-loopr,334670515,0,334670515
terra1hzlrmcmeq95ngfad5z95kdlr7rc9sg3w306nh8,loop-ust,1803339,0,1803339
terra1r4hj2zp505nymnmuy2qrerc8vcm0p5l78pgqka,loop-ust,928862,0,928862
terra109jdzyvxwq6rzraxaadacrakcwpsv8snzc69n4,loop-ust,23462415,0,23462415
terra1ashpg56nup7dr4zwf6jkshq77s37qnsn5zl3df,loop-ust,3996934,0,3996934
terra107sjq20j4p067c3ek68numstvlgzz6h7p7xh33,aust-ust,89953587,0,89953587
terra1s05x7w09h3tgrkv3gm8uflemfsck4lh5e0k2s0,loop-loopr,859689905,0,859689905
terra1rk76e4t02vsej2jtac7687xl6ga3dvp8e85a24,bluna-luna,49998941,0,49998941
terra1e2sgw8fd86djcnuwq9rypyu3djeg0ukpkjqdfj,loop-ust,71110296,0,71110296
terra1jqw5090svt83cnxjzqv654vvuyxwrwqh7rxa5u,loop-loopr,357599076,0,357599076
terra1dcrjgxyyrukmgvjjd6v42xnazhstlajpx89d7l,loop-ust,1643726,0,1643726
terra1r06cm5hfvudmdsspaj7qveeh4smvvmnvwuu4jt,loop-ust,3645326,0,3645326
terra1m3l8wugdfszcr46ju5dvftspuqfarurkv28zvc,loop-aust,162990088,0,162990088
terra1vwq0udekajyc04scq0ufh7qkf88ck23m0q9x2k,loop-ust,1575605,0,1575605
terra1lr3efuvhq6qcsw34v93h280rrh74rv36aan9cg,loop-ust,19825800,0,19825800
terra1e5yx8nyug808y8yj5kca98q6rdlc57gr6ec6dg,lota-ust,841057,0,841057
terra1yspzxpr7wcmwgu3fmke0v0msqd4wk3zm3fwza6,loopr-ust,187344371,0,187344371
terra1etwq0q8wwnmq7322kz4v6ff2dcvwfm634vdkqn,loopr-ust,991180792,0,991180792
terra180rc0ph0v9v4sny2ds6nznahtnr32u02xz37x7,loop-ust,1161814,0,1161814
terra16497ay3n60nazn6exydlq70dkv3n85j42uu9d0,luna-aust,22207980,0,22207980
terra10sf4xn2paxkk06svvfx6mjrr4g9jwnmyfx5uhg,loop-ust,28770329,0,28770329
terra1s3kxuxmtlh25qezuw08d03qutvm23e9ya8tw4v,loopr-ust,35519349,0,35519349
terra12wpx7z5tj8lupasx7qnd4apdcmcu5vff52p2dd,loop-mine,7645992,0,7645992
terra1kucm6my2cejdennq0c6x8zksncvvkf8zz77tmz,loop-mir,225848655,0,225848655
terra1c5pzv52jsj5g5q8fnmh9ah9tnc3temusw9327q,loop-ust,7358657,0,7358657
terra1p2yg0tz7pkn77chdz5qq6zrkhk06x690jmpnxe,luna-ust,25712644,0,25712644
terra1senjx9ccygg8tq6r3qfe2mzg0wef3smk4nv78k,luna-ust,14557954,0,14557954
terra1r4zq90dtwvt8fd5fc3lvvgv09jxwlxgkfh6006,loop-ust,70606387,0,70606387
terra1p3vxramy9c0t36635qq3cr3vjr3prxsxv5v4lh,loop-ust,7874304,0,7874304
terra1rydzzs92wv98k0pvueaq2l9fcfg0mcp5lwkues,aust-ust,179033560,0,179033560
terra1qy22mstwgmsxktytdll9gs8r80sg8wgx72k8wy,loop-loopr,1048331265,0,1048331265
terra1k2j3qgwk338c00rkwat5fry78dwuns6cca8dde,loop-ust,73705355,0,73705355
terra1vp2ky03hwqy2sgdrxemxewpyzh9crwljcl0jzx,loop-loopr,2124525677,0,2124525677
terra16sn4dczenn5fshz6nx4e9xpzjaatfkd3dwara2,loop-loopr,1228891339,0,1228891339
terra1w72uq7qyt4yn6e9dtcf7750erp2dhjjga5tmvt,loop-ust,2123578,0,2123578
terra1swfzawx8xrf404dgjvmvdtf6m9df9a7hxg2h2l,loop-ust,58496388,0,58496388
terra1k64cw5amsk6ywzhvs8fzhw6celymrz7uwd2sda,loop-ust,1303363,0,1303363
terra1aplmqm29pxtsa005zmmn04jljtzfzrvgwa8x4g,loop-ust,1031766,0,1031766
terra1v0wd8n5ypqef646lyhk3njjgltw00skej9uv2x,aust-ust,2235516807,0,2235516807
terra130ukvmkuvh98wutqnynhcuyrqtlj53wm3wyw9l,mine-ust,12566739,0,12566739
terra13fc2w6nn0klc9w248ktzwszasxl0pkvlua7myk,loop-loopr,1465027080,0,1465027080
terra1t5z5fcxe437s6ag470dkme4zrzd35uw6dhk6yn,loop-ust,78568126,0,78568126
terra1za9hv8mp0ty89j98gncvxkkwwft8yyqvg88l28,loop-ust,1899358966,0,1899358966
terra17hr04tanzmvdajph6xek7f2ere9nxgx4l64c7h,loop-kuji,138259731,0,138259731
terra13mrppwjk94z2206yuecpnk0hukwytqp000hs9x,loop-aust,84126427,0,84126427
terra1s2jxkrayunxjh476gjdrsdasr856qypa9v8gjg,loop-ust,2318971,0,2318971
terra1qq2zug36qkvy0dlf8x7wfcqcd5kvm4fkpkzusc,loop-ust,2120579,0,2120579
terra1v9x966m8jfwl45kph6hpxg5vcm0gl5we4jav85,loopr-ust,28302834,0,28302834
terra175tdmgswk0rhm9gjpah2z5dqjm39dmqv9najxh,loop-ust,4291092,0,4291092
terra167ldxllt6fmxzw5e6sdzk2j04vcdx5d9lulm5d,loopr-ust,284517677,0,284517677
terra152dj2egjmal3daphht7k3ufymntjg6kg6n32je,loopr-ust,19389470,0,19389470
terra1vc9t2npuvu8a28up64d93zp5556wk2kaf5r2zt,loop-loopr,49756644843,0,49756644843
terra13xkawyl4ujcvhyzll7lewmazrjdwutse09ckh5,luna-ust,16731091,0,16731091
terra1ylcfkzmc0l9skj4xquque2mrlrhwm6mtl7hmya,loop-ust,10493581,0,10493581
terra1jjp7m7pcz5z0edy0w5txvqgrj8ha38u6t3453r,loopr-ust,87425623,0,87425623
terra1nwvf84ngql902fn6w66suacd7tlnhxengxa6cr,loop-ust,16996309,0,16996309
terra1srj2fh6w5qjxpjsrv8rndxrvx3jgu0h84huh2p,loop-lota,7115317946,0,7115317946
terra1sctqzdhxhuhqnmzhdumru5sk3tfe0tnhgxkk5h,spec-ust,90308396,0,90308396
terra1sj9wa4mr5mnnppshqrqs5t43u8uyud868dsx5z,loop-ust,290047750,0,290047750
terra1wg6rye37fj8ukkvdzvrcppps7dq03fhxehak3x,loop-ust,9399548,0,9399548
terra13veyjje0murm3vpf5nedr99kxuw8z9umxlec5p,loop-ust,14321083,0,14321083
terra1gqpv02s49yu3d6hwjdgdh26jxth7rgqac2yrtm,loop-ust,153561974,0,153561974
terra1tw4f38lscng8wjhjlthfktw44q7f5ras4kckan,aust-ust,78578155,0,78578155
terra1exegnwwdwrwzayy6ars0eglcfgxq7mrt9z05wc,loopr-ust,522511892,0,522511892
terra1psf4p54u7wx7fen6pvumeys8r4zfqygfq0tf0l,mine-ust,52951342,0,52951342
terra1snncguvjmnn2dswaywwtklr3u9t53m7tcpqx6d,loop-ust,6003749,0,6003749
terra1urfz4xw3kqymnns3cpttwrmzlmkv48lvh75g4n,anc-ust,1502652250,0,1502652250
terra12u6j6a0qdzjdrr5tgzfjsj80jm6g0npxvnppaq,loop-ust,14775168,0,14775168
terra1000s429wvhfram6ptrygy8xndxys0hjfvzfr44,loop-ust,68948270,0,68948270
terra19yskcl2mc94q48nkr3lzs0yzrfgjsx6cwxg50y,loop-ust,891929,0,891929
terra1dfzuy735czdszy57vtwc4ynju6qd98ajxv4cjm,loop-ust,355597536,0,355597536
terra1peanvwrezjlx2d0muc6wns2u7jktq7lx7466kj,loop-loopr,3301355930,0,3301355930
terra1awtt4fjf7fjstgf3n4d2p6p6xx26sklrqemrh5,loop-anc,130772040,0,130772040
terra1j7jn54ljjux2aasd0krq57vmyysflwrzzwnvyp,aust-ust,12961400,0,12961400
terra142ugk33zca8u6zlxnqg36tzf762z9j333un8z8,loopr-ust,76065960,0,76065960
terra1x7zwshu65ak8wu7xlft5n823s3nr8822n3424k,loop-ust,8467038,0,8467038
terra153r3pnnhntjrahyx0wg6a0drsxcs054mvjn4r9,loop-ust,7735671,0,7735671
terra1545verapk6zyhhwtr0gqt53wjlc4cashje8z9h,anc-ust,32975133,0,32975133
terra1y74lpa7dknak3vlawlrh5epxwt26tl0c70nm8x,loop-ust,17648096,0,17648096
terra1pe082pd2a4j07a606l9962zwzrsj5g8957yham,loop-ust,173237737,0,173237737
terra1xnd0u5meqhx3vrarj9938ay57uzzfjhefnl0m6,loop-mir,19942130,0,19942130
terra1969taertef6gwr029srlrrtzc3dyjteq4aufap,loop-ust,1199599,0,1199599
terra1ne5ts4uqpwqmerjamf5dwarrcq3dcsnaanquls,anc-aust,53921349,0,53921349
terra1mnzz3vvsuqajkl20gv0ks2mv7202c0a0wqtleh,loop-loopr,3199058298,0,3199058298
terra1rgqyckp3urumw8kn7wu5x6vssgj8yakjdr6rtt,loop-ust,248727918,0,248727918
terra1hldpl9d0sv46pqw4t6tjsdt7w4lhrdg2my6wth,loopr-ust,286745535,0,286745535
terra123kvvnf8awj5nn9mpqptljt8ctjjvacf6tqcd0,anc-aust,31882065,0,31882065
terra1cuxa7rlcujr97973x6q2kemgh20wrw3k7frlmv,loop-ust,18245324,0,18245324
terra1ctds5gjlfwnsevq0tu4tlafaj7vh2fvpwyuztc,loop-ust,30463740,0,30463740
terra1a4eppca78uj0u8u5kpm8at38ntzcjwc4g47g3u,loop-ust,22543727,0,22543727
terra1z5q0y7cca2qrc8zmkhazwjgg8d665nfgkjdfr6,aust-ust,477271462,0,477271462
terra1jna48wuqclncvwumujalmuqv2ud3xeha9yskw2,loop-ust,5089512,0,5089512
terra15dm2v4d5ag3wpru5adprlxzathkaudyljz4kzz,loop-luna,26515127,0,26515127
terra1347mdaf2l9zrm7800pelx5weqwluu7fcc6tgqp,loop-luna,27874128,0,27874128
terra1rl24yd6fys7l6tvtlpdvl0zsket2c6lvvh4tfh,loop-ust,3000630,0,3000630
terra1jtxzq44qpznu69cstdax8ysgjmcsnmdzavjv7h,loop-ust,263407,0,263407
terra1fcldycqpqlp3wm8q0eupr3rzdrv0vk9hxch505,bluna-luna,51211349,0,51211349
terra1jfa67kt75thxmyqfn8wdr3rcevpy7rkzg7waa3,loop-mine,2676124,0,2676124
terra1y0cydp2j4rwa6ve7939ucwpshs5eg4hkpc5d7h,loop-ust,44121145,0,44121145
terra1pyccpymg9zc0mcmtej2235c03j24u4nu2rjumw,loop-luna,680128247,0,680128247
terra16es8gd7ey5d38gq0k9fg5axv6pgq5a9putt485,loop-ust,297074,0,297074
terra1a4xr9j8hyuflzpht4crc7yyacpu4ck26tk0cy4,loop-ust,980984,0,980984
terra1d2acpk6hnl8aqge6zexrx68g3qd0vm907seknt,loop-loopr,8356268156,0,8356268156
terra1g6z73w9gmslt8denv99u0aj2un94xd3pf7dq09,dph-ust,47149734,0,47149734
terra1254remadheljf5ytnvdke8h2k4hy7yrhmljy7y,loop-luna,7234619,0,7234619
terra1vnepad2hvah8cqm6sdu4na7zzjccxd32fj6w35,bluna-luna,71347012,0,71347012
terra1lmvs8zrcyt7h7w4g3hqry4nwdllyktp86vq8d3,loop-loopr,2907595283,0,2907595283
terra1qe7f6hg7k82nx7rs7v79dhl239ug20aqnk6a25,loop-mine,2392646254,0,2392646254
terra1pmwm2mu589acckqdllsls4mcqtqctnettnqvpd,loop-ust,870895,0,870895
terra1d2hhryluwzlua5neak5ulfzmmw6tz36rnvsa4d,loop-ust,1173734,0,1173734
terra1z94xe97yn0xhcgygh89yd55nx88kmpkstq3rtx,loop-ust,9780554,0,9780554
terra1fyak4enkfyp9ux9nacf7un5yyn8v6kh3e4j0n5,loop-ust,2724285,0,2724285
terra1jnr2nfuwaz4zy3qdwc0hd6hfcz3m4zz4v75v8f,loop-ust,2698931,0,2698931
terra1a7gspxpp9shrwntrms3e4ad4uap4twpq0a8knk,luna-ust,904750746,0,904750746
terra1r4dn4pdn9vzk2natcvfdrv90d77uacqqam76va,loopr-ust,27603723,0,27603723
terra1xqsv6xwly64rmfhu3nme8xyru6j5myt2p7327w,loop-kuji,50344426,0,50344426
terra1mexufxs8l0kslyhtxmfgusqw4fxtn5c0xy5mr9,loop-ust,418662996,0,418662996
terra1gwlaytdpn5d7ajddw3gj9szl2tkgjz7g2fvtnz,loop-ust,674983,0,674983
terra1nfw732e28qkv47jcsjewr6nf3caywzt65ew3e3,loopr-ust,300999494,0,300999494
terra1l7ysfvlaux7scdwgzmf78vnp3vt7vfu7mwwghy,loop-ust,5150815,0,5150815
terra1a320ucl0e2v5ej5y36j97e6zk6yzpytdvr9w7y,loop-loopr,1010947290,0,1010947290
terra1jamy6kvm0laddx92y0n899encwcjalle93j4qh,loop-ust,649567,0,649567
terra138q985nmfjjesurrcwqzr75m7kemfwjl9rkxcz,loop-loopr,2601112602,0,2601112602
terra14t5c4hh09jvt0fsvv0hrur0wu33nyf4kvcwxmc,aust-ust,35998642,0,35998642
terra1zgxkerkx4kwpq6z9cnq6c7vw9n60y5v5gpcw4u,loop-ust,404488,0,404488
terra1d5mpzcch2c0psrvw7hdwdcgyxpzhncth305d43,loop-ust,454247784,0,454247784
terra1fx8ffgtgayy7vq7mdmp6gr6kjc5d076d4qymka,loop-ust,10748056,0,10748056
terra1madsn6x9hts8e3f8zqd29gwc08m8r3xhsau9dh,anc-aust,15614202,0,15614202
terra1wqlwu0neguvs4l9ukxcwdhw9ywag989d2nkmhr,loop-ust,300716973,0,300716973
terra1s8e6jhhfup6w4kkl2peypl5eurkg4wf4p6cgqa,loopr-ust,14887791,0,14887791
terra1xm954u5sv2krs7zu4m6wxzt2wz9jj6eq6v2d6u,loop-loopr,2082392688,0,2082392688
terra124kxc0tpkkqhc40ysjj3fm5ndem73yd3cl4gle,loop-luna,83337014,0,83337014
terra1nv50shzycrwymsg70nexfcen9p32g2g9hgje6t,loop-ust,1868077,0,1868077
terra1h7ujf2zn4mwnp37tsq22mj3ya4a8sw38t2qur9,loopr-ust,6422001,0,6422001
terra157q0gklyv5mq0k28g8us4dskrk9s7aer083nrs,loop-ust,434414,0,434414
terra1qwg90ha9rtmsj6aedcfumulhm875qdywrljml5,loop-luna,72908479,0,72908479
terra1vs2803jmgl0tl5q2saug0xfq780tvdn9rgyddr,loop-ust,2520427,0,2520427
terra1w7h0x7pwgpw6ask7cvm6xnt3tha8kft70hydrm,aust-ust,7088808,0,7088808
terra13g098pm0mafya8xfg8qjsu089ajyyqjqu4vsrd,loop-ust,1015773,0,1015773
terra17zqlpa4nl43tkgqd4097qwj3kc3ud9g0ntpx65,loop-ust,3701333,0,3701333
terra1plquk3a304rtul62jhp0lgs9rdxek2cdhhdnu7,loop-ust,2056326253,0,2056326253
terra1n0d39f9rdduhknf5rg647kxug2w9dfhynd7w99,loop-ust,1443364908,0,1443364908
terra13s6jukr7je6kdt45z3hmsw03e5v3h24gexrwle,loop-ust,608396,0,608396
terra1rpydgru0uw2e7w7kmd65lxdr208y7g0q5w97uq,loop-ust,6011595,0,6011595
terra1y5yalypya7pyfajaa6myejuwnggkg9pmwaltn7,loop-ust,1584776,0,1584776
terra1k6vp5gjelqrkc7ws2p34z9gtx8er6630z8zcv3,loop-ust,187694396,0,187694396
terra1dtu96v40c90zyrnvtaxnk2tt50rc2nmyccqrml,loop-ust,4906069,0,4906069
terra12mfvksfa38nd2fjesh60fvs0zgunyzp9nn2g7w,loop-ust,968631,0,968631
terra1nmyuy27ynt3szftvzphspnvn5hj5mf2mpej748,loop-ust,351869500,0,351869500
terra1z0fajqgyum64ukda0j6duasyurgg32ycaxc384,loop-loopr,785673564,0,785673564
terra13xnl06eewqfa9exkwwrk8q0g0m76j6n5eyaxft,loop-ust,253328823,0,253328823
terra165489647l7pne2mh5vdgstwxcqm03je0sck0ql,loop-ust,405437,0,405437
terra1u7gy8rtle0d5u7239r032g5syv6a7xylwn0dwa,loop-ust,3505483,0,3505483
terra12wqscdgwtavqvn4fjwy4mg527dx5fglyv8hxc2,loop-loopr,2621274630,0,2621274630
terra132y8ymjwfa7cj3h0yez6qzheftrz6ev34fxfkp,mine-ust,7935702,0,7935702
terra1z6erdhlnk0wmcpa7l0qq3dlkr3khn0e3hwwdgm,loop-ust,65462510,0,65462510
terra1p5qdx60ty4jt23aucsvpawpt4sj5jm0vh96qkn,loop-loopr,10674186932,0,10674186932
terra1lepkwv7uattz6nlcvrcx2d6478r7dhv42jywsv,loop-ust,24475494,0,24475494
terra1xdlamn4f94skt0swkplcjdkvhl3h7uw290k4dy,aust-ust,1342246144,0,1342246144
terra1srrhm6qht29xwzg68r0jymnkqtesf2rdxgezpx,loop-ust,1338845,0,1338845
terra1tvah73ljvxyr3f8exc552uuxrssyh2yatvnwg3,dph-ust,21920964502,0,21920964502
terra1utdeapanx9r0qu3h6x9v57jzh504faf5p0whkd,loop-anc,337465673,0,337465673
terra1j6rs6z0a6hmkz8hmy5ggp2p7wlf9cylpjk8ac6,loop-anc,335946638,0,335946638
terra1y3zrduqgt4978jnfvu2r3xxgncnygxv7hh49vp,loop-ust,1842290,0,1842290
terra156ky9cqrz8ckz3nht798p4gnhcz6vlrlt6hgdu,loop-ust,24171295,0,24171295
terra1wxv4z3a5ztr3wsh2ppr8m8xjkej68pu2jhs63e,loop-mir,14524385,0,14524385
terra17kpsesnjkdsr9kwjgmc4t53cu5hl9cvslt0xh0,bluna-luna,18704168,0,18704168
terra16l45d3l5fsl9auwk3v8v9x6z2fkqlk0mrdftgh,loop-loopr,1054385972,0,1054385972
terra1f382ah4629dy5vsp9hf5vqqdc9rahga89nvdnd,loop-loopr,3730903465,0,3730903465
terra15jarl3r59wc92p6cuwz8xz2w9w6qw5qly5xjw5,loopr-ust,22887564,0,22887564
terra1kmeemk9rmw3q2p2x8szaw4d4kwmue9vgkwuqkg,loopr-ust,54166650,0,54166650
terra1y37jr5cgyl2uq98f8pdqzu6g77re94y57xdhvn,loop-ust,8014959,0,8014959
terra15hx04x232yvj6fapc98jrz76afn7zpgd4965lp,loop-ust,1758716,0,1758716
terra17tdxz4xcrk9z7tqdevcxx64mjkd7707eprjm02,loop-mine,283185543,0,283185543
terra1x8sp766ytsd63xy4u7snf5jgwqd5lhe0szta27,loop-ust,1819700,0,1819700
terra14vauwazdu94wawxmvpga5plewxhe0crc2gjfvd,loop-loopr,629723699,0,629723699
terra1036r2qs5arlnq326983w9nvyzuj6p9m85hkw7c,loop-ust,4008070,0,4008070
terra170jlyef9qa9mgjxpy6jggre3l0vg4alya8sp5f,loop-mine,23960330,0,23960330
terra10jcq6yea42j3uphxa5d63wrweyy2wxu4pyyp65,loop-ust,20822741,0,20822741
terra1rh6ktsweralq9gl0d9e8pecxvphxpsw9s5r9cp,loop-ust,16082337,0,16082337
terra1pqpedfhfyz35zxhwtzm3r3rdahchg09cg9zazr,loop-ust,951,0,951
terra1dgea3pfnegq6jx8snv83m0vh4dwg64cys0y75v,loopr-ust,181570340,0,181570340
terra1sq5wr2hmuqrt6hrwmqxekqwq00a7lgrws9uvp9,loop-ust,93986,0,93986
terra14ar60v4uckg647tarqqxqetks2c4hcu3h4re6c,loop-ust,808690,0,808690
terra1uayc0vafuw5492hl6e4a68tahl3ffwpslhaycl,luna-aust,39611479,0,39611479
terra1eh5pzve6vq0ewqq5a9lu5wu33c09sjaaq6x9zg,loop-ust,3858211,0,3858211
terra10ruxf7ye66wwaax5dgy7plcna7rxym6p3dudyg,loop-halo,1463864682,0,1463864682
terra13pvg5y7xfwqqlsgz9pv23j48pteqpedfzhjce4,loop-ust,10218050,0,10218050
terra1vgc4a9yzckaqpcurp3gemgrhzvgkn400jzu8xe,loopr-ust,29775844,0,29775844
terra1r2edkzh2fvkn35wc7edywrkecgwjdty7d9jdqa,loop-ust,84476574,0,84476574
terra17mnsmlepq5t5dpejexaszhpjxhch96wwdhkr39,anc-ust,278970837,0,278970837
terra1hy5wegs0htgcc0pg6zppf2kfuhpa5h4hmftcr9,loop-loopr,482818186625,0,482818186625
terra1ep5xfyjg47mx68y4hwf3wes397m8gdllfcdngr,bluna-luna,12943007,0,12943007
terra1y9mgupsjmcak4g2qee37lqjjrcfp6g6l5m8xnn,loop-ust,1086755,0,1086755
terra1m386pfm5v0kaa5vgp6uupkdkqlytlc0ejw04hv,loop-ust,895787,0,895787
terra1u84m000q88cr98netlxhaeumdxvdpgjh0h94qt,loop-ust,148881133,0,148881133
terra1a2fxu8ajdlkta6t880h4tvwx5qdge9wkz07d48,loop-ust,657752,0,657752
terra1l3dkwr6sm3rp48pha09k39398jh6mhwayel3qk,loop-ust,932386,0,932386
terra1u2md78k3deyzyzkc2pwdcjnfc2gne6khh9rg2t,loop-ust,1861634,0,1861634
terra1ufqzmu799vtym9q8fuwapep8l9f832ee8r2jsp,loop-ust,6054945,0,6054945
terra1auu3w30cxyk2s0xet3nhlx8awh8sgmnegn0wnq,loop-ust,2120490,0,2120490
terra169eyvlffvkw2zp88l8xrgvwg2jeewmmuswu0t8,loop-loopr,87842270,0,87842270
terra1nyfsjd3w4ykkwku6p85dwct0lcc8fev3jtc33e,loop-ust,8830953,0,8830953
terra1v850lm28z5vezlft60evt5684t3mgdnz7n2xpl,loop-ust,10234777,0,10234777
terra1v9x966m8jfwl45kph6hpxg5vcm0gl5we4jav85,loop-ust,3449522,0,3449522
terra1lvsz8vmhswu29rcw5zlhlr7tweptjgnafgp4jv,loop-ust,978682,0,978682
terra1ndnuejdvxktaw86sj9jmggv2lwa4v8p9mepcx7,loop-ust,4707899,0,4707899
terra1vr0cm8tvmyd27a04zcwxm0q6axhm977y2wtk3j,loop-ust,5682552,0,5682552
terra1yga79szcezzg8u6cw6hh4keslhqpjfplxwy25s,loop-loopr,1094271195,0,1094271195
terra136sw9g4n9cqq8m0wfpn4k86ynf9fhxakwddatc,anc-ust,993609763,0,993609763
terra1neywzm8avx9emhmgu0er92sc64gj47v0udqygg,loop-anc,51863327,0,51863327
terra1qqm7v5anw3vjkl787mqpq7t58zqzj6kntnhrx2,loop-loopr,262872396,0,262872396
terra1mkl3pdx24mx7m5nyngpg8adwtzdzujrfy2yals,luna-aust,13489883,0,13489883
terra18ry8q33czwy2v8ra89dmzutw2rf3aerdgca0gh,loop-ust,4424022,0,4424022
terra1fcrc5krc6gj2d8yvkwwps8ft8gw3753wldlqev,loop-ust,5464393,0,5464393
terra1jx5uc5cl3wyk7c6k0cgqdw744w65jtyegtdwnt,loop-ust,1334696,0,1334696
terra10yurw3039ww6wpkls5kkkzpwkpjcken6k9vtvc,loop-mine,71633082,0,71633082
terra1hldpl9d0sv46pqw4t6tjsdt7w4lhrdg2my6wth,loop-loopr,4962570481,0,4962570481
terra1z7pjuymhym6pj9trp6r4cvxf65jp03rynqkxzl,loop-ust,48751396,0,48751396
terra1wf7sw9d3tjeefhpwxelq4v7gxadgq64nedvf0q,loop-ust,261921204,0,261921204
terra17wzr5y843lwq2phfp5na3rurw2jvpfrh6v2pva,loop-loopr,39182478543,0,39182478543
terra1l857ymg54da4tujshegp8wqhgd5jfsdsaf3vt3,luna-ust,42558806,0,42558806
terra1nnfql7ud9qg6zsl805vnlmede436lm92jeak27,mine-ust,2437882,0,2437882
terra1s7kvtqsfvtjnq8yxm99yvr0fc89lk79n6nchhf,luna-aust,287952790,0,287952790
terra17jm9sf3874x30tmxece939ujn9as3tnmvkm7el,aust-ust,3134418854,0,3134418854
terra1v25kjfanx4fajf54gsp589cus6dumrn4hdj3rq,loop-ust,1368769,0,1368769
terra19fj2hpgk0g07jd99hdwg08qrt3g7386lu6nc34,loopr-ust,301347,0,301347
terra1kche9vn7eq2t4kwx7yup4hc0x7q6hshjy7mrd7,aust-ust,5806406771,0,5806406771
terra1lupvc5cj09n96kz5ftganxr0vzp3t3udf0ynzc,loop-ust,1494662,0,1494662
terra16nenntevt7t6ey5e3kd03evwxlf4tlu86jrsfu,loop-ust,1675575,0,1675575
terra1rz7zufh00k7fc69dk9vfrcj5dccqr4r7d3nexc,bluna-luna,252483028,0,252483028
terra1x35g75ypamwcweny675hlymj0ly4pgp52guwge,loop-ust,7000181,0,7000181
terra1de4n4txtrusegj3nul6twqqmcuj5vyjteqjf54,loop-ust,845046,0,845046
terra163vr9fup99dqrkwtl8nqzv627nedvdsuajqv7t,loop-ust,7734036,0,7734036
terra1x2p2mkkh0mrtzv8g4kaeey6ykrtvctq6l2kapx,loopr-ust,15229771,0,15229771
terra10xavr25g8aq9nzkmnfgfcu8kphrgy4lqqv4dkm,loop-ust,9926942,0,9926942
terra1gf6p2rsr7gay6vyavvvweqg6kxg7ens0yannw6,aust-ust,21216868548,0,21216868548
terra1ejcc63pjfhv8hdvz38jah0rv39vz2q2pmjkt24,anc-ust,64450309,0,64450309
terra1tk8dejapqk2f03468vd4q09uxuc69ve2lk8pw3,loopr-ust,2558447,0,2558447
terra1wg85ynuvgvrsfsu57tymcx6cwvt6slgs6vfmu3,loop-ust,644126,0,644126
terra1up4wtaaltepvkzpn04rkgfazf54rw2w86zkksa,loop-ust,10146327,0,10146327
terra1kyqj2uqahr2l85w46f7f79nex8eltskmqg295p,aust-ust,277775925,0,277775925
terra1ehqjf77rrenvrrafp5egnlpf2qxm3gkmw7ufth,loopr-ust,332517736,0,332517736
terra1at49xfftc7tjeczqafgzadlgpch0ts554rz5z6,loop-ust,3242930,0,3242930
terra1y02qar5fz0xxzcs8558rn4m3hqt082ayt25ppz,loop-anc,565909393,0,565909393
terra1al2rsmmr4qetlgyl3lwtnhn0xph0dmzm57llpc,loop-ust,7442551,0,7442551
terra1d73sts94x5ukjl4z97ynqu809snxcqp47w48fe,bluna-luna,350332,0,350332
terra1hxetm38shn8ey4rwgqzqnxgljh2przkfgmcgls,loop-ust,5329855,0,5329855
terra1wax7nveeam7d6ujkv688mgf35vudwe7e3383je,bluna-luna,473170659,0,473170659
terra1z3sqgmw344f9zkng280gh6x8gz8y6qyw7f83ee,loop-ust,658279603,0,658279603
terra1c50ja3ug5pr5tsfdl87r0nxrv0dfwdlsa6j5u4,loop-loopr,1346464824,0,1346464824
terra1rez3uupsl6lp5jlvvmxsmlrafa7gl9jq77yedz,loop-ust,109444577,0,109444577
terra15shxmmv35tjwjn2xxf9sh5elp9r4hla9f6g0qu,loop-luna,1217348955,0,1217348955
terra1dsan0n6mum8drq3ec6mx66udugj7uk583mqf05,loop-loopr,698979922,0,698979922
terra1zvsmadkc553zw5d2y67l0j5fgyxc6pqesqaagh,luna-ust,36836196,0,36836196
terra194jgsyqf2fmdtm5c4gustvxp0we0l8cehw4hpw,twd-ust,79350157,0,79350157
terra18hjvpzfejmck3rpxg8tk490czqs534pryr0gqc,loop-loopr,20521634,0,20521634
terra1juk4493gtw9sunwhg360kurzaxgmldztm75scy,loop-ust,867381,0,867381
terra1gmpsjq4wn6aw3e5a8xq0xgjtmhzhyc3cxkfwdu,bluna-luna,9922848,0,9922848
terra1xtg20dc5khqtvfz7w0eg5d9uashf73y7kt4t3m,mir-ust,2224834218,0,2224834218
terra13mg6ujnsna3e0map3ed0gj706ulav2prv6tux8,luna-ust,313766382,0,313766382
terra17atv34nxhqezwkx2d0u2mgvd2ugts2th3a2ugx,twd-ust,286385497,0,286385497
terra1f9fn23v5xxkdlsatuznlxvg33xjuj37cumaqum,loop-ust,103527018,0,103527018
terra17cm9dhkl4t7kwzcku7gwu2ne0025af66edhmmx,loop-mine,108147739,0,108147739
terra1mar87w2su255lcg2a4yhf3agntx73mc54ylhtu,loop-ust,2119409,0,2119409
terra1ryal5r3zhh089k5lxyhamdh8rhjln2tlujlttl,loop-ust,2831620,0,2831620
terra1pypuvjk6etdm5pk6v9wl6v442cmgyeszferjy9,loop-ust,122026,0,122026
terra1qzmn5qr9utn5ef0rluyvmacrw7xd8wssnpw8f6,loop-ust,3073907,0,3073907
terra1dphfg9czckuxlh6u8pfjxect8g7ursddtgl4td,loopr-ust,22776980,0,22776980
terra1kwncl579vszahg0nls5ch8cyfdj04ezm59klz3,loop-ust,1055473,0,1055473
terra1nkm7k9hkpdu8tr0sflx793j4ny6vkv7ddp05rg,loop-ust,17657681,0,17657681
terra1mv3ep09akc5ppl55jg88xxmt5wkdq7j6etkrk0,loop-ust,4105888,0,4105888
terra12wccp4q2rdrczstk8f2qzx30k3pregmktxkf4e,loop-ust,1304801,0,1304801
terra1x70ltxk9wd93nc2eh8ex5lwvx5mxuutq0mt3zt,loop-ust,3180500,0,3180500
terra1sgm99e4uml8k3tgrx2gm2lcfz254fvdegxsw9t,loop-ust,7654424,0,7654424
terra1zt628rq7w7wnqmwgah7739w7awz66chvc6l5gw,loop-ust,330387,0,330387
terra12g8lncxsctg6ak8gf2aa8yjn83f2g7yej0txwd,loop-ust,139562129,0,139562129
terra1fskkhyy6gmxxfqkg0p89g6tg3shx7e6zlp7khv,loop-loopr,1727470471,0,1727470471
terra16xvhl7cezxr0zjc9hpz05xauf3uv6deqpkk454,loop-ust,5503176,0,5503176
terra15354whta37qepx5ng4cqmq92f9qq7ycegfcuf4,spec-ust,6897030,0,6897030
terra1nqvw5ndw9whtrxnl7q8pwemlc4807yva5wzuka,loop-ust,1541278,0,1541278
terra1n3y0z4gjxhqye0tdyljncm55qdhnr67wfgdjtv,bluna-luna,2191462,0,2191462
terra1lpptytypgcaffps78075pv688gugl2jystqjlx,bluna-luna,11090179,0,11090179
terra1mmx56ee0w76w50t72fpr5zrx5tdljlkegsrv73,loop-ust,911410,0,911410
terra1a8j0ek3ur7tc24cr59ee9z05vf5890dd9mgpw8,loop-loopr,8058592322,0,8058592322
terra1w7hu56tr6cnkynpezk9342akn7wxg6s2wuzfdf,loop-ust,69727825,0,69727825
terra13xr9c9vu0q7fz6nn2l95ku2vn63wmrewzvds5l,luna-ust,5281557,0,5281557
terra1sztj8fvv5qzrr3s589lt42ywtdfwq6w8fl7zlk,loop-ust,148576943,0,148576943
terra1pusrlx9dlqx9pa3lfx3nsfw9hcfhzpq350vd7v,loop-ust,24837808,0,24837808
terra1wqk7r5j0p0ymfd8h8vtsfct9y4k4kyj70nk3dh,loop-ust,723470,0,723470
terra15yzefvle889kyl9434vaplw95fd6qfumuuwzmc,loop-ust,9639694,0,9639694
terra1n47y5eufsakule6w29pw7m3kvvpsq0cxyy7n9a,loop-ust,28948362,0,28948362
terra17hmcauxsqusyzv7gfh3xaqdld0ateqxt5zut3v,loop-lota,6214989,0,6214989
terra1pha9l9vcsqlpcume6a0ck59kgj25sr54xhw6l0,loop-ust,18931144,0,18931144
terra1v8amwmyfraag8p4qa36fwxgktyps8hzjpt6tc8,loop-ust,1833100,0,1833100
terra1e8hv93kux0rz0mfwkj4540397ctq3dtzj42y52,luna-aust,7841484,0,7841484
terra189mrzgh3767vgtk4mfza3ql5y9u3u9wwhak2fv,loop-ust,1769425,0,1769425
terra1z7eg7s2c3yceeqzzfu03utceq0hefxmldqznwl,loopr-ust,29784430,0,29784430
terra1g34dj7w6tcclld0gwsn8f9g7h5mvnethcg7yly,loop-ust,2611316,0,2611316
terra14c6jnv025p5swpctv7xw9dk4t9f9zplq58c05h,loop-ust,60045549,0,60045549
terra1ve507za37az7373ndcqeha59ygp0cgk8mlwwfq,loop-ust,1494031494,0,1494031494
terra156w0r4a9z57tpmccvg0u30jn4yjzk2y74a3px3,luna-ust,13468100,0,13468100
terra1vejtvlztqp0pa5g4p5y99svgdwrq4m0jm26h0k,loop-ust,468369,0,468369
terra18rt9m23778d5hahpkq3fqmk9yf8e6axpc5d0kn,loop-ust,469200999,0,469200999
terra188zvl2sud2s64n9nl6rjlr87ljq2w7ad59f5ze,loop-ust,2108396,0,2108396
terra17jvtad85uqz6h9uak9s3py2tz6gdeu6a22mdnk,loop-luna,129849197,0,129849197
terra17zxq5ssfe0kczw3dnc4q8eumkaznck7qdert5h,loop-loopr,231507951,0,231507951
terra1srj2fh6w5qjxpjsrv8rndxrvx3jgu0h84huh2p,loop-aust,14437625411,0,14437625411
terra1ghgq2q7peqmvfwdr42agxxa3tl3fw0snuppcea,loop-ust,999388,0,999388
terra1ytjpmjqqgt202yc9kkuhs9plygch2cxd80xu34,loop-ust,13132710,0,13132710
terra1xcumyjz78v64mcyypsw2uz0jydqe50drc5dzge,aust-ust,168734048,0,168734048
terra16q29w8ptc02cpy69e5ssthrdjx4752mjpnqwrw,loop-ust,2077250296,0,2077250296
terra1y2a5t52sjrayvtm8k2nde04sdhl4crfjs2njpp,loop-mir,14931498,0,14931498
terra19546h08r7yklgcy7nrlrl6ghg96sk948hlmwqr,anc-ust,59291694,0,59291694
terra1079vav8rpd5mdkm6ksla3ezph0z4ynlh0h3hs7,loop-ust,3450772,0,3450772
terra106p3gjfp9gztm6cxu50dasp7kgn852z0q2un64,bluna-luna,2958290,0,2958290
terra1h6q9ngfdwdk68ley98x7jk5kc7q39jt5798h7h,loop-ust,43049170,0,43049170
terra1s9zltz036ss7zwvnetzt57a0g6x3vage34rppn,luna-aust,278080097,0,278080097
terra1xrwtxdaz7v6yheqarc7w5sujkdx73hey2f7u0x,loop-ust,93443,0,93443
terra1wnps2sw0nec7ttptkpk9xfkyx5aluqxxmmuky6,luna-aust,8162590,0,8162590
terra1r4ve6z09hjxnh3emjy8ppsphpk4hsaf8c42jh0,loop-ust,7756768,0,7756768
terra107tahud7zrudls5868pexzwks2peyaxr0t4kz4,loop-loopr,469413545,0,469413545
terra1r3csqfhf8hwv0en42j0jgfwfzqcq2k78h8wucg,loop-ust,5073160,0,5073160
terra1qfcps8gpsjvvjys28z09kqry4s7ajyujuaw9sx,bluna-luna,449541,0,449541
terra16ad0x7azc5geeunfas63kyjqx56nmwqn3m665x,loop-ust,25174340,0,25174340
terra1pz28c4etpqh8ztfzmjccvjet4qp74x76e9t356,bluna-luna,48782041,0,48782041
terra1p2men54uzes3nx8m8supggrcnx0ug33jccqv0p,loop-loopr,52281120,0,52281120
terra1z79s08ynf88xxwynnf0knp55n7pf6lx5ss842w,loop-ust,4740138,0,4740138
terra12eckj2xq99rsdt22lafvmf586d2n9fjn3xyq78,loop-ust,1967052,0,1967052
terra1wze6q3szr35qhz6q8uynqc4r8pfgpezmrp5umu,loop-loopr,8978500729,0,8978500729
terra10ngax5l2n86twzps663dce27ffhwa0em5svr9p,luna-ust,28413610,0,28413610
terra1vlwmp6e2waq24rmt72vwjy0kkn8u0tcjvavzuq,loop-anc,27293282,0,27293282
terra14j5vpjuvjrecer66fvux892d80tqy9mn78hsl8,bluna-luna,21051414,0,21051414
terra1dlkcn7f6ru2avwuqqdkztajackt54rvdz03jhy,bluna-luna,3990556,0,3990556
terra1c4jsc0traz7k3u9fmlnw0k43fl755r3h2rg6fe,loop-ust,310182622,0,310182622
terra14z66sr6254z94ygq9j68llmv3t588p4jgtxswa,loop-ust,6886590,0,6886590
terra1fpt0qq807sgv62jqv9rrrxutmfpfpy95axh3a8,loop-ust,31553956,0,31553956
terra1k64gdrsrhzhjfxha9qq4605hfacn4ns5s5pp9p,loop-ust,344632317,0,344632317
terra1tmt58dnnywc7qwtzm7ya0a0nk9sww6sqh5apud,loop-ust,48538616,0,48538616
terra1h5ernq5am6a2prfz0y3v3y983thwd690y6wr5r,loop-ust,3821081,0,3821081
terra1lg6639k48keqxtc0txxajmtu9rjk40xdwqwzw4,loop-ust,2513459,0,2513459
terra1v0nqekus7dx03kx3g8eamcpyz9lztwdz6f6stc,loop-ust,3956638,0,3956638
terra18mmeq2s5m8dxemn7z40ugrt2ruvn6d49wvneem,loop-anc,26187354,0,26187354
terra18dtzzan70ez5a6a8ekelu98wdxvc34047xu5q8,loop-ust,4778394,0,4778394
terra1swgngtkmnp4pplzp4xh6mjc2yd902kyem885v2,luna-ust,8803948,0,8803948
terra1cdu3qplrtmpsn9ks65uew5tqev3wy0e5x9cxwv,loop-ust,217397174,0,217397174
terra1xgqt9vgezt5cglvum2sngppv5l5apqwstcl5ex,loop-ust,9781465,0,9781465
terra16yekctn2wnl7s6wgqa2fw6rx2sj9g4p65ulaj7,loop-ust,25253061,0,25253061
terra1q8yyzed5432zw8qqtfl0zc6qrgc84q8n429u0y,loop-loopr,8754598024,0,8754598024
terra1q7u6r2uhga46w9wen99uyrtns7v360xjds2fu4,loopr-ust,66153219,0,66153219
terra1stqe2xmj9ykjvugmcl8wqle2llx7fen6m7klrd,loop-ust,73746431,0,73746431
terra1shd0ynr2fvtflhm4dj5glep902pgmn2d0dvkhq,loop-ust,26413729,0,26413729
terra14kpkhs59mesqj4n6x0jhcvg548cmmuawygy69u,loop-ust,75865591,0,75865591
terra1ndyjxwz8kkqe7u6k33vuua99m8qtt8c0fraxpz,loop-ust,1530439,0,1530439
terra1hz2jpnmferhmaqevfgtxjagat9rv3tey69n73m,loop-ust,70181143,0,70181143
terra1ldt8cv42mznm9nxptx3apvgqn0wlngc9tmcqsc,aust-ust,8968403,0,8968403
terra12wqscdgwtavqvn4fjwy4mg527dx5fglyv8hxc2,loop-halo,45770799,0,45770799
terra1409ptley2yu3zys4mqad8hejmllpn09ux96fny,loop-ust,33051084,0,33051084
terra1tcj9uhyxayjqaa0xzpgnvx7swm8f6emzs9u207,loop-ust,29260126,0,29260126
terra1vc98kglgdp0p4793p7rup9hum4k0puep7rwx0l,loop-ust,1704212,0,1704212
terra1svvv88jtkhyqxcmcwyhn6snp4sk9s8c4y63py0,loop-anc,2602058529,0,2602058529
terra1q9jn6d4lvg44hazez84tk9way0hnp87hd9rfm0,loop-ust,5302582,0,5302582
terra1nha7h8jrnwwwjk43qf5z23ze7y54k4uqmdt6v5,loop-loopr,84591818,0,84591818
terra1jhlee2kjny6ezrkyqpvu6xqjj6scdfuet38u0k,loop-loopr,1152102656,0,1152102656
terra1hwv7uptm4x3ske74n3llqdpsuzc2thheek4qqe,loop-ust,65822745,0,65822745
terra1zxckxc5a3grgeamgac7gqucj2zf88dtny0xx0l,aust-ust,897745691,0,897745691
terra1suyuwmdag4cldtdvqau6elhfruex4fs5m0uget,aust-ust,357329202,0,357329202
terra17trjldc7r780sgxrdkmwr3lcxlj6uc7vsjz6w0,luna-aust,58194305,0,58194305
terra1shl9hst2atv8r36prvqmr5cxzj9qsk2ylay9jm,luna-aust,129656655,0,129656655
terra1awmpexf45c292e9gavc3nwj39qcfq5cjchh588,loop-ust,1822731,0,1822731
terra1z9nd2fs2anle28wcglqqxwe5gvkkr9jsk5euln,bluna-luna,58503,0,58503
terra1kuqlt622se5qwvkfe5778f8parghtzwcv0xnvp,loop-ust,29753498,0,29753498
terra1cfevsu5sdppwp7cfaz8vk5weuad3lxy92dtc55,anc-ust,692444937,0,692444937
terra1rkz34g09r8yk8vr6qz9gz7cdjk90sudmepjxnl,loop-loopr,6647259677,0,6647259677
terra1mmeh4jj2pmkk4dh2v322vctrr6lgs237qkqdjq,loop-ust,61639311,0,61639311
terra12uzdy3z56ll4menwqm4pxnz3ky2pn6xrg6ge4g,loop-ust,53166279,0,53166279
terra142ju0npusy38649k9k3a3x23ejlaynar6c485w,loop-ust,1058505,0,1058505
terra1wyv323y387xs3pfexh9ku0a6eefq343sccy2zu,loop-ust,18484909,0,18484909
terra1xspm5x559rz9rdy8cjl2he32ur8zu9llk22tc7,aust-ust,1986934,0,1986934
terra1t0g34uuzna0fysrkq8wz97aehx96wr7xpg7dsg,loop-ust,4609225,0,4609225
terra19mrdt4akpaeejd7u5t462zrrwszd8z20737ynp,loop-ust,89710494,0,89710494
terra1hj4cl4xaz0424p4hywh53w4jwmm8vjd2e6e6yq,loopr-ust,13779659,0,13779659
terra1lmqdufqd7tpunq9negwr2eercmjel83fsxy3ma,loop-ust,4880989,0,4880989
terra13mcelfy379qxg72prmaya5xcdfmmu85ysdy09j,bluna-luna,6980675,0,6980675
terra1v0awrpvg2qtwjquh9fl6yszryl29gvmuksj79p,loop-ust,7861473,0,7861473
terra1lnh8lqgkpgw6h7jj4v57lxed7j6m2j8lvlgd6w,loop-ust,4924992621,0,4924992621
terra1ueqljevqgumnnyqha96tz667kfkutrk97g9k4j,loop-ust,5393958,0,5393958
terra16cuqzm7zau82zgr9vgwf03xzska52rn8nv9mgw,luna-ust,77921033,0,77921033
terra16fq65unzqlcx3j55aq330l765sm0n3hzgdh2sw,loop-ust,24075836,0,24075836
terra1fwkqe20c922qep9ph7g3wsvue92jyqz65xzc0r,loop-ust,654559,0,654559
terra1a852s5advzc66hz2mk79fd2he7j7qapgp2h4rc,loop-ust,465207,0,465207
terra10lwmy87aed6u9uyjqyecvl0s2857gf2geph2wz,loop-ust,3778700,0,3778700
terra1edpsl4sa6hj8akd5emcaekzhzff87gdn4gf604,loop-loopr,51784148,0,51784148
terra1jd5w4l5k4knmmk3edmvnqtzhnp5nwcmr64ccau,loop-ust,51690255,0,51690255
terra13ys2eqv2jc6auu42m8cwzkyndqh8y8vvrrupuu,anc-aust,32388534,0,32388534
terra136mdftgz52r2z227rv2rqst44ncugzrfenxg3t,loop-ust,12048874,0,12048874
terra1mhqjqqqa6dtu0lezz8udu4kg2vx6lxtyz5xpep,loop-loopr,22301787097,0,22301787097
terra1ama6trpr53flur0hz23zywe95dnkv5hmdftmsq,loop-ust,3114321,0,3114321
terra12wzvdvzrqx722w5nl6twuxaaw98vgmwqgepye6,loop-ust,966128,0,966128
terra1a239x539s6z2ezx9nds5wnvntt2c84w82cytkc,loop-ust,4530527,0,4530527
terra1r8ntsq0yxvd8vflkk8jqzhw9ynmztvtzuhj40m,loop-ust,14119876,0,14119876
terra1c8yvvmqe2j525ss9wqx28q36qf5ztkmj0hwhf5,loop-ust,8631793,0,8631793
terra173lwej3xsvhy02psulm9p784cm3u5fl0z4s39w,loop-ust,54479584,0,54479584
terra1tmpetfnnleg8zyxs480a0a4k9rsfu858w46tz3,bluna-luna,41005970,0,41005970
terra1sr0uewv8agwd6sklqfvxrl6lcssytqr5h5qsgv,loop-ust,12162340,0,12162340
terra1t8a0mr36hvewvdg9h6vss40ydsqs0mt36am8s9,loopr-ust,64108605,0,64108605
terra1mhc2mxhnxd55hsyqx8qm69wx08x6xu8wevjhmf,luna-aust,11672262,0,11672262
terra15r39p86qhgcssc68m05uad5ms4w64pe0fpl2ra,luna-aust,718138341,0,718138341
terra1rv3xlg84h74uz4agzmwjwf9cq787zn2d6sdplq,loop-ust,3234848,0,3234848
terra1k4c86dv669qtdtsg8kl6eagjry55tpa923za4t,loop-ust,7216034,0,7216034
terra1xrxtlj5z4lq2nf2g7he8hd5sqw0a08pu468ypa,loop-ust,8667934,0,8667934
terra13qmdhz9df9atalfekt7980t5cz98sx8497uwg9,loop-ust,4482996,0,4482996
terra1pd8x9f80k37hfj5gpsp6veq2fsfp6fstxcgjls,loop-luna,3587167,0,3587167
terra190t00em9jkrazsp22kvhvp7kphtgdy9v2ck0ux,loop-anc,30895634,0,30895634
terra1kqafrxkadgc4az0we27sxcxm6lytvkzd867m9x,loop-ust,98019402,0,98019402
terra1hzcqad9n2qeckag9sapw7wxekr95jphuy844e3,luna-aust,294162013,0,294162013
terra1z6mpa4yqcvgxjsupj377fugjnktjzjttjryhvw,aust-ust,628990211,0,628990211
terra12k72786gxygn3xw5su7m9sgxvuml04sn52fxpp,loop-loopr,53250275775,0,53250275775
terra1kpgu09fwxljs3tmvrjtk4pgygyu6dcypzwdjrx,loop-ust,987166,0,987166
terra14ghkmxc3nt5acjq4c0806uyxg475qp23yv5txv,loop-loopr,377065236,0,377065236
terra1lwtuumnjr7h0zz0amfdd3mppdvu9q5ksm0gst9,loop-ust,1960769,0,1960769
terra1kgnj4jy4a7f74j02xgvx7844t78j6rgvcm6h4v,loop-ust,640266162,0,640266162
terra1cg6x8xpmckqr4tex4r03f06ds5ax49l4m58nqk,loop-anc,1174079509,0,1174079509
terra1x247cx3pgasqd0gjmyha45m9f55s60ymy7kpdk,loop-loopr,25228151757,0,25228151757
terra1vrjw8yr4a777s5asjref7rpy5n8hvvfdj4f3r9,loopr-ust,14821861,0,14821861
terra1zqlmyfevxf3j9699mkk5lhy4escee5fpkzsz6d,loop-ust,26512345,0,26512345
terra17074rvrnwag576rp0yy90ejmq0h9nzuh2s26tf,loopr-ust,6096567,0,6096567
terra162ln095vnfwpj0nvs54jwjuvc6w3f9sqjpfhmc,loop-ust,3926062,0,3926062
terra12v9ltjgct6qsaw28j5m26z7ruprhxywkmjfspk,luna-aust,13497849303,0,13497849303
terra182n93fdt2w4eyqm29uxxjx7gd2tnckw3w9v3vl,loop-loopr,360956217,0,360956217
terra1d9p9gfru862ftlecq57tlgf87y2eed2ah02483,loop-ust,760212791,0,760212791
terra138dg67xezyn8w3aat2admnaqcfd9e6hs0je3js,aust-ust,8958386,0,8958386
terra1jytht3cleqm5d35pxcytx3a4a34rnyt9gqd4wk,loop-loopr,974511100,0,974511100
terra1gy8r0tfj5wg6apzkny7lxe0jt0crxmr22q6hrm,loop-ust,26054387,0,26054387
terra1em8snclm4vzmm5xsv4zpnxfkt33an3rzuw7kjl,loop-ust,1280349,0,1280349
terra12he6pnmqtdkcm2watz787weswj27ctel7m9tjx,mine-ust,51353515,0,51353515
terra1efah5emr4c5vqyy4kwpvg3muj4vj8ug9gzv7vt,loop-ust,406290515,0,406290515
terra1y47y4lfa67u474fcsspj9a9kxf7wq7f89ssxta,loop-ust,177142150,0,177142150
terra1p539zt67vktshhq53lagp5rxkcfvpxv7f8ungf,loop-ust,2862571,0,2862571
terra12vxu4lkml5hrljynmwa0l6qndzhszj3rufcvv0,loop-ust,1405921,0,1405921
terra1z0vzj44ycx56228dnupgtss5lh7ztnrnc22jpp,loop-ust,175521510,0,175521510
terra1xdkxejgkd5k6zf2lfdw7m5c3qepedl2ddu88zp,loop-ust,241925471,0,241925471
terra1m3l8wugdfszcr46ju5dvftspuqfarurkv28zvc,loop-luna,53613364,0,53613364
terra1m6ewjgxy2zh2xfu0cl85r9tvc7kmdcz3ewlpn6,loop-ust,2771752,0,2771752
terra1w2n2h4v0th93q8qys6le7wj22xqv3e4n8s8wzs,loop-ust,9992272,0,9992272
terra13eychvv9nc6zpzj7q8sh2yrm4szwuq4sywrlsn,loop-ust,98694470,0,98694470
terra1pypclasmmepkft52c59477s2nj0huuhnzuw2na,loop-loopr,198702635,0,198702635
terra1r5n6z59z6na6022utafv9xp4xcvgzqpfryu67z,loop-loopr,678821255,0,678821255
terra1elmxktcasgrzfthezavcd3hmz6tu89088wj99n,loop-ust,35483651,0,35483651
terra1jwszxxkc83g9ug0u0nhq5cve9u4zyqgpsgn6td,aust-ust,4148667,0,4148667
terra1y82zd305h3akreajtksdx4gc0kew064ctsxrgj,loop-loopr,130701589,0,130701589
terra18h7yxt2ctqg60g5jw9gexmd4wl4wxs5gvuf353,loop-loopr,3104941506,0,3104941506
terra1j5sgxfw0nzf6j7k8wanpz0lehcsdwk4wmjc50h,loop-ust,1080411,0,1080411
terra18whk28matqsjrme3vk4z4h23aaxx0u8rl22m3g,bluna-luna,2984964,0,2984964
terra14lfaktyqsxlsrjugzzk0nv3fwrav668g4tkhdv,loop-ust,6693818,0,6693818
terra16sn4dczenn5fshz6nx4e9xpzjaatfkd3dwara2,loop-anc,396858556,0,396858556
terra1gzja56gt3ndcahw8pjnqxe38d02g5e7t0jvsma,loop-loopr,163380861,0,163380861
terra12m6ed2kw9zhvtwt5sygarp7xa8ly7zsrsh66ms,loop-ust,1975099,0,1975099
terra1w0mmx83f380enfl5yul6h08r874xrqfd9lm4ar,anc-ust,55350182,0,55350182
terra1p5mu83jch4pctpx6gwdhxkhd6f6c8pthhjesxu,loop-ust,93064566,0,93064566
terra1vnndlsdv2j5jl8tc4y20teyyjt8t8zryqq26up,loop-ust,10230926,0,10230926
terra1az25yhfvhxnqz4pw36l54pylvgp9wusnqx8j6e,loop-loopr,285784625,0,285784625
terra1k5dfknq052kedvgxhf4fvucyesxhlg4dmmhhww,loop-ust,1757566225,0,1757566225
terra188kcdgl9q8fghsqgu88tevs0h3mg3svdwqahwl,luna-ust,6911049082,0,6911049082
terra1ygp8du3q0nsm9yjekcaktlhv64ngmc97psje2v,loop-ust,39132970,0,39132970
terra1hnps70d4zh629t6g39emh4m44zktzryp8dpcfu,loop-ust,657311,0,657311
terra19rfenugwrsg7judfcqrxhd3yl498jexvgnq6u9,loop-ust,530457273,0,530457273
terra1s9c6pazsr00n7x3d972lqkhdfsvaaxrm6z0dm7,loop-ust,159933,0,159933
terra1mnaheynwj85znn0xmt4cekesnmr0m7ywtg8887,bluna-luna,3355350,0,3355350
terra1d0lpnf7yx4cpphekjv8q0pdqhds65r8d0wszk9,loop-ust,49967845,0,49967845
terra1j6qajz79l2yc65eetgnte3t4e7fdzkl6vq4uxf,loop-anc,2334836762,0,2334836762
terra1uwxkqfz7yzsm029uys5ncypty3a8rw8ejuh00z,loopr-ust,32663696,0,32663696
terra1wepn5hy9kes5rga09p7rvye9srtskn8n35wkzg,loop-ust,1612758,0,1612758
terra1xh9ed5n78sngwfy34s8mn3dxtre2tvxje9heky,loop-ust,9787009,0,9787009
terra1dasszcavrdh4nqdf94day7jj9k7fcs0l9d76t5,loop-anc,348281804,0,348281804
terra1dlm6rruc7xx9w84hl45u29l52r74fe8jgxjf5x,loop-ust,1369724719,0,1369724719
terra1axdvf5ks32p7nm3e6ym9t4frtqk3svk522z8ca,loop-ust,387520676,0,387520676
terra17hymgdpvcx334ztwtx5ujhgn8p5rptt423fesm,loop-ust,98492998,0,98492998
terra1nageua3dwwsuwsy7r2g0tu2gqctwmhcp9yq74k,loop-ust,1393745,0,1393745
terra1klsf5k46gju7smwaj44pu2hvn45703yw07lx62,loopr-ust,14899700,0,14899700
terra1f6qmth8x9tygupfshsdajegsvc8k6sq2vrz446,anc-ust,2965023992,0,2965023992
terra138j3nepmxtk03xapq8lljt750w36fasdzn98pw,aust-ust,5435887632,0,5435887632
terra1qhu2uh05ywkdarwmu0ql33lg9e4gfn4tuaskte,loop-ust,2139833,0,2139833
terra10yuph4gg9uvlcqn6lt553pl87vf5c08lmnqjz7,anc-ust,67734834,0,67734834
terra1mux96nux23mf2xwcpf26fvrj5z8umd4nau7wsy,loopr-ust,56064254,0,56064254
terra1kx6z0zpu8c3tzc4zva5pzms8dd3d2jdkygcpcx,loop-ust,4948310,0,4948310
terra1p32fhpynxknj4zzm3807axlftmunc2qy4j5ex0,loop-ust,980456,0,980456
terra1a8thee32umc0gkzk5sz6eej7x7cm2ehlrrvs3k,loop-ust,2581577,0,2581577
terra1m6twgcaxy2ftckzv57vn0n4ewpukwtvmyz0rs6,loop-ust,33344785,0,33344785
terra1qqc7h8mxvp8anlpcnqx068w0mm9uqy3v6dngjf,loop-ust,9927071,0,9927071
terra17yullckr8uejfn4a39n87mufvlrjevfq46wh0u,loop-lota,199226872,0,199226872
terra1x2el32y5d2pfy3wcpl7nq7hl3sx9q9n0p0y98g,loop-ust,271310407,0,271310407
terra1yjkfycaw2n66hfj4vfv8l8sv4hj5mq89caffwl,aust-ust,1579673250,0,1579673250
terra178skjzpsqa2gaepzkp7tc40m3q46ua0u66pvn8,anc-aust,349712502,0,349712502
terra10e0689e97nv8f4r553vh5zgetss97k05kl0q0x,loop-ust,1283746,0,1283746
terra1929zpuflzgwfv3m094h5qstd2227p37f8asnnc,loop-ust,17448420,0,17448420
terra1v7mv2jmuvlqftj89xuzazn7q6kjmyes70gn7hv,loop-mir,31697371,0,31697371
terra10a4pvs2t2m8rn28jw2g750ky74c767dl54a5e5,aust-ust,52287616,0,52287616
terra1480vh5x6elfnt5553jedexh3z2xe90pallzemf,loop-ust,2855135,0,2855135
terra17cm9dhkl4t7kwzcku7gwu2ne0025af66edhmmx,loop-loopr,547870936,0,547870936
terra1pmnyeu7pc63nc3rtn5x5yf2wxn83xjzn43w8qk,loop-luna,20622124,0,20622124
terra1xrs6txj5t4uj8n2dm2xh2lplscddy3kknrafc6,loop-ust,2288254902,0,2288254902
terra1ke0skpr64gmdvzlqwza3ndv6mrytwe5dqvaujg,loop-ust,1887398,0,1887398
terra14ugy3xa0msd5td6rfuqtnkjtdswy5ujzwxqh0h,loop-ust,1781145,0,1781145
terra1lvr9ysuy3yawvg9ecfngnjy8a69yrv7267tx5k,loop-loopr,2690475345,0,2690475345
terra1fxyeh4v549249mdvp55yavxaa3y2ejla8wtrv4,loop-ust,947685,0,947685
terra1l9fpakzpvzur4akregu0z25m9jd83sava7mdpr,loop-luna,14482070,0,14482070
terra12vvzxq89scwjd2v5hmq8vxdfuj02d7rhlk467p,aust-ust,1433257,0,1433257
terra1wqrk2shxyj5xl6z8j8v438tapdk4ycf44ptuws,loopr-ust,133775637,0,133775637
terra1amt6g8uckxyrtka4gkuthca9dg5xgw6c59g2va,mir-ust,28261515,0,28261515
terra1wq3sgrse2kf5jp3yypzqp64d7l5ctpv2ma2tek,loop-ust,1661481,0,1661481
terra1psd8s9t7s47nqptvnp4vpclwrfs2wmxj5rs4t5,luna-ust,24174293,0,24174293
terra1kpvew9yvx4cxn6w6dzmn3u466kmet6yf6arfyn,loop-ust,683847,0,683847
terra1dh7659mh6sxgqkw4tfp07rjcwfh9dctvaytp3k,loop-ust,1876519,0,1876519
terra1qdndv9j9328ux90hqj3huhtlx69jhvw27avlg7,loop-ust,166828,0,166828
terra1ar8t42h5h5szpwqq3fqj54a4em3htmpqrug5k2,luna-ust,1864363,0,1864363
terra1am5606grq67hfyx5kdl23r7t53slquul3a8alw,stt-ust,34096048,0,34096048
terra12r5y9w2dzw00dzpjja6cf594mrv95s3rdjlu5r,bluna-luna,100373602,0,100373602
terra1q7hj4hywyfxhgpqm25klgrye3hkuzfgh558alr,loop-ust,67075804,0,67075804
terra1cjk4kza0rnapawurljew0ml9vs5f5w5257nyq3,loop-ust,8702068,0,8702068
terra1tt2zut064as0lentuhs5ccv940x98f08hucph8,loop-ust,168736462,0,168736462
terra1krd5nu6x3qvz2ce8s4xa7nllgr970ln9upf24z,anc-ust,4809494333,0,4809494333
terra18t2ug8pt0y4q2095ypjn7rjrss07y0uxfgnzyx,loop-loopr,1618325600,0,1618325600
terra1ht5sjg0m43ge9hvtg00n3mpryeuxlleq4gwpt0,loop-ust,587059331,0,587059331
terra10yp2gh2z7hpnm45eq4ny4n0yl82juht75nhc9w,loop-ust,4750117,0,4750117
terra16ql2tygdk4yec2shamf9qvd657fmnnqmndung7,luna-ust,355485318,0,355485318
terra1uhqjze3dr2aezrup34v9090yr45nu7g5lt563x,loop-anc,748277189,0,748277189
terra1vwrdmhd06dzwlpr87a2ztfp0m362dfgegftxev,loop-ust,915893,0,915893
terra1jcmrl9wc7tc0qcuty9c9kuvrkzek309wsmh0qq,loop-loopr,58042156906,0,58042156906
terra1yvjqccwe6s009zmp9yh269hx8dh7az5synhnpz,loop-ust,72607,0,72607
terra1yhgd758gzvwfhmq0aj8gsrp60twct4smy8qz33,loop-loopr,2412455355,0,2412455355
terra1xqlq0t9u3va2xczy955kf3da886k4dj3qwlwpd,loop-loopr,3592811440,0,3592811440
terra18ccsqatlsmt6k4xtyg3hf6vme4l9mlzj7g3uxt,loop-ust,27226324,0,27226324
terra1aqttkceqvxecrt5w3n9ujyed0sc2f9tm4qx0xu,loop-anc,696553789,0,696553789
terra1m7lc5aa6qlyugfpc23dne33yvqygju8su24xyq,loop-ust,29611551,0,29611551
terra17st2l3mmq9wluxp258uva63zv8s7hlta3qfy20,loop-ust,289128875,0,289128875
terra1evu54eemcm92m67sy8ja3r63fqf0kwxexk4j03,loop-ust,3713496,0,3713496
terra104787m5equ0z0c5m8g6ln7her3mhehngrqkfdq,loop-luna,10355701,0,10355701
terra1kthhrtgrcz0uprtsw2jlhkp5e50n6khn45g5dp,loop-ust,474419,0,474419
terra16pxxr52seyhf3y98a28g6t8ggtsrd56uyxkrtl,loop-loopr,117975153,0,117975153
terra1wjfqpyqn4sg5jdmgrtvm0m4rrzn6zvs2qrwyvv,loop-ust,21186507,0,21186507
terra17p3ktjk5rd2zemyfp0wadfl09sue0ahqd5gpcd,dph-ust,299970724,0,299970724
terra1lmwdrx74ss04rq5stlf8wwuupujeazyu047h89,aust-ust,22051221,0,22051221
terra1xp7cvx2t2gx6tjf3p3yeqkzzty6mgfe7u89eej,loop-loopr,3006887,0,3006887
terra1cc8r8su5f2ta2s8all2l2mtsjfy4xky7kpfxhz,loop-ust,4991031,0,4991031
terra1hz8fzj55qdpa7y3u5890pzf06ekml6xudjmela,loop-anc,11891491,0,11891491
terra1w6rxqxhnd8xd28lk24r9fdledacsfz32444ssg,luna-aust,726932300,0,726932300
terra14z8lcvtsudfv0td9qh9q8zek4m2k4nz208a55h,loop-ust,2121395,0,2121395
terra10rx277cpllkv90m0x5qalvchf47w4pl2delwvt,loop-ust,59157510,0,59157510
terra1glygpwnu9zg80ag3h8rktp9pus75mt9va9eglc,bluna-luna,30030284,0,30030284
terra1en9aq5zrupu3l36rl9nflad0jqsz4y35rfevpp,loop-ust,8403465145,0,8403465145
terra1ehh67s87mp70mt6nx3zqlwxs90k9lc3u8psddm,loop-ust,5146190,0,5146190
terra1jp0a5m27swqp5k70r3ue4sgekh5gavw55pqyxl,anc-ust,776252062,0,776252062
terra1pggpnhmawndv5x0g32c7s2mqqnzehvrhfveasx,luna-ust,2314889,0,2314889
terra18rjvv35l3yg5n0sjh4glu4mqn55rr4uszeqant,bluna-luna,47925025,0,47925025
terra1wzusyw8txgplak03npd8v8n37zn7phnqahmvf7,loop-mine,15884853,0,15884853
terra1mja38kv3djtewx85qmgvh0lfv30m9d7609vhl0,mir-ust,185569252,0,185569252
terra17pc23n4m3qy3gwsv9zd34qpxrfafypz629lj78,anc-ust,23858358,0,23858358
terra1fze6sal2ernvte3e0yfz0u8tmshrz6hyjsswym,loop-ust,49381923,0,49381923
terra1n9xexdscwqjnmapqt5s7ne9qvhuqqj30q6xupk,loop-ust,880452,0,880452
terra1r08t22jkzyqtgw9n90ma72j4h3kyjdq25h0qlv,loop-loopr,3805635227,0,3805635227
terra1465cwtac9gq0dypmra5pqvejwf6pnugk4694sg,loopr-ust,127142386,0,127142386
terra1s70zrxcrdj3anh3527vgfr5pxpdrnw8563w22l,bluna-luna,4879782,0,4879782
terra1hy6rnx4jvatvpjl4yypdr6uaxhk8txsnljzdyt,dph-ust,454279708,0,454279708
terra1m5j8lwn4wg9n26rvupr5nvuaww5tqyj57sfwcn,anc-ust,33043416,0,33043416
terra1hp4qx3ggmzer5mm74j2wq7s6dhu2qgv8ujpfh8,loop-ust,892679,0,892679
terra1mlsy8crn05w957y99ytcq8srxsq54xd47kcmzk,loop-anc,630472209,0,630472209
terra1fhcknpa6sg7pms62lstu22lszgfqca6899pv4t,loop-ust,4682402,0,4682402
terra1hrsemlawr8lmapvhf3cyl5gk528s4ya85aps3a,loop-lota,29688471,0,29688471
terra1eaz8euu2kmwc96ae3jawrcc3drev5avla6e93z,loop-ust,1878215,0,1878215
terra1ryfl6qnazw3e8nf9pln95syfct3j2npx86pvzj,luna-ust,1320868386,0,1320868386
terra193qz2zacfjkv929ekmfvw7zfswml97j5ccx8az,loop-ust,8769373,0,8769373
terra13ndlnkylx827x0gpxxfnqseqn69pjutaka6p2v,loop-loopr,2051868280,0,2051868280
terra1qlg4naj288jsnfugewrtaecf2vzecfwsjh4ys9,loop-ust,22360813,0,22360813
terra1gfaunytmcdjgka3ggzluwardju8mgm4sh4naqp,loopr-ust,30597591,0,30597591
terra1pgqeuwuymq8zzv3ry3hlqc09nenzuy6tqxthw9,loop-ust,2053454,0,2053454
terra1d2ddfdtmlfcc2d6mx53dj6qvy9ld88kq29u8jm,mir-ust,61022092,0,61022092
terra1d7z40ac5vpmftzsnr4kjyct0qjh89xfmk5pqw4,loop-ust,998761,0,998761
terra1j08l0sefnlsqgthsf3vdr7gm76j6dj60wrn9hd,loop-ust,2933545,0,2933545
terra140cxtdac660kv8z26xw8gjhls7tae82v2pxlnx,loop-ust,86266783,0,86266783
terra1vjnxmslqjvwudal4jm47trvte8ue6jucaxq4f5,loop-ust,9373141,0,9373141
terra10w82rpc3s87p5cxuta3gu708sdygducc5m9uk4,loop-mine,109002131,0,109002131
terra1n9eznffquu0nw5wehyyrdep4aetvslwkh9r0rs,loop-ust,9390107,0,9390107
terra1hzeqy7ddmth36yc5d67tjvl9n84cn33kmt36fg,luna-aust,38039436,0,38039436
terra1gc5mxyt5g9kau5j0enend8hrmutqjxag8fx4sd,loop-loopr,298817110653,0,298817110653
terra15p0m0jkw4ssnxvrlr28lhdnljm5qugjpq4natx,loop-ust,1069613987,0,1069613987
terra1ra0kckre0uzslz9pp995gch4ryuguuw02qe9v0,loop-ust,37507882,0,37507882
terra1s0q7pdgfc0ax08zzqmz534g5wx9yfxmyeg2qdy,mir-ust,1147705816,0,1147705816
terra14jr4rsvtyff45whkkd8q7ja0t8ankf00mn2da5,mine-ust,220451,0,220451
terra16q3zrexg0vhaqqjsu022t4sw4vv6m4c4a78am8,loop-ust,4561448,0,4561448
terra1kpu7eag64rkfee00vlz2xv4rpd60nwk596m3z4,mine-ust,1218433,0,1218433
terra1u9axz3teasdy6ugzqn0wde2lhqjnmuemrszdy3,loop-ust,4143827,0,4143827
terra1l6hxyvlrx7neeaejf08ghkkwu660gfteau0ktr,loop-ust,2224968,0,2224968
terra1slquehvpljrs87xvmah0zfgwvfytj0t48sn5sr,loop-ust,17912629,0,17912629
terra1ckvhzluacc709ra339qmpzjgsaj5jehuzgx7uz,loop-loopr,477708410,0,477708410
terra14fnqt6g7pvy5lqt0vvdfkyawx08ucqqfgs8vnr,loop-ust,124329782,0,124329782
terra1vx6e3py0s0md6keg4cqhsg4hcnkh9m3d2pmzs0,bluna-luna,6247980,0,6247980
terra1548zp0lwtknmydavy4qv0wf7y8pkt0f7sshp4p,bluna-luna,1491257,0,1491257
terra1wze6n7r8cct6ek4e88anzlyrex64s0dle240vq,loop-ust,40244804,0,40244804
terra1aw86hw5d8fe6tttynj89h65q0mplu9glusqmjw,loop-mine,75170207,0,75170207
terra1pud2pzmvgusqe663g69kfamkrhtz9hnupdr665,bluna-luna,325978,0,325978
terra1rzs50ww2elvut2dhwwwp3mml5lfp0l7xuuyxz0,loop-ust,2660988,0,2660988
terra1sua3f4uh9afrd8dkh7h3l5mlkj5a527hna2nl4,loop-loopr,65929606674,0,65929606674
terra1au3s722xm32rmvk33f0k5l5wu7mqyc6gzwntad,loop-ust,1067388,0,1067388
terra1veemxaeu4rxc636gj334xjalq9g3szjcyvma92,loop-ust,4114658,0,4114658
terra107lm9kq6204hvsyh40mlxetk8v8a4guhp2dkw9,loop-ust,143863119,0,143863119
terra1n57tn23cja4yfmm2r9njgaukprjptrvmnnckv9,alte-ust,318898426,0,318898426
terra1uj98jdftz6qdv95yugff862k83ns9f6n2t9tfu,loop-ust,34691102,0,34691102
terra1htn7amy06656t6n3uvznhe8m6dqkmx4tu32yd8,loop-ust,200449293,0,200449293
terra1zq3jv98h6cpj449fkdm8jeekt79vh8xga9wlwl,loop-ust,1037774,0,1037774
terra1kc727xhwl36hazewx9pm4j384nlgd5cxeh9alh,loop-ust,906984,0,906984
terra1ymnvj28z8lgp0crs4fxkdlf8csf6r5gkhutm5f,loop-mine,108962587,0,108962587
terra1fn28reqz936ma8f2zn3x3wu87x5u4etmgnme74,loop-ust,2172409646,0,2172409646
terra10qrefwt8gtv0qhfqep47su9m76ggfy0pqpc4xr,loop-loopr,274727543,0,274727543
terra18ewka82jfsqf9lft382pth2apltxlcuhhxjny8,loop-loopr,187468669,0,187468669
terra1zlpwtq740eplcldef8jslsq0zwh9vf6vraqye8,loop-ust,5504829,0,5504829
terra1qtca3g7k8cm43z0d8927dp0cwf9lqa4fvvha9g,loop-luna,2518797158,0,2518797158
terra10lndgpzuuy3vvyf6swhzqk2qrfdy4vwgu3n68h,aust-ust,44642392,0,44642392
terra1ddzdvk30x38ulxk4pc4zm99vwzvmh269drjlar,loopr-ust,11816391,0,11816391
terra13c4vvt7w8jdfd3prnpmgrdjjgqpmwr40r0zs5a,loop-ust,249769140,0,249769140
terra1hw6fysvjvykq6g02u2j3uav435mlv4u9jf53wv,loop-ust,17196105,0,17196105
terra18t2cclpadnlw5wne5fkr9a0khagka66ehzdaka,loop-ust,5727122,0,5727122
terra1thzmt5ydpv0mgzsy0nfw5u269vh33537m0wnjm,loop-ust,8644454,0,8644454
terra1ay7awwwf70skfxwe4zw3a3qnu3lzxzl5r0wm60,loop-ust,470560,0,470560
terra1qv5l3d0knw7tnz0dn968spy8sk65x52th4vnwk,loop-loopr,3361328018,0,3361328018
terra1n4sd4tdjcpcdmfjm5t45x9gec7ae07ahvd89xx,bluna-luna,19903885,0,19903885
terra18w0gp3ap9tsxu8sfac7ugsy4a24rzmw3v6fq35,loop-ust,1966148,0,1966148
terra1758hqlf48fq6sgwks552dzjkafat9f7kkf6vuv,loop-ust,5003110,0,5003110
terra1h5wf494agmpakyh5w8hmyuc3e59purp7pf6qva,loop-ust,401110,0,401110
terra1wahmf7dv0z5ptjmgde3ekmumvg54tspnykrhwe,bluna-luna,2475979,0,2475979
terra1pc78wlvmxuf93sjtw257efsyu2sm8e9makpf2t,loop-aust,89971130,0,89971130
terra1sa3jg5gl0v9fnzw3khv4wa0gm7wrr82fflzzg5,loopr-ust,11701113,0,11701113
terra1zadl9hwxlk67uss00wy77eve2hcfhr3umqt0ca,loop-luna,109645564,0,109645564
terra145yeunkxsz5l6al92hlzt6gn7ckdn0n9dwhytz,loop-ust,18240062,0,18240062
terra1ld0fnm4h9l7mphm8fjrh2up79tel69kz9f5q3x,bluna-luna,3388500,0,3388500
terra1npdypxgm8pcmm5gv4pev54rsrwp6fgglxahnmz,mine-ust,7506758,0,7506758
terra1a5ryqhwra43k3nqry8t6jfph5kx006vw9gpjsq,loop-ust,13111933,0,13111933
terra150alxl0w0tjt9w8psrnwxgv8f0acdd6j9tgmxm,luna-aust,597132577,0,597132577
terra12x7zy92f6tcawe7c4n5d8vsw2rh2w96jxu856f,loop-loopr,22011336055,0,22011336055
terra13r2fy0hfs44xyhfn7yy2fmwwd3uq93l6t8t3d7,loop-luna,772198696,0,772198696
terra1c9g8y798xszsw5swan6juvrcr6cfnu5x6v48h6,loop-ust,855991163,0,855991163
terra1etwq0q8wwnmq7322kz4v6ff2dcvwfm634vdkqn,loop-wewbtc,10836541556,0,10836541556
terra1qe7p60uaed6lz9dp7tg6l6dgzh3gjew3rr5ryj,loop-ust,5443141,0,5443141
terra1tg0f6g7mgmms4zjhd0tmzd5cy9nr5eu22csc86,loop-loopr,722190,0,722190
terra17tn67w6nycj9un282fmzej8r798xc9kqp69em9,loop-anc,2514289937,0,2514289937
terra1838qmmj3e5s84ztg7v87prh06fu3paw5dp0zsm,loop-ust,2519261,0,2519261
terra1famna3zpxttydfej5y0sh2muss9c68hpj5hhqa,loop-loopr,101071450,0,101071450
terra1cg5375e52navkrzuxcszq7dld0hg4wkqewvmys,loop-loopr,15790007214,0,15790007214
terra1nlk3dq4tczjcnx7zekkczh93ta3nhghpjw2v79,anc-ust,100521621,0,100521621
terra19rd409gnnwmvaerwgvt0vmlpqu0uajferchsjw,loop-ust,485761114,0,485761114
terra1dwyu6keg79n3fa9af2xx2wvp93fxrdqcfr2zp3,loop-ust,25591617,0,25591617
terra1yps370m54782ln3vzmupc7c3ujnqs3qeq9syvj,loop-ust,6548390,0,6548390
terra1gldfnk9mwcjtlcsj8vtqjmh76fnl0ckyuakvps,loop-ust,807317,0,807317
terra1s7sus6eqtf6cz8l9rhhrs9eldq4gzmd9065qew,loop-ust,19397551,0,19397551
terra1ftynyczu7n9k88twasrvwkgdqk5w0xc0gz7s64,loop-luna,47957857,0,47957857
terra1sdw8prgf3tk0vd2hszjffw7p7cqc3nned665x5,loop-ust,24711112,0,24711112
terra1ph0j9ey6a6hrfzp3syzacgl2x0hzgsqv9knc3a,bluna-luna,2710650,0,2710650
terra1wywn3fk2n5fjfj5h3wtvq2ujj86dymcmzyqz4d,loop-ust,2014690,0,2014690
terra12lt9ncne43h8954m7y96fr8mlxndf6e5khxdqd,luna-aust,575182,0,575182
terra1xmm835atvfduxp6ljk96e7s9jqkha73h3dldwd,loopr-ust,35933728,0,35933728
terra17usfpyyse8u80tdmpaydt2tzeeyp9hyqe34d37,loop-ust,3089971,0,3089971
terra1an6x2f5qxvep4q4vm9sw0l83sc9pfswrpqlwp0,loop-kuji,1714449253,0,1714449253
terra199up46lqkczjfrxjrt4ztdcktcnn2hv8y5zw90,loop-loopr,712991006,0,712991006
terra1ersaep7rjgnekl596s7wrzp85hhvlnuuwcsffx,loop-ust,27050361,0,27050361
terra16ust3gu30pkk8g8fy47rcd2vq8mr3cw3rf0z7w,loop-loopr,1813172938,0,1813172938
terra1wwgv4kyf9xalcdx2y8xa39f4gzc4qhg94ffees,loop-ust,469234,0,469234
terra16fslpvrxd0vz3n0r6ypnh0dxyazf4g2kasapax,aust-ust,895012014,0,895012014
terra1va24dfgafenf96ecflz2gwunmenyx36ed9d3dd,loop-ust,8114602,0,8114602
terra122ylt466x8qqhmk3cs4nm5ahm0l5qnz6lc7wut,loop-ust,71762218,0,71762218
terra1fe0n6u7evplgz70gc9auhvkvzpedurhk544nqv,loop-halo,7783448432,0,7783448432
terra1rcez7pp4zga56z0wttmfx5hqgqss7y6fv06jcl,loop-ust,1608085,0,1608085
terra169kayr82phyhmd6g2dkhmhyfdd2r0njstdt8ag,spec-ust,32328780,0,32328780
terra1th6ag7cvylqw67pmfuehyrgy3ap78k8mtjak98,loop-ust,2366603,0,2366603
terra1xqlq0t9u3va2xczy955kf3da886k4dj3qwlwpd,bluna-luna,5981004,0,5981004
terra10zqnl8s79qv5yepfltwmcjj0puklqtvw329ztl,loop-ust,199562366,0,199562366
terra1aw56l4vphmw7ae9qmrh8wrpe8rk673mlq5fqd2,loop-ust,8598,0,8598
terra1s7zmq0aryz2utvcezx32vj6jjzra9k56wk7s92,loop-ust,9205020,0,9205020
terra1yvnnjxy3ye5kx4wpweqjxfaesspdkk6dwsk72q,loop-ust,14246714,0,14246714
terra1pfw3n7rwr6tugvf6n9c8kzw9k8c8yyhjn9s8jx,loop-lota,18073835,0,18073835
terra1rlfhf4dhnnqvgc8nyxst3xqqf4xzwfgn9ra7u8,loop-ust,974649,0,974649
terra19k85gsahz45qr86gn5t0ym7zac8nlm6v8k5ps8,bluna-luna,46836155,0,46836155
terra1l5zdya4vmklzfa4jzrzlpve533w83utuun4enf,luna-aust,138375576,0,138375576
terra1w0q74qfx5g082gktpntc6qhyahsxcvhkgj3sat,loop-ust,9223144,0,9223144
terra1rzdpulletymyvhjxptj5nm2k4tuavm0hjam340,loop-ust,892691,0,892691
terra1akjllunad0x7fmna56reurnngn8vqjy6d2lndv,loop-loopr,7811056633,0,7811056633
terra19fsf4au693t0z5t5sl558ayxv9xseuzggwqth2,loop-ust,10804532699,0,10804532699
terra1al9vjdp6g3afeadpxselqum5u26ednuca5nyzy,loop-halo,7743825355,0,7743825355
terra1jw8y236s35xds7xcf20r6c9uw48v4gwyfp3vv7,loop-ust,6816244,0,6816244
terra1g6z73w9gmslt8denv99u0aj2un94xd3pf7dq09,loop-loopr,1443320622,0,1443320622
terra1x9yl80drm87xcj86eh5p66eldup3um4jgm2wja,anc-ust,59560029,0,59560029
terra1zshcz72phgqfze5ucvrk9f0e7j9vczvkcduzxl,luna-ust,18367858,0,18367858
terra1436w3hauz566ka3t046z4jystupp5m5yk2vg66,alte-ust,768351883,0,768351883
terra1w2z7hfdmln4apyhv2408hkzmn9sygr2kygrzcx,loop-ust,29119004,0,29119004
terra1h9w259s2x0x00fjvkd88aadlf30nskzphjehve,mine-ust,188921193,0,188921193
terra1jctz7fj2qe9w7408pcushdq68qmctl8w3url5e,loop-ust,52960630,0,52960630
terra1tm3vjwlaq8rzwau0lw36h8m6vc967hppt2rtrc,loop-loopr,1393711072,0,1393711072
terra1cufsmnw2st5qv9rfayuz54h59k9tm0lw5v2n7c,loop-ust,144387775,0,144387775
terra13fegz92qa4vdzmjzkg7qm3tevaeyzw2tq42575,loop-ust,1085480,0,1085480
terra1xxze05dalfa9wh5kuxzfngsf6u6xcjvx7hwvum,loop-ust,203180063,0,203180063
terra1zk7msjlaxvallf4x2sdtdwpgzu559j70n6rg7m,anc-ust,844392956,0,844392956
terra19hg4wz9j3mpmfcuakmhufn2c8utrk3rya8p975,loop-ust,95801991,0,95801991
terra12afj5a4s8enycn5vayv9a7marh8y9jjj8yy89j,luna-ust,57270762,0,57270762
terra16jrqwt40f7ku3nxg8xqjqlww702xtvtm5g6pnq,loop-loopr,3913982266,0,3913982266
terra124mxygy65984unvw5m7de35vxahvqk8a4xezrs,loop-loopr,174379003,0,174379003
terra1gmzfzux59mxj8ftvcsakhq9ckfwkk5v3c0jj2w,loop-luna,12442221,0,12442221
terra13pv2aglzye67rk8gr9r4utzhuwg5yg5can85q6,loop-ust,5035635,0,5035635
terra1365w2waag6us2650zqld32r56dwjenk9jl5y3s,aust-ust,222982432,0,222982432
terra1g77sgumq20ky5y2kjwd2u6620setlg6893gqat,loop-ust,3281508,0,3281508
terra1736cd4esl6raqnsjmc2yx6kc87nf3j63xf583z,loop-ust,806836495,0,806836495
terra1wv3r2f5fns8tv3sn6c2ljse2ft7fkdpjk6mhwc,loop-ust,8598728,0,8598728
terra126f4jzgr3vguq5aueetzlr8lpx2f2dmhcqz5gk,loop-ust,21077106,0,21077106
terra1rfhh7susq0ndllt5f7fl4e24ywx0ck4vyftdeu,loop-ust,6026041,0,6026041
terra1tvzgh49ggq0c6ls6lpmm00qxz85uxw255yecx5,loop-luna,37965252,0,37965252
terra14fzl8p5pkpstjxp0aand725t5st2m6yr2hdv49,loop-aust,321641956,0,321641956
terra1l8l6qsw53e87vr8t3s68dw36yj3hfe7f576xju,luna-aust,91962894,0,91962894
terra164z3l5kjpkwg4hcgl3e6e2kvzp00dzxmt07ps2,loop-ust,2438113,0,2438113
terra1473zkjfyjzacrrrlmve0z057f5y0ulsavjf60w,loop-ust,5516682,0,5516682
terra1d52vyvq5dncyfjqv3avpqngqz47gg6stftn9u6,loop-ust,7941486,0,7941486
terra179fhdrus8ghfzxxxcym0hqz0jl74hm7y8ag6n5,loop-ust,36233131,0,36233131
terra1j7ve78at3ett0tfjr9vm82l0suqygftjqk5esz,loop-ust,1474528,0,1474528
terra1f7chvjjx94t5kvd7d3nnj5pkh2upqgvpy27pn3,bluna-luna,39811013,0,39811013
terra1v39lcawu4jl7aejag6r3uw3a0ly5e5l0n8358d,loop-ust,15377487,0,15377487
terra1c2dpx9lkvp27xuzss7gynqd7stsdte3m8p7rj5,loop-aust,2581240736,0,2581240736
terra1m3m0hg0vsw70vpyjqt646khpf8hrl5auflr0up,bluna-luna,6018893,0,6018893
terra1txa6jwhatehfttq946vk0f7sha96fcnyau6pyg,kuji-aust,626861583,0,626861583
terra1gnycsw9llvazvjk8k8cc6p6fspqjdgyzvdc90e,bluna-luna,238756930,0,238756930
terra1jq4ppza0ywaatl0s9u4a5a8rnd7qkflnr73eqq,dph-ust,1251415616,0,1251415616
terra1kmsav8kucywtff7ezvt6lltlqcuuf49vgr0egy,loop-ust,359583063,0,359583063
terra18h5vpwk2c6xg4cjhlrgqjz8utnu3xzy94hyen5,aust-ust,1790864897,0,1790864897
terra1tscq8tmkgjygm2uwhqvys9zzj9rud4qjgu2aa0,loopr-ust,28890493,0,28890493
terra1glugy6td79zlgq9hzk48hxgmzw4z59qrj8wyhu,bluna-luna,8325615,0,8325615
terra162gtgqtz9m8gtqrzjx5rc393apmqff238ltstv,loop-loopr,857879241,0,857879241
terra1cqp0rhydd8s9p7fcs5ukkqfn6dtmj03p63k2sk,loop-ust,10343767,0,10343767
terra1aqp2yeh8e42fsmm7dq5qhcusmn8lt5yss8vy65,aust-ust,4455183785,0,4455183785
terra1u9lu7mm67x0zp8shruskuhaa4x8jwnwrjh7gpg,loop-ust,9266852,0,9266852
terra1u5ersgppwpeynm6ly7m7aepg2y6hu3h0sctdgl,loop-ust,4255103,0,4255103
terra14jhwxslypwr92v4ujr3vwqwuktdsv0jzkvd9cu,loop-ust,900245,0,900245
terra19xlmkwe3lzxqz5k47at364thq5ph7luaj7d74j,loop-ust,1025537,0,1025537
terra19f573x6j8gdnc5qjn5u2dp53rdva3kjv9snme8,loop-ust,1148748717,0,1148748717
terra1wjul786ddme3yhvedhcserhf7mtwnfkwfqt6ne,loop-ust,32747372,0,32747372
terra1ksa40ys7830kgvwu6uxfy4dyjl8ar4ccdsdfa9,loop-loopr,380013623,0,380013623
terra1gw6djk5grppr0jhpukmv8vqe2hrzcq66myyac9,loop-mir,14882606,0,14882606
terra1fy880hpj4uu8ne0n5kl7mymw2xcljxnnm94vfv,loop-ust,7357255,0,7357255
terra1mx3lxpk9wfqvu09wv4tcemee3rappauszang5g,loop-lota,25880317,0,25880317
terra1lacewska6n4tq8kexhvant77krge63w8r47qym,loop-ust,978135,0,978135
terra1d0857e5rskzr3cmvy2ghz7mxl626q86qxaze7q,kuji-aust,693823383,0,693823383
terra1fmkj5ucjxwn4djy45x8epze4pwxrrrhmwtgjhz,loop-ust,8400606,0,8400606
terra1h7mgstmepu26jtz0v7g08kwej953235jlkd77v,aust-ust,17866459,0,17866459
terra12h4d8cekg7r8pltynunngxfusdn0m699j8crsd,loop-ust,51964201,0,51964201
terra1wul9feg3627gsd282etw6rnerrtc7ax90neln9,loop-ust,1063063,0,1063063
terra1ra5sa2uqhswmvlnlcdu6ue38zzet2qtxl5ymgm,loopr-ust,55749555,0,55749555
terra1f9ckzcq6c8jr4ftkptnpdq3e06750mv7ngwpck,loop-ust,3210848,0,3210848
terra1kxwfafehl5gsufp27q5ksgy9cnqjaak78pgsg7,loop-ust,2383609,0,2383609
terra1wce307lc66yvzm2dsca3u5v0j2s9kyndwgzzgw,aust-ust,89334551,0,89334551
terra16tq844dj96ds575g2svqvs6d5f0nfvvde0g7ye,loop-ust,1893735,0,1893735
terra1h8etp9u7xermul66zpdwg3a84pxsakf5szyude,aust-ust,1339231314,0,1339231314
terra18w04vlhf5ayq0t3mj2ulefxpsy5dzq5wcu494a,aust-ust,89454745,0,89454745
terra1x336zltwqz3w3hmt5rhr4hjlt9d9jguart837t,loop-loopr,80405786,0,80405786
terra1a3suv4k25w53gaekxsenne85209kpycrqf85v8,loop-ust,3739123,0,3739123
terra1cev4z3kkqxftkc5vn9mmeh89zkgx4t39l9drwa,loop-ust,9520717,0,9520717
terra1jtgymhmjfmvpr276np9q0hdg8kg2f9j29p4w33,bluna-luna,44437023,0,44437023
terra1623udtpnvvls0cnq8c05wyufs2kfct53kv5hek,loop-mine,531581628,0,531581628
terra1u4w5jh3x52rq5w07l2ckc3lxtjysfueratuc63,loop-ust,908045,0,908045
terra1ydgcpzf5aurkw0vhyespkfj89p55lp90s9e0kl,loop-luna,18424676,0,18424676
terra18avgrfua0pdknvszy5slwf4mphahrtvmdzeh37,loop-ust,13508274,0,13508274
terra10v9pr8h4tsz5dn0fwzfl3m695hg7pcx93qvrgk,aust-ust,55264096,0,55264096
terra1j57zv8wjy3mnhz0pxrlsvl5x7gk0sdpmr0sh29,loopr-ust,40110905,0,40110905
terra17e609d8sdsvngctxufk2qpqn6fkyxanga3xp25,loop-ust,2650951,0,2650951
terra1xtdpnp9m77mkfv6yd72uthsu0tfan7646e4ucd,aust-ust,179262290785,0,179262290785
terra13revek9qld9geyfc2autgm6t8khhcv9mqa8k64,aust-ust,19840559917,0,19840559917
terra1zk8rhc3vwd064khc5qdngc7n8cwy5e9lp536lp,loop-ust,4062040,0,4062040
terra1x5pwqh5awpjmur6u5heda2sg62fvr2n0xaygv9,loop-mir,12006824,0,12006824
terra1q7mgwfuau5jeugvdpu8fpdjy4zp3kegwajunag,bluna-luna,4804574,0,4804574
terra13kfnnfxp4r4yxn98h5349h4ljweetss49wup2k,anc-ust,449507473,449507000,473
terra1vek7ls5w2m43lnq99p848497mtjz6ujw3l0r36,loop-ust,644111784,644111000,784
terra12cyght585rwnwa54z9v5r25h4d2zusmr5sl6l5,loop-ust,114774656,114774000,656
terra1f3qqedg9mquwnga3www8ylq6gapzfjmrqym0km,loop-ust,46970970,46970000,970
terra1zrnfz39z9ckfjtclnvujayuk38cv66j6fcy4wu,loop-ust,17579371,9629000,7950371
terra1rtdr9nzz83xxfcwufc3r70u2yxgp4x8psaj4v0,loop-ust,4990016,4990000,16
terra1w2krj7ayrrz5dj57mty8xun2hn0vesflnkvzhy,loop-ust,2054136,2054000,136
terra15dtt5t2kvckukvhsxhmyssq77m47ggle0hd2gt,loop-ust,3967685,3967000,685
terra1xpnnkef8e3hlq6xqnyvajud7hhq0lfz50m3ut0,anc-ust,2424457092,2424457000,92
terra1jkrc7frl38v2lruqhmldf9www29k8lmu9xn8ua,loop-ust,18748045,18748000,45
terra15nnkvqayeug8htr82adjahehlf6se8ave4aq5g,loop-ust,24240956,24240000,956
terra1kt8r6u078ayz2ha8vw88lewyncajc7u8w5jvn5,loop-ust,84847116,84847000,116
terra1lnxjk3az38nl5a3v0ev5rgkmp6hq5eql9kzf26,loop-ust,21250974,21250000,974
terra1vc9t2npuvu8a28up64d93zp5556wk2kaf5r2zt,loop-ust,4451641742,4451641000,742
terra1lw6ty7cwqq66q2ymyrrjw808lg3kdls33mgtxx,loop-ust,2617440,2617000,440
terra1duke9mwxlscreu70jqzsjhugxzrlc4y9svey6g,mir-ust,252802584,252802000,584
terra1556506lx3mfaucuvvx3lyfrdl4elr6wyzjrrfg,loop-ust,14558088,14558000,88
terra1xaq2ua5xypdyusp2hxut0ru090hsza579urgtk,loop-luna,35133386,35133000,386
terra1s9ka4npejkr9waha29ppz4cvw68srrv6887uxs,loop-ust,46498993,46498000,993
terra1gnwmp5synzvkazrmun6q6yaykky0w4wr7w6p33,loop-ust,1862029,1862000,29
terra1er5hn2ggepqh2lvx9at46af2jddcegvzr8f7x0,loop-ust,9900713,9900000,713
terra124y8rdnugmzlg0n4nwah56630flptjxwelz5xx,loop-ust,99166236,99166000,236
terra1rf0fs4t8le8p6rmrl5dd8yyq6sa2c8yswkhx92,loop-ust,146031559,146031000,559
terra1wt7glx9a8mjtvp7dj5j96etnhzvt06pk7fqh4z,loop-loopr,2469953518,2469953000,518
terra1spx8jc28348jtwdu80zt9h532rmz2jjke9x4s3,loop-ust,5289152,5289000,152
terra17eww2vzd43l2qd4qv9dtap2vt89ah24ccy92mq,loop-loopr,21106038806,7700000000,13406038806
terra1agwsardw8amsjhgj8mp6czclp8c39hq29fyq4f,loop-lota,44037207,44037000,207
terra1a692yxw069lfx5keax6w66kyywejm90pazr7ff,loop-ust,19564278,19564000,278
terra15z8xn3lksc225k0rvnzuy7xwhs38ezhwcevcfx,loop-ust,918163,918000,163
terra1kggpdkstjt6w2n5c4jyy5m598tyyve3kg20zsp,loop-ust,80504949,80504000,949
terra1ddpqrelr2y897q838tgp2k97c5nrmly4vqpn5h,anc-ust,6159532,6159000,532
terra14030la4cpjw3h2kzfqyxxn6uxcflsjphy68l9w,loop-luna,37770163,37770000,163
terra14valxp38d0ma578rdcrqfyxake34ct6dr585sf,mir-ust,168897799,168897000,799
terra10mzug9ys50wqnrs42pgce09arvmkv7zgnkd2r9,loop-loopr,1029020683,1029020000,683
terra1dhwapcegn0m948403cdlpqw64cuuqghj0pjpkp,luna-aust,1866944,1866000,944
terra1vg2fsqrqpgufzlfdrdasz8p3lqhrzvazeqtd9s,mine-ust,872930619,872930000,619
terra1n6fhfa935xrh80k27x9gm8cfur876svsdx2gtl,luna-ust,3204685,3204000,685
terra1apnvjupy5h8l2u95q0tyt2d2fcmnx0az03clkk,loop-ust,91829813,91829000,813
terra15fnde9j03vye7p2gs2zrlr3zdzuujx2h8mqpmy,loop-ust,28555464,28555000,464
terra1u48kjlf2n0s77v0yhkmle58rdqgrqmdam0cv56,alte-ust,746449555,746449000,555
terra1er344fufd6yc66f9kfq8sdeealazt399crj7sr,loop-lota,170523316,170523000,316
terra1rgl8gnnlfztwum82sx2dwu4wsgquh30aflvprx,loopr-ust,17073877366,17073877000,366
terra1xfrvsu2vv2pj67kajjmlqrjp0u2hw3mjetthja,bluna-luna,177039995,177039000,995
terra138speaaajxaslvwndfxt2uptgpz5xxttr93n7t,loop-ust,5014778106,5014778000,106
terra1pha654qngl5rvvahh7xr2uyckqp5a06hx7vqzk,loop-ust,38355898,38355000,898
terra1xflqgnlf3pjtgdad79zzgyzjx7lu57lc6pghum,loop-ust,250233569,250233000,569
terra1m42ql85ejkn5jlwkm6d2qs6pltr9j5yz3p9jaf,aust-ust,16529937186,16529937000,186
terra1vedwt7ewq48vy5s8d0e78fkrvy04we7p807jdk,loop-aust,43016834,43016000,834
terra1yntarf9pzzsutzms9ypgvg9ezqm6khdfp5hu0p,loop-ust,3673527,3673000,527
terra140q2qmc5qdg4rj5k4ypa2ug0t28f6kgktzzpyw,loop-ust,19505877,19505000,877
terra1u48tnacssh8wtmsrqc2a6j8ylyu438vgyfmhqc,loop-ust,315432802,315432000,802
terra10wtxk47j6enyuv40fxjr4evp5ta62dznpzxtef,mir-ust,1616020249,1616020000,249
terra1q7fw8w9e8hedvk77z84nr65y33hx22q2r4k7gk,loop-ust,965711,965000,711
terra1nkg97fgtuejza0us6un5s9gh927sr9ahr92tea,loop-ust,19908686,19908000,686
terra1gwgxrlnqnxerppfvyrr0pal6xjl69rshw3aehn,loop-ust,45591587,45000000,591587
terra1zlxjh25qwq2kh90y89jg9mkjmta67c2vlyh5vz,mir-ust,1049267055,1049267000,55
terra1ayyelqhgkxd9zls8xeww0y4mh4n883unxqq4e2,aust-ust,297472697,297472000,697
terra15l2dss2w39qp7ahlm9cf88km3lspstp5236w7p,luna-aust,8481448259,8481448000,259
terra1yspzxpr7wcmwgu3fmke0v0msqd4wk3zm3fwza6,loop-ust,80495700,80495000,700
terra1ejsw58zx0tdpwp7edexgmmwmhu6znsk2fz6szq,loop-ust,48819405,48819000,405
terra1twrx2flwg79qczqsnuprr2tfceuxnd2zygkxn4,loop-loopr,4274503847,4274503000,847
terra173plpq2ptp4p4xfal0f9y4830gpgf8wshfq2uq,loop-ust,25355425,25355000,425
terra10ug3jy73nhs33h9zqurhpgpyu8ucfetk55rtg5,bluna-luna,3386172,3386000,172
terra17zcf8j6uvaf854zde3m20f0nsp6txadsghp9a5,aust-ust,4114019430,4114019000,430
terra1utdeapanx9r0qu3h6x9v57jzh504faf5p0whkd,loop-mine,3021544738,3021544000,738
terra1cwtujl5jdm4g4cepmx87prlh6yvgfgfxz8jayw,anc-ust,27696910,27696000,910
terra1mh54vju2agqdf99cewzwyxx0ag0e0hxztad6kz,loop-ust,4338846,4338000,846
terra1t66s23m0rx4l3dt7nlhef854lrdsu8550g7n8p,loop-ust,48299788,48299000,788
terra1le02d32dfkjj2r3dntrrgah95auuf772fxpnyt,loopr-ust,24674507,24674000,507
terra13d43tztwpjukuxtcsputhhad97mavsme8f8jm0,loop-ust,25732263,25732000,263
terra1pyjmk6va56lh0k2j3ax2jrevajhra5qp8egjpr,loop-ust,988082160,988082000,160
terra18mr5jdwa5h8hh64uwvv4anp6revptv383c642t,loop-ust,506164426,506164000,426
terra1qraae0fra60q7eunlknxewrvu35kej8yuz3t56,loop-ust,1934959147,1934959000,147
terra102vgrp486xpfdcte6sfkhg7rv7e5cwqcxq9p0v,loop-ust,14917117,14917000,117
terra1e5pkymea4jlcmnzvrycc97jfhdzcvpd3rl6k4t,loop-ust,6793115895,6793115000,895
terra16rq082qgp986wt75kscwsgrwrk6tuc3jms9s8r,anc-ust,15660922,15660000,922
terra1ntg08hl95s9k0d6wz2tqz9npr2gt0waywxlktq,loop-loopr,40134045,40134000,45
terra1y7d65460tngwp6te225fnmp7zsqccuwrgw6a9e,loop-ust,124034020,124034000,20
terra1q92jc4xv0yer7wgg3mq3rw8zwlcdlcs4tadx60,loop-luna,765326572,441190000,324136572
terra129nr3ng3nq082gc6qrfpjvnnkjx0ark2cdl5cl,bluna-luna,60269861,60269000,861
terra1rh9lnmus4cecz00lyk3lz7x8ku6qe6udk5l89y,loop-ust,30443919,30443000,919
terra1jwym9sdysynw3cj8kw0crsm3ffcyqkt9gymx0k,loop-ust,3458683,2035000,1423683
terra1kzp8qf349phj8dm763mxj29mr2zan67mz7xsx3,anc-ust,27364517,27364000,517
terra1zeazek4sxascwzekdck64ht9uqhrjh4juy32mk,loop-ust,58584076,58584000,76
terra1fwn2tyq7nqnzrahckpjjshsf5thx5ul8pu8khy,loop-ust,10695496,10695000,496
terra1t573lnnetq4zs2d95jjwmcknssns7qqm4pcvmt,loop-ust,52709145,52709000,145
terra10psj62hfh6wqzw35reaxwkz4tnw5yajdjjrtnk,loop-ust,129775147,129775000,147
terra17awmr9v5zyhnz6vu9f27geu43ek0uc7gsayswt,dph-ust,7939337997,7939337000,997
terra1tfk503hxlkmgxs4spug074tquzdvf0jp279hjs,loop-ust,13165523,13165000,523
terra1mvtunpxs4ht44wf0s857ql8slatwya83m2v285,loop-ust,207376217,207376000,217
terra1fslwpj0um44yvgh8ajuvqpmxpem9sxqx0du59h,loop-ust,8379430,8379000,430
terra1gymk982z24cwv7yu7gygcw2vku4erkg7jss8al,loop-ust,8350498,8350000,498
terra1zzx7hyh7jzgv5ldv9aek4lfgalv25wz7r95dgv,loopr-ust,126563775,126563000,775
terra1sp5xxctx40ajqgykcrlqeau57dmkwhaah2nm4z,loop-loopr,132059445422,20205656000,111853789422
terra1fs9lvmfca9qgsz67u3cr894nxua495lh35a4mr,loop-ust,74469130495,74469130000,495
terra1fpgnxqp3jp720tq9upyp8wmamuzksdrzlqtghg,loop-ust,553727033,553727000,33
terra19e9ypughvv89ej9czdr2j0uhwmrrxgff0ewvfm,loop-ust,21565921,21565000,921
terra1wzpxtzdp7vlp5gdng2d3052j37rfk7wgxffhuv,anc-ust,59319488,59319000,488
terra1tqqmz0typzae7nknzszpvad9j4ads5rcklfamn,spec-ust,47719405,47719000,405
terra184249he977u7hg2ck7ac479e8l4v23gmftzmua,loop-loopr,10649409968,10649409000,968
terra1k6fdavhxndf9yvx3kgrxvzcy0xg0fe6ec9h3z4,loop-ust,176983785,176983000,785
terra189z4kmph7pvweq5u8835v4gkrhwt4pvl2zx3al,loopr-ust,59624553,59624000,553
terra16zhl4y9ylrd4z7573w3nsxnu8equhqnmw92tyu,loopr-ust,838671748,838671000,748
terra1ctsa762yktra6zhgxrtnwha785qkumvgfruhn7,stt-ust,404016101,404016000,101
terra1jlnpsqpmxeuk6krr35j6wxjn2dqffeq06halp7,luna-aust,4403907660,4403907000,660
terra1h3lkallxtk07s6t34m2p0ue6qac6x6ywzwzy6q,loop-ust,212078117,212078000,117
terra1w22ns74lmu4z0h7qa84kh38c5ltfvg8rdn2yt6,loop-ust,972526788,972526000,788
terra1upm70v44rrz5csvhaw7fwxtpllzgdfkcd7wwme,luna-aust,32945188,32945000,188
terra1ja9j4ycxgcrpkrv27lf4t82jltx3j9aq5a28gn,anc-ust,139189363,139189000,363
terra14kzeys90v45njf90ywaawkc76mwlrrsa8s0uxv,stt-ust,146695494,146695000,494
terra1qyzn2pxlgpec5hhxfj6vd9yl6pu4e4mqrzw6ds,loop-ust,4505807,4505000,807
terra1s6gr299ph7c4qn0ep627m028afmpfacuu3sven,loop-ust,1246426427,1246426000,427
terra1np62g50sl3ft5unl7jlu3ht0leam8ylem07a4s,loop-ust,125598291,125598000,291
terra1hr3mf9xua8ped2m0sngh9tm8du4ta50gjt9ulj,loop-ust,325142509,325142000,509
terra1tcwjzm05rauqvu9z0wz9s5sqnf0pyle7uuckkc,loop-anc,14510071,14510000,71
terra10wgzqs4k4ydhsgvvrrr5zcmjur0akkqj30mwda,loop-ust,2128378,2128000,378
terra14rrj2m6sppaupxn7rhe2tl6k58cqhugrumy8js,loop-ust,22155835,22155000,835
terra13kdjtqeet06kqgjjjk9symve8ea3zc38wfjv6f,loop-ust,44037915,44037000,915
terra1xkfjdpwql7jp56j0adsengn3zg5w3cgag4vd7s,loopr-ust,28558472,28558000,472
terra1jh6xluuq2vulyu6zc604kk96dj48t4xjyjnaw9,loop-ust,78947023,78947000,23
terra1n5ja5vr6d3wcxtrq8vuj4uanrj6clghlaeke58,loop-ust,25431263,25431000,263
terra1qezmducnc5rm7lj055mx63zg7wncl97hqz69ll,loop-ust,21727495,21727000,495
terra1re00ps7a8wqgtpxkxsj5gwxw793za642jyskxx,lota-ust,500719977,500719000,977
terra1q6cfqx7tgxnuh555l3qyqa3ayv3we85jxv62j5,loop-ust,17441581,17441000,581
terra1e2t7mf2y34exdef0lx86lj4lctj4rg5fmk4msg,loop-ust,9536743,9536000,743
terra1ucu3j6avlypeag2wspgzdeh9a3wlh57njxmh2c,loop-ust,4892166,4892000,166
terra1f44mxyyh7gdcxmkmm3yg8jn7hzqlhf4crq0wet,loop-ust,30470837,15235000,15235837
terra1xka88y20fel5s3trc9llvtmsx9xc875nw0cvqx,loop-ust,9045654965,9045654000,965
terra13mmtk2kpnrxmvr32kk8tlnerz45dazjaa6wpgz,aust-ust,107912101,107912000,101
terra1fcucc0qanmy8gqx9rnsng0zkm2n4r4yfmvjr2k,bluna-luna,51788656,51788000,656
terra1n86m7zu6z48g6ry3ah7zypcmrl7452eq9retgn,loop-ust,52869619,52869000,619
terra1fcypjueezkvnlrga8ayw57kg5ltdfy502kfxpl,loop-ust,12960180,12960000,180
terra1yv5tk38rpr6ymncntak6juh6s8vw6udvu639fr,luna-ust,8313799171,7871656000,442143171
terra12ad2sdh4mwqecl50jtt750srl5s427m5mx5mqr,loopr-ust,12295027601,12295027000,601
terra19ujgmrhsaq277eqwpuqcty2zeq9aq3nvt772f5,loop-ust,1101391,1101000,391
terra15ffuwwmrgwac5msxdhfd4n2nrhgwgdwgpdxqv4,loopr-ust,12832681,12832000,681
terra1h38nvc7dwgkpzza8mjny56g8rznv6wjgkg9mjc,loop-ust,474133894,474133000,894
terra1r28r6gx489e9zalrsnczqx7y47st3yazaq9ja8,anc-ust,8272537834,6041923000,2230614834
terra1lmu7k7hhy5rjtp4g5pptm3896uczjstu86t2zp,dph-ust,2805608553,2805608000,553
terra1ppdfw8z6pks2gj4l3dqlh70wmlw7tj6a0305s2,loop-anc,2982375124,2982375000,124
terra1ma2nn74606wl96lhakuw0uhnmlp4veusgysh4n,loop-ust,4671100,4671000,100
terra1lu48zxvfcg67pmst84xev3hykak6vajl4f5xdm,loop-ust,7573921,7573000,921
terra1yzpgcmr0q4svkn3475s968hxvdl8wdspg34us3,loop-ust,44369795,44369000,795
terra1mj2q8tn03p5dq0xzad2hd2v3u234s2gj9vq5rp,stt-ust,46115444,46115000,444
terra1nunr0l7fwmjwl3hpcftm7gztxr4yea6sl244ss,loop-ust,27416933,27416000,933
terra1sn5ntl3mndvxt9k8snqs6v5ujkqg9ypc2v7lu0,loop-ust,163346044,163346000,44
terra15t0rq69kg9kck43nscfnx2wj2xu8rnyyypknzq,dph-ust,354629299,354629000,299
terra1swf8euqmpg80htm0gl0qczmpllztmhu3pz4pws,loop-ust,55107024,55107000,24
terra1dehvmpnwr2h0k20ep4xh67zz7qlupzul8lmrlt,loop-ust,101941273,101941000,273
terra1qlkj9fky8p8cvuuw6hx33swrlruagwk2swy7um,loop-ust,22378710819,22378710000,819
terra1f0q85nzdd9yau22r20athmhvdj7r2jzpjjpg0x,loopr-ust,127367995,127367000,995
terra1kc99xcastz0p5l7a92vhy0kccg5fprla6cdh9d,loop-ust,4401608,4401000,608
terra1ne0t8wctdcr67et76dl47d2umq9cwlfsxve387,loop-luna,933790856,933790000,856
terra102x7u0c0h5yrurc6gjdp9hhpzel4w898esmnfu,loopr-ust,75873832,75873000,832
terra16w43mhnsyhge85jn9e70ewywu7awcer4vkwdvs,loop-ust,28792379,28792000,379
terra1fmudl4fx32fs0anz3qrra7966nq6dpuajeler8,loop-ust,29693426,29693000,426
terra15f32r9xfezr32etnyeczdwrql9k4x9fw4euz3q,loop-loopr,195055133,195055000,133
terra12j0d7x2au2gyrkdlhxaqjmtcwm4lvu9rxt9t9p,bluna-luna,1973552,986000,987552
terra1mhqkugg9k35urvt28zv9g54t0ec90zkgcqdl3k,bluna-luna,2998873,0,2998873
terra176aray05ds5tg5w258gp338uc9vew4k3635g83,loop-mir,2438843,0,2438843
terra1lq6ym6eqewa5an9uzf5lhjqdmqc7xd4hmz55sp,loop-luna,4610044,0,4610044
terra1ck6atavn6x58c7l2rv3vrze2z0vsqnjanh7n3e,loop-ust,89475165,0,89475165
terra1y7f8lzpgxz2w85p7lfq7d9sn9zhu6s7u79sy65,loop-luna,26831368,0,26831368
terra1j06h4v9xpxzlj7h0pwh88fwkua6crrgx880gvn,loopr-ust,2662769813,0,2662769813
terra1nmfckvk9dlt0v0lkuzsjqrtffzjmktvckf4h8w,loop-ust,1230397,0,1230397
terra16q4grmd4jcu4gzevfreed2dgjhkjzjqjqlzhw2,loop-mine,274190007,0,274190007
terra1msjmwnz5tzchdcvrtalqnvhv4glxkckr29slp6,bluna-luna,32874057,0,32874057
terra1p78mp7dv8mpa7d7mhng0ssv9zz3pu84juflysn,loop-ust,19032652,0,19032652
terra1lntmw0qragtm8kl5yfg08h2at9ty0d8zszs6xa,loop-ust,1949016,0,1949016
terra12dd7r4ks57jxupp0nuncl4uce62tn99kh7gqmr,loop-ust,910434,0,910434
terra1kka36d58p9vqyvxrexx72rg7x7yla7ydv64ult,loop-ust,3016753,0,3016753
terra1d56yp5dk9wzwnp3rh0q9qt6wudsf7zhgt28rs9,loop-ust,536443,0,536443
terra130rsmpj40mwarqme7uav6rsqrgn3h3uqeexv3h,loop-ust,5479789,0,5479789
terra1472k9j3r20e0r77t37vvqlf4g3vt8fqtm5r36u,loop-ust,39960465,0,39960465
terra1fpnp2gzxxvuacta9szwth695dfdau9zykw3hql,loop-ust,1718310,0,1718310
terra1xwkyjw9dujsulf3anvmykck8w3xldw5ggm6vkx,luna-ust,139759259,0,139759259
terra1q8wescdp77etr9kh0ptexg3wnxsway7skex8we,loop-ust,992981,0,992981
terra17zxq5ssfe0kczw3dnc4q8eumkaznck7qdert5h,loop-ust,122687908,0,122687908
terra1x0dl8ldr8jc4qwvu5fkjagwskv47gag48wnpjm,aust-ust,2100500634,0,2100500634
terra1svnj6sfjt4jpqu4zyacjl68usm0g2zjny9s33t,loop-aust,266175919,0,266175919
terra1c5zahvykpmt7wly892qzm5v42yvhyd5uezlzgv,bluna-luna,4978069,0,4978069
terra1w6rxqxhnd8xd28lk24r9fdledacsfz32444ssg,anc-ust,4078010631,0,4078010631
terra1a9r87cgvul6c7vdc35gvslqmnfsc3dcsa8h3ms,luna-ust,8128890,0,8128890
terra1lqum20zwewm6v9h8w3hquscuxl85fc85k7d48x,spec-ust,23198131,0,23198131
terra1azj0myhrnszar3rtjaek7kc839g47rs83jsjt7,loop-ust,11194327,0,11194327
terra1sqq7axk9znaew4k2r8yjhwl6jsetky9n4agqgr,loop-ust,8631793,0,8631793
terra1ha49wqzs6ua0a2hpmzav2ayfc0e3sfnxlltynr,loop-ust,7393394,0,7393394
terra12gpfmdlu8t4qr5yuqdj9m7jwalh4rf4lkmmrll,loop-halo,327413508,327413000,508
terra19u5fm6lx8xw88dwqp7mattrnqrdqdx7u0x6xq0,loop-ust,11624989,11624000,989
terra18pmu5c4wflwvrm79py3ctpy567jlx9uzhrr2m6,loop-ust,28566236,28566000,236
terra1k35yn7kx9qf6ulyac97f7cqanv0l82sgd9ymls,twd-ust,238316002,238316000,2
terra1rjjqw8me4yu5v5dry0p5xfrm4aafh9cvuhlvwe,loopr-ust,818228498913,818228498000,913
terra1dkzyheeygpdq6ysfaj54r3psdenmuhchtjnrvx,anc-ust,43890300,43890000,300
terra1av3rl3x200jfywlndp04mayamn8f4d0kzk70rx,loop-ust,258807435,258807000,435
terra1ndv7ea43t3whc5shq860y940glx7uwphvkutc2,loop-ust,7879957,7879000,957
terra104qrqgvedudnskn7h2fmz78cx2j6u3zew7jzdg,loop-ust,322196211,322196000,211
terra1cy73w4hhry9h7jsqxtdy8980p6eg3vaf935ls5,stt-ust,12818243,12818000,243
terra15mj28mfxtd9l624xfscppqw9cnmqdx4f0q2cuz,loopr-ust,225739584,225739000,584
terra1depj2ftafxxq3fq7t6g9keep0hc6qsrwxezngn,loop-ust,80545752,80545000,752
terra12zwdgd5aahpgt7y4t9rmf7l7uucxac43hxg7vg,loop-mir,38322665,38322000,665
terra1v8px5vdny85q2jd9xs6yx5jyusm2ne8shatz8x,loop-ust,10212471,10212000,471
terra1kfu8hk8uefejy8p4687pek4m3fc82w4c5g6m5t,loopr-ust,443134453,443134000,453
terra18shsy8s59dt453w8mjn458tfgjngwmwz65fc2w,loop-loopr,1444885686,1444885000,686
terra1tapak0409kvxlj4mztcx8qdcezggrjfqvnljxc,loop-ust,33609057,17099000,16510057
terra1uuaexyuqw9d76efpkq3hmn5v7cgrx5qq6qrj05,loop-ust,5401528,5401000,528
terra1cvtksvhcf9mseu98uagtrl2wfd2ve9fgzfzar8,bluna-luna,2397476,2397000,476
terra14dx5gp4cchn048pvr8uugaxftlk309xczc9rd6,loop-ust,84807449,84807000,449
terra1skh0ff0aqcc6azc0f8v0ncr7s94yjkc25gddd6,loop-anc,25959666195,13568368000,12391298195
terra1cl4zdx2zd7r7smeg30nkax4t8a5nvf3mc7pu7j,loop-ust,1623656,1623000,656
terra1ra498p2v9rz3qs7ck4gls7jrzv2v88mv7upwgm,loop-loopr,3040338663,3040338000,663
terra1fmu34nv6hmajygqpqlrgxlk94ks3a6rj0zsdry,spec-ust,26301645,26301000,645
terra1qve0xdr9qxxw8gntq6p9lwnneuy7y9nwrx3sce,loop-ust,27042469,27042000,469
terra149ha8zjg2dkdwp3z4equ9rj29m3e224cps98tt,mir-ust,43701604163,43701604000,163
terra18pnwpge7mjqpzrr4u8wslt0cy6futqgly7j89f,loop-ust,303883580,303883000,580
terra15yfuxx53yrc6n2uezkwu0f9ytk0n2ync56pd8j,loop-ust,255031821,255031000,821
terra178jz3zmujjhc6zdrme9rn20z4p8vetkx46rk07,loop-loopr,1039312436,509441000,529871436
terra1qg2a4uzntn0n6865ty3vzmkd27pdtjj2t96zlm,bluna-luna,6023922,6023000,922
terra14upduvqdavk3g8x4rf589n4tf8wtgs62tvd4yq,luna-aust,1383170917,1383170000,917
terra1k0p5flc2ltw38xtc8xkq3ylum4g4s77ny38ne5,mine-ust,25920536493,25920536000,493
terra1npgd83ql6vj4p4vt4m8v9udcv3am09gjj0rk6f,loopr-ust,31620098999,31620098000,999
terra1hzrhnvlfmdjecc70l6tf8crdddv57pl7fsgr5d,luna-ust,742364,742000,364
terra1ztlsdnmwhhl3g7tl3pmgekxqyqmj6x56l7fump,loop-ust,1872085,1872000,85
terra10e5wdksyz5x2vz6t3u535xc36vy5x09g6xdzv4,loop-ust,6868391,6868000,391
terra1zr7gj6ehd59rwuyzcankeqkgerys7g3dfpsc7q,loop-ust,230523150,230523000,150
terra1e3vupx9zknv03aztewwxy6ueft4myetywqkdh4,mine-ust,20682670019,20682670000,19
terra1sjs6ylal0362hmsy5huv5gl8298pj3ksuqsntt,loop-luna,8011420,8011000,420
terra1vx56cdxa32t3yz76vr7kgh6lj467zsdkkwjjhp,loop-ust,1664592,1664000,592
terra19m32rzvdlek22zjsf260rs6nca8k0l3cmnluwl,loop-ust,45831863,45831000,863
terra12pwq02s0mphhgxm2ntu7sc2lqyvte7pw05thj6,loop-loopr,325966541,325966000,541
terra15rs5cqkvls0kdzjny02pkwm3px6gt5yqtz9a8a,loopr-ust,88674049779,88674049000,779
terra1jcddv9j4g4t9ruwwk6lfkgp0dew5qfkukdvn7g,mir-ust,3812157699,3812157000,699
terra1ff3r68x0r9zyt449apquek39kx75wpj9l5crvs,loop-ust,1934014,1934000,14
terra1yrd9skjh3gglyzv2yddryqyqvfkjr6klsrv6p5,loop-loopr,1007620035,1007620000,35
terra1vze0rd0uppsap82mv5m9kpm82v3m3rmm7j4x2k,loop-ust,9425684,9425000,684
terra1vmk950mvwakjef3qjjpcz9f28x3ah3q8hq5euj,loop-ust,347798644,347798000,644
terra1xu4na3hmyzqt9at3caqxggxs6ukvn2jdfmzsck,loop-ust,5167736,5167000,736
terra1cd5zs7uyz9fsa0d6v3cvmv9xtg2r56fe4lumze,loop-anc,70040963,70040000,963
terra1m0pwdsfelek2vgdcstecx6qc0dhceuvsd02lxl,loop-ust,3667060,3667000,60
terra1vlymyra6m4sju8gwmugj0f8htd98av2zxl5n4s,loopr-ust,313158610,313158000,610
terra12t2q74rw7a22p5zmksmprraxmnp5hxs88498st,loop-ust,17239715,17239000,715
terra15zncpska5uctn4dzyu2xmkkfzdq6g83kry0439,loop-ust,91914557,91914000,557
terra1qczpwgld8yrxam2lsg50jyef0hk8qph7446d59,loop-ust,12727543,9536000,3191543
terra1sw7x25xspjh9h4l03g3h86cw9j4vqfg8dxr7gj,loop-ust,27109728,27109000,728
terra1894n2ak0ngt0htyutg9r8ceukp5686rknenega,luna-ust,2185389834,2185389000,834
terra1rtv0ymf7laffw65czd60sl88qz63su5jx378pa,loop-ust,165291162,165291000,162
terra1pqfgjclj9gywtaj39p2mr90q2hlm9xglt5wq8c,loopr-ust,59546343,59546000,343
terra17v2vfsjjc34cu85nsh0jzgsg6m4m8weykapd9d,loop-ust,3209262,3209000,262
terra14x3rjyxejdj2wq32cnktt769ura7rgg75mgxcf,loop-ust,32396820,32396000,820
terra1qk5n53qvwwvkdtdczfn0l0umghd7vum0waudt8,loopr-ust,30966180,30966000,180
terra1pygy3qvfyx5q92942ulsstulwt6tpem9m3xg2x,loop-ust,49382228,49382000,228
terra1ttg97t93fewn5cgtfeqjl9jzdzatav82mayu56,mir-ust,1417011,1417000,11
terra1duke9mwxlscreu70jqzsjhugxzrlc4y9svey6g,stt-ust,165541526,165541000,526
terra1njmf3appjle858jm0c7xkktwkql093tmsz2sc6,loop-ust,154837133,154837000,133
terra18fmn97qnd60t92znumqxryfdrz9vn4egf4pzt5,loopr-ust,38212704,38212000,704
terra1jqpw05c60sjz5avcf47rluuwlvaqgcp57e9c07,loop-ust,9576177,9576000,177
terra1xewsshzn56nvdhym4h6hrj0j5k2372pj8azjh6,anc-ust,229196300,229196000,300
terra1ehqlv5360z0yez325vvk5w53c3pqzt2ylmlrxv,loop-ust,18301297,18301000,297
terra1q4ymy4v6z9d9793uq0tgce36x2mkflhggy9j6t,bluna-luna,2405075,2405000,75
terra16tcueml6m4ds8gq9y7wshxx7x5y2dpakrgrn3e,loop-ust,107029355,107029000,355
terra1xkga7y0mqcshy5exh65up5eagfj37h9e54trgf,loop-ust,19964857,19964000,857
terra1qg2a4uzntn0n6865ty3vzmkd27pdtjj2t96zlm,loop-luna,108889341,108889000,341
terra1srsde5fazx0zjxpus0mw2z42tymrnuqqgq877l,loop-lota,137866458,137866000,458
terra1z22s6rzvx8rj8deayspjv8pjn6v4wgdalu5nw8,loop-ust,3287580537,3287580000,537
terra18g9q6zj4gvfnqla098t86ytmr8fl55hz5agm6y,anc-ust,172677295,172677000,295
terra13c5ug0a343m0lpz3a2l4sqfr3d2zj4lkhpp6ky,loop-ust,16686067,16686000,67
terra1hxg5rs85zjtf3faafkgxq7k5vlrxskqp2fmzct,loop-ust,25409880,25409000,880
terra13elw658rvmvpspcz00gc6eea35usafg3vmsuj8,bluna-luna,173756268,173756000,268
terra1luv47lksjyjxqesxej6av75mvrwzvxj5xluz5x,dph-ust,48772327,48772000,327
terra10k2ck4rfz68kyawdrafsr3tx44wza9sve5mfvv,loop-ust,395180363,395180000,363
terra1k6zaq2gs2czyfyj7gjkv7jc7r0kd4wtgvf0wdn,stt-ust,115758534,115758000,534
terra143nl3cv60s8uyyg4m3a5se5vphv0wct6mpcadk,bluna-luna,7345993733,7345993000,733
terra160lml094xruqkufvapdm6j3qph8ppkrjt2m4dd,stt-ust,197306247,197306000,247
terra1ww9t9rjwmh4jas2wsyaryf3c0caznqlf7gtv4y,loop-ust,14523779,14523000,779
terra1ruxm2kt6mqfnkaleahrkktxup88fdj4ttken48,loop-ust,452152,452000,152
terra1jhre4dmzn0nvvzj8z2gu8pwy8p9qmth3q84u5v,bluna-luna,366303055,366303000,55
terra1eg079clt4t03h873qzj7f6ftxxv33jzhje98xu,loop-ust,30395791,30395000,791
terra1hgd8p7trm3tjxc83vjaclzalft66ga6h00gpk3,loop-ust,82164302,82164000,302
terra16cegzzyx5kwz6nnyac774yucgnwrv0umazhlu9,loop-ust,141563473,141563000,473
terra1y2lhpklayk4dueyhw4vsp2p7ymnl7lg6q09vkh,mine-ust,294376872,294376000,872
terra14jcqcflph8ufquyasjy7mvwm63zfszm36ua0d3,loop-ust,4086675,4086000,675
terra14d7akvpdp0wr4quqvls68ux7uygajj7x698alg,alte-ust,85028991,85028000,991
terra1jkmuexwqsvp4n368756hs9pwve5776l2f8a3vr,mir-ust,195835321,195835000,321
terra1dj2nkrvdz0735lcydk6w84adjsff24567mygdr,loop-ust,4261546,4261000,546
terra1rf0fs4t8le8p6rmrl5dd8yyq6sa2c8yswkhx92,loop-aust,66499502,66499000,502
terra133ludscj78m0e7nneh66sj3rze825aunwre27a,loop-ust,9970020,9970000,20
terra1z5lk93rv0t3tmyy45qcv63ep2sdv2rdfq9w0g9,aust-ust,4485871980,4485871000,980
terra13esdlh9d3fspj0glftast5k7xqv2r47w9yrxld,loop-ust,8583434,8583000,434
terra1gjha87t5x69e5tkpkmg2d3374le7l92knn7yfq,loop-mine,62982073,62982000,73
terra1t7mgjxtny4zjppsqmr2yg5099mfqt6wtr8fasl,bluna-luna,1999737,1999000,737
terra1alpwqnntrljvslcprr8drrww2yekp77n7hncwz,anc-ust,23918566,23918000,566
terra1yxp4uzclssj6yq97t3gg07m6vqham07h3zmuym,anc-ust,13569233,13569000,233
terra1mlu9qn4a2vraln4futedqnnmnyzef9gjzzkhv5,loop-ust,126173704,126173000,704
terra1grqz4epwzlh27ujvflwxghsn86nj43hchykv3j,mir-ust,2517176115,2517176000,115
terra1wd7j79p58c2e3ks4xmqav4kwzr99w04nnqsel3,loop-luna,544173,544000,173
terra1q7mueynwd0ya2q056y45rcc8l4dqxk6zsjythj,loop-ust,61846480,61846000,480
terra1q8uv359v8pxdhd3wyz2ynssdpcyhfmfk78ax5z,luna-ust,7530984,7530000,984
terra10fn408ezyv4e90rfn9ud6aash3rmv87wwtfhvt,loop-ust,8808999,8808000,999
terra1dj0ujawucxssazq44has93emnfj3as6y9a9f9j,loop-ust,195486077,195486000,77
terra13wh4pyt2vzyfudycx2lthsgjz92vz3fg7gekma,loop-loopr,3380281745,3380281000,745
terra17trjldc7r780sgxrdkmwr3lcxlj6uc7vsjz6w0,bluna-luna,9206801,9206000,801
terra1mk9e5x4s6e3k9ntvzd3qwe385gynf0g8w7fqxr,loopr-ust,25458713,25458000,713
terra10ha6aphaeqk4arhvrsx95qk9g06fl8zyna49a4,loop-loopr,821433684,821433000,684
terra108qrfz4prkkr0x9tv2f55sy9vd988nxpep5dg8,loop-ust,14054593,14054000,593
terra1tnq9p9d3l40aq4lduk6sx5ryv8lujhdtpnqcrz,loop-ust,46480965,46480000,965
terra1xzg8hl7gzhs4gepdtekd9a3xc855v85tvwtkt0,anc-ust,195832511,195832000,511
terra13x0kxmgrs95a2k4u6cgj6zagyz43363c007rda,anc-aust,280852023,280852000,23
terra1svat5p4ynax5nhc6wjdgedvrtkecsswar4v5pl,loop-ust,200067941,200067000,941
terra1fhkvkpz4d7ll94fcd9mkx7m7lqv6wqyqywdylf,loop-ust,1719870,1719000,870
terra1pc8n876zkm5ffdn0d5hlh5rdzj79cvpdh80q63,loop-ust,16449356,16449000,356
terra17gvzd8s4u6fd3afz3wufftwaclzu9xt6ul2gyh,loop-ust,192557387,192557000,387
terra13m0hh5ugqyupay6mjuyy77ljhpervafg5nztk3,loopr-ust,10168658933,10168658000,933
terra1dpvqag8apvzmdfnzp9ql94z8p0a3wsm9lw54sj,loop-ust,175607204,175607000,204
terra169dlguensev3y6y6w9r9g0pp5w5hjn702kdn3s,loop-ust,26581824,26580000,1824
terra1r9rdeakl8f7w5ah2dyk9hdwc6xgxl3q6cjsmmf,loop-ust,53968270,53968000,270
terra1d6gd436ug6u9qdwxngduqkvqgulph8zv7fnkwn,loop-ust,944350886,944350000,886
terra1lu8e897xerhl796mumarvv4m7xt504u6hw5yag,loop-ust,268471959,268471000,959
terra1gr2ywzr9fjc3k3r27en4j60e9wpqq8x5keqnaz,aust-ust,5928350623,5928350000,623
terra1sxhu8p2sjkwdjrvq56lwt246fnvwu2urxe9awr,bluna-luna,22636670,4687000,17949670
terra165hmefzwzcdew89furswwz7gnr9kry8l6ffxdx,loop-ust,244584685,244584000,685
terra1jrytj0gxk8hlkm9wh8pdnemy0k9ap47gzqeamz,loop-anc,6889852,6889000,852
terra1xl324wuxrqkpwntzs6guhc757fmrsrx3meyykd,loop-ust,1832363847,1832363000,847
terra1djxynnk2allc0d7f7w8rvftjkzjvyw9v98ezde,loop-ust,17926727275,17926727000,275
terra1y9pusrv2e5dateunus75d7x7kcn483l5ed82fa,luna-ust,5144496527,5144496000,527
terra1muwa7swvsy99mhwuxehznc2tuaug64cwh95qts,loop-loopr,65936166,65936000,166
terra103n7q4jd7fdy0g50zrf2tg74grh63kjz8gts2a,loopr-ust,22982512,22982000,512
terra1k947advh4jhmtf73km9mua6cy94stj7l0f7nrj,loop-ust,1145199,0,1145199
terra19rgv5rry9pemzzuc7p9ny0eqzv2lund5pntval,loop-ust,4630701,0,4630701
terra1zhyv8rjf4stpz4ayf6dhsvz5v5ujkpfl3khrzr,loop-ust,959323,0,959323
terra1k4s0rkgqlsmk0kj7xfse0uuj0xn9tjnesua2uw,loop-loopr,113513440,0,113513440
terra1ceegkawfle29l6a7dk8f4w7z24kvpeldlry0tj,loop-ust,3131810,0,3131810
terra1rycmepl7d0k6qtksfu87k46kqp4f04pxgjyxdl,loopr-ust,64457170,0,64457170
terra1rcs6pxvs8fa8acqa6ewa5rlk5ekav26vtcq7lh,loop-ust,7831679,0,7831679
terra1gqd3xl534m0ntctjhkh5v4rccc8rv5g0wzqz65,loop-ust,20266458,0,20266458
terra1akhxpt36raqx00w3wzsgpp8sf3d2mcusy498u8,loop-ust,11054850,0,11054850
terra1nthy96w66l8pcw8l8pypa08zxemlhpwunjejz8,loopr-ust,3751848,0,3751848
terra10e82l2trv02p2p5f7ft0ls8udctnnm2hqy0q7y,loop-ust,10375324,0,10375324
terra1gxn5lzzy6kej923r3q2jrrmkezqcp4855qlsxe,loop-ust,96655685,0,96655685
terra1ukw378kkf4j6ukd4jvuja0anz27j9vsfuslmsv,aust-ust,11453833773,0,11453833773
terra1jrgje8ezaklk6d0qty6p2ujpp2ueckdht99w8k,loop-ust,18953876,0,18953876
terra1qt3lxcntjqkgmdpzn7w38rf0lhde6kruaz3ydp,loop-ust,897614,0,897614
terra1x2rusxl94f4psgcz0230y0yzsdyzzuu0jvau72,loop-ust,1264462,0,1264462
terra1ne6hxgeh078jas03u69uw9xgcjta7e7xatjdvq,aust-ust,23396533957,0,23396533957
terra1rz84a028w496j8439cst6v2x9an9n6xsh4jk63,aust-ust,2795066713,0,2795066713
terra1tm74twgxr3lvrfvpw6ud8xx8le8xqw2d7nr0qa,loop-ust,86864378,0,86864378
terra1czz7hnmsupp3ntjlgkxvtt2vg6eh8ymxcl6wqg,bluna-luna,21979191,0,21979191
terra1gg5rgklhq420drw77rhalys3shyrqq2q3aygd9,loop-ust,11942,0,11942
terra164g6t2rfhae2r3msxvn2vklqfgsyzd9khphaed,loop-ust,1072705,0,1072705
terra13lu7stp6tjv6qjvv44rl9kv4xp5627p3l877hp,loopr-ust,75958784,0,75958784
terra1f7jc7ez2m6eapyemqj5cjfx269zlzfctzyuc96,bluna-luna,97618602,0,97618602
terra1a33gqwwp7azyfcpddcdh69msackw63lcfccef7,loop-ust,8064368,0,8064368
terra1vsjw4djyhlpfpxp00mgrtnhcl45250fqrw6nn9,loop-anc,9223437,0,9223437
terra1anwsndq5mel6rf2aj8vktc4twe4d88evva6a2n,aust-ust,21431470269,0,21431470269
terra14kfrpfelmvnl2g6wtslv98sappe3gz8ws5d6gp,loop-ust,182013321,0,182013321
terra1tszr8s78nfm4huc940tzpxyyu5f2ffhuc9x6wc,loopr-ust,33113777,0,33113777
terra1zsj9392t9ze0pywfxfygtrtr0a8hm0w3x29n3x,loop-ust,8019125,0,8019125
terra12mupnfgdyyavgx4qt752ckpm84e0fqkc4js6pl,loop-ust,121567857,0,121567857
terra1venv0tsgqgzuf25shxcjrv9x0ywluhdgwt8z32,loop-ust,182661889,0,182661889
terra1dvlh26p7wexyuajfzzguhnxug25zr75ajaefye,loop-loopr,947581275,0,947581275
terra188kcdgl9q8fghsqgu88tevs0h3mg3svdwqahwl,mir-ust,673584956,0,673584956
terra1muvvcra9yntwce0mkek96ukr7l3r576lqdp9az,luna-ust,53257974,0,53257974
terra1fvw2ctxdttx9jqjqjeefalu9uhsdy0gu787hlv,loop-ust,1101616,0,1101616
terra175eszefcksewp80e7duy50t3gk739u826mtjgj,loop-ust,2643735,0,2643735
terra18mu68u82kqdfch36ek3fjxzu0w8zuprvacldlq,loop-ust,27105631,0,27105631
terra1cg0yczsd28ysu7w35rtn5395xplfarqynwxcq2,aust-ust,4459224766,0,4459224766
terra1058gyggdfz2m8patfss9kfql99jh0s64x3pyjg,bluna-luna,37987541,0,37987541
terra18nwsgue2f6ktx73atz534cjkt0as2c4u7pyhge,loop-loopr,2041119974,0,2041119974
terra16mnsdnl65cxvvhvtltlc7rarm6r2wndp0fkgnw,loop-loopr,7474456592,0,7474456592
terra1pzq86pt67mgwngxzf0nh3mtd9ace5uf4wqmdmj,loop-ust,17748012,0,17748012
terra189mkera5qztqxhm3lnvfgcvjqwkdj0tfgprm00,bluna-luna,66256640,0,66256640
terra1pkl43sq9t67r6hvram9d8lthmk30p6xn6xmglv,loop-ust,10730907,0,10730907
terra1pgvzkqk5ns8myp3zkh9zd4lz9l2xrkppsnlfk2,loopr-ust,20339882,0,20339882
terra1rts4d506qwnapy22xhmqtvpgdgl0vasyds2xt3,loop-ust,1031770,0,1031770
terra12ke5zlej0f6wrhwnvckf9mdpftr4ueq8mryj0k,anc-ust,936407906,0,936407906
terra1dpu59r6ckfvjvam63lhv4wsjz7elfdxwrkf4ve,bluna-luna,6088274,0,6088274
terra1gxh2zphkfk0vlaa37nsg2sun0jt27pw6dlc4r8,loop-ust,109151,0,109151
terra1raaqfxrdgfedsgvgtmzkjsyx9gak443acjh23q,loop-halo,267623478,0,267623478
terra1tf0dt6qevpldjva63lqnnukys87m9f2nh4h8wq,loopr-ust,4119497,0,4119497
terra1fcwu0a0gz8sc77p9akme6nxc39ecrtg8x4fqgn,loop-ust,1310026748,0,1310026748
terra10nhk4usjkcj3mu2fmgd0rt42qhqmeh9j5kg95w,loop-ust,965609,0,965609
terra1y8h8l7ne58pnnds4fe6rnyrv3yrg057gud9j98,loop-ust,2213389,0,2213389
terra1tahs8nwczgyl6hunlxfsl5z3gt3h9f9qmmlx34,bluna-luna,8333577,0,8333577
terra1kzr9z85vhljcu4wn5x2809n9pgzhwhl2zzrdek,loop-ust,3105377,0,3105377
terra1sjqn3v2tqu5skjwh5yzuu6z65mq63j2c7s8al4,mir-ust,16979961,0,16979961
terra1a5eq8frezavckmp2z7us8qunfmgzcd5pe8pw38,loop-ust,9382291,0,9382291
terra1m6vxq3snk6wtt3zexhalk9q6axn0uum5ulratw,loop-ust,9040677,0,9040677
terra12hcz347u6cv09afmdqq4scalwam97q57eslanh,loop-ust,6446240,0,6446240
terra1ah3fddc2kkj02w20dacpnh8gfxt6qwslmkdwk4,bluna-luna,24060481,0,24060481
terra1pud8ldxjzxdenkt0g57qfwkf8n9r4x59grq2zm,loopr-ust,57346896,0,57346896
terra1xfg5dujpkh373xezud6nnp5wl07jcmalw2lyh0,loop-ust,11787143637,0,11787143637
terra1gkzzy6zr8ug2kk2dvyc30m96ywcxd55m740hm4,aust-ust,4650942056,0,4650942056
terra1f65tpvsaqh0mfx9xcwutrwrmhts83e65ljfun0,loop-ust,71895,0,71895
terra15gzq5gaw79v527mcwc5fy5e6n4r4p6dhunlvy8,loop-ust,429732998,0,429732998
terra1xer2t7hrdahemymp4rllkpsu57k9a2qcehznev,loop-loopr,24765177676,0,24765177676
terra145cdsuf966jda9avsckugetvny3kdymt0f02l9,loop-luna,14709371,0,14709371
terra1x33vqrf3cwmdwafs086k2yyrz3gtwwalmas97a,loop-ust,214029808,0,214029808
terra1eg9z3gmtxngfk7ykeag0sn9hkuk9ggqu256evr,loop-ust,51092904,0,51092904
terra1wtwkn4pzaxh9k4t8wl53xprlrezmgjcdn7eyc3,aust-ust,22842545898,0,22842545898
terra17v32x29qyfk7fw7tv7ehs6txnntdatnm9chse2,loop-ust,84381,0,84381
terra1ffhlswqyrjaqgc9j2u4q5r7q2lvny7w7tznuuq,loop-ust,4733825,0,4733825
terra1q7jh72qaztemz5xsh2x50n6r8lrwl0tz7pzz6u,loop-ust,7467804,0,7467804
terra1sx5l2f7xtg5uwq6krmhjmprjpj0nacr2eyw00d,loop-ust,233836654,0,233836654
terra12q72ughs3mvftgmd8lgy568dnmn2weaa8pgwz5,loop-ust,1073704,0,1073704
terra186guheda2t5kn42s6vyjzlar8syldm2a6u8596,loop-luna,20650754,0,20650754
terra1dwn4rfcuaypss7w66r4agupf8zvlajwjplfugf,aust-ust,11200041723,0,11200041723
terra19styvxhdrut3fpct9gdwax4e2vgzmcqa00sjfh,loop-ust,1597592,0,1597592
terra1hgv0lpt9nrxgrzflrkmq8pw3f9q79hjcqvxqwe,loop-ust,612364373,0,612364373
terra1jt92qedegt80yajyk8tap6f3wzya4ra538d0te,loop-ust,8585948,0,8585948
terra1nklqcaqethv7xsg7gll9cwzygxkwf0rukllldz,loop-ust,71817,0,71817
terra13wtf0hzkqz6mez4aw9rj8yadvw7hn7jtdnk2f0,loop-ust,951,0,951
terra1f59xhqa84cd6w8j3tzd5ejjsct2r53ez9cuj3g,loop-ust,2996462,0,2996462
terra1uv97tqcuwpstj4qdqt67cty0jyelw7t6q78lk8,loop-ust,27646253,0,27646253
terra1ug46dgmra2ggwedpvmslphz5sc22edveg2clhm,loop-ust,3295769,0,3295769
terra1zpsptgnd0rrnhwe8vrz25uptvd3338g6f86mn9,loop-loopr,1299449426,0,1299449426
terra1w67l00u5585z2fz6s5euwls8a2zm5ptxznl2du,loop-aust,52315610,0,52315610
terra1hsd4r5eau004l4uslnc7gkq2fw9ddeakx52m7n,loop-ust,1951002,0,1951002
terra134ns93e2sfapf7d6fqc54ccjszqs5hjgmr8y3h,loop-ust,465549,0,465549
terra1txfmnpf7zk5gqg2fh5hsvm0jkcd4lxjme2dj67,aust-ust,2005081164,0,2005081164
terra1uyz8tt38vcwns0jgw4tzmy3dyw4kf9fxekc8jw,loop-ust,925745,0,925745
terra1y4ak9w8ul6ra64tcxdsquzvkkymy8cr0gttvgf,loopr-ust,6194294,0,6194294
terra1f47mq0ff5x4n4y59efr4qyyw9xqjdgcstxjtkx,bluna-luna,5697616,0,5697616
terra19vkdmk03xnu9lwpguhplmwuu2jtuxy2tud5lmz,loop-loopr,5238373,0,5238373
terra1yd282p04f5nrfndram6klfpwgvk4vkp3gh404q,loop-ust,4701795,0,4701795
terra19xa42d5ttjuc3tqvan8ucx3anr0y5fj3qegyr2,loop-ust,4056508,0,4056508
terra17fqv90ucl8rrsuc46ylp2qejuuvzenrf5gcme7,loop-ust,11751661,0,11751661
terra1pvcpkcmfqlvcw0zdkt8svae5nwdm55tmzdzt0h,loop-ust,3075321564,0,3075321564
terra1zs58nmcwal46hek34nqafqz9akay32w357ldxw,loop-ust,33145521,0,33145521
terra1fgesnd5zndejrc5qt4khmwmygqwz9ulrr8gm79,loop-ust,4860150,0,4860150
terra1hytanqsa8zyh5xmp5kuw78hj65xkzkjjfe2m87,loop-ust,39677956,0,39677956
terra1em8c7fcc89qhjteat2dvst275zrmka6v4t3nk8,loop-anc,25745164,0,25745164
terra188nwmumfd7puk63yyer6204a0ncs40qjzq4mdw,bluna-luna,4978627,0,4978627
terra13gky23ql66c0seaw855t3cxh5f8gdxprveejw9,anc-ust,1425023187,0,1425023187
terra12grhhs5z5sxfxczf6ncu8fsz5u76p6jmv6vqhv,loop-ust,11494757,0,11494757
terra1amf345682lt9flnd5ggn9jc9965fd4886zhkek,loop-ust,8011266,0,8011266
terra13tjze0x0vh3rzvza85f40gjrjdtjtutggx7v9y,kuji-aust,420847905,0,420847905
terra1g5n2jvx5g8w7kkntpgzssvzap07pqh7r9xmux6,luna-ust,2473475884,0,2473475884
terra1g7ts5h5m9ul6q4f628klemsrmaxh6800vg65dv,loop-ust,453011,0,453011
terra16vpvyx7nx8xsjtlcwgzk04xydgjt5upmxfynjl,loop-ust,10191190,0,10191190
terra1nq9ezf2070ha7kgl0gsx3cl4azaw70n9tcwsgl,loop-ust,1617997,0,1617997
terra10y2cq2zy7q3vupncwlcdgekgdxfpehar7ap5ml,loop-loopr,82525203,0,82525203
terra18vj7e0f63wp4247lks5pkj0vkcmqsm3hnwyuf8,loop-ust,6624005,0,6624005
terra1eqha6s6kc8x3lfad2c2yyllzccs52kc7tpne2a,loop-ust,16181047,0,16181047
terra19z8s5p35pyzzdvex8dfqce44du3p9eryylnul2,loop-ust,325065895,0,325065895
terra17mge4mqd45wfds4ch08t02gvd6fp6sdf3aex5m,anc-aust,78834428,0,78834428
terra1asxm930p8mscfvpx8weazeckarr50al2d7uqqr,aust-ust,89548957,0,89548957
terra166gxtsrgtfkzrj2zm9u2cprrpsnrhu2ukhx5dk,loop-mine,5498843644,0,5498843644
terra1ehhrdwq5m2r3wa5m69ajz5e2u7dcxsmx7ntmgp,loop-loopr,162978926,0,162978926
terra1lq6ym6eqewa5an9uzf5lhjqdmqc7xd4hmz55sp,loop-ust,18921873,0,18921873
terra1hq7m5vg2983g6kz497q807pwu4lff56slk4qxp,loop-ust,67082876,0,67082876
terra15fzw0yr3mwwqv7ttjtn4wrz8s6k5xr9h0n4pex,loop-ust,428370,0,428370
terra1kgervhhcyhp6wrgy6c3utmujd64zy295cvyvpj,loop-ust,1060530,0,1060530
terra1stwsslwtq9eftg5cup9gvu7ljzaxz0z9p55ehq,luna-aust,619000222,0,619000222
terra13tjze0x0vh3rzvza85f40gjrjdtjtutggx7v9y,anc-aust,332948167,0,332948167
terra1rljmsg3lcyqy7yxmduycf2x6r9gq3wd24fyqt4,aust-ust,2231853326,0,2231853326
terra1cpmayvxx6snyjtpjn92x53h3mmcqrqtct9tntc,loop-loopr,77763706353,0,77763706353
terra14vrc9qxrkxqxn4zlddla890dxqh3vpvfj4ue6x,loop-luna,355696390,0,355696390
terra1kawtjtwa0sx0jr73d4d49yz4ec3tjsjy82a27s,loopr-ust,68984530,0,68984530
terra1mrzkyf8wmgrga2wypmhc2g6s9tzdpg4cpv3cda,loop-mir,447316431,0,447316431
terra186a0a4yzx5llaghaqgda07azjv4dv8mfa6yckg,anc-aust,64292260,0,64292260
terra1tv4kfm2zrzsx6puus0w427u6d0d3gqlg0lamwv,loop-ust,1072,0,1072
terra1nyte59kkejk42607es28lt78z8aljyuxccd4mt,loop-ust,10646355,0,10646355
terra1x56pjd832c65d2evysg8h3zd38jhsfn6humdcm,loop-loopr,1736464563,0,1736464563
terra1te5se2rhnge0rpnd2dkk8wdh45dp3teategjwp,loop-ust,94091,0,94091
terra1etwq0q8wwnmq7322kz4v6ff2dcvwfm634vdkqn,loop-aust,244549284536,0,244549284536
terra1c59nz6zrw0898g9h9sv9rmugp47sgy2vses4hn,aust-ust,1340510357,0,1340510357
terra10daty845flyvzl29uvsh4pwcnc4ff99fj77q55,loop-ust,247825460,0,247825460
terra1eqevxetk86ne8k8c892ln4r74ujdzspx9yvw3g,stt-ust,1211851,0,1211851
terra1ymwys58nvcggrwkaea6s07xknhpqrce7ngpvw7,aust-ust,5256751660,0,5256751660
terra1qrgcw26n4234glr3akhhy0kzjd0me7ahwrd0ra,loopr-ust,19103219,0,19103219
terra1n5vaqyuj8uzz7twsf4fxufx636tnfqhuhd8xu3,kuji-aust,135095345,0,135095345
terra1axq9q92d3tvujc7n6sa3t86jkexxe23yfe6ljv,loop-ust,36714559,0,36714559
terra1yfyqh200a6v66vnrzykkttm9768pr3cxhesn4w,loop-ust,15441014,0,15441014
terra1vj9t68urjt3zfdcx7g3ghe3na46phd8yhrgvcy,loop-ust,13524594,0,13524594
terra18c8rn98jq4gtutrp3kkhvpkzpngs6zw5t05xmx,loop-ust,11001839,0,11001839
terra1jm48x9mmcueuw0tpd9lpvxq5j98rmzk7de9ff5,loop-ust,2439202,0,2439202
terra1hp9exad795gjsdfmmwvaerc47heuz03y7zu34s,luna-aust,19608307,0,19608307
terra1qu7h95yc6ck9pkgmwl4qwtpueclqqxgqpwnlfh,loop-luna,89317917,0,89317917
terra1ya0qlssclurfz6sswdd6azcdt8gpvnprthqexn,loop-ust,14381330,0,14381330
terra1mv7nwtpn3xudxpvav5nf8mxf36jwxf3vtgqdy4,bluna-luna,247417772,0,247417772
terra1jq92x0xptu80k693lzl5luq5vvj9ufj3lqaq89,loop-ust,18362587,0,18362587
terra1026qm40cwyg32qhhsx923lkxvzm7eynjwv8mza,loop-ust,8892845,0,8892845
terra1gdttj4xuzsazyu5dtnsu5jqd0e793vu2htuhfh,anc-ust,29708609,0,29708609
terra1za3kwekxafnl7quq650umxmvdx33hn0xmadhem,loop-ust,9161291,0,9161291
terra1jdsvx5m7su0mqvm8lwd6a92fx5kx54axevm7da,loop-ust,442743047,0,442743047
terra12qhkskn6ecj48lc44xyh8rtnd6zqlvwn6mhcdy,loop-ust,1609838,0,1609838
terra1z3rfkuupep2dhfz6evhu6kayy49953mmn65ea3,loop-ust,919582,0,919582
terra1hepu4vzg3a5vtk537yhyzkajapa0a7pztnhuup,loop-ust,9795547,0,9795547
terra1t6dq7h9gnssqv7emw4z8l5d2ej99u53yau2kh4,loop-ust,19547245,0,19547245
terra1nv7a5pc5jzphqtddqtuvct5g3yqvjlzyfyrhzd,aust-ust,804660773,0,804660773
terra168ax0mfz8l4gmzw4z503u4rympwgcfxlay5nf5,loop-loopr,19340392284,0,19340392284
terra1sp605z8e5ryz0s565xpcm5exuwzh2qfnsvxt37,loop-ust,63779617,0,63779617
terra1z0l5elt62exvxyrh3hmyv8ugfs8pzc2f5wqg50,loop-ust,1326360,0,1326360
terra1t8mjz6ues7kk87esqes75266d9htr84vy40fad,aust-ust,1140309056,0,1140309056
terra1wmfkwpwjx8ahy38ftt9pw7cxt05uak4dux8zl2,loop-ust,8766467,0,8766467
terra1chxcx5cf33tdkysfs06dngyu3ksytpu5l7mpa8,bluna-luna,124698211,0,124698211
terra17lumsc2hpg79umemmhc7mgm9t6xqqak2260qcz,loop-ust,888405,0,888405
terra1pdwswkshs3f8tn0pl5tx2dr2g6q3zxqu9atggy,aust-ust,9020514,0,9020514
terra1ua5rcs7k3s50s56r7y3jdgp70pkahus66tstj6,loop-ust,2941234,0,2941234
terra1cxfz52htel9vqt5l2nm3swpjg69c6c277677zd,loop-ust,1077898,0,1077898
terra1e48nw5wpsx3ht74hn9dc8yvrptxwg4mhjmd3wy,loop-ust,1032049,0,1032049
terra1ukvqe8z6ngafm837dql90h4hch4he0l0san0v2,loop-ust,808863,0,808863
terra19mkleaaa89vty0xklrukjcqkkz5z8d25vx0nce,loopr-ust,88576245,0,88576245
terra134z24y5z8y34tgejm4uhcv2q05ssz7g9uqh53y,loop-ust,11030983,0,11030983
terra15d8vmhejjus9yrcsucfmdxnlls57agq3hl9vv0,loop-ust,7921456,0,7921456
terra1sctqzdhxhuhqnmzhdumru5sk3tfe0tnhgxkk5h,loop-anc,163560045,0,163560045
terra1klxazgs7kmvsu8l0qzqzh9fhpfcqh9u34fmaqx,loop-halo,2128136936,0,2128136936
terra1acezhvsrhxaepy2lv3wgttytmpyf6fqkt3vyyg,loop-ust,97040570,0,97040570
terra1j0m3c942gutvlf0nf0hp5hrrpjscp72ltunnl9,loop-loopr,2469150956,0,2469150956
terra1t0vxdmqjukzuurrhllyrf96y3s4kwjpng2m44k,loop-ust,12277225,0,12277225
terra1ud8lpj9gp5qvcspkdxckuchvghql4nqfjm6g9z,loop-loopr,14752641095,0,14752641095
terra1tjgxpg658x0vkmtesqys6ghvfe83h2mprc4x4c,loop-ust,34081167,0,34081167
terra1khagju6t0epp4pufla4u692n59h5kdwfvy2th4,loop-aust,21992148654,0,21992148654
terra1ucz9xe3z538mz8mplg6d0juv839lwl8lg0k38n,loop-ust,151686537,0,151686537
terra1sqf5rvehqm97ft8vvp95wj3y3cjn3vzdy6qlaw,loop-aust,203048132,0,203048132
terra176fjm4tdwx6f28yfgr77790nknmw99e7yu8cvm,loopr-ust,5225720179,0,5225720179
terra1sst07gm6v95fmz2ay05qf9xtxnu9mav6wj7xmd,loop-ust,2071824,0,2071824
terra18mmpth0gx4gluv3pl2x5xkjlxq840ev84zsdpg,loop-loopr,4241993516,0,4241993516
terra1vte7wnlffsfllw79mrrapmf2c2wsl5hmry3ce3,bluna-luna,1096467,0,1096467
terra1tkh6a4zwdgkhqme6ffycydycfcccuvae7qd25l,loop-ust,4726250,0,4726250
terra1q50n4f9qlf4cxvz5qrlsh789q0ceav8ahzj707,loop-ust,814284,0,814284
terra1uj2wrj6ajtngxalzp9gjsg5cm6lvfkm200zuxq,loop-ust,982923,0,982923
terra1d6wphnkhqu8hq4weykanpe66dnlxdsvvutrdq2,loop-ust,2054560,0,2054560
terra126hgejf6sal80j3lrla44ygkq0afag3h5hngeg,luna-ust,12160442,0,12160442
terra1agrww2u5lgtef99rwr40pm45unn0kazrp7vftz,loopr-ust,44546769,0,44546769
terra15z6q7qslqtzc23gcsg0yf7ppgmtj4m3suqzlaw,loop-mir,5123915,0,5123915
terra1gssks0adjeqw4kw53q9tcjzhf2np63ylj96jqw,loop-loopr,969622215,0,969622215
terra1dukdzfrsr0r8qg4uter2w5pe6smkw3dsy0was5,loopr-ust,1060783155,0,1060783155
terra10pkz2ezcdqcs6pvc24mh533azn2zm7ryg8gfcn,loopr-ust,61772779,0,61772779
terra1s54s6w2d24xf9gtvc67nhtvgcgqjezmgdv6jgl,loopr-ust,4684502530,0,4684502530
terra1mwcqaxxup3cxwfdxr6tuuqvg9zvk9454zz2k8r,loop-loopr,1207200054,0,1207200054
terra17ealtj9kldmcy40xnzdem5efhsrl3puxhm4lfp,aust-ust,178875224,0,178875224
terra19kpwu0wqsax6xwz2clz8zz8wg95axhdw4vfq7r,loop-ust,47755005,0,47755005
terra1gwcs4a2lzam2r0gw9th65twp26vqz2wved4xhu,anc-aust,3099366059,0,3099366059
terra1n4r7t9sazaprkjct6q9qht9fkge5e2zx48v6yd,loop-loopr,749998879,0,749998879
terra1ysk7zaxpa0dslagselw4shgyqznuvc4kk2wylt,loop-loopr,2274525793,0,2274525793
terra1cg8n2fmz6kwkpp5cqe75ccnl4gec484ckdvurz,loop-ust,17881926,0,17881926
terra1py2d3jxxnc0fej9kllnvsy055swvht29nz7f6v,loop-ust,1902009,0,1902009
terra1n3p289pxf6dycdc32zdy7uxsjulc5esuggkvwk,loop-ust,8856420,0,8856420
terra1dwhek5u2e59t94eul4ujmc6zz4gk5dnaugmar7,loop-ust,6469790,0,6469790
terra143gztzlyv2s5xxfz8l2a0cy2hgf0deyvevvvdp,anc-aust,383683566,0,383683566
terra10wxa22dg8ddlqq8puwt2qw4l66w4ppvx7vzu2l,loop-ust,8519718,0,8519718
terra157l2zzuxknf6qcxgx0eyjspcmr9wt8r7xygr48,luna-aust,13342576,0,13342576
terra1pnlhvud3p5a7zuwa5qpga0j2w04q6ppgnkcast,aust-ust,1072473054,0,1072473054
terra1lkg3fdd0my4rmy5x0ygvju4v95lh83w54sz33w,aust-ust,13919086,0,13919086
terra1fjant8tyfuujcaxd8hhu6dru3zjpqksjj2ajzu,loop-ust,72900957,0,72900957
terra12yfgpvenrsc7djdqa0qqg7w6k0lydg5f9gcse3,loop-loopr,1634200570,0,1634200570
terra15zv6m2h9s4utrxvjv73plwq6qcx0yrzwy0amhp,loop-ust,31209997,0,31209997
terra14asm3y52aa4yxvtl5063prwztk80wpvktxa8al,loopr-ust,102168602,0,102168602
terra1m62xvq2xwrjerwangd6fzjef30k822dfp5k8wv,loop-ust,71956,0,71956
terra1jj396d3xyxyw63dmg0mwh2e6grr7vl86v5qcf6,loop-ust,7058446,0,7058446
terra1r3s0wp7e5cpgxv3hz23uwgz0rwmwghkxn6lvve,loop-loopr,104348641,0,104348641
terra15yu46xpjxqkmmuy2nyt2tkvzfdjpnrte6qj3u6,twd-ust,61728810,0,61728810
terra1y82zd305h3akreajtksdx4gc0kew064ctsxrgj,loop-ust,4673748,0,4673748
terra1gqyqddht8kgn3p4l4yu3lvtcsxjt645lwseysu,loop-ust,1172701,0,1172701
terra1mku0fdwlsayy6gxg0pafvmvyfa47x9mckms7wx,loop-aust,257851068,0,257851068
terra1u9zt8dn9nlsseww2rq84n9c6ehgczxsjtglj3l,loop-ust,41346542,0,41346542
terra12k7xxnvyy305pgtuez7mtnpkwupgru59tjaree,bluna-luna,8609610,0,8609610
terra123wcrck2ftr488lt7j60u9m4eh69nyyxru7286,mir-ust,68322131,0,68322131
terra1jemapp04t36cauqph0tju3an5pq5q6j7xhn5yh,loop-ust,9958934,0,9958934
terra17xzxx3qejvfx7vm94qdd604ntx2pzfa7cumlxq,aust-ust,3224091605,0,3224091605
terra1xxngjvdevcmc4qts92fegsphlmztnywzj39d02,loop-mine,14107773,0,14107773
terra1amg7mpc293vta7qh7nlske2aw0usls43mgtfq0,loop-ust,3788378,0,3788378
terra18reznjnyvfd99hwys5gt2vhakyzj4h0qun7d46,loop-ust,787463,0,787463
terra1wlr9swtrhwvum0vh5engyxy9csvfufp8u2zclz,bluna-luna,997034617,0,997034617
terra1krd5nu6x3qvz2ce8s4xa7nllgr970ln9upf24z,loop-luna,323100486,0,323100486
terra1y748dep97tsrkj95zy8ptut8av9du798nj6hvw,loop-ust,24225604,0,24225604
terra1chnn6hx2sc0yur30y0ws877y5j033lel8ywcz9,loop-ust,799872,0,799872
terra10cyqq29ghc575ausgc4w4my4ukys3ahn8xt9qe,loop-ust,20798572,0,20798572
terra1j992l0uzjqk26hl8lfm4gegjn0ayxmhupes2dt,loop-ust,31413283,0,31413283
terra1dce47jegs2gv3zlk55ygncls97pe87d0ez57ga,loop-ust,37784200,0,37784200
terra1jecumv54vxkdt90aw2k29tpyall3rz3qat3czx,stt-ust,715843,0,715843
terra10dtylc0sukr3y59l07n8q4zpyh8y8u4wlfyxjt,loop-ust,682321,0,682321
terra1pxehshgrlg3ulus2n5qex8222psnukp6fw6u9s,loop-ust,42775480,0,42775480
terra1pj5auc550dxaklfqychzfutmxhpcdpl8n9j825,loopr-ust,9550096,0,9550096
terra1y8j5lzxvwv5yplvdqujagqc9t2erxxzxd0a9ak,loop-ust,50593912,0,50593912
terra13q0tsv65aa64sg7mf0v0jae5rua25l8l2vnuh7,loop-ust,8680543,0,8680543
terra1nw5c3hc3t3up7hkxajx4p73rdfksaq2unns75n,loop-halo,510291,0,510291
terra1qtwtl9h9qm6ee9eev8zemn6rzx9ckf93zrw5d7,loop-ust,220295234,0,220295234
terra1jszmtjdl4f6suzrk7np0mank93k6gezwe3gwvf,loop-loopr,3417916954,0,3417916954
terra10vdewsaf5l6kczt0d2tfrkpg8987z8khenw2et,loop-ust,94165,0,94165
terra1yk3edjvezngxnwk04t5ycymdavqfd48kheuk74,loop-ust,2658371,0,2658371
terra1v5dqd8fdck68tlqveulqwctdctrcl59ydyrem2,aust-ust,9254465214,0,9254465214
terra1hx7teldhcm0cmrwmkdykzkw0h03csnujqaw55l,loop-mine,9999655,0,9999655
terra1qntmzvw6n3klmugv676lczxe695l4s7vvt8fgr,aust-ust,544536001,0,544536001
terra1we0se2xcxj54acafn6atqgv7nlsmgzf4qs0p8j,loop-ust,1037358,0,1037358
terra19770p7rrnvxdpx02lcnqpmc4qexyr56ad5sr7u,loop-loopr,5659899840,0,5659899840
terra1jvvl0heu20l8cetu6jhzarqmlva6wm2qs0dm38,loop-ust,9710184,0,9710184
terra14evww2m6lxewnm0rxum74vzxehjdyu23qwh7jg,loop-ust,1031770,0,1031770
terra165gflkfm92n3fcy3nsssalas6aqu226rz7mk9q,loop-ust,4414162,0,4414162
terra13q34ljy3yfdxrvaa2nn4gjtuf88w7zderhzhj6,loop-ust,71953,0,71953
terra16hg52ylzyz795fj5v4ks03tvvu6fgrk78zlxlf,loopr-ust,1885894048,0,1885894048
terra1dx8axzy6dac4ye89fdq983meue060080722e7t,loop-mine,80827772,0,80827772
terra19xmjxd56cvupq80qzgdc87xycgw98jl0sj7fpm,loop-ust,135770832,0,135770832
terra1n0ywsx37zyaff9dyxrl8k3trsvr2ugmjmgj82c,loop-ust,11460533,0,11460533
terra13puwwjf24lqwye87kx2dp0rakd9euvk7cf3jdt,loopr-ust,250039791,0,250039791
terra1peanvwrezjlx2d0muc6wns2u7jktq7lx7466kj,loop-ust,620340660,0,620340660
terra124lz6rwxe79sjyphj32f3k8tqcvgz0zef2mu0v,loop-ust,19971381,0,19971381
terra1307wkaw5rztqwc2sq9z0eqpq7vunh2zezxlmf2,loop-ust,975413,0,975413
terra17hht9rgkgara0jt9g5zdwsf80eygjc30pndd5d,loop-halo,2475358864,0,2475358864
terra1mdaf04xpq2ya8303en2r37qtv4mp9xuan2qnf5,loopr-ust,137715123,0,137715123
terra12s68dq0vl0uy3snqju5aagslce28nyfdx9hdhg,aust-ust,4467302,0,4467302
terra1rdf0haflg54896xaxju9z8r524627rsu98k7j9,loopr-ust,23901594,0,23901594
terra1237qa4s72mdm9h5e4wjm7gfu6fdjmykzcyu9gf,luna-aust,9856145,0,9856145
terra1vtk07lexywvh4h2p9p2hn4epnh5jvrsfpxcmpk,aust-ust,3152276512,0,3152276512
terra14dx5gp4cchn048pvr8uugaxftlk309xczc9rd6,aust-ust,20171061231,0,20171061231
terra1qcwjugrvvvucug8s6c2knx5uvwjj0vt02s347t,loop-loopr,29273339,0,29273339
terra1v28p0lnzd2au8shrshkemgv929gq64nktpee24,loopr-ust,73230420,0,73230420
terra1mg90y64fkut3xkp3np0w64ngpma0xuzw06pgca,mir-ust,133694843,0,133694843
terra199up46lqkczjfrxjrt4ztdcktcnn2hv8y5zw90,loop-ust,310465939,0,310465939
terra1akzl5f2y5kz5qmrwx82dpy6rsemw7es92xev7k,bluna-luna,6990422,0,6990422
terra1ngh50yj9ckntfcea36rux0zu7mph24758ah63w,loop-loopr,8003948062,0,8003948062
terra1nttdq2deq0ygg6tdzhph4h5r4hpn6jpj2k4u5c,loop-loopr,129900874,0,129900874
terra1mul7vmaugvt6wv0yma0qplp52uvs0xez8ctqwd,loop-loopr,861659375,0,861659375
terra1ttdfcp0vlv0h7l6s37qwxmlc8fjtq736s2d4kj,loop-luna,13115258,0,13115258
terra1xtdpnp9m77mkfv6yd72uthsu0tfan7646e4ucd,loop-mir,13755615280,0,13755615280
terra1wdqfd7l759mf3p55sl337zh0qqn5jgyzftjcky,loop-loopr,4809276713,0,4809276713
terra1xr0j66zkj405afu5e8jpeuanavtqy2waw89clj,loop-ust,584136172,0,584136172
terra162zruymj4wt47xhv2dn3jcwan3t79hkysugfvw,loop-luna,66005431,0,66005431
terra1mtuhhuxuqv089hxnzq7dp8pmagenmm28yra432,loop-ust,88255239,0,88255239
terra1v9gf2u67hcpkx0gj8f7venm6u6299gu5jplkh4,luna-aust,1035899615,0,1035899615
terra1a4je3f78endpd5c65hhvn0r5lp6l4m4c7fs6d3,loop-loopr,78582495,0,78582495
terra17fsxnlkumpe82fllf5hmqmx658eh8kpxpwlj0c,loop-ust,39428694,0,39428694
terra18q8c58aunw528chtvt3g02kss5rdwy8jxshnxd,luna-ust,234459023,0,234459023
terra1gnycsw9llvazvjk8k8cc6p6fspqjdgyzvdc90e,loop-luna,150140315,0,150140315
terra14ecaser557zefhw493glp4a6a9m30at9c95lp8,loop-ust,2751528,0,2751528
terra1ukhxzky99hg992vyrxzv05pa4ny9ufql25jma5,loop-loopr,261528632,0,261528632
terra1rnftl3hpanxufhrkq6zlcnqvd88k59d0cu83vd,loop-ust,10587492,0,10587492
terra1ck5nkw4er6jjrcrvg0uenaqtn09z0mxmeksf3x,loop-ust,943753,0,943753
terra14qz2v0j237tepgatxxgslkmeuw22ezvrtejr2m,loop-ust,105931324,0,105931324
terra1lew0surmsmc8nsm65yu5cpeaccylv4xft0yt4g,loop-ust,7978725,0,7978725
terra1pzqrhat2vnfktv4jmcgpkqu6xcky4vclyah9nj,luna-ust,314751106,0,314751106
terra18y2cc93dfg2vvftl4fvn3k5vs2szlnemrwwqxh,loop-ust,286439042,0,286439042
terra1qa4nq8datgsaxqewz0f8ducck75jqzeggpl8mj,loop-ust,23427972,0,23427972
terra1exj58mtcp6npgdjsecn5d6dtst2utfqkfjacmk,aust-ust,53802718246,0,53802718246
terra1d38dqg5qcal7eqzg42m56rmt0wke5wvcxms384,anc-ust,591767,0,591767
terra1zmj5dg376ld9upns7q385m6ejucya7pgc7dfga,loop-ust,1031995,0,1031995
terra1r28r6gx489e9zalrsnczqx7y47st3yazaq9ja8,luna-aust,110455159,0,110455159
terra1zypk64nk8nqug2nv37wyps086yv2mr4d0mhjhd,loopr-ust,16788555,0,16788555
terra15xqflyw8jqk9esk2c5lndlkjvprazxse69609u,loop-ust,2594933,0,2594933
terra1qqxcdqk43q3yyzvuv3npxggrutrxtawh9xc5h9,loop-ust,920513,0,920513
terra1430u84n720cd7u2hql34dqe8jj0hakremn8h28,loop-ust,12879002,0,12879002
terra1mvvsnxnxrcucumsmswynuu9fuh08rxrwlj57ta,loop-ust,6620895,0,6620895
terra1f78fdgp380zq0n4fajv3vla0azu79z09kv7gza,loop-loopr,2550085631,0,2550085631
terra1mnww7cwu5ulx0w4awqtetle50j0c0j0gwpc8u5,loop-ust,47187913,0,47187913
terra10cmtfvw8avvvqy8y3vxsea6rstm2z5skgj7g2q,loopr-ust,1082621039,0,1082621039
terra16syxf78f4vzjd3rn5wyh2xwfmzsn63pkwu6ny8,luna-ust,1609024106,0,1609024106
terra1rtt23f3fwsle89aat9te85xexkw8lug5egd52x,loopr-ust,31115105,0,31115105
terra1amne82x9wn6hj5vqhl80q39r6362qn2k9gsn4h,loop-ust,9418256,0,9418256
terra1z84u7v4kvvkqx5et4t5ydn9ncjufezqgkekxqg,loop-loopr,1323824734203,0,1323824734203
terra1mkna6p6mlzj47mz7r3deuuhzfc3j52t6ej54ey,bluna-luna,10587554,0,10587554
terra1eytg5mss47ahk4a4gwpgaxq2qyfe7prwmpmd0w,loop-ust,6442175,0,6442175
terra19fsf4au693t0z5t5sl558ayxv9xseuzggwqth2,loop-aust,140413569,0,140413569
terra1423e464gledn4fv46myhdkw8ls8gdqsrg7j9hd,loop-ust,1780365,0,1780365
terra1u6jzq62rkmhsscwac0yrsx6h4rw0ej6a5jxmu6,loop-ust,5151385,0,5151385
terra15x2583yr385pzeg58e95qeuhweyn9hmhgcrdtg,loop-ust,8334117,0,8334117
terra1v4m7kn2dwcfm5e2lxz4hs3par3fxehauw9hjzf,loopr-ust,2559044667,0,2559044667
terra1w7nd9888pp0ppv2x7g8v6x7ml3wz00l8xrhruv,anc-ust,1814178809,0,1814178809
terra1wrw23385nj99pkmagk222kwn43aa7xq9ye7576,loop-loopr,35054093896,0,35054093896
terra1phnht8r8aauq2ha7ftml3y8ucy65tay9jpn2ep,loopr-ust,234087788,0,234087788
terra1k6rjtprwq7v02yr3x7wndpthezwjq6jxvcuqqf,loop-aust,3731202937,0,3731202937
terra149yy3qd7map4rphhsmcmkmcgjfs4t92gqkvhh0,loop-luna,107410360,0,107410360
terra17s408qjpymxrgp3t5h5fjyphgd6c6k67u53zt4,loop-ust,1023469,0,1023469
terra136lj29af8rxj9jwhsenn97nw7u09euh9r4erkg,luna-ust,8595815,0,8595815
terra1sjphwjw7ddgv7jwz9s62aqvu50n7gfg5l7rfwl,loop-ust,21494055,0,21494055
terra18q0xlk8d7y2jyla5yaq6exguj6vk6yxjpdn9rv,mine-ust,46075184,0,46075184
terra18z873x6qzlqfccatpvkp6jf5khav8h2s7cuh2y,loopr-ust,58172901,0,58172901
terra1kpernfkpv097ras3l045dy53nrk29z5xqnxx82,luna-ust,434572,0,434572
terra1uk0nfqxhl0xzxqyrer2w68hqujhaed3fdg3545,loop-ust,802758,0,802758
terra1p52r0dkw5x2jdj0segk7427pygy7yv8mxejxx0,loop-ust,3886421,0,3886421
terra1tyc00jltdxglu05lqu02ddhefs8y8vkf9dwa3z,bluna-luna,15940460,0,15940460
terra1wl325269ftwqttt8l6s3lm2s5894dtyhu2qg4p,anc-ust,2841191,0,2841191
terra19tknkz7x8yt2fq0uf0x9lagajqle49mj9fz79s,loop-ust,1021288,0,1021288
terra1m7u9ac00f2ea76xasxlm8m4gktxrvpa72jwd30,aust-ust,4472820069,0,4472820069
terra1hfqt22exrswa20w48ukpn9fhqy9z4hck0jmupg,loop-ust,20887133,0,20887133
terra1ezes3fxkjfz2vamq3ee60ptqjfudyqwr5npls2,loop-ust,441872,0,441872
terra1y3nqmqrvefc85zlax26h9wr6mf5mxsx28gyp7l,alte-ust,100136367,0,100136367
terra1v4ufy0tftwh4m0ltjgwn9kv7xnvgc46ghethuc,twd-ust,19205006,0,19205006
terra1ynz3nlp72s0twn79amn0ju2jfgzuym86a2sq5x,aust-ust,134312121,0,134312121
terra129k2shlckmm2xfw8rlzzlcua7zyguk7gtqw7cm,loop-ust,576453,0,576453
terra1p4l85lqkujgzfspazh4gv35j5qfxz9uyytvfzk,aust-ust,113131539,0,113131539
terra1seed58x95whz6974gzswax7x2dmg75sk52dz08,loopr-ust,20754235,0,20754235
terra1jtdcvqrmudle759k6zazzy8mhqaps0yhu63ccp,bluna-luna,10009179,0,10009179
terra1e9emdlqmycltdmrd6zv2wmgvy6x6zux79a2h00,loop-ust,1097858,0,1097858
terra12p9tuvsp76ltxp9zz44yfn96cmg835cpavc8wh,loop-loopr,431491199,0,431491199
terra1sz2h02899n3yjf5mvulk3nxz9dg7s669p6y8ul,bluna-luna,2988436,0,2988436
terra1ck6xrq5xhd9fqzdtyl6q279rxjj7vfmmdes5ms,loop-ust,158715064,0,158715064
terra1mqw06ac6s38u7c2mpqugpfqxx0uxddqtjumqqc,loop-ust,4042774,0,4042774
terra1su8dte5mujwdxvjqpfzjptyl75vpdfkr24qpdd,loop-loopr,2506404094,0,2506404094
terra1a8dm4fejunkr5ctp6sp0u6lqa8x9yuw2s9a7ye,aust-ust,447735585,0,447735585
terra13u0wv0mx4gmg4w7r8hnrlke4t9svzuefdlhhfy,bluna-luna,157779616,0,157779616
terra1y0q3k5uqwwwyee50v2yvp64xy7jvnr3pcglghr,luna-ust,283778160,0,283778160
terra1uvhfc4jqw5q30a4yk3xf6ppc2aeyl76tvswe8m,loop-luna,286036,0,286036
terra1nlxnln0ns2yf8d7d6udrp0nnaatjeyq5zpxjsh,loop-ust,12641879,0,12641879
terra1aqgae43vu93pe5w6wul6my2ygpdtngf999ndjn,loop-ust,207331075,0,207331075
terra1cnw6u2h2w7x0lanywjm8e5elzxhpd5rp2qza8k,loop-lota,57133526,0,57133526
terra1l5nlszrg650y3gqahzt353vt2u624vnxk299yj,aust-ust,2411838254,0,2411838254
terra17gag57h0ah0d3yez3yfdszranxd9uyrp6m3g8g,loopr-ust,14286670,0,14286670
terra1jcmrl9wc7tc0qcuty9c9kuvrkzek309wsmh0qq,loop-ust,8669871,0,8669871
terra1ck3fuacu9p6m5df6gvpygzzzuxn2rmrg7m266k,loop-anc,124986218,0,124986218
terra1m6h9qnydwq4ns39795k4wwjxukapf3lwj7f7zz,loop-mine,31915073,0,31915073
terra18wy6ya9k2f95gwf6cal9e5645hyffzwu6mtxuj,loop-ust,1001272,0,1001272
terra10ww898t6pn2hxwk9mcrpnmlprn95hwayg6ejwm,loop-ust,328837243,0,328837243
terra1hjngnflcluj8g68sddc4cxkgdp0w86ptxetp89,loop-ust,5952490,0,5952490
terra1fze6sal2ernvte3e0yfz0u8tmshrz6hyjsswym,loop-loopr,147467811,0,147467811
terra1nqm6cc0f02xre3uf0np5kgv8u8gxhygz7ll25u,loop-ust,920469776,0,920469776
terra1gj003cy3f5dwgrpwnzw2w4xuzv67yuw5zrrnk6,loop-ust,360447238,0,360447238
terra1mswwg2j6l9gjcch3k034jhvnwgwpwr8anmymm6,loop-ust,304571,0,304571
terra1uhrch07h9yvfzajpqvhlgursrldq2jwvy4e7nk,loop-ust,13002031,0,13002031
terra1qtn6un3cev0swrelq9z3dfvpd77k2usrqnljqw,loop-loopr,340398092,0,340398092
terra1tdp7tap2j78p827z72vfar7q265w2vt5ryexmh,aust-ust,53749245775,0,53749245775
terra1lhk9qs9h6p94ejzhukzweqdef3nva4t5uncmqv,loop-ust,718055,0,718055
terra1n5rwn9es0uffyvqdjwgzlusk4vvcsauzu3yann,anc-aust,56479098,0,56479098
terra1hg9xwt893kx2j4jaae4yd26uxx5t96vdk6qtcw,loop-ust,2102601,0,2102601
terra19ypzt0fp0n8s5r6jmcggdxk5zrl4fcej8lc6qv,loop-ust,19501485,0,19501485
terra18aaj6p4x03vup6qtr80p8xqa6mf9p6580dg539,luna-aust,97018831,0,97018831
terra102ynau3wfcm9lp6r7p0t43xrqlk02du5te3264,loop-ust,1392497947,0,1392497947
terra1hg3dkd4ptj685kg0tj5wrz30jz8v289s5gzk9w,loop-ust,978211,0,978211
terra1xpepqczqcr2gzmscs94zn94wurv68au5w9zalv,loop-ust,2080229,0,2080229
terra1ts65c93yltws4smj8kxsatytzfms8qfqyk3z35,loop-ust,8024798,0,8024798
terra13pa2wux6s02xfe9gq2khzfdveyrxu2enpa9ah4,loop-ust,13677972,0,13677972
terra1rh2vywyuxhvlzhsmnpfw48vy5anrc3upsgvj8y,loop-ust,1601355,0,1601355
terra1jzg7s5z0usnhqhdxq3gxqgdhlmxm2w0ah6c8s5,loop-ust,476967781,0,476967781
terra1tj8yht3mm2ahlps5wmels4gkpwhj0z4alyudrf,loop-ust,8782488,0,8782488
terra18867qvyl3hlrphxqv7ecpt8qe5vlyn0fhnpvwt,loop-loopr,13569932,0,13569932
terra1ed6u5m6uxat47nxf5kpt3sgtzae2grgakpyfyf,luna-ust,5900391,0,5900391
terra1qltkwlxn8h0fu47xppzza2q0phyy8sr0tgzvty,loopr-ust,6788333,0,6788333
terra1h24jc8m42r4qgcv043vggg4fkuye5s9zcu2zsz,stt-ust,139236662,0,139236662
terra1jmza9mhyvlquce7zwhmzzxc9ep4pratcqamlfe,loop-ust,19307535,0,19307535
terra1v64muuucqqnlnt304ncefttcz9fpzamj97r8yt,loop-anc,12573734,0,12573734
terra1v8xcwwh3s5zj5nr5tck5akjuuyxekp7au48mym,loopr-ust,790406626,0,790406626
terra13gct035eef7sj0hju2zm0yvs080yfe77f865xs,aust-ust,22353079674,0,22353079674
terra1d87643rly2v4v3g8lw6te29mhgjtt6rexdwq06,loopr-ust,1499877174,0,1499877174
terra1764zs7rytzgwq0jhkmx6jjjp5wcnqzqz8xhr33,loop-ust,1043927,0,1043927
terra1rw6xkh9elx7wr6llxls09yg84ry69rc70l3483,loop-luna,35511336,0,35511336
terra1u763qvkyw8eavwjpa4vx8qxnkvpqdfxu76gskh,loop-ust,962802,0,962802
terra1js00xxm0y65wr9qxayk6ffdyweex2nqscquyuy,loop-loopr,5589452,0,5589452
terra1xlstzypy635uc2thhvfm8e99fhjesf2jpelp0x,loopr-ust,68513721,0,68513721
terra1hk0naml0fx33e5p5hpr884w44nus46vtc32zd5,loop-ust,399584,0,399584
terra1masjku7vp0n0j5xgp2ysk663tjzezdw9zp4gtl,loop-ust,1070186,0,1070186
terra15q949938llwtqkre3u9wdxaxax4997dq8myklr,loop-ust,774408,0,774408
terra1r28r6gx489e9zalrsnczqx7y47st3yazaq9ja8,loop-luna,686423966,0,686423966
terra1h03ywgnd87rgay2urz7e43u8cff9cu3l626gnu,loop-ust,572912306,0,572912306
terra18c8rn98jq4gtutrp3kkhvpkzpngs6zw5t05xmx,loop-halo,12975951,0,12975951
terra1jeptswq3292yx90tjsqueupgp5pqchac3yxgsr,loop-ust,178231957,0,178231957
terra1882ld8y9fnmwakgax9gqqjfqrqf8uahsppkz74,loop-ust,1071970,0,1071970
terra1crwjca5pey9p3rfrref7akhlj97nv5hqv89u9d,loop-ust,39050370,0,39050370
terra1p7e2nydeyvlmpsr9fd8jkxpj600vel0fpy9c6h,luna-ust,9495086,0,9495086
terra1ndrwr2nemup2puykd2ce9z6efa3kszzj88vnfy,loop-ust,37275019,37275000,19
terra1h2scszt3ny3c646nm204t64rcxz3umra0j8zsw,spec-ust,150689593,150689000,593
terra1tsmq3xkrsjayerjv5npczrn2d38addy90utkg5,loop-ust,16989863,16989000,863
terra10eujaum8lauqgq4r0zzce7w0r7yjde88kfflq5,loopr-ust,1830498893,1830498000,893
terra1lnjvgcc8f26zk7n2tptmn9r3c8er37ze8kevw0,loop-ust,8034229,8034000,229
terra18t6y7d9ddzuuq4vcxpcdeupkfvqcdy58vwcpn4,loopr-ust,13656075,13656000,75
terra1wu9elg987xxgp2x4fefljum6pmd0n09judqm5p,loop-ust,401681902,401681000,902
terra1napc94jpsenft6zy3xtmd2jfplpz4axunhaeuj,loop-ust,200040400,200040000,400
terra1en6t4s3xdd8az2whrq528axkhmw66vyhdke2ag,loop-ust,38238558,38238000,558
terra1ju0dk9cm80qnx327llmf27zwa84sq3rhxvpgny,loop-ust,222626492,222626000,492
terra1syxa6v4k7f45qxsqzv58rljz0lhxfgz2qymsng,loop-ust,5562391,5562000,391
terra1cdyfs534m2j4xfq5tmp8t80vdnu7eae0tzlwlv,loop-ust,7633682,7633000,682
terra13ln2syjwuq04euw6nmvptehqmxzk7lpyj8560z,loopr-ust,31532212,31532000,212
terra1s63lef9fde2hfwksd2w6gedd3fusdseqne3yc9,loop-ust,215879210,215879000,210
terra1husju7a9kq7wv05ec749mwpuzsfkj98tlr5c8s,loop-ust,9002425,9002000,425
terra16m54gyt8w8xvv7h7t5yh5kltksjezmkxe4azaw,loop-ust,1587914055,1587914000,55
terra1pqlsq8avrmx8hh5zsuwwtdcwh28hm59sk6a725,loop-ust,41466566,41466000,566
terra1erp6lru4y0rsaz0ghd0lxzwq7yypnwy90m6kts,loop-ust,455622,455000,622
terra15t55att38s852rhhpj4h05u5n4hqpwteq0ezxx,loop-ust,153426447,95994000,57432447
terra1ujrkhjxugmw33tx8n4ga37zaxnxxa2y5e0l9f5,loop-ust,13127459,13127000,459
terra1sup6vdlg85l3hzpeuca4ua970wfne94d09xdt3,loop-ust,7749828,7749000,828
terra1sffx8xhyc6twldvspgeamhlxzrzzg3p7yvz54h,anc-ust,2784832449,2784832000,449
terra18d8vwqjf0h07h32cjn5gzv2p9d3f28yp4rpp0z,loop-ust,354363436,180000000,174363436
terra1asga036x88ccq8rumdzujdzacz2htdm9tf09f2,spec-ust,4028321,4028000,321
terra1sjydghc6le47fs294h52gkagf352uns8n23ztd,loop-ust,10991476,10991000,476
terra1yemf2zpx5kgu0udfp3tvd2uwztfv08utpjklsn,loop-ust,14591779,14591000,779
terra1a4vqppulv66kj8c5k7w7l27xwu2kz8xlmade3f,loop-ust,281248397,281248000,397
terra1r368wg3jhjx0sna562ex56mwajvm2r7hxh97k3,loop-ust,4302097397,4302097000,397
terra1rsaxl3cfrp589xyxg3k7rwghsy755xgd86892g,loop-luna,37230280,37230000,280
terra1rdczzjt3wkktj5wpypg4e02u4n88gtxnw7dd7h,luna-ust,23576805,23576000,805
terra1k7vsmjygdpq920hrcy7kfz8pnmahjqxm504mwf,loop-loopr,4726970339,4726970000,339
terra1tjpq6ew2843wtfm66gypczg36csha4a9utg6xq,loop-ust,34199937,34199000,937
terra1j20lkm7y9gf5ctmveksmxg69fzanja8042lqw6,loop-ust,73814564,73814000,564
terra1shlj8zr02nachdha5p4my39vn3pssm0qds33m0,loopr-ust,245981566,245981000,566
terra1gpr40gmcup8lz80ser4tex58g092uuv0v9fhhg,loop-ust,82535656,82535000,656
terra19zm4n59hkym6yzw32t06a0r7wfn88shr2ppdxe,anc-ust,937551482,937551000,482
terra1z3chnvlsttg52uys8saehrl274mvfgv6ug8jk7,dph-ust,1501204030,1501204000,30
terra1z5dw8z7l85g2dl0y3nxnwls0z4n4ejt7frfyjt,aust-ust,1455754431,1455754000,431
terra1t8l90s53em8w6j55kcpfjnfx9yxrkexf4j9zmp,loop-ust,158448363,158448000,363
terra1jfpnxpjhs5s28he7u3r32dcyhl47353wghpkqr,loop-ust,773756845,773756000,845
terra1xuzs2nhfunmcpld5jaj06czutqe7ycj53hzwr3,aust-ust,8731427875,8731427000,875
terra1zlszngg35xmhzyjlzj8je52h3jdf6axstjptyl,alte-ust,1730428907,1730428000,907
terra1j5dnr9sjv4573d6cunagy5kd5vas5pj9x6ss75,loop-ust,94715770,94715000,770
terra1wjh66fswych2cjchuc50q5q248g8vlvy649fzj,loop-loopr,659257263,659257000,263
terra1przahch2tjkq3zwkyuun5m2suvn7p5az48epud,loop-ust,1326705445,1326705000,445
terra1ctfmgz0va58j3233lczde4kl8ce299a59uf5r0,loop-ust,157639562,157639000,562
terra1xff7qgfedpy3rxrr5mdvldu20szpxr63fexwd9,loop-ust,19406938,2108000,17298938
terra1y3sn69gmwfzyqa7x5wzdvhg44l0lejtwd9llm4,aust-ust,104599114,104599000,114
terra1tw92r0d597hwajdqc9gkkaru2snmgg06ecycg3,aust-ust,4621438484,4621438000,484
terra18x65krpw3h75xc03r2w4nuz2eu72qzgzdta2g2,loop-luna,77370630,77370000,630
terra1s42k7u0h0cc6f7mlp8tamvdkctstqhhey9v0lp,aust-ust,1546252141,1546252000,141
terra17p6c7msrkq7tr0kmef3pvdx73p3r09gt6aj3ex,loop-ust,4889630,4889000,630
terra1uedhky93ymf78757s6v2gfhd44xgtxhhp48ymj,luna-ust,35163054,35163000,54
terra1e2dz874t7zzy0mwr4spqpll9xmjnd0k4cnt53y,loop-ust,1892566,1892000,566
terra12t5jppmpmk8jkqzfg0q5vv6043npshllwn85wg,loop-ust,1493584,1493000,584
terra1zagnn0e9sfxk02w760kaae4w320wg6vhk6uxr5,loop-ust,2396862,2396000,862
terra1kml0d08srp0yvz404gxl3ap7h876cs4wcgty40,loop-ust,4960148,4960000,148
terra1aeel643407ueh2xf6exl2eqjxzm2qxwtywrmuu,loop-ust,10729789,10729000,789
terra1txwh6qr35sdeztrz4l76x8a42fdd3e9q96dq4h,loop-ust,11306313,11306000,313
terra15hp2uxv55r0k60wpn2kyx08eu70h7aqj3c2g7f,loop-ust,2072835530,2072835000,530
terra1flqe5lf0hzq7fggxzdxnj9cyudufjmn3z8l75d,aust-ust,11388423259,11388423000,259
terra1wuw7mq5xyszxfw88w565lammmjtcqxl73eqh3r,loop-luna,25259172,25259000,172
terra1wqfxpzm508ejuv5a20zv4xa4pqzz48k3guujhp,loop-ust,691347032,691347000,32
terra10duczj5h32m363ar7slt7tdhc0u0tsu9xr5hnf,loop-ust,299810900,299810000,900
terra1pc882hjfl4mwma77c9ddt74kxwfka9ja62yw5x,loop-ust,3878590,3878000,590
terra1un4smvxe4aw64n4pdj8rrhn76rc3mmv4ysd6xl,loop-ust,124425901,124425000,901
terra1ng7zrkusdflm4t2e4wjk6e68zdg6rgpe3dxgaa,loop-loopr,618140657,618140000,657
terra1kprdqty6jgmu65rhnqr7enytkeere5kqf6lhga,anc-ust,16836147,16836000,147
terra1yx2592mxr8mm80p37ynfxaz2ydhkvk05u39p9h,loop-ust,14324952,14324000,952
terra1yezx5ad83k9pnvedmxwyr6fywvt504uqxqa7mr,loop-ust,10953638,10953000,638
terra1uan083hm05dr7cn70pdscxhh8jzyqp8t620t0z,loop-ust,83223652,83223000,652
terra1yxcr03ejl2r7t4eqk746s3gwftdawkz4ak5l5y,loop-loopr,128013930,128013000,930
terra1vh6ld70jk9x9xl36qqwsfc5m9w7ltgtlzn5t7n,mir-ust,68655122,68655000,122
terra1n4r7t9sazaprkjct6q9qht9fkge5e2zx48v6yd,alte-ust,246732805,246732000,805
terra153l652jepvg8gsh2uz4fe64trz7cy0cv5hrkz6,loop-ust,93832136,93832000,136
terra1ku45w64x28mzd6289nymqdc5pcqtf4whyqzaph,bluna-luna,5007749,5007000,749
terra1vr6lhm2lqnyshu4mhqw9u7mp408zmwr8vpfkpt,loop-ust,4727111793,4727111000,793
terra12607ks9kh9fyl3l9vc2y7fc6tsjadafdv9gw6r,loop-ust,42357985,42357000,985
terra12yae37r58chf5q7vrn38rm8l6x6q5phgdgw6sm,loop-ust,35894916,35894000,916
terra16axhqt5w64uw0s3vm5xsx543jx3glq4teekmvc,mine-ust,2471476342,2471476000,342
terra10cdj7ptcmkmutwqzsp0xvetce527e4e3tsz5mk,loop-ust,65740312,65740000,312
terra10utz5qx0cawcjrzkygev0ftyea8s0uhk5ll2dn,loop-ust,19302640,19302000,640
terra18hjf28tzkph3due709lgzn04y7l06a4zlw5r4v,loopr-ust,58137983508,58137983000,508
terra1rn48valemnzcejpsl2etdsmlwpk36qtx79xzyv,loopr-ust,369139217,369139000,217
terra1rtr5lkx5wdg0k0ne2wksf9zuwd7t36demk3s99,loop-loopr,28001003659,28001003000,659
terra1crfwc4j55wkdqlq722exmdkwld33atqd6pkge4,loop-ust,145838705,145838000,705
terra1ud7h3uk25c69a9ywyam9ad97xu9qmw4ghvgav7,luna-ust,5662051,5662000,51
terra1jgus6kwcvwpf7ny6rt3uszd59ptfq7gqwvp5uk,loop-ust,54954375,54954000,375
terra1a0m6yu6p4rsxx6l0yjz3ldpj6a2at36u69yg8l,anc-ust,249543783,249543000,783
terra1rp68a9qpvxvsj0fueqqj78an9p4f5ptwv0kfgr,loop-ust,79021704,79021000,704
terra1wnjza5clsz5cuj8upy9esa6qflugkl7mpwl4ad,loopr-ust,97744135,97744000,135
terra1pp5re6gldf6t2l7dkxhzne8exm6kj20pduj0zy,aust-ust,8112511946,8112511000,946
terra1huczh2rvq8qmpnczh2qp9t0kacwqtf2zxs8dm7,anc-ust,127436481,127436000,481
terra1en6t4s3xdd8az2whrq528axkhmw66vyhdke2ag,anc-ust,4328374,4328000,374
terra16x5qepzwrlk700h2nghq55ea5dwt6nm0689ced,loop-ust,24322597,24322000,597
terra1gywuup6npymyxw6myeaq5ruke7k6zcd96umhnz,loopr-ust,44583449,44583000,449
terra16e9u52qpkveyehj28h3k6sgnzm7pwpju8j4nvd,loop-ust,160949165,160949000,165
terra1w4ndjrgkmhp3ecxydsqew4q973klecrffphtx3,stt-ust,2510590,2510000,590
terra1gt9ytxhu6fzv84xsxp5ug5h9v067wl9v6l74x4,loop-ust,110510487,110510000,487
terra1xyaax8v25u8d60j6dm59cqfaprqxsru4dj3hw7,mine-ust,13864541532,13864541000,532
terra1em3w846tpk05ajrsvdrxqecj6v9catxhxcyp90,aust-ust,1381852970,460000000,921852970
terra1hqdj9kmvw6tjx7daw8s9sq4gtj0smaatt0ru4t,loop-loopr,29226318295,7498916000,21727402295
terra1mjyfzpgxmkrf9zne07s82mvmmr6xmpwpx2zetq,loop-ust,27408487410,27408487000,410
terra1f8pjkwl2hy3agv7hy96x96nwk3rp7x5yvwdgu0,loop-ust,4420736,4420000,736
terra1963zpjm0e0a07q7eg3k8ujgycwzeyt0nwsz0u8,loopr-ust,1501366093,1501366000,93
terra1dffrt8qwkyc70gfuuup7xmgn4casv095wjhf9d,loopr-ust,388436464,388436000,464
terra1ynx05u732sgxeyta25hfwwrn65dwnwy2cr9pge,loop-ust,87406651,87406000,651
terra1s6jv2pavrayzrv4vgyusd5ln7s7qykq02r87gk,loop-ust,105745190,105745000,190
terra17gsq04sfyt7ah8f6lqdu3sec08a0xkmvdevwkm,loop-ust,1056651,1056000,651
terra1hxwn2pr7xpyw4m4j0g4rxs9dpx7d8jy602d9vz,bluna-luna,495701255,495701000,255
terra1zz7hhhstlqw9tkm36s3a6w6nnp5s09z77c8sma,loop-ust,5325542,5325000,542
terra1h4eljza2zz85h9xr3prx27p4ljr9cxn8yvc5wm,loop-ust,126413076,126413000,76
terra1kyydzslghqjllrry66up8czsyg2y4t7vf73m5j,loopr-ust,24949994,24949000,994
terra1ngska54x83382tpsq8hrctnramckw8f33cwezf,loop-halo,8475190539,8475190000,539
terra16wpzuq24sr5lzshuzeehsrxfr6mcugrm9clw0v,mir-ust,11724306,11724000,306
terra1pcxpyv70ma3qhzfddy4cadvh2mq4q8gjlw88dl,luna-aust,5657292172,5657292000,172
terra1f07j8vrplup7xh5zy94x3syvu76lzmnnxu5pvz,loop-ust,73417625,73417000,625
terra17trjldc7r780sgxrdkmwr3lcxlj6uc7vsjz6w0,luna-ust,76866964,76866000,964
terra1gncqr4ukv8tw70vnzetqt4nj3pks9zx6xrtha8,loop-loopr,3760653592,3760653000,592
terra1peap6zs0cylx2hvwlc7fz8rg3dfk55tsvjjlnd,aust-ust,2240931074,2240931000,74
terra1uc0af4d59g9su3x3ytljnavguzvh7m3a7t3egr,loopr-ust,63680092,63680000,92
terra1t6kpm72ju7s0g6xnmta90qgzgxl5st00dv0rsd,loop-ust,6417481,6417000,481
terra1lsve48sqrhknvlvze3p7k0pc7gtvl68wanjvaj,loopr-ust,606637883,606637000,883
terra14szjj8eqhaq03zlp558jncmmh933aa3scjagag,loop-ust,28268669,28268000,669
terra1m75rz7l3sysssczv2r508vhtvje9lan5jmrrq4,bluna-luna,5984508,5984000,508
terra12gpfmdlu8t4qr5yuqdj9m7jwalh4rf4lkmmrll,loopr-ust,737760715,737760000,715
terra17303sd6w3t7gqvmnsafyu9f8cftwmugkesq995,loop-ust,422834988,422834000,988
terra1nfqmpqcrhjm04hc9c976vsmh8zer2d9rz62uzt,loop-ust,20254592,20254000,592
terra1hlk57vzdt9qpwvzxuvcays9wv779autjds4x7x,loop-ust,947503257,947503000,257
terra1483kkuumz5r5exdgssxkvsllg4trukwnl0wx49,loop-ust,32229565961,32229565000,961
terra1tz0m77mdznqvgnvjsad2ljf22h5y7y5xk48vy6,loop-ust,8683184,8683000,184
terra1rgtgaxwqrxnsp97uj237jtkuh2vd32h9yva4pg,loop-ust,2676330,2676000,330
terra1skt6kdk5w7qgkk690wx9xdla9ft9k6ffsdw5wq,loop-ust,214187806,214187000,806
terra1npfpc558hvn4nvhr7y2mz2m9stn6d6mwlkqwsp,loop-ust,34271605,18821000,15450605
terra180t9k3yrsznzav4x3wx609yk9wrmlww968smc5,loop-loopr,14645488462,1043177000,13602311462
terra1st9a2kcxx204xxxkk0x8d3xr2fs3ec0jhtrgtr,loopr-ust,127313495,127313000,495
terra12ad9klsfswp2pl6r0ccjjpy3yd2mlse5yeasa7,loop-ust,228719769,228719000,769
terra1fqr6h9mxjtcnmz5cegaff0vrrz80tx26jyhk3n,loop-loopr,5651331563,5651331000,563
terra1msdtzwk8sqz6e4065fu9t3tsyts45edurrsnkp,loop-loopr,207390247,207390000,247
terra12k7xxnvyy305pgtuez7mtnpkwupgru59tjaree,bluna-ust,114033071,114033000,71
terra1e5evpn065nntqv4e0scdrx8623udxt4zxlc9rh,aust-ust,1629545388,1629545000,388
terra1uxamd4pzr334xt9ynkvv30vw9vaw8mh9gzfxzm,bluna-luna,8058290,8058000,290
terra1tay35qjua0ct3jhl2x442fhl9jy3swjv926vg7,bluna-ust,18293223,18200000,93223
terra1n5lz8557g4qs8z6anptkwy26llgtdmj6nwekcn,loop-ust,352821782,352821000,782
terra1t5xpqwpuk8rztde5p83thzeegvk0jlqe3pyp02,loop-ust,12141336,12141000,336
terra17tcytnq2afgu390efwwgr2e4y72keyd3cy3n86,loop-ust,125956992,125956000,992
terra17nctj0gh8larx3vwzqm8kckeelmxq46my5s2m4,loop-ust,269500669,269500000,669
terra1nd83vu55q8wtpqzel0qmnwq0fnzgmvhfft5r2v,loop-loopr,2142409369,2142409000,369
terra160yj34samnw495xmxylgag5asjuarml949afe2,loop-ust,8650964,8650000,964
terra14qul6swv2p3vcfqk38fm8dvkezf0gj52m6a78k,twd-ust,454718516,454718000,516
terra14zzs6a2pxpuhuvtrwjesps557m8m5hruvs9yyx,mine-ust,5061795529,5061795000,529
terra1ywlexfcmerdg4dh5z0lg7e0yje8x9av752ul2h,loop-ust,326381873,326381000,873
terra149xdqx4nn8grleyadfnq452zl0em4h6kcsxvqy,loop-ust,4281931,0,4281931
terra1drrmglh2ncj4yyp7rqxv58sq6suvqekcshxk45,loop-ust,498843929,0,498843929
terra1kfqyx9s2wypjjz5nvsnrc6smycac95vd724zh7,loop-ust,2200359,0,2200359
terra12arhpsm4zynpqrvjywj8wrt8csnvjjcryhphdc,loop-ust,94083,0,94083
terra1de4n4txtrusegj3nul6twqqmcuj5vyjteqjf54,loopr-ust,53460109,0,53460109
terra1gr29ms8ghvgtncxz0zaqy67e0cvjpyktffltpl,luna-ust,1158742555,0,1158742555
terra1f2geay29049xdpurpfyxwvfv4kvmyq5gde6r4s,loop-ust,40474500,0,40474500
terra14jqzcgh76stc8rpmsdk7t4ldr2uggnqgmc7emq,loop-loopr,697537527,0,697537527
terra1rt4tuw8s7qxg24c2e00z8m8lpygeszpn5n8sch,loop-luna,3740191160,0,3740191160
terra19yxzlz56mmtdh0psanpntnk89973dz356vuljs,loop-loopr,399361490,0,399361490
terra1pr8nraqvsc9n37kgmwh63y3l8sjlyk34xf5azs,loop-ust,90896389,0,90896389
terra1h2uspa0ctk7sj09grphqg04vwnuklkm5l0rvzn,anc-aust,37217237,0,37217237
terra107mzl6dhq3rlmj36cw9344xhtdev9s40c8qfw3,loop-loopr,9995544,0,9995544
terra14fwwwvmgyx053xfth796zgnp5hyqsksptk250t,loop-ust,135251011,0,135251011
terra10dk2d2yevzr986tfc4kyvafwmx4cf9045qqylf,loop-ust,1345321,0,1345321
terra16pxxr52seyhf3y98a28g6t8ggtsrd56uyxkrtl,loop-anc,3728676,0,3728676
terra1elfsfg0vtfafm2hzhhw7na0y9jprp7wuxcs8uy,loop-ust,27343894,0,27343894
terra1rdczzjt3wkktj5wpypg4e02u4n88gtxnw7dd7h,loop-loopr,2007128774,0,2007128774
terra1apq4dznwv4wzvcqv3e8v84l8jz0slj55lsr35a,luna-ust,3747317,0,3747317
terra1zqvlwm80wn4yyv76l3cx0chem24z07vspsm8ll,loop-ust,329094612,0,329094612
terra133ttzr5a0uqt3z3cpgj0r8vjkkvcvrxnxzktzn,loop-ust,14666210,0,14666210
terra1r93zxwmwhs6xj6ahh43aslc9ef2n2x82za3r34,loop-ust,812754,0,812754
terra1m5uwant75sajzr4crhs8vqcawmygj974tauyca,loop-luna,9577695,0,9577695
terra1ddpqrelr2y897q838tgp2k97c5nrmly4vqpn5h,aust-ust,2781009664,0,2781009664
terra1avcykmnn4d80z4gq82n3gqp9mqga87h8gmhcj9,loop-ust,27682430,0,27682430
terra1kw7jfs895ca48pk4hq8a342635h0pm68px04pw,loop-ust,2545491,0,2545491
terra1sa0ftgsh2juwjf3p4s4y7qdwcv4he63qzw2pyv,anc-ust,2343276,0,2343276
terra1qvs3q2j9klg55aqepqq90g7uufng4j4qjlraw3,loop-ust,11666770,0,11666770
terra1zyax9h4t9lvchv2t7mnugrpcecmkgyj35k0hn7,luna-aust,2351951,0,2351951
terra13gxykndntjsucf0knwrlasl9j9u9v42peqewss,loopr-ust,25953100,0,25953100
terra1tlggkvf7my66qn2twu6lk4k0l6neum8ycsvksq,loop-ust,1184278,0,1184278
terra12ecx30qk3x97a68hhzshuyjhrt4d5yrlcxq4wh,loop-ust,926602,0,926602
terra18098jyu5842nz3kqp7tg940m6yarmwl5am4kkc,loopr-ust,228091317,0,228091317
terra1795935c8drp3vdlqwww6w89av238ynquwwc7zf,luna-aust,20176089,0,20176089
terra1xtkuv8fqhud6vme5x74p9fh0zwfps2x0c5dgx7,luna-aust,1343563610,0,1343563610
terra10gs3h78t8f6elzzmjznce2y89tw5jy5x6vewyg,aust-ust,267996902,0,267996902
terra1xjnwg4nsuzdj6vadv0gv6enxlyfsf4x250y2la,loop-ust,920671,0,920671
terra1aessdlh554wtd4ymwf8m7knqzj39ztyc9zmxm0,loop-ust,7920122,0,7920122
terra1xu9rtqp4esfq4wl9pca37rgph8lzvv3cyhywf3,loop-ust,38974405,0,38974405
terra1r37anfskx72sdjtpmnqdwzln78twqenavhrlu9,loop-ust,1818879,0,1818879
terra1vjdfpcw3vp75zs2wvvkf8mlzmxk80vnveg2ha3,loop-ust,4244021,0,4244021
terra1maywlv56pfztrnucg9h9ur8d2xnanyywn9ek0g,bluna-luna,998476760,0,998476760
terra1xt7kgupegrsgqwuw6z2uhss4c55yax5klmzwhr,loop-ust,31227854,0,31227854
terra1sm73ex2xg3mq3rt63va4mkjh853tkzzpaz30qq,loop-loopr,303155189,0,303155189
terra1fhcdy77xwmrsa84j0g9rzhsjuy6r9eceg20spq,loop-loopr,153930342,0,153930342
terra1ay7t0t255l9ymaqhmw0c09wg2s9a6rpc73v846,bluna-luna,200660734,0,200660734
terra1kerz6rf39qzk8se4s3wn228yy8pslncuyxwypn,loop-loopr,572539747,0,572539747
terra13revek9qld9geyfc2autgm6t8khhcv9mqa8k64,luna-ust,1210654622,0,1210654622
terra1gk2p83t8kjrfrkt0nlzhyqzzckm8d8p48m7ewf,aust-ust,22365373,0,22365373
terra17uj7ca3w8ll9svxay38svu0hcgz8zza4azdzaw,loop-ust,681860,0,681860
terra1vclrewwtkulk6dxtnremk8d59svjjp4xf7nqrh,loop-ust,19730344,0,19730344
terra1ps5c8effdcnkcdvdzfvpw8l7lvzupefeyngcgg,loop-ust,1018329,0,1018329
terra1vjke4fxzvfxhhxmyfkg0lhm9wmx5ar4e7pss7v,loop-ust,3930860,0,3930860
terra1ha6y26259nxpuqdmqrpnyl2tkjrwshtpjq3l2e,loopr-ust,6122042,0,6122042
terra16zstf08f39d0p36mca3vmh3ahrjq0ur77pgmmu,aust-ust,66874751152,0,66874751152
terra1vdwjvv9c2mddlldpswjtrs3xylruudkh4g0uej,loop-luna,2135240,0,2135240
terra1apuaa35khh6kvnfpr9wwvmg5wdqfrmj9u0c8ea,luna-aust,150050228,0,150050228
terra1f2nstk6tngxu6qky640rr2q4ntf78hdn06x2mz,aust-ust,61055518,0,61055518
terra1hw942wapgkfuashtauasy5phrnsrfjx4p5z60c,loop-ust,1936003,0,1936003
terra1623z6eqvfm0vjkj6fsu7d60rsyqnch47tzusnr,luna-aust,1441987133,0,1441987133
terra19083qttnf8kmfshs334rpsq7g6ewwys7rqq560,luna-aust,179031765,0,179031765
terra1k35yn7kx9qf6ulyac97f7cqanv0l82sgd9ymls,loop-loopr,6815414345,0,6815414345
terra1e08d2uk2npyv7xg0pz9zhjtvnle3sl5yhxdflt,aust-ust,4474279260,0,4474279260
terra159tt0crpmx8f2ccy57s9pms6570fy4dy3aspfn,loop-ust,22890267,0,22890267
terra1x9j00d9rpam3k3x5xfjudn0j55k4zgft5ju0jg,loop-loopr,1409926482,0,1409926482
terra1klxazgs7kmvsu8l0qzqzh9fhpfcqh9u34fmaqx,loop-whmim,174910814,0,174910814
terra1cyq3za7yrfew876h64t3l8r2vyufs59pwjxd5v,loop-ust,481086077,0,481086077
terra1r3ar7fq47l3gfs9w08pytgsqfx70hyt5a8z98g,anc-ust,314175391,0,314175391
terra13zh3rtzgd6m8pfpd379x87c3mleazpk9mjjrfl,loop-ust,12437692,0,12437692
terra1nazhy5h9ghkdxn9gu2nls8cj5m9jhlea37s8df,loop-ust,1077999,0,1077999
terra1psrlatpvmqud3awut44hfgsuk685ujz2p6vyx4,loop-ust,1688173,0,1688173
terra168245cajtn0qsxvdjg5desqeta8lzmmuamc3e7,loop-anc,4241296266,0,4241296266
terra1c5tlw5yq24ytfs3pdr2rav6feymjgz3k8vxax8,loop-ust,379252431,0,379252431
terra19cwyuag3u46gf872yayk6ur5lru2yz6kamf6p4,loop-loopr,1716679163,0,1716679163
terra1awyqu5srvufc2jx0gdg6upy9qdt74haew2lw9w,bluna-luna,17739961,0,17739961
terra16gzh8mqvdt3h3pptxsx22syzd5rqmhe7mx3vmu,loop-ust,9304787,0,9304787
terra1rdczzjt3wkktj5wpypg4e02u4n88gtxnw7dd7h,loop-luna,47564248,0,47564248
terra1zsv5gm2dfuaqsurnzh4nn4wmylsj9thkdvrxfl,loop-anc,107523722,0,107523722
terra12yfgpvenrsc7djdqa0qqg7w6k0lydg5f9gcse3,loop-ust,189699836,0,189699836
terra1hh2ug9m8cf3vmx7f22ncugcj2d3gwg394ak0f8,loop-loopr,362837142,0,362837142
terra1a3m4rvfdqma664p4drq69hv52zc04cry7nfmj9,loop-ust,8929116,0,8929116
terra1axxyw9edap0m37r2tysnqdhynsxwr3h4c0k7em,alte-ust,35351383,0,35351383
terra1fr8vgu9dnayr7uynvhvh3cgxvmyhnq5ayc4z52,aust-ust,3284922595,0,3284922595
terra1436d0vusvjudhrm5yuv66cr8t5cw0gqte6npyw,aust-ust,2235660275,0,2235660275
terra1xsemnv7p82k5xqjgj5aajy5ksy9k8udsnz3g68,loop-luna,7971513,0,7971513
terra1ql098mmk6vz647dqt6adltlxnchmywrrxjax8m,mine-ust,1800289,0,1800289
terra1c5rc8j6gxczrpt0q2g6c28utwujse0derl907z,loop-ust,6003878,0,6003878
terra1jqym09cxvpk0qjudajchtn0az2sq5jfgv3emsd,loop-ust,14998773,0,14998773
terra1ratk9n5gtuqakqpfyuhm5uyyqhhkq0uvz5yvkv,lota-ust,702427513,0,702427513
terra17s8qf7l30rt2t3f4c9xla2r7n0qrpfs259lps9,bluna-luna,5054821,0,5054821
terra1r4c0wezrcdaskg6y3w3c6t7h6hw5500m7jyvew,bluna-luna,2683051,0,2683051
terra1st5c0f7f7hkvvff3fq6jmhuxu5gxpyzq2ngtd4,loop-ust,31139167,0,31139167
terra1nmhaufsmy7mwqa9p83zkn7ycguphzrz3qnqlgn,bluna-luna,10865988,0,10865988
terra1gtj6cw2aqr3ea8hq2p3hwu0d43krsug05qaza7,mir-ust,46370348,0,46370348
terra1jf54c9pnlh8j09sm2dsmcg26htmw9nzg52ln05,loop-ust,40416469,0,40416469
terra1zdr6qx9fw47l8smzvxs5qfkj8aa55lmjp2lwgh,loop-luna,28076831,0,28076831
terra1w3s87v9nvl8hrtwvvr7zq3nsnykqdmwd6pen57,luna-ust,4504064,0,4504064
terra1lx3wlvykpghnuhxpjstg2wry59aydd7u56zwle,loop-luna,55722105,0,55722105
terra12v4kjz0hkv8dz2nx0s8yprgkfdnj4hkywxe0qg,loop-ust,2394025,0,2394025
terra1khxymnj28vvwg0de506tvs6arkvnw86p43n0er,loop-loopr,562386684,0,562386684
terra13vwn5e4e567jdupf6kyjn56ftzhu94csff9dkp,loop-ust,9350400,0,9350400
terra1u48tnacssh8wtmsrqc2a6j8ylyu438vgyfmhqc,loopr-ust,24751126,0,24751126
terra152s40mdk5n3fxptv3hk6ttjy0w96av3u7ysn7t,loop-ust,17055024,0,17055024
terra1gpmxq9ycgqegw6gzgrkm77g4ccd88rdum5qjfg,bluna-luna,73529786,0,73529786
terra142cnycrhgy8h698hmh9v7vgplt7lecvcu4k9dc,loop-luna,5644231716,0,5644231716
terra1peve60lqy5xshlfywcdsvag0art5tf0z2ms8ae,loop-ust,420492,0,420492
terra1lwh6cu6wvsdk6cw2ncmfzswtz49mmgud9ue3a4,loopr-ust,13100023,0,13100023
terra1qv8g3hh0g7mrkte740fxk50lsxpcfct859tlam,loopr-ust,1319532026,0,1319532026
terra1ck5pfm0lrkegvgw482vgna4065c4g5h7plfe2f,loop-ust,3366528,0,3366528
terra1p290hngeh3d99quf4eh34zeuru3aqw5w5yj83c,loop-loopr,82843642,0,82843642
terra1k2ahdetwst6nksfy85pyu9c0z29xapx0acflkg,anc-ust,464358734,0,464358734
terra1a7wz3fsul5exnaary759evja622lrp032e5clc,loop-anc,248268056,0,248268056
terra1nqhrd3l3neg0549eglmz4z7ave6qn9pd3t3nav,loop-mir,9671833,0,9671833
terra1y2muxucnvzs6d6d2ndcktcy7k826hg5yft0jn8,loop-ust,1532245,0,1532245
terra16520qcj9gvx2r092hfjq5tmw9gwqnytm7qmgas,aust-ust,1699498703,0,1699498703
terra1fgjs0xt3jn02axyc5c4p8j52a6q282skzaj6kd,bluna-luna,2981411,0,2981411
terra1rq7qt8tkua3nnl7pqskglgdktz2glqya6grc34,loopr-ust,27088390,0,27088390
terra1rd2ej8ga87kzktrysffu6zhgjqk50l64zeqtxd,loop-ust,16569696,0,16569696
terra1rnpy8m6kmw8kvga9s8xhepc5a5skdqg8zvjfud,loop-kuji,198196115,0,198196115
terra1rzgmlfnufjt8vuszq5tjrhgk9ck4ntn9f8t7hw,loop-ust,15488007,0,15488007
terra1ec3hagmj43hmktvvrdl5u2acqnkexxlhfz9fxr,loop-ust,33753215,0,33753215
terra1wp8pnwhlvk6dtm6n0pn3nvhsesg0g6wnfu69ca,loop-ust,19722338,0,19722338
terra1dasszcavrdh4nqdf94day7jj9k7fcs0l9d76t5,aust-ust,4602581563,0,4602581563
terra14lrpskcnvwjkue7fx9xzpnppcgjgjhd3vqyhah,loop-ust,9191170,0,9191170
terra1x2l6cjpknkce0f75tz9zw4rsh4vxywzjczcuuk,loop-ust,7268055,0,7268055
terra1tcrwj5cz79kd7axse378jtkxxceglvs94tqpj5,loopr-ust,110365473,0,110365473
terra1kezhmynnhcvmx328e5rzwkwjgd20r2p0gcsymd,aust-ust,536175206,0,536175206
terra1ygk9ugdrc3pf3amzw2v0xdhgd8amsqgx5ntryj,loop-ust,3381377,0,3381377
terra1wegn69d428xefg56tj4s083agu630msz0k7c8p,loop-ust,802526166,0,802526166
terra13um8w62a6z3n6yhhs2svqc3h4h7gfrvl64k5z7,alte-ust,18857704,0,18857704
terra1ycyxqf5syp80gaqktm3xu4q6g2fg6ft4pgmeqp,loop-ust,3837759,0,3837759
terra1epjjcq954c7khkmy4ucvvmx6n9vxq39q2z9t60,loop-ust,2733562,0,2733562
terra1cnjps92renp2x83hscl4l0nh7ew75l6udcfdkf,loop-ust,1860576,0,1860576
terra1rfz5zw3nu2qkfv34q7lq50yskeu6ulpgwyfj5u,loop-ust,104712876,0,104712876
terra1egcytfqqu9a5u3w5n5pg8858t420p690uez0dv,loop-loopr,175961354,0,175961354
terra1m7zq63fx0738rywd9flqf8lxgrazzymc30lsdt,loop-ust,664355449,0,664355449
terra1yhmmln6vec9cm8408vp8q9nahxjmv2jd29zk4r,anc-ust,27177348,0,27177348
terra17pc23n4m3qy3gwsv9zd34qpxrfafypz629lj78,loop-loopr,6053558257,0,6053558257
terra16r0g6gxeqc7nndctxl2tr0xcu0xz3szgwgptze,loop-loopr,492615300116,0,492615300116
terra1q4zywmkm7huy5c6hznys9wth6jhwcugjggyhy2,aust-ust,373095790,0,373095790
terra1sjad7ust6yqtqf48sgdqh95yvmx4s64hjuvepg,loop-ust,105866786,0,105866786
terra1l2jdsgahah84y9mer8h90gelxzwkaahs4j36zq,loop-loopr,3993231452,0,3993231452
terra12m9kuenu0j7crrxxlpvdc79wyt04w0vyhe8g6f,loop-luna,27110684,0,27110684
terra1gwx3apm5zxcy6zpkugzv2kdrhklcflascxde5z,loop-ust,25962187,0,25962187
terra19ajh60t74chxf62ftetv6p3tk8sg3p3ch7awmv,loop-ust,4725096,0,4725096
terra1k6e57m3g3v6f5gdktdf5mvpatljgjpyklju5gm,luna-aust,211112149,0,211112149
terra1p8efjt4axez6qmdtczequttcefdgl3rheulqdw,loop-ust,13562625,0,13562625
terra1kt8x2f229el2v7v2f7ha48q53kpr3rhmp7f7ep,loop-ust,3949114,0,3949114
terra1rvucy866u9wv0kwtenpuntldj3ya64ptxrp6lx,loop-loopr,748358090,0,748358090
terra17n04v5jec96qqz6z6h8u88al9fnkktpkczskg8,loop-ust,54089117,0,54089117
terra19lntuxuzgft3z9h8rrcv8ltzcgc04wca3x67ta,loop-ust,21217380,0,21217380
terra18028kw732d8zclzsutssuhqv22wk3532plecxc,loop-luna,69627458,0,69627458
terra16tpadhvj0kxyvwcexs2xdudrxw2xy9ddrrs9t2,loop-ust,111626145,0,111626145
terra1dpup2fxency45qucmtf0ruk9w02tzjwplu68dc,loop-loopr,1536382946,0,1536382946
terra17wzr5y843lwq2phfp5na3rurw2jvpfrh6v2pva,loop-anc,2140138545,0,2140138545
terra1z0jtp87tvm9ejynusuaj0unpa7vy5rauefjxvw,loop-ust,470849783,0,470849783
terra1fr8f0kv0a9j4dafa3e73u56ajmr8c5l0adr43c,aust-ust,254389415,0,254389415
terra1zpadsa43a2035u33y7y5e7d065up8x99xh7qfs,loop-ust,1410648,0,1410648
terra1ytxpfsmkt5ug0qzmsch4xgx2ywdrch4qjwhz5y,loop-ust,1138683596,0,1138683596
terra1cuc454vl2es9qx0rw63l8vga2eystk8u5ys80n,aust-ust,9498097531,0,9498097531
terra1n2sg56hqxnwmg08speqlgvlra2jqk2k6qtj62d,loop-ust,11264135,0,11264135
terra12r6hsn9fa5x9zzx3quw5zvlqt3kqenj9907lkz,anc-aust,8244536,0,8244536
terra1zqckxyvqkej3p3fngkm8jemsty6jdledxj5dwa,loop-ust,23537279,0,23537279
terra1xhjhj6gk7gj4ae6e2ynnpl4cyqgwtevm8n5fuz,loop-luna,269712481,0,269712481
terra1h7yvzcrzdk8694w9wvdds0y40chca4f582e82w,loop-loopr,2712614835,0,2712614835
terra1vg28jep5pcf885vqy9cnkyhsr654jd9arp002s,loop-ust,1877607,0,1877607
terra1rsf2myfevxnx4dn5scf7a7tw6lfct9kywc8k2h,loop-ust,21730705,0,21730705
terra1p93f6rgpyyf90tu02wcjg5ryt7l3xjq6na8fwf,loop-ust,8694383,0,8694383
terra1v08at53j9h50uc5juqpk4zt276yykthr9xhm68,loop-ust,89612280,0,89612280
terra18pmx0anfd27xu32vphygcs6sgpf6mmlj3l8juy,bluna-luna,23910247,0,23910247
terra1clc64u23de6ywne7y78zw387xet6ty2p2n9x05,loop-ust,4725004,0,4725004
terra12v0cv36j8ka7gdd4rjlfr2fsht20hhmnm8ex7j,loop-ust,1481037,0,1481037
terra14gw9e4avxeha6s5h5agmpztshtwt9qaypzngxs,loop-ust,17642327,0,17642327
terra1lzkccqf5y2k3akd4xdnul4l6gnztyqkfxk3wx9,loop-ust,3051053,0,3051053
terra1mhcnlye9lhssgc0sm6t59497t9l87fzf864nd7,loop-mine,29029940,0,29029940
terra10rzj3lg5mzgg6vazkzygcpe3s2t60z7r35afd7,loop-ust,517864084,0,517864084
terra10z62cxx3sgtl62j0nqrclhnawtp0rpe2rvev0e,bluna-luna,59675076,0,59675076
terra139saeueu3duhhlc6wxfvdsj3xyjxzqn6jtesfp,loop-loopr,7513286785,0,7513286785
terra17h7mrsa4804873zjdn63jzh62y360l9xgrmp9l,luna-aust,6218857,0,6218857
terra1tljmhg2jz30dst32vxarlteevq4hjxymk7jd57,loop-ust,10294125,0,10294125
terra1757lqxzrp7nru9nvmun7f6cjqk9huljgfrfnxx,loop-ust,2466615608,0,2466615608
terra15fc2m9mdpcs3lxj9p4dsrcm7q602utvw9cdkd5,loop-loopr,1887560097,0,1887560097
terra132xlh42qlcqcxwrh6e25a2xfs2cs7vldcwrppt,loop-ust,18513108,0,18513108
terra1pylah6dqd65kgngpj5ez2r4qrajtglapnvkmz0,loop-loopr,1826456478,0,1826456478
terra1n9ad232yv5w2fgfcuzwr636n4f9p3xddk2lnu8,loop-ust,1069,0,1069
terra1ty82uads92agzg0c0wkkc5es3qvflg7chuv9td,loop-luna,50762507,0,50762507
terra19knljg7p8jtnkskw2pujj92exmu2fgf5kasdqg,loop-mine,40098647,0,40098647
terra1lyufvxzv5kzsaz3fukw3776zfpjmexrlxntx8s,loop-ust,573987961,0,573987961
terra16xl7289rlj9p7r0y8c4dv0fgglncqh98a9rmpv,loop-ust,9135216,0,9135216
terra1tthhgjvcdmvr3p8zmtmkvka70u7hfu9jy63as6,loop-luna,446826588,0,446826588
terra1jsug7hjyxh4cmzc2dwpqyzryqyjdtg2nkj6ne3,loop-ust,7008407,0,7008407
terra1fzpp0q5ev3d86j74n62yysr09e927exf6smmm3,loop-ust,2804398,0,2804398
terra14fjzcg37jn6gqyrlncnfld8xy4t8s5x37mktxe,loop-ust,1489021600,0,1489021600
terra1p67g04q6uy2fvsxyn5ndgaypxzrygpxkyjt26t,loop-ust,821653,0,821653
terra1398pypjagtqggxw0xjukyvj7fng44lz3wa92gf,loop-ust,42050176,0,42050176
terra10v7wvnmchc47gssp05zflal43qq4554ryj2hvm,loop-loopr,1877729277,0,1877729277
terra1nh3gezk3x4x8ddt6nemq3ylyd783tg5cy427g3,loopr-ust,7404778,0,7404778
terra1ksf9vj5s3g0v64p4rm2f62qnmj5lucunfsa5je,loop-ust,1872118,0,1872118
terra1kwgkzklad3xknkak4n5fspf8snnuyshates42a,loop-anc,8410316,0,8410316
terra1ga8vaeg9vww2lw0l4se9xjn63ucr6av4z72tgr,luna-aust,24980142,0,24980142
terra1538jj6s5jdwyqntjtj3wgx0z9clu67swswyv8c,loop-ust,45760,0,45760
terra109vkdh523gu47l4huwngt2puwzaat8nqaa2lv7,luna-ust,390926,0,390926
terra1hpq73ddvplru3c2xdhh7azwzk7h97s4la4mm8a,loop-luna,29599882,0,29599882
terra1g5n2jvx5g8w7kkntpgzssvzap07pqh7r9xmux6,loop-luna,675134761,0,675134761
terra1fuk94kvzrfrmev9x880c30ttfx6m09a4wulg2m,loop-ust,14737479,0,14737479
terra1j8ervlz4drzljepeyyhp0prup89800aams9hv7,loop-ust,855582,0,855582
terra1jx7ewsrqgde307y0lu8rh70cqtrm34yernad0w,loop-ust,1031974,0,1031974
terra1ftynyczu7n9k88twasrvwkgdqk5w0xc0gz7s64,loop-loopr,220979712,0,220979712
terra1gljsf6lxukwrl5ppk6shhc599ud49kv27nzu3c,loop-ust,461787,0,461787
terra1u42ycefqwxth2es800q3uqzvauhrns0476adtk,loop-loopr,368826200,0,368826200
terra18r432p432lmh027mspmtqw7qvjemz3wsplzfkm,loop-ust,447008,0,447008
terra1z0flcdg45rvtetmna5qxkmpkve9k8nk2a3m46c,loopr-ust,12227475,0,12227475
terra19tada2qnteac6hqnc75yrr2s5e73feyfddcsgf,bluna-luna,4063562611,0,4063562611
terra1rwpqt4phfudka3xw65z8y2h284y9apejrfwhlw,loop-loopr,131995651,0,131995651
terra1h06manadhq3lc0asvtw5zhv3v3nsqz50ulj5mx,loop-ust,10195918,0,10195918
terra1arptc0q8t88ad25rdghvtewxzrrjewqa2a4mgw,loop-loopr,479029233,0,479029233
terra1mdx6khe82dazjythtnmm80zmcrhm8cycdn4ax3,loop-ust,146515322,0,146515322
terra1dpzc5rknmwxp0agukxkfvfvavd4pymex06hh9n,loop-loopr,247641712,0,247641712
terra12gw38ycmnr6fek3az598ggcgn2y78lhhgu4yw0,bluna-luna,94081159,0,94081159
terra19cwxh2pcc7wpqlj5sxh73meynf6yeqwa9p4vqe,loop-loopr,391094462,0,391094462
terra1kj8df3yhrsqtpymh2cudl3encvqrtpmepkjm9z,loop-ust,16177997,0,16177997
terra10pl5k3w3wcx9s38d6h0mt8etrcd93v4t5hqa4e,loop-ust,572595,0,572595
terra1uhrcymle3u9f9qwnw0h4p35tav3p5794pq22u7,loop-loopr,97938883049,0,97938883049
terra1ucpt2855yaplwhdn2eu5fju44nm5chy2p0gh0p,loop-loopr,2483818488,0,2483818488
terra1h4z4nrtzlz0jnmwwmgp3jcv4xmha8swme762z4,loop-ust,10334488,0,10334488
terra1zyrp0zans9eqvpnpl4uvjwj0ncw5prrkp87e53,loop-ust,899342,0,899342
terra1t2ceyptrva8c0ftamthla23jjkwt2z2a83ljxu,loop-ust,399893,0,399893
terra1cwjdamqsgr5v548af0njezs30nk7hqd4p9j2y4,dph-ust,431784760,0,431784760
terra1ktum0ytyp0n88lnu9h3lg84kmn69zp8vn8anm8,loopr-ust,25705108,0,25705108
terra100ds8e7knvax0jlype78sw3h8cklme43ryv5jl,loop-ust,12828114,0,12828114
terra1njsemz7ahre7j2c27k4rwht5rezlhtthntpm7r,loop-ust,636138662,0,636138662
terra1f5yklucpl8mmxusf3ku683wkjh8leu2lwjglpl,anc-aust,93692924,0,93692924
terra1q3g53t0g282nmlphsvxq9keutdcnpgl2pegk33,loop-ust,431715,0,431715
terra14jm9vr3723neduw0z7rwl0rwp3c2e7xzaakg2q,loop-loopr,17920054946,0,17920054946
terra1zmglzn5yx7p3zwcfx5nkell4ava6w4u64rn8cn,aust-ust,433723632,0,433723632
terra1w8pz4rhcdzz2e34j6h3lt2ra5p3rmd80x9vxga,loopr-ust,50948104,0,50948104
terra13ux5ghz55tcenkh8x3pftmwel5hcw84c6h3fdl,loop-ust,461733,0,461733
terra1l8e2hzhrh0kym2xanrw6fmlgfs09zxvunw353z,alte-ust,4321180593,0,4321180593
terra1v9chahhn04r7fh4t22xd0enth022stshr7x7dp,loop-ust,38236133,0,38236133
terra1m3zz8vtl8wkll5z77aet4gx0n3q79mwgfhktlp,loop-luna,8115581,0,8115581
terra19hf3yx3vvg8xx237th2jzlaw27fd7742805uyf,bluna-luna,25154979,0,25154979
terra1adygnhh02pzejtfe3tn0x29ddjg8f0yvt23xql,loop-ust,507557368,0,507557368
terra1wgagcg42rrk3yle6ag7m955qv45t6jy2hwyked,loop-ust,86286177,0,86286177
terra1z9xe8c4ltw9hglmkk3yux4jpykrua244uxrpz7,loop-ust,1092575,0,1092575
terra1vgef2t675hqfwf6v26qmavjm5vrdzlpjmpg3af,loop-ust,71807,0,71807
terra1l0de96xqyzkcfj3nhmr2v56euxgckdm6auz9u2,loop-loopr,486456925,0,486456925
terra1qz6q9l9ek65jtaup3p45v3q9f5lkcap8p97pln,loop-ust,1707702,0,1707702
terra1dm7hzgrrud2u6ykfpfqxp6ckmy72xhwd0ylkh6,loop-loopr,934789253,0,934789253
terra108ugdr0vmqfthhr80ejw4vwaxx0g3czfeyr77z,loop-ust,102862206,0,102862206
terra1gavva987ydfk4udx88xsvcvpws7dwqpdg8m9ty,bluna-luna,498768,0,498768
terra14ccl9hnaqx28gu6vnvks9gulk362pxdewzpmup,loop-ust,1100636,0,1100636
terra1vwttdv000kt3xahhweexutr0lascazx56gqfv4,loop-loopr,3574032334,0,3574032334
terra1jtdcvqrmudle759k6zazzy8mhqaps0yhu63ccp,aust-ust,4608836044,0,4608836044
terra1cmm47n94fj4je375c27w8uhfwj6wlhnavukzf6,loop-ust,4289271,0,4289271
terra17c5a295sqs35kyrxhs2td708dzslqvks7mrn6s,loop-ust,2397581,0,2397581
terra13ys2eqv2jc6auu42m8cwzkyndqh8y8vvrrupuu,loop-aust,78310660,0,78310660
terra17xzdwvv83kzjppju7c5qrafjzz8k5jxca3txr5,twd-ust,281677446,0,281677446
terra1fsmf3aek9vndd6gayjve99kmrqugcajc06vlcr,loop-loopr,12369281,0,12369281
terra1ppfarp7vfp2pnzfz9rh0yh4rgg4nelk4kvnj77,loop-ust,10225104805,0,10225104805
terra1msdfvl2ut7nvpau7fygxqujaxxrvxv3988luv5,loop-ust,10361586,0,10361586
terra13xnl06eewqfa9exkwwrk8q0g0m76j6n5eyaxft,loop-loopr,648693607,0,648693607
terra19tgjafypp8ueurxmsd550x6sk7hxqf30z5dalv,loop-loopr,1960648782,0,1960648782
terra1ynwxh7cp9artm3pyz36yteretfsdf247tsppw3,bluna-luna,42434944,0,42434944
terra16kvsxkcyegshq9pc3ytuuvy46l6sau63m66f3k,loop-ust,1918691,0,1918691
terra1y5x94qwtty2u57p4davcp8y2qv2qkcll28mzz4,luna-ust,34636694,0,34636694
terra1twrx2flwg79qczqsnuprr2tfceuxnd2zygkxn4,loop-luna,35521043,0,35521043
terra1furfcs253zxttjdzyu9ymf8s3d6jtqe53jtvzt,loop-ust,1283573081,0,1283573081
terra1fxw3azlpglvj7np276g09euu674m08cswklh3f,loop-ust,156000671,0,156000671
terra1uhqjze3dr2aezrup34v9090yr45nu7g5lt563x,loop-mir,780206851,0,780206851
terra1kgszl689p8eqdpxauwx3cj22dt9n99wx95ycju,stt-ust,5879056,0,5879056
terra1pxwlm9me3a8z49mu5x3m7vdfzwawd4acgx878j,loop-ust,4240431,0,4240431
terra1yhq7lnr447dyxmsrnve5d2rl960mecx5zdwsdz,loop-ust,1915536,0,1915536
terra1z645u0nj2adqcfzq9rdrk8zj3qzgxv3ytpgms8,loop-ust,4423990,0,4423990
terra1knweqfhqsv7qrfsgrnj9fjx9asfq6w0lfpdx9j,loop-ust,3929623,0,3929623
terra1gl42ua6xvenm9sy7fam907cvr7jsl86l4znc3s,anc-aust,212577714,0,212577714
terra1ph9avdary0w30sd0v62k9ur5jk90lm0ms2sgtr,loop-ust,1368759,0,1368759
terra1qnsycgja7ct365zq6lagt8gzdgw06zt8h3q6gk,loop-ust,10638135,0,10638135
terra10vlr3gm9a7fyyq4y58m490yrdyljmuyz49ahaz,loop-ust,9579120,0,9579120
terra1xsm4vx2fs520axshzswa4f6mk4hgum0dzmcf5q,loop-ust,1387474461,0,1387474461
terra1gqmaxlk3kctan3gvkrk9emtu0g8tq3c0nw6ch0,loop-ust,348208449,0,348208449
terra1j9fdpptcr3lh882l406ge2l5vzw506swz9rzvq,loop-ust,5826741,0,5826741
terra1ap7uzp592cuen9cj3r0gh46ckx4vgvcad0l3h8,loop-ust,81749371,0,81749371
terra13exp7q76k7pt48ql4n3gsjywmggmfe698wnjy0,loop-ust,3589886,0,3589886
terra1fch5zswp2lep7qm6hzmeh3lz0jxtt5rsczywxt,luna-aust,26866361,0,26866361
terra1vd24tc02rnjkj0syrfkklmz2ahxmz4akwz4k26,loop-loopr,199002151,0,199002151
terra1zcsj3slrulv9lpjnf0wvrej0e8dx8cydljf5mx,loop-halo,106605934,0,106605934
terra18ahlz7z4gc386ppsy0n564zyrnqyjcmnyjtfjr,loop-ust,14009662,0,14009662
terra10yuph4gg9uvlcqn6lt553pl87vf5c08lmnqjz7,aust-ust,18686230830,0,18686230830
terra1kcjpqkg2ezh3y9th2qgk87dm46ykyhrkumr0l3,loop-loopr,1142374203,0,1142374203
terra13ddq89e8zl22qh8ms5gjxdrj78q0ugxw96mpa8,loop-ust,1070,0,1070
terra1mxyhjlf5arcjdff0gk6xvs92mtel7sg8amwue7,loop-ust,10159558,0,10159558
terra14py07kent7456gc2uhhwq7fuw562dvnq0ekjeh,loop-ust,3637608,0,3637608
terra1q085emjntp9hej05pyufrzheg4lvxzrh2ytyf5,aust-ust,438690252,0,438690252
terra1fnsrh3xdeglqdlh2nsgq8dckvcmjck4fjft5vv,loop-ust,5688298,0,5688298
terra1ddj259g38mll7wtye3mv8n8g7zmhe4n5z4rp3x,loop-ust,863214,0,863214
terra1nqqadehc0pl258rjn7fw2nwffldfew4fv9s34q,loop-ust,11514796,0,11514796
terra1kh6zkc90mn9yh266rru2zv3pnkvywcev263sl4,loop-ust,29866501,0,29866501
terra16ashwp5sppyukqareksgvlyzuyhf952cq2799w,loop-mir,74739437,0,74739437
terra1k0a2nnrw88t9x59r326fz8e98mp5uzjg3g7386,loop-ust,162668756,0,162668756
terra1jmzpxd8y3cv0kau83grwgzrlde77uyygv9f8tg,anc-ust,689909536,0,689909536
terra1m09a6h6rc4ez4sfwnj3svzmv97gw8rdl7ep80v,loop-ust,48824203,0,48824203
terra1tduu7jdtulhc8p0r2xfpds4573x0v5pz5fd3qj,loop-ust,85337,0,85337
terra14qt9p4wn4twsyazpl6f9uezkvpze2x2ywr6qme,loop-ust,2831499,0,2831499
terra1llxn8xxgkkxuynw9w3j72e2wnfr4gwnjgqctkr,loop-ust,91013461,0,91013461
terra1er2nsdte5cv24nqurdcjepq6y0ck6rszhckewk,loop-loopr,900312964,0,900312964
terra1c9v0wwnrh2hfhvlg6sh37ct4dctws6mm7nak7z,luna-ust,160719779,0,160719779
terra1tvp0t9t5gg006gtmeht83m3urscxnnxjyw0uk7,loop-ust,9583977,0,9583977
terra1rk88e26zpmjnnxhhp22a3jvnsh5ynfgcghs36n,loop-ust,1031826,0,1031826
terra1gksm0whdwm7agqyk8pxavw3p7qle5992x57vs4,luna-ust,8624753,0,8624753
terra1v2eg2l7cquze8xpr3xu53re8nulndfjagvwmpe,loop-ust,1092451,0,1092451
terra1hlhxagj9v5dk04cngv29f3z3e8kc2x4xsmlj5h,loop-ust,1017705,0,1017705
terra1guyyvypl8etjq4wmyrd5jdnwt0amr3p4ckgtt3,loop-ust,7744408,0,7744408
terra1egfk3wt9flmaznar7rhqlzx6s9s99lulaggftv,loop-ust,89681,0,89681
terra1ytyea2n3ta75ya8d463qmgssy56tfew3gltk9g,loop-ust,421931,0,421931
terra1sfl86jnq2w4zyzevvlh0mqgfxv5zknj4tv3vsd,bluna-luna,100136176,0,100136176
terra1hy8qeaz6x27fp3mg5ap7jfkefxdfvx3tzn4rpm,aust-ust,1936299693,0,1936299693
terra198vwl3jy0gppmkdum504usznhxaw34jllnzrtg,loop-ust,109155611,0,109155611
terra1chu2demucypupy9c3m8dk9kz5pugar0h5ld3km,loop-ust,3948444,0,3948444
terra108f0z26t9x7jzhhkxmlr7ya4nf4mrays6jky4a,mir-ust,306101439,0,306101439
terra1tyvlqhr0k8a39ppzajckxqmmnlvsmqlnvnhnpe,loop-halo,655616133,0,655616133
terra1zx8sec479rtdw35zj8gd2fmtwpc4ruwyupjjxl,loop-ust,5723961,0,5723961
terra1xhqhauxfs4qy0an4t7x3uz4y8da9uxdmf7mj40,loop-ust,2192582,0,2192582
terra14s0t7cg5689fepr02paalxaumkc6jkrr99utd5,loop-ust,16285925,0,16285925
terra1gyglq4j0sshdcf6f69dmlly8wuu9hrewjd6x48,loop-ust,4127906,0,4127906
terra17dusl2rwdzz2ldvhwc40m09wzm9xpcwr9jdgcp,loop-ust,4553590,0,4553590
terra1j30tcetshlpszedu4aygtw80sucx4qlju7al7k,loop-luna,1959538764,0,1959538764
terra1z84u7v4kvvkqx5et4t5ydn9ncjufezqgkekxqg,loop-luna,2555388542,0,2555388542
terra1v2qpsy620wj26avvq2ylgj5k4f4fqswh2hl9s8,loop-ust,1017423185,0,1017423185
terra1nyshg0n3cc2vpy8xucdh6gnrp9zm92j4x6t26e,loop-ust,2107797,0,2107797
terra100pvj550t7rlamp60tgdsgwptej09g290ugete,loop-luna,18706365,0,18706365
terra1ks8ltq3n0v5atz0dachhuluvnch429ngdjgy28,loopr-ust,72312713,0,72312713
terra1rcz87enjw3xvna4kv3qywfrxyme4ls2c7ag45h,luna-ust,454598826,0,454598826
terra14ld200rsvc03tg88rcf8c2dt5ue7qcfafnq49q,loop-loopr,1968577839,0,1968577839
terra19czynznxxk0ehktvy9jxsphryjw7cvzag002r0,loop-ust,3799776,0,3799776
terra1uk596zmt9te65844wrtr3yqzzg6jsgp5eu9rqk,loop-ust,4438491,0,4438491
terra1l0hxnrs2xp4989hlctg44tzuy25qq2talr9fuq,loop-ust,122616801,0,122616801
terra12xf3ylk7k6ca4s7eveug9x9nwlvchp3hf4wr4c,loop-loopr,1929720724,0,1929720724
terra1gt24dhdq9gznj8jf38063ajjvkj07a64etd8ak,loop-ust,38204340,0,38204340
terra189e4g3nulxt94rnfagsrq7zgyxyjwhfu8nmrn3,loop-ust,4288508,0,4288508
terra16pwh2rzc3ljkaas04ewtgt47vvze00l6yt87x0,loop-loopr,37044857720,0,37044857720
terra1uftzpj77s0ucz7txh5r2zzqs9sxegwt0kq3aw9,loop-ust,1713879,0,1713879
terra1h5s8sw5wgaujlyl405jmjnd6e6ec50n6hdaa34,loop-anc,8410316,0,8410316
terra1akcs8y97g88y6mchww77h0tfwaccdu8p88njdd,luna-aust,394139317,0,394139317
terra17e8nustf25wq6n6sufg6935gjlvf78gt3p0xx7,loop-luna,3868039,0,3868039
terra10v9sx6gj5th3wpv3tjue82wmdwd8al5v754qjs,loop-loopr,5265960494,0,5265960494
terra1nlxf4mj46puyf42m8lssqnhllsq2hnfgq8rtty,luna-ust,6095554,0,6095554
terra1vccpg8fg3r4fkf4xkxycglscuxszytdwhxmzfv,luna-ust,2573796,0,2573796
terra1q332a4mn7v72hfkd6lfu5awhzmv7uxefhz4l2s,loop-ust,315694928,0,315694928
terra1j76rh7l4kqq72rfm7p2ny9twk4dfk64dph3tm3,loop-ust,2011456,0,2011456
terra1v2sm0phjwqp06ug0euacju2kmdwk5scwldg5a0,loop-ust,5831549,0,5831549
terra14pm9lvs5k9fqw0ennm78eakzmd4j8hwj8aeft4,loop-ust,8145403,0,8145403
terra18505rh2dh0lrgshtx3ys6jgrywnzjje4xzfy4w,bluna-luna,997337,0,997337
terra1urs6uppt07txscxkrj8uaelzs9ecwz7pmn4uc5,bluna-luna,8014774,0,8014774
terra1kww3r8nfxlm7jp6y3k25rgsfshqm8e66d664zn,luna-aust,407928183,0,407928183
terra1upv0ftwkgxf0wtt7sn6qntr9yfe8e5vlsfyd5t,loop-ust,863223,0,863223
terra1q66hmjqmm64464nhaaxv289z8zfvffkq4a643h,bluna-luna,6947694,0,6947694
terra1f5372znqasjerrwdnzfe2khfckr9me9x5flqzq,loop-ust,7425100,0,7425100
terra1py2d3jxxnc0fej9kllnvsy055swvht29nz7f6v,loopr-ust,11679687,0,11679687
terra1ml6lu4j8mvlmhaj56davdtn2tgytj3pv0g9s8m,loop-ust,10388055,0,10388055
terra1fpvx76x23gv64lzxmhm0gghvcgxzfk38n2e4h8,bluna-luna,263054571,0,263054571
terra17lyg89g2qgtnjq4jaf7maag6lz9692sgdhufcc,loop-ust,450884,0,450884
terra1gssks0adjeqw4kw53q9tcjzhf2np63ylj96jqw,loop-ust,12205988,0,12205988
terra1rdq228rnrggyaauq5vz5kyuz3yx5uqcsxlzyuk,loop-loopr,260232245,0,260232245
terra1crhqu4jrhuu9zzjmw8f5zfty27zm9lvj5af527,loop-loopr,41125101319,0,41125101319
terra1sv8rnc6n6u4cuf8yj7x0jukm3alwvr5hqz0hye,mine-ust,166707,0,166707
terra1fyma4ljzxtn406m0lca975y0eanxakezkaysfx,loop-aust,301117883,0,301117883
terra159xwn2spujy4vptpz59axssm8ydh3tyk0z740x,mir-ust,5017257096,0,5017257096
terra1jvdd9h8ttcjg7306hshcxnlpwvrk9fd2dhl3pz,bluna-luna,7005435,0,7005435
terra1w6jzzfy3ptn35nczcymrxgn9qeqdanej9pjgpz,loop-ust,12906334,0,12906334
terra1vs52en4eh6cyxv22hr77e9q9fcnp86ag5cxm6q,loop-ust,3596520,0,3596520
terra1a3cfr8ufl97hxuyjx2luend23zc669dusd850r,luna-aust,1213676639,0,1213676639
terra12xf3ylk7k6ca4s7eveug9x9nwlvchp3hf4wr4c,loop-mir,357247211,0,357247211
terra14stkvg2dfpl9f4aqch8hczvl6dhjns7zkpryd8,loop-ust,27368066,0,27368066
terra16e6ehhcxydxjg9jvqlwdt5e82l0eaya9vp9dg6,loop-ust,9161821,0,9161821
terra1l69q9m7sz4sryqnq4xlqp6v7csmuhaq67j5ju5,loop-ust,1031771,0,1031771
terra1h5kca3lfpyg8jxxqpjwlkpapxp6s72frg3x5a0,loopr-ust,14424257,0,14424257
terra123kvvnf8awj5nn9mpqptljt8ctjjvacf6tqcd0,aust-ust,50762952,0,50762952
terra1hr58mphmrrldvan7dxguz5t0lrjp2tm3zgfqfv,loop-ust,583965758,0,583965758
terra128layfwy2x7s4s88juvl3vjhak7hrzkfktr77z,bluna-luna,79379638,0,79379638
terra1xy5uywlyzujnze0n23ja9swktcpal85r69k2m8,loop-ust,14581232,0,14581232
terra1jjas8zs3cqm97490d35eud5verd88rr0plpg45,loop-ust,469586,0,469586
terra1r2a2f98t2u8c83gd7kf09qmxs5hws58sp4a9na,loop-ust,2928182,0,2928182
terra1s0kv06v44facg46dzwh2s629p8xtpg7ft9rwlh,loop-ust,9171185,0,9171185
terra1ua6sla4yhk3dk70hssawnjz8lx7q979yseajaw,loop-ust,14668989,0,14668989
terra1q92jc4xv0yer7wgg3mq3rw8zwlcdlcs4tadx60,bluna-luna,29884204,0,29884204
terra15a4mlth8rgypx6hhl49wg5qy4j455ht27u5x0u,loop-loopr,174864341,0,174864341
terra1tqv92lgr7cpqnurvcx9u3ft8k5clgk2mqxcrns,loopr-ust,88946325,0,88946325
terra13zxh59w60tu8qj2e3u9cdyrgghz3u9ew4hv7nv,bluna-luna,276463457,0,276463457
terra1dq8azpgehg2ykkxj8juw9p0l2avglh4g5prqxf,loop-ust,96019553,0,96019553
terra15nyvuwemklrchqefs6y8k0zdqdt8hk38yscypw,loop-ust,841907,0,841907
terra1psd8s9t7s47nqptvnp4vpclwrfs2wmxj5rs4t5,loop-ust,131686103,0,131686103
terra1fue3asnq9qd3fmzdwc53flcxaywnvyz6su8mlw,loop-ust,7953661,0,7953661
terra1edpdepej82ss6hzgs2jy4xrj8q98qd43lhaemf,loop-loopr,320223425,0,320223425
terra1c5f0fqnn7cf03534gx3hpfr6qt9nv4w8z80v0c,aust-ust,2263164554,0,2263164554
terra1d5vsfkv47ldmajs5cz2h92pe42myevskvpkwt0,loop-ust,13267114,0,13267114
terra1eh5deqmpr30v7g6k58ad6z55l85gx6u3780hw4,loop-ust,135888948,0,135888948
terra1nf6k0netl755rpepk2sjm42kupdu6ppcjd08py,loop-ust,55021781,0,55021781
terra1h965z0hx3r8w2sls66cgzlryuxxpz7v7rqqm65,loop-loopr,6626236859,0,6626236859
terra1dz5td5uyuc30axzsvf6fkw0ylcxl88sdav3523,loop-ust,540278,0,540278
terra1lyxz25vsmvgw0a9r7zcln0c6asv3svtc8v6x3t,loop-ust,1525889,0,1525889
terra1g25n7mp292a83vu2hap2lhg78dwnh78wsv4cx3,loop-ust,170256386,0,170256386
terra1l4xpsyykvphrl02cnch4xxl5fhcarwda9knyvz,loopr-ust,23887571,0,23887571
terra1te698wdu8fpxlfjzcjhlpjnre0aqhv3dv0mzwa,loop-loopr,268341076,0,268341076
terra1erwmj0ldvltgrjmvnjktdelupfwcy9v89dcsz3,aust-ust,215169877,0,215169877
terra1a2ad6ukyawxlj3dn27cssr02j4lyvfn70ll8ce,loop-ust,8930654,0,8930654
terra1pksedmgfndkahkn607m4gkdemju9xxn3vyh3fw,loop-luna,1722019041,0,1722019041
terra1s85evwrgkdcz4ad90qefwlcdt44kzyvgk6v8n0,loop-ust,23348494,0,23348494
terra1spd24qa60763fhqr2527qmn0ld57v4f526mr76,luna-ust,128824760,0,128824760
terra1z09lwctzswkw70q0annqqn6hvp5x49c7qf0ta4,loop-ust,17388543,0,17388543
terra1ps8huw6lx383fzslc74x0apkzly75e0h685qvp,loop-luna,9640718851,0,9640718851
terra1k7n2cvjzt9p3up7hzxatxcv9z84f9pm7vsdj3k,loop-ust,14359873,0,14359873
terra1a5nzmlj3e90lx4qpyt2spkplctl7n48xu2vc0u,loop-ust,1603167,0,1603167
terra13ya0rxlrc4njq9a5zmg20x28qmv0yfvtqj6jgy,loop-ust,6278738,0,6278738
terra137jf3mfyva3mfwhvmddel8uameza0gf80as796,loop-ust,2029002,0,2029002
terra1qlgut3tsz6f5lgyl3nnzuur9u2r6gl9w4c6yg3,loop-ust,2799978,0,2799978
terra16d2dscvgf0l5z9mly9ztz4x3hc669d3q3xwd0a,dph-ust,200193260,0,200193260
terra1ru8k36swyf30ke9hsrd9smkhc8g99nfn0s92xl,loop-ust,80834187,0,80834187
terra1y8088whkxjj7wc9zledmg8hc3cn0lnld50mcmx,loopr-ust,107794284,0,107794284
terra15d3a73nrtvy040wn064xxannc2tp02n0ru8pqv,aust-ust,4474072758,0,4474072758
terra1nmhaufsmy7mwqa9p83zkn7ycguphzrz3qnqlgn,anc-ust,361329775,0,361329775
terra1zj930yu4w3hqsrc52gltyswvnlce8q8vdccdhl,loop-loopr,6598905045,0,6598905045
terra1mset0k4hgfss0c0rgy0f54f92w6dn8jvctguj7,loop-loopr,40034994,0,40034994
terra1wf4dca70qgtfmtpaq6q5hm5qcl09ev552g8c3w,loop-ust,6979948,0,6979948
terra122y24vs6268m0z8hcahdg7ej6u2fqg2dwxymxf,loop-ust,1357140,0,1357140
terra18guc997zf7dw560k6dkwtewehn3exggq3czz3s,loop-ust,35605995,0,35605995
terra1tjczd2f9k6rw4yugnm8pkllcecwue5dgaq0u0l,loop-ust,298805776,0,298805776
terra1rt8zs56st795dttmcmcaj7wlyhg7peyrw898e2,bluna-luna,67811013,0,67811013
terra10s2c3uyelljf3txn8nzyrrfz3rl8ucql6grtvv,loop-luna,444433321,0,444433321
terra1pmcml7hgg2vs47mse6fyey2uuq0f3pjjgv0uf0,loop-luna,4668697,0,4668697
terra1h7h99m423q2pj4qx90ghy82wpj2f00vaskh8jf,loop-ust,1094347,0,1094347
terra1q76sh30w3e6qhq9r0dp4xnjpu8qg47e67sh3pk,loop-ust,5898023,0,5898023
terra1axjjhnsk59ujtrvmlu3rp3hcnm8mvdn6l7x7un,loopr-ust,307418963,0,307418963
terra1wtwkn4pzaxh9k4t8wl53xprlrezmgjcdn7eyc3,bluna-ust,4376868592,0,4376868592
terra1wmeclwsxfu77jvnssxd5n0pttsp6dzxhh38rt3,luna-ust,1043312255,0,1043312255
terra1kcl06evzsa578ytfsc677ahvxjlh2vg6vja4z6,loop-ust,79062038,0,79062038
terra1t6qmslv6fle2gfjcakq6d3tv70sl35340add2v,loop-aust,204338137,0,204338137
terra1u34qly986v6tqr3t4m80ltnlyp0t8q24cs2jsn,luna-aust,823905,0,823905
terra1u34qly986v6tqr3t4m80ltnlyp0t8q24cs2jsn,luna-ust,189620001,0,189620001
terra1kdkuwmyn7fntdcn95cd373nc9nftnt76eram2m,loop-ust,207996470,0,207996470
terra125zlt43rc7qk2dhdtanyqk3t6dkcru2fdvlrh7,mir-ust,67974367,0,67974367
terra1j9fw08g28dy6a385ltjljauv423nalu2xyl6n8,anc-ust,222260848,0,222260848
terra1uppjcygp3mx5tehp2h6st8renhdesywhz46zrf,loop-ust,30195820,0,30195820
terra14kzeys90v45njf90ywaawkc76mwlrrsa8s0uxv,lota-ust,121327864,0,121327864
terra1ld33u04nsjnl56djdnaa6r9en4wsxjqw2ymy2e,loop-ust,1948847,0,1948847
terra1xspm5x559rz9rdy8cjl2he32ur8zu9llk22tc7,bluna-ust,11192,0,11192
terra1rkhd7a0q3s0lr0ag8t4vxwcttlw0kjqz5qgx92,loop-ust,4043508,0,4043508
terra1af6wfx4p6u4a2wm9qwlfh3dxckcndf4qu7nyvj,loop-ust,12947142,0,12947142
terra1q4udfu8nx2te5luepds2ampq97xh8zsjjdw06x,loop-ust,1427423,0,1427423
terra1t5sexxj46gtqh5e4geqjxr4mltsyehaq377m4v,loop-ust,16301673,0,16301673
terra1hr3nl0kat98scjxnuumxr3namutsr45fuzyjr4,mine-ust,6176451110,0,6176451110
terra1ahmnqaar5ggknr4tzy82rrmp062h8fc0cpj3vj,loop-loopr,6716515433,0,6716515433
terra1507q74w99nvdrk8v77hfluejqqek3nrgfgxye2,bluna-luna,12967192,0,12967192
terra1xu55hqv20zx2jfd6tanzx5q208x6xqyukmnqyd,mir-ust,10769535,0,10769535
terra1s35nuqgj9lsgm5e2w39gswpnt2r0zeca74gspm,twd-ust,5684161,0,5684161
terra1xnq36eyw4kdnqkf8q8jgtklwpz992u7mmsuyle,loop-ust,999218,0,999218
terra1m9257v5xq5t9eftzqma2s9700jthvpd955zkl8,loopr-ust,69111909,0,69111909
terra1230d6f4p3ll8pzg6nlzkj7vqf4nvcg7pvxs2lq,loop-ust,2386677,0,2386677
terra1n39w6e7s0uvpvr6yljyxcx89a44vpejg5dggsn,luna-ust,95305368,0,95305368
terra1aap2m92rgv4j7ekrd6jxdawmjdcyc9x5qhec98,loop-anc,277678240,0,277678240
terra1gn20qftzca6c6d339zwlshqdns0x30ulwn7c8t,loop-ust,9369378,0,9369378
terra1kreemzvcp9asjcuv4tlamcttxtjkudlerx726l,loop-ust,98117525,0,98117525
terra1a79vlm6pklc5r40sjqqyxjf6fmpcdzmwa0g2hg,loop-ust,21291449,0,21291449
terra1pz2w7eufumhyu55cd7le4vudze3ujtetluu0xw,aust-ust,5676709756,0,5676709756
terra12daap26jt48q7kul0gwxqulrvkp90un3xfp44w,loop-ust,930912,0,930912
terra1kkez0gzpdt5vkvqp889nv2q67zc7xtwyjyjfdn,loop-ust,1893280,0,1893280
terra1q9fstn8lz4twp2ahm479rd7eqlqgw6xle5ssfc,loop-ust,8510478,0,8510478
terra12flr5509ccaq2cgusuvuhjw0e2t6ewmzt2fxvn,loop-ust,6518786,0,6518786
terra16s6m22mc40ww5vrp8zmjkkz8cxu22fdcxjeftd,loop-ust,1617910,0,1617910
terra1s0tk8vv964frtqx42lyy27mv2qde7ngwm9092w,loop-ust,94135,0,94135
terra1759lq7l3a6lyu255m79kpvxzv4tktn8mtst8md,aust-ust,4492692470,0,4492692470
terra160ag3rgpswjmrglx73kqjlj0uaw2ekqs5g005n,loop-ust,3012131,0,3012131
terra1ftxmepar8fe0h2ck2gdzucqmvw8kqflmn5srjl,loop-ust,94164,0,94164
terra1yhy96gph46cwrp2zqsddeqsmw7fsv9qgtyyert,loop-halo,8829636567,0,8829636567
terra1lq4j2hkr7sdere6hwnarnwnz3dkeafyrthvdj2,loop-ust,948509,0,948509
terra1gjgp5n3wkdm4m9ekel3qmxp2xcrzkddr9c38ys,loop-ust,19194535,0,19194535
terra18c8rn98jq4gtutrp3kkhvpkzpngs6zw5t05xmx,loopr-ust,5669302,0,5669302
terra1m82n8fe6mgymu5txfyathfvd04ld47mcrllugj,loop-ust,948847,0,948847
terra1r7jffaasczynrrkst0htwfhlhck67yh04n5h4z,loop-ust,197773819,0,197773819
terra13j72ge530h3hmg5uhs2sk456qsmgejm4d7xc5s,loop-ust,1091221,0,1091221
terra1yxmz0r83s3xy9jn5ywx39xsxtm75esfx896lhr,loop-ust,1787435688,0,1787435688
terra1fqqf3hrq8ac23a2gskngr7ztxmswx997c32fyy,loop-ust,1249867,0,1249867
terra17tg2y6dhfeg3ntttu2gmnafrr8jhjvxtwdvh26,loop-ust,20107186,0,20107186
terra1husrexce5d7xlvag7e2zsd6xvp3gvhct40nmyg,loop-ust,5518525,0,5518525
terra18h6k835fgp0f20xnt2wlkr6wqnl6xswz0pxg3x,loop-loopr,5478143,0,5478143
terra1x3jea99wc2gn573khp6mhwwj5759qgv3xxjca2,loop-anc,21951186,0,21951186
terra1gm8hc5j7jvts2ghc5xp9wsaq6v77k6ha50shae,loop-ust,113062046,0,113062046
terra1sy5umm4tmfe3tpukpmcm2f74dkqf22h7s8kc5n,loop-ust,1015808,0,1015808
terra1dxup9qnplclxdm50ulj9qklckmx4waaslpgdyp,loopr-ust,193865262,0,193865262
terra1sxmac0jw9sdl6kr3paswftyph8v6hec55gp9qn,loop-loopr,2877910466,0,2877910466
terra1884yk7wc86amezwy8wu5gvm64f28492r07wlyh,loop-loopr,226386194,0,226386194
terra1fqe23fmmdxc7tarudjcztxs6jy9pwxnzskma6f,loopr-ust,432313241,0,432313241
terra1w53eewfpnh87nkzft4854tweym9c637kmjx23d,loop-ust,1799803,0,1799803
terra1aud7c4xld90h0h4qu6cdh2x5pj0ks3wg6466cy,loop-loopr,476893424,0,476893424
terra1za76tnu6jx4vuqf3ccfpgel7uftp2yy8t7cgsw,loop-ust,1080584,0,1080584
terra1n3nyg3t9e6q0lw576pqr4acszay06w80n5hp7j,loop-ust,32386073,0,32386073
terra1u8v0jckek48nqazw4qt97crphhyvnhzpc354ew,aust-ust,134377751,0,134377751
terra1kvnx0tc9ddhccqlhuqmqulvnh9v8smrutfc5j8,loop-ust,15646352,0,15646352
terra1madruer5vgvgef47ymdzz7l5uql8chmurwz0c5,loop-loopr,15152281800,0,15152281800
terra1m7r5dg9aqxqyvttalfsvvs0c82eh2zttgre6he,loop-ust,178235877,0,178235877
terra1pcxpyv70ma3qhzfddy4cadvh2mq4q8gjlw88dl,loop-aust,115335670194,0,115335670194
terra1xcv8e36slx0r4qxnm4x9smh5r45p5xz7fedwcn,loop-ust,6760361,0,6760361
terra1puf0jykdga820g2ucmlnu42ntha2frqtuscn68,bluna-luna,7063061,0,7063061
terra1mzmgjjzc0jenwkwgfptl72xtnmqahq05qlt64q,loop-ust,7710865,0,7710865
terra17mp76ldrm7599sguysvay4ywdpn6wpcfapdpvr,loop-ust,971890,0,971890
terra1dwdkt3mxen55rqt38ruhrkp0l3vlaaegsvfy00,loop-ust,937994,0,937994
terra1m6g0khyxcqyca92tlm3tgv23gucpsq5j6e9mxs,bluna-luna,4791344,0,4791344
terra1n9etspuvjz6mec3mjhzjjlx7spl3zzvpxarakk,loop-ust,19377428,0,19377428
terra1pducj35sawa8204d8hz5wmasdeqj2zqwjpzeez,aust-ust,1049794394,0,1049794394
terra1rhur5dhhxdxcturun9t3g0thfft532kfzp47cs,aust-ust,6040162,0,6040162
terra1vga47hvp6tynl2x8ykkursp8ewehgqk73rzmjr,loop-ust,701408,0,701408
terra1y97u6dyhnwcx2v9lj6rq27zt724fh9s4yvhgj2,loop-loopr,22325723417,0,22325723417
terra1ullj2g9my9h04euxav9z879djz9csvm6ltr672,alte-ust,15870583,0,15870583
terra1nyfsjd3w4ykkwku6p85dwct0lcc8fev3jtc33e,loopr-ust,91417661,0,91417661
terra1xdasdu7m07xeehn8afujrvlr0gjtszjhedxj2p,luna-ust,33589082,0,33589082
terra15lt5r6ayv3xy60ld64hmdgd5wqsl7839484rtj,loop-ust,944108,0,944108
terra1xx7e0elm0ll44sdyptwx6r75edhye2e8564pml,bluna-luna,211983134,0,211983134
terra14aa25zrscwzfq3lxs29htd242zyrrhjmd4pm29,loop-ust,1694244180,0,1694244180
terra14w6grkjytv0lnfmkjkj3lk55k037ey4ufmtaaz,loop-ust,114373250,0,114373250
terra1pwxxacr994cjljc0hpknvq9sgd7gvd22qsagec,bluna-luna,10054685,0,10054685
terra1m9pvqt8xfawkrjdqamyjgysql7xrj88zg8frfy,loop-loopr,199291462,0,199291462
terra13wcl78tcqrn3sv38dmaxgy0zvsfn9q8pwwman9,loop-ust,2300815,0,2300815
terra10sph3dexhkzy0cgcxhc03hallh6dcuejkeehqe,loop-ust,7032387,0,7032387
terra1t3r65m8n4pct7prm7ypwsuk8j03r3v5xj73z4n,loop-mine,846339550,0,846339550
terra16vvmyn69h3l404antnp9gpeu8pluyysa9d7m54,aust-ust,89270802,0,89270802
terra18jfczwlmv3c6fehyhyp00ajlpfel464w0x4fzk,bluna-luna,2497777,0,2497777
terra1traa8tfs5qw77xuau4ml3x4z9g00ldet99449l,bluna-luna,58140281,0,58140281
terra1kpu7eag64rkfee00vlz2xv4rpd60nwk596m3z4,loop-loopr,9539874,0,9539874
terra1vdh7ecc84gqk0jvxfu4undhdlpv560zn9wekh9,loop-ust,3172142,0,3172142
terra1stlmduav8tkg943zszje8wr2eljun9xkrdmrxu,loop-ust,153774320,0,153774320
terra1d53nkdu4klu8az2xmms32ayta5rfns378n8qaa,loop-ust,1894767,0,1894767
terra1gukw2cz5vdrl9yqugxwfv8vjpymffy6sp4qd8y,anc-aust,3525938023,0,3525938023
terra1ukx8fce55pnvgu8xwe4qr9mpv33n9pjwtjclph,loop-loopr,152923108,0,152923108
terra17k7fsswk8yefsnmnw8rvsh4qy48g9ed87vlhch,loop-ust,2488624225,0,2488624225
terra19lpfkuxh3msh77mjleyxnj0f5juq3334n9afcz,loop-ust,5287800,0,5287800
terra1ljeqdqznfw4glvxat7ge2ht6hmzwrwuj6dj2y6,luna-ust,5209420,0,5209420
terra1270a3r5ccgs7k503sq5peupg8ksyjqdvwxc8va,loop-ust,129283642,0,129283642
terra1uy92ff9w26q83llxmf28derarjx2l38p2srcz7,loop-ust,9625354,0,9625354
terra1xr0j66zkj405afu5e8jpeuanavtqy2waw89clj,loop-luna,58470204,0,58470204
terra14m70l5f243zmkpsds953fd0gy4kueqmee5v2jh,loop-ust,625441132,0,625441132
terra1kr4yse0t2cs5n8q2whn8dp0zmcpclnmrssrncl,loop-luna,75249118,0,75249118
terra1ev5p3e8a4urr43uvmd6l46mzr5l4hgp6df03qr,loop-ust,3687816,0,3687816
terra132w5j873vdl2erkmmz0spadnzy03lhdjfw5g0n,loop-ust,3085197,0,3085197
terra1q4j4vf4azqvra36jaq0cu8rpkkp767jsst873x,loop-ust,681688,0,681688
terra1xfs35wwd5znuavpdlv55mx63rvdg45pptsz8n3,loop-ust,897074,0,897074
terra1m7mzxzgkgxyge62d45pjj0uyry6dp4nh87uq8f,loop-ust,7281197,0,7281197
terra1java24fd29tf8q2sqyvawhragf875pvdwhxl57,loopr-ust,337072551,0,337072551
terra1xcync2jqvf5h20sxvtr355v5023dr72selh7te,loop-loopr,1082759951,0,1082759951
terra19fkyjxg9r2jldm3je4dxfwg2ajmntrehqrc4rx,bluna-luna,6399060,0,6399060
terra15yqzw7hgyj4dyq4twkwy3xw7wzgmln4v49fjhn,loop-ust,2361612,0,2361612
terra1hxjepxld3cd0zy3rvsy7f3vsdkyfrlqstymmw4,loop-loopr,49859138,0,49859138
terra19x09vp4sfn8e0c2srqhx726686sxafmpj6urdx,loop-ust,22481478,0,22481478
terra14w8a2mwjnqmuulwx46vamvdq9n3mus4jqc3zxx,loopr-ust,6292346,0,6292346
terra10gc02uwl8p3fhauega0qe94rwuxz5pk3ygzaan,loop-ust,21381069,0,21381069
terra1l5wnzze86fwznxvk5zhrr9t9pl9stl8nnr82kk,aust-ust,38444903644,0,38444903644
terra1pqqu5399wlt0ynj3jrt53dzlxklp7ks2tqqa0y,loop-ust,7023251,0,7023251
terra1dj8t3808cwnc28ppfgpen4fjj5syral5gr0kl4,loopr-ust,50650942,0,50650942
terra1lfdv2l0qcktwn25yjthdc66qk5gmpe7plkqmf9,luna-ust,31969324,0,31969324
terra19hhp5zcqr2dncg4rp7tg43et0n0x45892pzlq8,loop-luna,9056928,0,9056928
terra16g0jmj2fdeqz26w7zd7flv4vtswx6nrxccpd7c,mir-ust,4056630,0,4056630
terra1c7w9c7xp2y3zwr9pv4w000dckjq39jpgm4lnnv,loop-loopr,12738901028,0,12738901028
terra1zej32um2s7mdky8cyn5sfefe5n88tnh4j3x33n,loop-ust,9351416,0,9351416
terra1zpsptgnd0rrnhwe8vrz25uptvd3338g6f86mn9,loop-anc,919013,0,919013
terra19agcl3adegkzd03d44ywuzy2x6kykg7xjgk4mv,loop-halo,12996194301,0,12996194301
terra10ft997n2v7798eysscgn4k246p32f7k7xwe3sa,loop-ust,1809004,0,1809004
terra1zktf6z87uswx0gg897ys3ym2wfree2296e5hnu,loop-ust,9560644,0,9560644
terra18hg8xat9dgr4wjaaektfna45c42ukxau3df6nq,loop-ust,1222238,0,1222238
terra1gknxrfut66tc57ey82w345r426ax99nxgg6qay,loop-ust,967425,0,967425
terra1jq74he5p0jxecghtymqjr8eu9tsm9h47jy5jyt,loop-ust,19292655,0,19292655
terra1ge3xclhww9gmx0h3rnmml0y39yytss9g4ytwxm,loop-ust,26682880,0,26682880
terra1gcztuqpqfh7rh7t5cwc90ghz2vn6q9tvynavmg,anc-ust,559986669,0,559986669
terra1qgdy38e2m0nr9agcnyhdhg8utlgv7tms8l87he,loop-ust,14381757,0,14381757
terra1j0v88vkphhn0nd5hjs8cut584pt7rcfvh9n73x,loop-ust,979311,0,979311
terra1n229h26wed9en90fkvzsmf80mslpnd0sg5fa9h,loopr-ust,19584810,0,19584810
terra1x04hmnflf33qwuevlp7d26qcy94kj6wns3px86,aust-ust,777658707,0,777658707
terra17d8jv0j9u9rz0uy3cnwxk7daw4e7w6z24m5jfc,aust-ust,3367953841,0,3367953841
terra1r7dke7zyzk3njkyquanscq70359d5tgmc2zn2e,spec-ust,76966,0,76966
terra1p2s8a9vykc4ghwfg2kg7ajxnaxq6hqj4ly8q9v,mine-ust,895670,0,895670
terra1sy009kgky02qt8envqyxwllj075xplh6mt8x2l,loop-ust,5096908,0,5096908
terra1stxqu25m5pyqajkwgc9d2znewstj29d9dljh8h,loop-ust,2380620,0,2380620
terra1clrdpcm6rgcrfptxapudu4xetd677mkztluekg,bluna-luna,535457415,0,535457415
terra1thuc5k63jfdhzj0ad9w9x6hctt65g2aqma3y0g,loop-ust,1592148,0,1592148
terra13h5dw27zyxf0s6p737vv7nawllqnx3x85pr0de,loop-ust,8949403,0,8949403
terra1mkd5j67a65rkkxkwflqhf22zzypm48waju7quq,mine-ust,153247743,0,153247743
terra1hn9xufxhgjvu6dfxksdztzpz57d05w3afjjylv,loop-lota,281137326,0,281137326
terra1tnvgwf9m7vqwzwdqur3lzs6gt6zxehyul00gv6,loop-ust,22513946,0,22513946
terra1ggva7kcxk0dy686kra5zdd6pnhmh7paka98uv4,aust-ust,6192042626,0,6192042626
terra19muyl352qfhj9dgdt44aqg7v86g34pn64f330s,loop-ust,708048,0,708048
terra19mhe09un0qlgzxeu4nx8h6ztl8x7ey628v5cs7,loop-ust,36404,0,36404
terra1a3y297ull4750dq5sajxpttjlhem5xwm2067ql,loop-loopr,1980392879,0,1980392879
terra12zl7zk9rmj338taz0qsecsslqf6zsmhk843vmv,bluna-luna,2109582,0,2109582
terra1cmtxhvyjc9v26n5dha4u80qsw2xgat75fget7h,loop-mir,245906719,0,245906719
terra1fh0ag0gec49et34rycvplzck8hvzfwr28l696w,loop-ust,25176548,0,25176548
terra1kvqau2w30s922fxy33fdz8cjw79fdc6stznfzz,loop-ust,981054,0,981054
terra1329fdrt00yhp9yx3s20fszgqkmwxp6dcyf3tm7,loop-mir,1594562,0,1594562
terra1v8rj3s4sptklt0zda44kr6fcy5fge7syx4ynm7,loop-ust,1388614,0,1388614
terra17u4qmckugktcl879sysud5p8dsaaqj9zlvzczt,loop-aust,293844456,0,293844456
terra16q4grmd4jcu4gzevfreed2dgjhkjzjqjqlzhw2,loop-mir,263953058,0,263953058
terra1k9xv4kg3fxmk2a9ycpqgfnax7f5ew8ymr8gxe9,loop-loopr,163640262,0,163640262
terra17cf3ftylj399p9axgxj0xjsft6gzwl4memge4p,bluna-luna,30432017,0,30432017
terra1fyfdmy7u7mcw5fayp07j6u47ml9l6f3gm75yvs,loop-ust,282679109,0,282679109
terra18fq0fslpnmzrd0zr77e2f552d74vkmczmppmgg,loop-ust,21466561,0,21466561
terra1d8gu697alr3xrt4adpy2jaslazgvh70v2ha9zw,loop-loopr,6425196085,0,6425196085
terra1vzxwfvapsmyumklc444hf2fae233dcld6vkzkc,anc-ust,1344393693,0,1344393693
terra1g4zv9yt3qx6zng7j50g5gsnkr8gquflnpatck5,twd-ust,109955152,0,109955152
terra1w8telk5cvsxx2g44patdtkcdg6ggapyz7e6zfe,loop-ust,918038,0,918038
terra1ehkdglclr5qk8533tspax4942enacaxa9mylth,loop-mine,34487299,0,34487299
terra1ffh46xgskmzkzr8d74ghkjydjf27xet40vjd49,loop-ust,92490176,0,92490176
terra1zvh488qsn8aah0ws55pxdw8qen7lhawd6kjpgn,loop-ust,6344365,0,6344365
terra1nmnkjtgsgy9ylwm9kaxftndge8lh74gzu289ct,loopr-ust,554790892,0,554790892
terra1ndmzgrg6kk5d8j99ta9cuajyct20c5p0xtgqju,loop-loopr,47001522,0,47001522
terra14klyrmkx86dasaa7sdugdk6jj77f7mndq8uzvc,loop-ust,14621542,0,14621542
terra15e9cg27qs2t9wga0ytxc4ydr2d83kq9jkwd7us,loopr-ust,24067994,0,24067994
terra1zz9thu452pj9kq8qr07z0ygjdf4wev0j27j6ne,loop-ust,1353084,0,1353084
terra14lxc004aj9znhhwjsw066hll6jdvufwt8jnlfh,luna-ust,31167308,0,31167308
terra18f3hc5zpg4up4z9k8h6tgj72f535mz7dhp7jsw,loop-ust,973457,0,973457
terra1ffsm97n7llltapgmnfs4r9sru2tl3elkh64rth,loop-halo,2271954431,0,2271954431
terra1mkna6p6mlzj47mz7r3deuuhzfc3j52t6ej54ey,luna-aust,48163506,0,48163506
terra1shwrlx7nx9cq0j25gyf3v8adp25zqls8f8zj86,loop-loopr,4576722094,0,4576722094
terra14sgv38zv0sus43yg6svh4m3n84zsjlnnpkt3c5,loop-ust,30563832,0,30563832
terra14zdr7qfxsjtczas3uxaarvgstv49rucfv5leqe,loop-ust,29618341,0,29618341
terra1x570a409zsr2kclwaclus94mv5atzunrz22g4u,loop-ust,6487916,0,6487916
terra17xy2zewpj49vhaxxh3ksrz3wpm5c54g0ky8pvp,loopr-ust,14375812,0,14375812
terra18ntlzg2g2cz5l4ksn3dzttn7x0jrlnxmwxyqce,loop-anc,4970977,0,4970977
terra1w73yndd4tq6j6sa67e8h207sl7z60u633xn7tt,luna-aust,8476387,0,8476387
terra13rjpth7n65hswzwzmdsesg9p2tamrgjernaksk,loop-ust,981179,0,981179
terra1hum0lqqe9u42hxdehtp29njz6vpfw824wnku38,loop-ust,16672727,0,16672727
terra14zy7l0ptyj2fqpxckr5stpgstmq03wzwlk9k5x,loop-ust,96051180,0,96051180
terra1r89gqpxwe3pmhtlej5sg4qy54u2vcj5mq479dm,loop-ust,26394724,0,26394724
terra1c43ag8akme9qhf5zykmu52lf2xl22vl4mwt5pp,loop-ust,40932584,0,40932584
terra1d52lxq5etym0kj3dajd60j78xm3phjass29m2f,loop-ust,3650692579,0,3650692579
terra19j0tpk42l8xc2vj88c6df5fqwxh0al5jcnt87u,bluna-luna,5981246,0,5981246
terra16d29saucdnxadz9cnxlkqew9gkyctx073jg4jz,loop-ust,981016083,0,981016083
terra1deqp3msjnc4z606h9sqj49vac2fa4nkc5aquhr,loop-aust,553990431,0,553990431
terra1zqv7064asnh6dufp56kggufech0kpkmpamssan,loop-ust,992148,0,992148
terra1zpwh7ucfy4uwlha2ykn897u5evqtcuj9u2evzt,loop-ust,12055103,0,12055103
terra1x5kp88mp97yldg2l48828lmnf6tneslf5xhwma,luna-aust,365472424,0,365472424
terra1zqcx06upusnew22h9squm4tmcteqapuaxhnqf3,loopr-ust,139382,0,139382
terra1zpyn5kaym4sqa3u68l5f7sjergyvcsy3nfkjwu,loop-ust,905961,0,905961
terra1d97kpw64gmlznhfg9wmdelhlzscmdlkfjph840,loop-ust,32162823,0,32162823
terra1m5j8lwn4wg9n26rvupr5nvuaww5tqyj57sfwcn,mine-ust,414129606,0,414129606
terra126gf26pdlk5gp8qu27l3crsjhngaaa4vrjtvc2,loop-loopr,3156318885,0,3156318885
terra17wklvvlxs9n4xrmzcguw6rgzclgdstj2ap8k4k,loop-ust,55240378,0,55240378
terra1mxa64k5dphmt6lctaveld54vwwxxx3l743ugyp,loop-ust,2516831343,0,2516831343
terra19nh3aq3wh9t3h3gj22nlczwnplwm2gw5hska7j,aust-ust,4476141853,0,4476141853
terra1fgsqwev0wkkef22680lphwh37rvgd8f5hrje05,loop-ust,1918716914,0,1918716914
terra126pzsnvyfms9jly5cgdj9vyj8mr0rd636aqz7n,luna-aust,314213562,0,314213562
terra1lajaca9ddvtxtxwrzguyu238xer2rkr557exgg,loop-ust,93832063,0,93832063
terra12mnyzqve3pvmaa8pd3lwd6xntf56jp6vy2u5nh,loop-ust,2126820,0,2126820
terra19ew6uf3am4yzsszpzsedu3q38an47p9zppzjkm,loop-ust,2150347,0,2150347
terra1at0hsv8ga64fcpxkkmx4c46emeraapxykeh2zp,bluna-luna,2971421,0,2971421
terra1xss9qdzx0pc36yjr4a9wrssfjyt9hrl9yf29v9,loop-ust,5363157,0,5363157
terra1nech6j8xv237ne9hya4t4fhvl3cx59faujfff0,anc-ust,1072230575,0,1072230575
terra19rn634nvt24vthdwthzhxfvtly2um3sqp5uer0,loop-ust,71977,0,71977
terra184z9kt3f2mx4xrevweym05d5r4cg09nswknam9,loop-ust,5515625,0,5515625
terra1wjul786ddme3yhvedhcserhf7mtwnfkwfqt6ne,loop-luna,2972236,0,2972236
terra1p3k3ljxj30ejzuwzqytuj5q8yjg4cc9jrdg9ms,loop-ust,2700516,0,2700516
terra1kww3r8nfxlm7jp6y3k25rgsfshqm8e66d664zn,loopr-ust,25650919576,0,25650919576
terra1key0p07xw0t7tnlzhqfmty88vv2wdmltn9qvuv,loop-ust,4624767,0,4624767
terra1r4dn4pdn9vzk2natcvfdrv90d77uacqqam76va,loop-ust,7695226,0,7695226
terra1ja4ctudafjvqttts6yrqdxglxrz2xeh2cg30vp,loop-luna,1040886,0,1040886
terra1c59nz6zrw0898g9h9sv9rmugp47sgy2vses4hn,anc-ust,354049849,0,354049849
terra1fe070ehuz2mq4espyacw3pzk766s9jhl3xar94,loop-ust,683739,0,683739
terra1d09xq5xh5ljzu3au9md2rfj8mwj4gldt89lh5k,loop-ust,5270335,0,5270335
terra127f5wutgwlf2xp3dz699tan7kdk5ptfqhm3zzc,loopr-ust,174782534,0,174782534
terra1e5lucufr0v9mus8z5q4pretqpt4aztxake404y,anc-ust,61613389,0,61613389
terra1vzp7tmv3v77fpxr5gfxuz5fr4wlqd73xdhx897,loop-aust,428448616,0,428448616
terra1gan8naj2rvg5n0w4e54835nfuv7w0xtkwnmy4d,kuji-ust,491367040,0,491367040
terra1utph0jwn6escqlvz3lsr0c5ezrg3exwv86e0sw,loop-lota,148491929,0,148491929
terra1eeqtsqsjtx0rqpp4z5c94dt7zlaq8kulw5g30k,aust-ust,895697288,0,895697288
terra124ksdd5gp6y6d0d742ggz56a3gl637d97rc3e9,loop-ust,908193,0,908193
terra1c3wu8rdrs4pcf02f2thr9gs4p9pej8j34fh5s9,loopr-ust,58099511,0,58099511
terra13qcfw8da6cf2xx2jggn2nky46xlqtcy3lfztt3,anc-ust,9239423,0,9239423
terra12nwhn6nyfsyuak6jmhgy6pp60qqxjmdcdmrlcg,loop-ust,11980625,0,11980625
terra1xg0ypatue7f7pakrrw5cv4s7u4ncf634uw7d7j,loop-ust,16908172,0,16908172
terra1krms60cal45zf5wkehp3pmlnnk7jnkyd385jp3,loop-luna,7427851,0,7427851
terra1l8e2hzhrh0kym2xanrw6fmlgfs09zxvunw353z,loop-luna,1024066819,0,1024066819
terra162jnee4f9q2vc3nqwyaru3qnepvul3lcmg7nmk,loop-ust,3260839,0,3260839
terra1naw7lz5slv65d7ucy9uuut0c7rdc522fp7kwdj,loop-loopr,8027801,0,8027801
terra1fyx2xvp4nzr88pvqgxx8qt6g7dyynm9su960k0,luna-ust,201387670,0,201387670
terra104qt6377pmud0ad2tsqamtnpt9kr9wv4auqh6u,aust-ust,2277106287,0,2277106287
terra1mqrda96ucfqtyydxd8ppxa57pqp4yuuux5gukv,loop-ust,92506759,0,92506759
terra1um8wk3yzpttkjc3nl6vuystcepp5w7dfk35d32,loop-ust,8638929,0,8638929
terra10mzug9ys50wqnrs42pgce09arvmkv7zgnkd2r9,loopr-ust,543148213,0,543148213
terra1zq3xpmr5fvutyrel3ztzy6xye0xg6e7e7uavka,loop-ust,5743097,0,5743097
terra10qc6w80wj9das42m9l3lrxuufv2ntnt9ynufpw,loop-ust,3899179,0,3899179
terra1w7keayv0qk05fxzhl3m89krerla8dng8tl8c2z,luna-ust,4533818,0,4533818
terra19lxlrh6h8dxxsnvv56lu6ywlqhvfae6jlw67da,loop-ust,192952886,0,192952886
terra1edduhmg73scsjgsqh87y85dzuptal605lpy9c7,loop-ust,458763,0,458763
terra1wj5d7pk6vwpun5h7n795g52yfs7dqx5p2lhvp5,bluna-luna,1219037023,0,1219037023
terra1ppdfw8z6pks2gj4l3dqlh70wmlw7tj6a0305s2,loop-kuji,6841828533,0,6841828533
terra1f47mq0ff5x4n4y59efr4qyyw9xqjdgcstxjtkx,anc-ust,56453411,0,56453411
terra1u2md78k3deyzyzkc2pwdcjnfc2gne6khh9rg2t,loopr-ust,15160150,0,15160150
terra1r90qju3602j3y5qy7q966xjnuzff4mhs6zl2xh,loop-ust,20599400,0,20599400
terra1vnn2sn86m6z5up4lznmzv66308kxyz49mxc0xe,loop-ust,5341693,0,5341693
terra1zy72tgezq47zvqj63utj9v4znfhhtdqp0z68cr,loopr-ust,3804387569,0,3804387569
terra1ujlyvfsuk7wf0azx3095fn9lnhxqej6y28dfmz,luna-aust,226837709,0,226837709
terra13528feak68zf63pc6htza5uph8vtsg2903qgd0,loop-ust,5614591,0,5614591
terra1u0qzzju3euwydggpf92gx3yswcj4uhkze6he3j,bluna-luna,48340629,0,48340629
terra154m80txcssd5gfwy4wc3z283umgpnk7a84555t,loop-ust,4833882,0,4833882
terra1s5azdu203pcwr5hn3fm4lat2s6m8w5n5zvk59y,loop-loopr,13520307,0,13520307
terra15j8yrmcfy04qeh58njrrn6h3f0awm665xedd0z,loop-ust,911948,0,911948
terra10ngs8zgl5vaeugvu979vpn7hnj7t7hj43ajhsc,loop-ust,10030387,0,10030387
terra1qzuw9gz5vf283ngqly89dt6362323mfumsfzr0,loop-ust,26406052,0,26406052
terra1vu8wn36srufjafye4cq8h6zydxren56jzxqkcu,loopr-ust,69509698,0,69509698
terra19t0lvfy7yllzv2fwxz7agt87w620wcklsh3u9j,loop-loopr,2656784436,0,2656784436
terra1u952szhc4mnay3k0w2pt7zmn5j83xlef38yl39,loop-ust,9054524,0,9054524
terra17vugeyr2pc8rne52ssukd8k5dw43mq0jnym50x,loop-ust,56973062,0,56973062
terra108j259xepyvdd6fk0tkwxuwfag6pgmqaf02wdq,loop-ust,33713105,0,33713105
terra1n5efkashhv3np242cynajgl8u073q29flpg6hh,loop-ust,98660660,0,98660660
terra143r6dtgd5dhvc64866n3dmc8rmha7e5l200mkz,loop-mine,170550321,0,170550321
terra1vzacxnad85702ue8e4cz9ycfgvghgs0zu6tpq7,loop-aust,7374693622,0,7374693622
terra1qzj4sx7rvs4gyjctdkmgpr2zllchh74zks0am2,loop-ust,165865000,0,165865000
terra1303l3g0kem3wecrrwkrjpn8dt98487cwzzrdw9,loop-loopr,780179101,0,780179101
terra1as3ullaxwnwh7hae6mx24ccxc07gsj0ypf0xt9,bluna-luna,25379397,0,25379397
terra1dxm8yy0ahva3p9rhqmj638gykuv4rwg4r066v9,loop-mir,2425750,0,2425750
terra1tex76ph37hf00m4r3hf6c20v34glrutc8e0cqc,loop-loopr,3331982690,0,3331982690
terra1pn2n39gegme9ywch9fvax4tg037kgvzw3mnkha,bluna-luna,9888165,0,9888165
terra195405ffucyljpqpvgz3mdsrlwx93qlzkvr9z87,loop-loopr,1159016362,0,1159016362
terra19vzgtqprsgqr8mt66n99ez0x9ytze0f5pen8gg,bluna-luna,11373825,0,11373825
terra17r43pdz6rdp5q9ad9emsp09edu57xlrw2uhszc,loop-ust,1558214,0,1558214
terra167daxf6ld43swkmd2yusfhtxcw745zpajjjmxs,loop-ust,532551,0,532551
terra1lqdc6d8xta9wvz0q9ccz305vwvwapv97cseck4,bluna-luna,4569957,0,4569957
terra1kv0ld67gxttygsd7fwxglfpmymt97qsgmugsux,loopr-ust,24254618,0,24254618
terra162fsru5tvlyepvn6qnhxuw6t0nx00tw7mclzl6,mine-ust,33218780,0,33218780
terra143372u2d7lp5cd5peulugjuc6u68hg9csge2we,loop-ust,6181954,0,6181954
terra15qz8zr6ttfndzpxvmkwsf6am6z4hdyt80uwmjm,loop-ust,5643242,0,5643242
terra1alle3vmx4g3nqgpjm8damhz6plmfhm94dwawmq,anc-aust,55400685,0,55400685
terra1nyfsjd3w4ykkwku6p85dwct0lcc8fev3jtc33e,loop-loopr,44398961,0,44398961
terra1pm40mwgnjsujkcwnlg7d5fc2annwjpjwktw7fc,loop-luna,25169374,0,25169374
terra1swx5lj8u6dw95k9v3neyduvp3fx0609cf2xfxk,loop-ust,14824333,0,14824333
terra1jscf2r46v3nlj30ddehyuz7nn78lc7ua5anwqk,loop-loopr,276016492,0,276016492
terra1q0qwrgxm9y26lfkr3t8mpmjzfcy327eu2kq5sf,loop-ust,3646167,0,3646167
terra1re75x3pmvmvruyqn9p36uru9c6mfg5y70jljm8,loop-loopr,3329919953,0,3329919953
terra1qr5nsn8p0qv6lf553szxz04urw8wd05f4tunej,loop-ust,9070915,0,9070915
terra1ulytajte68hszsvxpxaer236vm6zacct6vd9cm,loop-ust,5256861,0,5256861
terra1ztn2eh9x86evnaz0wswfkvngkzwp4h6yvrarus,loop-ust,174449,0,174449
terra1en48g8aads629gg9a4uecee3jrcmefctg7cz7d,bluna-luna,99791689,0,99791689
terra13huzakcmy6pezpr3gwhytuz872xy0w42m4nmqz,loop-ust,4498644,0,4498644
terra1dpz348znhawt4398nummdv3crpyks20ln3n600,loop-loopr,4982435657,0,4982435657
terra1tzvwd0xzqhwlg4fh3ax2rf4xrt40tn76djxt8k,loop-luna,8627726,0,8627726
terra1r28r6gx489e9zalrsnczqx7y47st3yazaq9ja8,loop-halo,1126490603,0,1126490603
terra1gynn4s3k8cwny33xl4uhlqwsjpkrff2vrlft0l,loop-loopr,2103371627,0,2103371627
terra1l3esnc7gezmy9hkl9fvhlayq5vwyr44px35f7f,loop-ust,886531,0,886531
terra1687nrmd6l45pa7l4xe6gl7ag7ja0pkyl5xmzxn,loop-ust,27271518,0,27271518
terra1g0yf99jnjlj56p55thyuq7ee93sm9k5lf3v6x6,loop-ust,145960048,0,145960048
terra12jav0kyxahuj34f0k3nrazlgyetjdraltsmpl6,loop-ust,466751,0,466751
terra1prfrmumvdq0hzpjavk74zut6qtj0m6m7fy6jl6,loop-ust,8003876,0,8003876
terra16dnx49kw3tsa78arsxqxstq7dcg7quyg5pq5uj,loop-loopr,662747312,0,662747312
terra1eglprhq6w8fnaamhjlxpgqk0z03smxqmt6gmfd,loop-ust,16515744,0,16515744
terra1edhexyf09xv0cyqrsx5swrnjygwtukdxvr2k73,loop-ust,4417167,0,4417167
terra1k79qyyduezydrjj95p5csw07sv797u9q6c69dn,loop-ust,1116962,0,1116962
terra1wjpxxcx73xn2pzvp8qshxvs7qcs8fapm6pwdhu,loop-ust,3836716,0,3836716
terra1dpeedu2f9ymlehcxq3hmhrnpa4xacwxudc52x2,loop-loopr,978533045,0,978533045
terra18at7y3m063hny4len2a9f5r3g6h72w4t3umf3t,luna-ust,155654798,0,155654798
terra1f382ah4629dy5vsp9hf5vqqdc9rahga89nvdnd,loop-ust,374238137,0,374238137
terra1wa95ca6a3dkv3yjev6etzxec9u8huwjnjzeu2n,loop-ust,182351988,0,182351988
terra1z80vruw8suqle0mjwvspk60959lh5983lc3gsk,bluna-luna,827125701,0,827125701
terra1nu22ykl3gq4x0ek7qdna2ee0r6mqhwysfa5e7t,loop-ust,16802178,0,16802178
terra1mwcsefyh89ehzjdk9z8j4cnyt2er4wq9kdkq5c,loop-ust,4868959,0,4868959
terra1f8p4g5qhv9ev3l3cvynduprugkswpfxl0pajfk,loop-ust,497210489,0,497210489
terra1nqtr2elcp5xsrr7e9g9uhzxd44uc884jn8qud8,aust-ust,1342249515,0,1342249515
terra1nyh2el7c826anxpudv7jzs5xh5ta2mz3cw8upn,loop-ust,110944448,0,110944448
terra1xsnzpypf0spgh63ndy9cxug9ep0yud8m3f3dhp,loop-ust,9978378,0,9978378
terra1tptemjuxykdey9n257rr4fwlp2jak52ehlammx,loop-ust,1965725,0,1965725
terra1la9rhr7f3dy7c6lap366607snuu88zn7g0qtgk,loop-ust,9838423,0,9838423
terra1allsw64jd02x7024ptceat5p8qpr72faxmm9m5,loop-loopr,3521369088,0,3521369088
terra122yd79zx34qnkeffvmcqwsmcxehqucqcreyf2z,loop-ust,4429013,0,4429013
terra1z8h5xn0rvm6p7xp3fs76qdd2qaecvl3e094ryu,bluna-luna,4033791,0,4033791
terra125096nrylxqfumga2f9c79eka5uae6eudrgw76,loop-ust,1264783,0,1264783
terra16ejk55pujchgjruejhecnpuh39j7a7r3n8xxvy,loopr-ust,287072927,0,287072927
terra1jkne5k7lvdqc5fjelprqganr8f9zu5g75y0ea8,loop-ust,981581,0,981581
terra1wuavqdt2n42282yf9xu0xasrzrrx3etaywmc0p,loop-ust,115841377,0,115841377
terra1tsjw7r0cgp608jdxf8m5p7pa85fkre7m7spjp4,loop-ust,1882576,0,1882576
terra1gwerhh3ssf46vrkgsspzqfcfsvruuwfz5yeys0,loop-ust,9098673,0,9098673
terra1z7t0zpa6pyuvj3q7934pamdtjvu2tj8t60u8ld,aust-ust,524820945,0,524820945
terra1km7nfp7733d6zzv8f7kn54vpxleztsrs70ypsc,loop-ust,20581536,0,20581536
terra12gqp6s76yn38krunkllw7989w507sz7njy006s,loop-ust,16938470,0,16938470
terra1cdzakehctfmzqymxg5j4pxxtlc8tlum9lefcf9,loop-ust,2506481,0,2506481
terra19dw5n4kg98w3qy6z4kjt02gu0dplv7t9s934ue,loop-ust,3741670,0,3741670
terra16e59y2p8m7f5jphddw6xenyzng6zkyz2rlhk9a,loop-loopr,363605636,0,363605636
terra1tsdaczna3w23ftk540236st0r6llkcp0npg3nm,loop-ust,799346338,799346000,338
terra13pdsldr8mavfwdgkk6krru6xj6whnnpdeqcydc,loop-ust,6553161,6553000,161
terra1wxc4ufxg48h56kqhaaegzljjmup53rjxj70y5t,wewbtc-ust,45592,45000,592
terra1rc6vh28rw8ptwykkugul5dsz9jjdfrz58agqlw,luna-aust,2488636474,2488636000,474
terra1l45m2v9kgreyswvtsuje938lzadldaq8ynqtah,aust-ust,44623107388,44623107000,388
terra1qdu9s02j8f22d8e2p7q3c4u5jknvutquw2z56j,luna-aust,381338180,381338000,180
terra1cn70sru5ut70rgr8trq9q7kjqtkcuefsgfzg36,luna-aust,34532566,34532000,566
terra12rd65vl8rsdkazxz6yf7c6y9z2eh4ktr3zkzqa,loop-loopr,112805752840,112805752000,840
terra1yf4u49wucx3jgavcytanjfaafzffllrg8d02z6,luna-ust,3820716,3820000,716
terra1c8ngesc7u32e87nm3p9zdh5rsywdm29t4y5g4c,loop-ust,39919953,39919000,953
terra1f95v8n9rqnw865g97de095t0akycwc2nsvtt6p,loop-ust,57687289,57687000,289
terra130cjlhjy6yx3lg0fwmvcz5z4he285pu2jn3859,loop-ust,2179712038,2179712000,38
terra19wts46vlxlsfxp64r0chjcmtnsay5w2z7c34fv,loop-ust,147868114,147868000,114
terra1hyfxpxq52lklmmary5lr5374dflekfk2c3twkq,loopr-ust,116084941,116084000,941
terra1nnlacnql2qhl8f0prhd48n9cd3j20cqccvshe6,loop-ust,54449188,54449000,188
terra186clrn8x6sc9xc94tcj9lsuzz7975azjan9mrc,anc-ust,161165973,161165000,973
terra1qpfz2kak2u8a2fj99srsr7g3p3na4xye0c8dhr,loop-ust,3917977837,3917977000,837
terra10hxj7nralcsx2vj7rz4txw2njl9qx8x297a925,loop-ust,91704522,91704000,522
terra107982u9v0dsmgwmkvat8r5u9gahuj9neav3q8k,loop-ust,209972899,209972000,899
terra1gydyrl2jk78fuupce6vnuh5a6pusrlj3v0stx4,loop-ust,30249529,30249000,529
terra1wxr7lrjll5r8nllul6lp6gvkq77aw8nw62tcjn,loop-ust,473386499,473386000,499
terra1s3jz52p40syuyghuqd2jhama5sutj5crz6apuu,luna-aust,165740262,165740000,262
terra1tgkvdjvgq9wr90ecgjcu6378hmwc2pwyyv9cvu,loop-aust,187956670,187956000,670
terra1yzxd4wnksy4re7w08v755fay29t5rftdtf2tjd,loop-ust,3724836,3724000,836
terra1q8yyzed5432zw8qqtfl0zc6qrgc84q8n429u0y,loop-ust,1779940966,1000000000,779940966
terra1wg6hcm8za5dl62tsyfa0qvqkl38uerz48z45d3,loop-ust,55649092,55649000,92
terra1kxdg90x65fcnhefwwjf4udxtmnl8lryzhec8p8,loop-ust,10085280,10085000,280
terra1eq45lzd0299wehcg8j38x3dyrelzqqjh6y6h6e,stt-ust,18722962,18722000,962
terra1w2z7hfdmln4apyhv2408hkzmn9sygr2kygrzcx,mine-ust,10191059,10191000,59
terra178suu06r4s7sjzhugxpvp876nj0p536g52zcrq,loop-ust,26137720,26137000,720
terra1uvx75qypf7zlpxdkzpg0vzfckevaaqxl86f26v,bluna-luna,2002135,2002000,135
terra1mzwy3l090cmwfj6kq69txasq690kk2nsmutc39,loop-loopr,697403125,697403000,125
terra1e0zczd4p8a7gpkvqcccfvjyec9z76dm7622k3l,loop-ust,30587240,30587000,240
terra10t5a9fv7d4s6cr45r7r7mue8exgn5jr6cd7s0u,loop-ust,90417081,90417000,81
terra1vluxg3hsstdz0zp9yctvsqrldh8l6thzrvt7dt,bluna-luna,275513404,275513400,4
terra1xm7cclj33s365ul5cnlp2scnlf364268cv35qw,anc-ust,548432417,548432000,417
terra1lkmdlkynu2vj8604w4gmn3crlftrnwls5hg28x,loopr-ust,35348126927,35348126000,927
terra13lgaga2pma4uvwt5345j0n0kunqyaq7j0ya9em,loop-luna,85942897,85942000,897
terra1gzceyhy6hrprhslrn9tjvje5s3kkrzreqemcna,mir-ust,4935809842,4935809000,842
terra10z22xz0tp2u879al4zhlzgtptrrej83jjxqd4n,loop-ust,175780831,175780000,831
terra1026hc5zj3jrsxhzc206gek6cthpgcre6z0enn5,twd-ust,270880276,270880000,276
terra195s3mz4d2zv9gjlluq8cf0arerqlg5u4k4hfe4,loop-anc,2559685480,2559685000,480
terra1w6ddmhyrfn9skwfmxs8uqu9dkpl3dzkxsz2hl2,loop-ust,81294594,81294000,594
terra1n065q0fzf06dr5cxgljjvssnt95gtztgaa34mv,loop-halo,1294444904,1294444000,904
terra1r8jht05uz2407mf9vqshenc2cdtgz0lqh4n4r2,mine-ust,1088388069,1088388000,69
terra1we6xnhajhrsaxsqrft9cxurqcx02j23cmg6p0p,loop-luna,39655517,39655000,517
terra1sklp3pmdgt2206ksg7s95gfxmqxs0xqwgh6f2w,bluna-luna,136988946,136988000,946
terra1u8nrhrjs8qsfm4cjlvwhx2f0393a22stz8pzjt,loop-ust,6885707,6885000,707
terra1qw6f9z83zakd4wnfxgdydc2dfp659qjuq9qj47,loop-mine,436165180,270284000,165881180
terra1uay0696vq7ggy04y475kgfks66v9ukmsgjplda,loop-ust,4900833,4900000,833
terra1tueuc2uhd2ydjqr830yehf97krffc9mr2tv4qr,loop-ust,80043927,80043000,927
terra1tw7h5vmf0t6j8222cvr5nh592gewh22lz4ypjx,loop-ust,480889578,480889000,578
terra1g4umudtfs0e6yc4hkahyvh8r8js4rnfjpvgfdz,loop-ust,1116622180,1116622000,180
terra1e24cjy2saua3p6dag5z9hgzx8jv0fw7tua5jut,loop-ust,4846353,4846000,353
terra1cukg7nr32uj8v9j2u2ef494v93qw77h9x3ghv0,loop-ust,16193811,16193000,811
terra1pswe4zg8agsn8vjqtp5y7p69c2uu9znc4rgx0a,loop-ust,74844924,74844000,924
terra1wzkw363vw0qg5fzvkccmedjn2pvq3xcv6g48gk,luna-aust,490772050,490772000,50
terra1du7643ysm4lj00us3ph5jm0gu2gacnajqvkwhv,loop-loopr,584962509,584962000,509
terra16x8jmq58rrp3skamxva76afsvzcgpk3ku7qawc,loop-ust,144514949,144514000,949
terra1q94268nnguhdper7ssylfczrgswzfk082cj29v,loopr-ust,127959176,127959000,176
terra17hwzvnxazzmg5kt27nqmhl4x3r78wjnt46hlkm,mine-ust,27157058,27157000,58
terra15yqxg4akvnqarn7fe5dnt4487tcsfa4zvzccn9,stt-ust,489728104,489728000,104
terra1xggnelkhvjt3w0z2zpttrnn6mk3hpmwu0d20vr,loop-ust,116913556,116913000,556
terra164zv79ah782djuhlrhzqq2egaqy6qepfuypt2d,loop-ust,26438107,26438000,107
terra16vphtkrjykadgu8pasrvk2qze34evrg5zcwjvu,mir-ust,57542263,57542000,263
terra1q45l422df0g89ark9zgrygtwmufzzv9kz6hqyv,loop-ust,370390245,370390000,245
terra1a03pcgwgxceurctp7c2epztdd66dyht04cwn6z,anc-ust,2635330397,2635330000,397
terra1eagrctkw0f0kutee6mfwg7pwft8t5afy9kd8x7,lota-ust,17194404,17194000,404
terra10hxvntznacaaeup6vhc73ssgutpkwf8ksakjt4,loop-ust,150337692,150337000,692
terra1p2dhwkjp5dc74zyyqv6sws67fjgwfeqec7rzsg,loopr-ust,31973454,31973000,454
terra1apfur7ja0d42h0f55xv7hwzt2pf979lynntwlc,loopr-ust,141684559,72900000,68784559
terra1chwtdkucefza66zsvthhsdj7p6nhzmvmq4pgmp,aust-ust,9233517,9233000,517
terra1jw5rq2pjzh4feaj8s63tv2ukdxfl7l9d3ww3yy,loop-ust,44145196,44145000,196
terra18c3gwl3pw5m49gr4vghjs55lcjjsgdkru8yexj,loop-loopr,3405512476,3405512000,476
terra14h89gkfjlt006xqa8kj3xse323gtsqwdr9prnf,loop-loopr,4491198610,2193816000,2297382610
terra1svnj6sfjt4jpqu4zyacjl68usm0g2zjny9s33t,luna-ust,841502223,587434000,254068223
terra14aq992wdnyg64gzag7pv6ky46kjnakexdpe0ra,loop-ust,80233232,80233000,232
terra10ftz027h282hs0ceczdq8324s6r26xdppcwcns,loop-ust,19300220129,19300220000,129
terra1tjthw6qwpe4a24cxq8r3ky6kasul6txflrxte3,loop-ust,5880960,5880000,960
terra1y8585j54e4q34qxhpc93t96enh9f96h4qxyydh,aust-ust,1048825961,1048825000,961
terra1jlnpsqpmxeuk6krr35j6wxjn2dqffeq06halp7,aust-ust,13317947583,13317947000,583
terra12vkmg46u3yyfney3vn5yqfampsryj3fssa5alq,loop-ust,12564849,12564000,849
terra16n9ztzq2q7v8fhwvt3n8z2ahfv0ml52p858sz7,loop-ust,3734368,3734000,368
terra10xkx8u688q9lh5z0cmau7mundv2kuuc0wyhwh3,luna-ust,14436297,14436000,297
terra1r6r360lkkhvdkc84u0m5a47hwxztrxmrl6sjdr,loop-anc,1715422,1715000,422
terra1n57tn23cja4yfmm2r9njgaukprjptrvmnnckv9,loop-ust,579994164,579994000,164
terra1hmaffnlsqf85r4pp3882rawyuyrdwplu2h8fu2,loop-loopr,58848947651,58848947000,651
terra1c7mntck6k3qk544e3rzed05qnm2l9nekduqc9g,loop-ust,301115914,301115000,914
terra17ku4mw756kkzm4fzhqn6g3ygjk3jexp0w0h7ls,stt-ust,2581077220,2581077000,220
terra1ndjh3ysrpf6tgkm2mcczskyzj03xm69hsds8zv,loop-ust,10633635,10630000,3635
terra1h7eus37kvawcap2jvra88h8ehsajjguqrhfngj,loop-mine,179553975,179553000,975
terra1gdtsmjs3cjpr044e0d83mkcl8g4vdqje25ucrd,twd-ust,2706604964,2706604000,964
terra1kgsdggktu5nh7758ulqm2qm6muj9fpn4ax273l,loop-ust,20967325,19083000,1884325
terra1rez696fnxx8ah4l8jfuk6ug50exrrj8d60tu5j,loop-ust,33388133,33388000,133
terra1dc4ly8x3890z4f9mg7nqfzkzg2qgq4k2h9qsav,loop-ust,37351936,37350000,1936
terra132klqrjk0mzg4f46j902ftehtnuqj5xt93rj3f,lota-ust,14827562,14827000,562
terra1ccscznlwwlx0gzja5xk6lnzx4w732224hjdxlc,loop-anc,1302381377,1302381000,377
terra1asfvmes784zy54je9rnn32jjjhtmaqfdjj96tf,loop-ust,102202096,100000000,2202096
terra142pm74252xrfpjnpa0mezhcmmg0237svv7nf7h,anc-ust,814881611,13608000,801273611
terra1skeej3p2x2pcexdcvxyy47tdkz6gfrhcku26hq,loop-ust,79782810,79782000,810
terra1jmkm8tgpfnewup7vmus9xlxgy5k3nx0l5fn254,stt-ust,106199220,106199000,220
terra14cs6n7n6zt0n9s5ypuca802cs8fjakhm98vsnj,bluna-luna,116294868,116294000,868
terra1s7tmey7rdjh7n5jz8qyqmramkxqms8r3tpdaqh,loop-loopr,4021603853,4021603000,853
terra1rt8zs56st795dttmcmcaj7wlyhg7peyrw898e2,bluna-ust,53165991,53165000,991
terra1ctds5gjlfwnsevq0tu4tlafaj7vh2fvpwyuztc,luna-ust,1182927798,1182927000,798
terra14racck6gzml2tq420vq22uakk667awz7r7t7js,mir-ust,25819472,25819000,472
terra1z57lpdztw09fgxvlw6wqacytatmmflxt2uudp8,loop-ust,2334888324,2334888000,324
terra1dkw8wwgzx8xqyttmvl9cdqjc2qkqxkpgsfmh88,loop-ust,157121005,82145000,74976005
terra1jv420ux93hgg03757lsahayxtdpyhkzzqqjq6a,loop-ust,42843016,42843000,16
terra1eahaxenujjzzx3kx8zc6qw332j352axt4f7lun,loop-anc,32474544459,16237272000,16237272459
terra17gn66n4jkn5a066n6sk7j3ccjvzjxc42r9fxar,loop-ust,999691388,999691000,388
terra16g8h826g8za0s7h5hhnu99z2zq32p49v5rl2f7,loop-ust,384539926,384539000,926
terra14022lzkwujs4qz35wtrsylnuj3ynxpshqmrtua,loop-ust,62336456,62336000,456
terra17lr9ncmh6vatd545zgw5fue2k3zgcq4gnl2f2p,loop-loopr,41781204,41781000,204
terra1jhjwv4w2evg5ffjpare2zckc6u7tch7rgwqxcd,loop-aust,3529525,3529000,525
terra17qlh3yuumx75eh84xx6f6rhxathjmhkcaw09a7,loop-anc,102333378,102333000,378
terra10rh29tqn9fg2rlas52cglz0484jezerhqwdu82,loop-ust,482194550,137810000,344384550
terra1wxv4z3a5ztr3wsh2ppr8m8xjkej68pu2jhs63e,loop-loopr,765846251,441256000,324590251
terra1hrltqg0aqxx9fraduy88cn23xgjh5uakumhc3q,loop-ust,8006297,8000000,6297
terra1rj3lfk26h92pyud7n3f9kp4kduwr23caa2655g,loop-ust,63183771,63183000,771
terra15ctwxk9yep2p4q0x22f76nr3j2hmkctc59r3rk,loopr-ust,978426757,978426000,757
terra180478vczlw6062vs96zd20z5y8jtcsm2cyg8ge,loop-lota,172094841,172094000,841
terra1yr0pmxl5w7xp4srvfu6hjq69z90zswqclckmwh,loop-ust,9021196,9021000,196
terra1yq7anadflykv7l9jfq7wp7vnuksdgxezyrujsf,loop-ust,342249066,153087000,189162066
terra1clyvm5qg8esewr59me4d5kt2cuk3p5hzskax7c,loop-ust,6632311,6632000,311
terra1553tt8qfyfsf72lkdmejf982hrwtqm6wzqk76q,loop-loopr,1088876041,1088876000,41
terra1mauvwsl7l0ddlrmr0n0ds7teplqy93ddw985up,luna-aust,92614367,92614000,367
terra1k9ygspepaznd902zrtgtfl3qdhe3g76skcplnj,loop-ust,14152722,14152000,722
terra1t4spwdhjk2paypypyk883vs8835dcr2830apf9,loop-ust,42897802,42897000,802
terra160lml094xruqkufvapdm6j3qph8ppkrjt2m4dd,luna-ust,2029912362,2029912000,362
terra1l4839s3zsf4ewsvw67a0j8hgheq0jlzs49uh3j,loop-ust,245197001,245197000,1
terra1du6p3yczrvywwafhsxzlv65dy9nw2tvyf8zx0e,loop-ust,287009288,287009000,288
terra19t0lvfy7yllzv2fwxz7agt87w620wcklsh3u9j,stt-ust,118194884,118194000,884
terra1dm4y77xdp957m0w2qrpealw4r4ha4cm28egzt5,loop-ust,4397430,4397000,430
terra1wvga0pp5fqp667njtemluh0ucg4lt7vpnaue50,loop-ust,243154410,243154000,410
terra1g92zaexnmm4vncwlx8p9v37mvurehfumx7r2jr,loop-anc,109418430,109418000,430
terra1kkt7ku3m6l0z2jsmjdgunk2mtrdku0kwz396sd,loop-ust,6438662,6438000,662
terra1um7lkxm2s47xkcvdmu6us8ru47ncufscyrf52a,loop-ust,110785997,110785000,997
terra1zh75kxtgfry424lqhw53v38alhs4n4qm2xwg3e,loop-ust,5091105,5091000,105
terra158v7wm9geqqdcnt5sccnr847a29rw0hrg5aw92,loop-ust,28734749,28734000,749
terra1zd7thpz5kv8x3yakcu7zn7mw5yrv60kturthr4,loop-ust,58113603,58113000,603
terra182akcm2fl4sl93v067c5akhzlq94z2428a4t7y,loop-loopr,41841468477,2912810000,38928658477
terra1ve5zj6kat5kdndk4zmxah6lnckxkjgjc3udnp5,loop-mine,341193963,341193000,963
terra1qwugg8t6zu4ypvceuad5mse8ypudh2r9k8ejtn,aust-ust,86764167,86764000,167
terra15nqkjykh6dlth0vj500emxg60ycm2k89w2vn06,anc-ust,1901448623,1901448000,623
terra1y0vjrk484uvrv086rl6lvxzprlkverk970c6c2,loop-ust,268558906,268558000,906
terra1umyzadzcm6s97hnhkzt9fruk87sq29nz5puduw,loopr-ust,586608238,586608000,238
terra1sm55f7hv0dtdle5eaa9ut6hl8avpalu8cpk25q,loop-ust,465337412,465337000,412
terra1856g95l2f3j5h3v38kw0pwvddnfvw3zcw7jaau,loop-ust,15419277,10140000,5279277
terra1697u6ewhnnx9x304xxgjzrkah7dzd8z2md2guy,mir-ust,98155860,98155000,860
terra1pa4gmyl9ajwnrzr0753ex83cgwed7pul5tvldy,loop-loopr,3447371903,3447371000,903
terra1p9y9xeymprn5utj42a7nyvwm8svhc86zdyz4mu,loop-ust,155252699,155252000,699
terra1vmlm94d68utzsgh4djau2f062fsr9yhgrj8fc5,loop-ust,9775616,9775000,616
terra1t42w9f6695pqjt7chp2gc8wyk0nc7xegrh6w83,mine-ust,1081159175,1081159000,175
terra1ng5ymdkmudgxgmw9qn0zts4cqt9h76kktmg5u0,loop-ust,8730482,8730000,482
terra1syn7s0wmh0havcu37ylt2a44jjlflckl05dtxv,loop-ust,25608798,25608000,798
terra1cacz464a6ts48e30jc4jm65ec3h08thcpsc53v,bluna-luna,179791899,179791000,899
terra13702y7ags3sd60ra9mcr5nln9mz0fqlue6hlu8,loop-ust,3358190,3358000,190
terra1e9337h6utq5luzwp70qw4r74pdksx5d5m7f3ee,loop-ust,61971582,61971000,582
terra1wgj0jvpzmwchygwrrskfqc4yz9zxydnj574d6p,loop-ust,1098394562,1098394000,562
terra1du2e5kj3rh2c0cfgcmu3ry4xcnh266ruax7e4y,loopr-ust,142065519,142065000,519
terra1mzltcxwn5lsyrnh6yrjkfqmgugp88w0pterpqh,loop-ust,2112544616,2112544000,616
terra1x3j0mw0k4d5cg404k02wla3lxm77j7xzjus256,bluna-luna,98316347,98316000,347
terra1emr8z0l5d42w5d2hz4gh0k03x2tnyp36zml9vp,mir-ust,680644931,680644000,931
terra1wzaelfgv676f22mgdwu7urznkx8chdue7ldqy5,loop-ust,788830975,788830000,975
terra1pkmu5cjz0vkup2wly4xhmlkstaunky5luxkqy6,lota-ust,136861855,136861000,855
terra18yaqkvdhknc2v9rmksf92xsrvnfs40s8trjtuh,loop-lota,27712196,27712000,196
terra17d76x3cc99gqqr8w0tpdnetkqqes2kqdwy0vuf,loop-ust,23424305,23424000,305
terra135qzpn9rdclzdx5qvf3uaac79h8l7mceewxsw0,loop-ust,26587927,26587000,927
terra1hlcw07apf0xu4dylzgceavxk6yy9hvvu57hpsy,loop-ust,29632958,29632000,958
terra1380v000rspymwm7wagsrwg6pnfvw3lvmjd89fj,bluna-luna,1720348,1720000,348
terra1jyswgp4fgqh48ygqmex8qwp7asrc902fc9fulu,loop-ust,5054921,5054000,921
terra1932nf4763qxk6swp44kfv2pjjr8zsnqvuylwhm,loop-ust,7325443,7325000,443
terra1s2jyeg903y6jewxhr82htjpqvlkfruh2ssl0xq,loop-ust,3834822,3834000,822
terra1e6034mzwf9zkd4yz486r79lctkxw22gq70x3zu,loop-ust,68470235,68470000,235
terra1tdqleg4dyafdyc0x9cju9mudz2jwhvm57m348r,loop-ust,7951349,7951000,349
terra1m9fernqeqvjxlaq3ahp9g3a5att9stakk87ypz,loopr-ust,23956163,0,23956163
terra1jsqv4fy4dkdjt6ltu04faarmu9cdhfejwt2y0g,anc-ust,29911,0,29911
terra15e5erznvukqztvhwzhqqvxchgkw7a8wehu4eez,loop-ust,25812494,0,25812494
terra1vyd5yfpmfuvv8vrflcmdm80j7x3eeqdu633ujj,loop-ust,16976805,0,16976805
terra1t55u6pnzf44eamyfaxf37tfu7srvxltuzpqymj,loop-ust,2571133,0,2571133
terra1hrv95kd7mahd4um6m807c63ptlqxqfwu8k3u4n,loopr-ust,285284237,0,285284237
terra1e2fkcru67qlt39zp04c5lhvx8nnmn6mgzwxg4k,mine-ust,2516618,0,2516618
terra1kp47yel7fa5uwrjk32k4dcchc0r78efv0paz7a,loop-ust,2871320,0,2871320
terra1xg3g65rslvqu7wpecmps6vpndtq5jz0a4mcskg,anc-aust,324032144,0,324032144
terra122seacgd6gsxvzgulfn5xcvz73x8elvfe3klq4,loop-ust,94137,0,94137
terra19xjzz6d763d07z3juzfxz9jrmgns4zlwdy67ch,loop-ust,2485074,0,2485074
terra1uhac2zaal9fqpgx9vcu7zu8cx2lgm69gf9j742,loop-ust,7568587,0,7568587
terra1psfeza5ax8ce284szw8vz88ucqa59v0rrulj7x,mir-ust,1171189268,0,1171189268
terra1vyt5afhgl8ld9rpxg76228fdpgmvmpc4hyn7rl,loop-ust,2230532,0,2230532
terra1c59nz6zrw0898g9h9sv9rmugp47sgy2vses4hn,loop-anc,196009505,0,196009505
terra15rs5cqkvls0kdzjny02pkwm3px6gt5yqtz9a8a,loop-weweth,1447371395,0,1447371395
terra1jqmn24u5pus3pr3xthlw9kdr4r27uu4vu362ph,luna-ust,19068731,0,19068731
terra1ampust4ndlruy79yak7af0hj0vmrm53ez4sat9,loop-ust,10304,0,10304
terra1u6sglunxq5rettw20vjlf99gzss8c5rc30ndv6,loop-mir,128120468,0,128120468
terra1c6evr257fq6djr6jlyepz0qk0wpkwk7mcxhllj,luna-ust,136844,0,136844
terra1wxruxevjxah4s7nrd3kvlyw2qgwgyj4awaug34,loop-ust,14654063,0,14654063
terra1vguqu9hjftnqj7wkewyl4prakcc5jceufe8uq6,loop-ust,10572956,0,10572956
terra1dzw8td9q7we33vng6wnwu0rwngyhnfqmcdtu4w,loop-ust,2054375,0,2054375
terra16wzc6n94dknm736tjpmc35n7vnayf0a6xhjfzy,luna-ust,13404367,0,13404367
terra1rqlnrwq8xdeegdhscztep26mrd249vccaps9ae,stt-ust,76637684,0,76637684
terra17rnt94u5ak28hv24euqalhahtgu6u8rzcrjfzy,bluna-luna,11926409,0,11926409
terra174dwduh882s5gxneq6t8jepqxq7med22t6psks,loop-ust,35112677,0,35112677
terra1u3n79zcxflhzck8sgpv6eevzydrrdztsqpvx4f,aust-ust,268282659,0,268282659
terra1htjy2mr5ug52vn5s3r0utawgzavs7dlnv0p26r,loop-ust,10274488,0,10274488
terra128qzf0m7k8dzcmmmyppxks7nh04zgpd0krft2a,loop-ust,4757768,0,4757768
terra1su79vm7q8je8njek84vpr6ut4p7la3qsemdx76,loop-ust,25765255,0,25765255
terra1v4uzvsy7x5wvsjafr82g47jc9e0j50yqgvff0u,bluna-luna,3944281,0,3944281
terra1dqefs9p64vqvvmler5xphjsrkhrujlz7us8t9y,loop-ust,671689219,0,671689219
terra1p7kv2n04t3s7qlgvtmcstcf0mj83jakqp569ea,loopr-ust,22764282,0,22764282
terra18ja9w5ule00are8sl4km7msxjmt7kuuxnv4sj7,loop-ust,2937148,0,2937148
terra1aa9k0cf9l3makulfycn400vy7fnxy8azwk98ll,loop-ust,3162508,0,3162508
terra1vxefda74etr4tj73swm7r6utkyr5pusvu48r5x,loop-ust,26367937,0,26367937
terra1vf8ypaufv56q97fwwq67ymvl9a3v9r06d65e86,loop-ust,11919764,0,11919764
terra1pl4pk6aap0jv6uvdxplxgnkfeua77mf5hcvxg7,aust-ust,4195020,0,4195020
terra1xu9rtqp4esfq4wl9pca37rgph8lzvv3cyhywf3,aust-ust,447752450,0,447752450
terra1zm2svhyzsvtksh4549nvtmwmxultp82u7cq7y4,luna-aust,4249351,0,4249351
terra18y8e8rufcyx3j90vs6zz9mcq0u7tw5c5ungawu,loop-ust,10252074,0,10252074
terra1zg6c2gz2zh92elpkaku5e3yt6ekdsdf79n7vju,loop-anc,69844511,0,69844511
terra13xnl06eewqfa9exkwwrk8q0g0m76j6n5eyaxft,stt-ust,3963344,0,3963344
terra1s59lsmg9488wz8ny642z30uwd2mhrexcj09rw7,loop-ust,5231191,0,5231191
terra1c002qq249av05sfe03t2kvj3ppztjtqer2hyyg,loopr-ust,18453459,0,18453459
terra13su5sgh7c3zufgfgm6msr8fxzsj3p7nmd5f49w,loopr-ust,63842587,0,63842587
terra1u50s8nrwllnn580htl7wwy2e4vkl96e34mwxe7,loop-ust,982518,0,982518
terra1j4wlucsw9y4kq2y92vukdv44syatl2glqrkctk,loop-ust,294946684,0,294946684
terra1ccscznlwwlx0gzja5xk6lnzx4w732224hjdxlc,anc-aust,1220814003,0,1220814003
terra1rzq8l0ps4qtg3yn28xjjsw2d0ccecqrq0vdpy4,luna-aust,1170975660,0,1170975660
terra1mlsy8crn05w957y99ytcq8srxsq54xd47kcmzk,loop-luna,560798313,0,560798313
terra16j7k0vf7ddxqt78pkswq258crpqyuzgnhhkypl,mir-ust,16685030492,0,16685030492
terra1hzcqad9n2qeckag9sapw7wxekr95jphuy844e3,loop-ust,239175104,0,239175104
terra1cv426slzruly30709y6hx6kmsdfa5hg4t7r9eu,loop-ust,10787437,0,10787437
terra1fc68f7e3a8gckx5tjt6nnvmdadgmru9sxlk6ue,loop-ust,10318315,0,10318315
terra1ullj2g9my9h04euxav9z879djz9csvm6ltr672,lota-ust,5569230,0,5569230
terra10ce3664e52thvut6ytd0ctma59v0t9yfjtwyfz,loop-loopr,56084278,0,56084278
terra1qsa8stwy4rj9ej8ze2mr9k4l9ydmc8268ygv6z,loop-loopr,2622979861,0,2622979861
terra1ham2nfsntfj7vfpqlv52fawqyzwa6nj4ved969,loop-ust,1488289,0,1488289
terra17ejantzsm9qag4k6xnm9n4t4dxkztz8jcwlxa9,loop-ust,1170614,0,1170614
terra1dyw2ltyyw3px53dlzrdsu670dnyqf0emr42l2g,loop-ust,2054136,0,2054136
terra1j7jkg6hf5jk9q56utel6yc8djdk3lu3ha3gpz2,loop-ust,45227941,0,45227941
terra142pm74252xrfpjnpa0mezhcmmg0237svv7nf7h,loop-loopr,27141829953,0,27141829953
terra14jmp5e6jpfqxe6m5w0zaa2kaqggmr50xqs296v,loop-ust,2715928,0,2715928
terra1e6ddl349j2lk80whsgfuey6wemltv657tk7pqt,loop-ust,47474393,0,47474393
terra1h8kx83dekahmq5vm3qm4nclws3zwkp6evkwuk5,anc-ust,70219848,0,70219848
terra1lapqklts0e6ynke08ltpngrwt2kv4z3dz627nv,loop-ust,42194848,0,42194848
terra18k0mrfnaz75qq8een2us2lrhuapzxa880qzmj6,loopr-ust,276801308,0,276801308
terra1myjmd6dre74d7kctam0k29zgkgg85rwpjddus2,loop-mine,143019724,0,143019724
terra1e67hqlgsjavvdma3shewndsdwqwauc2zsx3aax,loop-ust,784506975,0,784506975
terra12lld0tg8r2y56mp3r42akrmetek4zg5ls6qz8m,loopr-ust,201242296,0,201242296
terra13xnl06eewqfa9exkwwrk8q0g0m76j6n5eyaxft,loop-anc,14974835,0,14974835
terra18ls76asfw5e448vfc4c0dpemk5tkffq0yz774d,aust-ust,268614968,0,268614968
terra1sg8zs9xmqpmjsll9aexrngumlfmxuzpehhus3g,loop-ust,1841725,0,1841725
terra1mgqqa98ec3wdzjxwq6nz9haka7pes7x38mpvxd,loop-mine,25760962,0,25760962
terra13hc7cq9rpjxc02s3lnwar99p95p0euxktxzryp,loop-ust,36146573,0,36146573
terra1t00s353ng7mcllue6a62xu8uufqtvu5ecx6h66,loopr-ust,356345149,0,356345149
terra1nr8z2jfd022v9tqfeumqa5gsdqndewk6e3nu7m,loop-kuji,13872703,0,13872703
terra1s4e8v8r2fh5nuqaqe5wfnsljdkuvqz0k2uk05d,bluna-luna,1790594,0,1790594
terra1lyqkfk03fwtqz96ee66d9shp6qxus8an6c0l4e,loop-ust,8875443,0,8875443
terra1jd3v0f0dwkhs6a5akha5yah3j6yp8st9vqgqru,loop-ust,19939899,0,19939899
terra147hae97704w7pwnuxal372s5msumuysz40r2xf,loop-ust,15285184,0,15285184
terra1x78779hzgu3nc3ar0708k89evx4wx6vuxst9ru,loop-ust,16325605,0,16325605
terra1et3vjw8k3xu4p7p9etagw20fe9xymd5xz4trrs,loop-ust,5093328,0,5093328
terra19tada2qnteac6hqnc75yrr2s5e73feyfddcsgf,aust-ust,145588655409,0,145588655409
terra1fv2gm6ex3xza60p0hwnk5hrr4hcdaj95aey5jj,loop-ust,6621828,0,6621828
terra1zcsj3slrulv9lpjnf0wvrej0e8dx8cydljf5mx,loop-kuji,7179194,0,7179194
terra13xa4pqr7hmngear5w8cz0jd90ffetlufm85pzg,loop-loopr,14359294,0,14359294
terra15gf92fyz0puy8209p472u0w9aumjau3ksvlazk,loop-loopr,202318133,0,202318133
terra1xut67sutj54vxkuq6y8msssdrflshjd86u7va0,loop-ust,108745074,0,108745074
terra1nuxlxnyxncdl8365cv7837ulxadmy4srjwen5m,luna-ust,959937488,0,959937488
terra1efqe87k5hx366m2qsxeqzfhff67hazpcyzn7aj,loop-loopr,194238914,0,194238914
terra104lqk6q9d5u6whlx2xspvpqapkq006lfh4m889,aust-ust,472040318,0,472040318
terra1gd9s6366cgkr3qp6xjuwtmj3w3tgukaz553h28,loopr-ust,2800595258,0,2800595258
terra19acgkagj5vrp7wrefe0knzvm3hp2z0fz69wawh,bluna-luna,4985925,0,4985925
terra1e7a7ggkasumeu0ejjdha7s385lp2www06lz5ln,loop-ust,44436423,0,44436423
terra1deajcqrv48hpxd43ge0t9w55hgyu65n7m49mn7,loop-ust,10576935,0,10576935
terra1klmvc9823q6xhuvvrchvj8vkhgnujg43jrq8tw,loop-ust,4657834,0,4657834
terra12zmrajwypmarau3awckpna57tfjhjt2lzrvj2w,loopr-ust,129457960,0,129457960
terra1mywruah67ugrpr65heqh2da9qdlmyzelmqeqzq,loop-ust,5475493,0,5475493
terra13tpf97c9nm9n2wea47wcjqnkvhrep5ndgxhsev,loop-ust,4878529,0,4878529
terra1rat64uaal5d2ttdhse053wp28xlvfx6evf3qq7,loop-ust,928367,0,928367
terra1ugf5wy3342hmu3nqfj48xueqwkzl7ryy77shcn,loop-ust,540907,0,540907
terra1xrzngl3xsk8neqepnnu6djwhs092rxnsdq8y88,loop-loopr,1043381243,0,1043381243
terra1x7jgns6q9er206ngama99e5q9cgslu3vseg7te,loop-ust,10052452,0,10052452
terra1cggqwwt2dhnhtl5hgf82007re8g2c9r0gw5a3p,loop-ust,243584541,0,243584541
terra1z7mv78hgdq28m0pqpde880nyzx8c04fm8jvq8v,loop-ust,10564061,0,10564061
terra1ag4sd5aa3ral3d5r3jcsy55qga2duk2k5jrjdv,loop-ust,10338549,0,10338549
terra1s0wyerkezscrfdr3sk0j6ze8sky3lkcuqq8jym,loop-ust,16015372,0,16015372
terra17k0c9y9vsw9a54guj5qp6sk44aycann3f02jx7,anc-aust,123564649,0,123564649
terra1mnaheynwj85znn0xmt4cekesnmr0m7ywtg8887,loop-ust,11502469,0,11502469
terra1q9j94p6zdqfz9t3sh8zkj3558zzwgjqrwj06l9,loop-loopr,14111915900,0,14111915900
terra13dulxwyakzzeyxh65u7sz3n4vcjxuzp9n69a06,loop-ust,66051279,0,66051279
terra1uq5r4v6gm9w3dklfqwhuldv8kdhn4yn62apq9y,loop-ust,95816874,0,95816874
terra1rsvh6704uu3qu25g2260l3stg3936w7xn7vfmw,loop-loopr,282413190,0,282413190
terra1ejkzq8vph7eqqs37jf57t7um5x4k3q3uyvfy5l,loop-ust,16300317,0,16300317
terra1yj5sf0220572azpm0j8dvwav25x93qfz0clrg8,loop-ust,2051116,0,2051116
terra1ukznlds6qxqxw3yy7rvpqyvre8as40takcjh0y,loop-ust,570827656,0,570827656
terra1w6e23z0cskynssvv98m4ksz8nmt7zcjxu70plh,luna-ust,377918748,0,377918748
terra17gez6lnmcckacfceqnlktwkacvny540nyag35f,loop-ust,1370472,0,1370472
terra1sflkymnxaaana6g7r0xcmete97s404mqnxdqgk,loop-anc,419641931,0,419641931
terra1nzgsyg2t5an6309uw2cmce8ykj5y33xrert3ng,bluna-luna,990221,0,990221
terra1ghart0g7kd3uk6vkswzz3yt5fe0562z345mgx9,loop-ust,9122083,0,9122083
terra1cygvjlqtm8ha55fauvedvjlva9vuxrw3uuj30c,loop-luna,52826871,0,52826871
terra1zdv6yhh08xaf7937upmzexwhsdxazl85mt86yw,loop-loopr,373650260985,0,373650260985
terra15lye7sxf2pp9xjs4ytufv72x5npnyefq7emgwr,loop-ust,715619,0,715619
terra1xv5sz62gfvdskq72n0t0g3kw744mf04q0vsc64,loop-ust,4107245,0,4107245
terra1jr5k0pqpg95qkxcjx6se33takqflxwmht0nh76,loop-ust,60545004,0,60545004
terra1vchph62v7fv63xjfcrz7tkatn6g8w5kn2keu6d,bluna-luna,4979791,0,4979791
terra1rk0jvyrwyfqnxq929cz0tw2xg72nx8qxtk7u6n,loop-loopr,1335540130,0,1335540130
terra1f2kzxu92eg76g0j30mj775xht7qpwjrd8sg0y6,loop-ust,93982,0,93982
terra13jmz9snfax3pfnylwfetgtmkxdu5uvuptu4lz2,loop-ust,18385377,0,18385377
terra1vxguqja2qhvpq6rnc3v5tracauu9xwqhw89p0k,bluna-luna,988911,0,988911
terra1c0uhvc84ag4xtma73024spj5pmjam25rrqvy9w,loop-ust,2074358,0,2074358
terra1qkkcd7k8axy90nherkwhmfgcndyyljfveve9px,luna-ust,18011871,0,18011871
terra10la3a9cn0t0p6cv9xyuc93fcy58u3c2l46srvr,luna-ust,36849560,0,36849560
terra1az4a6s642r4qd2qj2gzyyru343s6g63q3q4jhy,loopr-ust,71638290,0,71638290
terra1adr5hgadxh8yzzkzaavn5qmcpxktthtvh04nhd,loop-ust,47655314,0,47655314
terra1nyfsjd3w4ykkwku6p85dwct0lcc8fev3jtc33e,loop-mine,68401339,0,68401339
terra1mn0zdm3epfcw22zjyzxqgrjkgepdql4gl5ugx2,loopr-ust,2606008116,0,2606008116
terra14zfjq2v4tgannl2n4u0czv2yx9q489atv697hy,loopr-ust,25040207,0,25040207
terra1kk0eul80p29dqtxhlsa2rm93pj2r0640s33f95,loopr-ust,13190998,0,13190998
terra1ke6qh8yu58appjm9aqvvpett78ap5pt0nevvps,loop-ust,2548502,0,2548502
terra1jp9fnuvdtqeqjwpc22vlhkfaurvv3krc2uldkd,bluna-luna,71726059,0,71726059
terra1gql2872pxu4dykvp9xrujfknfhsyzfg6ysf6xp,loop-ust,991238,0,991238
terra1ydhnwqenfe9795xfuy2lxgx7muhdn3zd4p2f46,loop-ust,23249113,0,23249113
terra1gx6hlfahp5xz0da5mfhgkrm207srxdcvc85ru8,loop-ust,2925947,0,2925947
terra1dmh06r2ys2xsd789930wg7svhwvqde0czcqcn2,loop-ust,1440078,0,1440078
terra1w3ejs34her7fu509y7yqdeh5pkvmhu89lx95ke,loop-aust,8377785,0,8377785
terra126pzsnvyfms9jly5cgdj9vyj8mr0rd636aqz7n,aust-ust,23146017,0,23146017
terra18aaj6p4x03vup6qtr80p8xqa6mf9p6580dg539,anc-ust,311185749,0,311185749
terra1n065q0fzf06dr5cxgljjvssnt95gtztgaa34mv,loop-loopr,25660572639,0,25660572639
terra1qam40kmr48smjemcx2yx86uq6mtlwz5ur7w0dw,loop-ust,13512196,0,13512196
terra1d7zf63qfffglluxqm60k0ln3w90r7547qy3sff,loop-ust,2725293,0,2725293
terra1wxpn6x867r3q9wtuafjyxt47g4kn6aq9vjrx9p,loop-ust,364386622,0,364386622
terra18ewdtyx4dhjjrp3rakz344mmaw523lmfrmnd8k,loopr-ust,29129013,0,29129013
terra1xjj4wtvwmqpntsqgqewy86mn47wff9ga98pr9d,anc-ust,813632277,0,813632277
terra14g3y4rfp97uunqyv30fzay0ach793lrjqln9ka,loop-ust,384152647,0,384152647
terra1u0kxg50szahudessghmcasearjqwaqxh2724lh,loop-ust,9399539,0,9399539
terra1mkt6tvpks7c7ycnxz6mk8wxn3vn4xjtaygre8k,loop-ust,6420776,0,6420776
terra1cy7v3lr3amp4m6fh7w3zqqt8l9sx3x6zmtlhd9,stt-ust,4728845,0,4728845
terra1l9ug5nvrjug5aaspmc5yzp5deccsvah57mpt6w,loop-ust,19953213,0,19953213
terra1y832c6xuuz238tuxpfp92wry00zsj5nuqggeze,loop-ust,1059872,0,1059872
terra12hynvmwrh32c2s8nec9jxz8dy0x2a2la8zhv0r,loop-loopr,5100712600,0,5100712600
terra1hple2unud55lcucq6mdsh5trt9lcvu46jefct9,loop-loopr,125198165,0,125198165
terra10vntfy2rp7eueq27xepzmmumqwxwdrxpz3jdm6,luna-ust,69462,0,69462
terra1kfa5japyvf408z87g0mkg2gm9ar6tafzrf7zvj,loopr-ust,36967649,0,36967649
terra10s42586atft0u4jsum80v7m46tn57fhgftdq7q,loop-ust,3351315,0,3351315
terra1ahpssu4ny5c6qnfyqq5asmzxnjthnzzknl9e40,loop-ust,5659583,0,5659583
terra1tdm59539v8adtl62tqzhfemt8tdfpfrt0jy53l,loop-ust,17788121,0,17788121
terra12uzsa9qp5axdhp2cg4j3ny2tt5plu2cgnvve7d,loop-loopr,303414621,0,303414621
terra1y8d8mg5v540l6qynmed6n7k56maznc9etmxwup,loop-ust,19644672,0,19644672
terra1syamg7u9t307usr260pjp2ehwtwhm92057q03h,loop-ust,4667761,0,4667761
terra1hvcc38ulkayh6f78xeejfef4vzq6s4t48pp9ye,loop-ust,350314182,0,350314182
terra165h3dwv20k3hj4h022c3cnjurnr0046ke8ceww,loop-loopr,3425121397,0,3425121397
terra1f8znua3e6gxhhsrhrllucr6hj2e35g002vcrt4,loop-ust,692455,0,692455
terra199raz8vdqds8n34uw3xns6j3l33a88z49k6gsx,bluna-luna,249407462,0,249407462
terra12gptk0ah0wscfk6vashaj22fwy07v8q2tkkj2d,bluna-luna,12173000,0,12173000
terra1n6pd4t767u2y4g05a76q6vzwye93rz9futvm5w,loop-aust,313640842,0,313640842
terra1k09jaxny72c2j2pkl7ep8a9rg7x38t8zu7mcu7,loop-ust,1068437,0,1068437
terra1s56yv4ccvth848lv64ax3exdy8q4t4ynmpnu0c,loop-ust,80659,0,80659
terra1unwhra0jfrlvu67rgks9vdun58l9gld8hqd7pp,mir-ust,12178558,0,12178558
terra1suuqfyjpnk9nsr8q83fa2nt4ktjn9t002flf7r,loop-ust,903640,0,903640
terra1zlrh34nnmkydyhadfmm84wqu8m3d7k7ncl99dz,loop-ust,2947634,0,2947634
terra1jcjhd8xrngcx3zyf0axgww9sudncrsssw3hc5h,anc-ust,133172641,0,133172641
terra1qz28vjx57ewk397gkssxdp0ldec9yy6n9s0p6g,dph-ust,1421712176,0,1421712176
terra1tz72azhply8ysed56tj2ljud7nps5cwwe0gaps,loop-ust,2055464,0,2055464
terra1x6nnfkqdth5h5y6tu4lj8d629wk7wdqgk7ep29,aust-ust,22392432245,0,22392432245
terra12f3z2wqavhfeu4edm3ayh8z2sam0jvpjxkar4z,loop-ust,456857,0,456857
terra19n4n2kuu0pu69np3sfrzpkrm57n45vsyxp4gya,loop-luna,29896633,0,29896633
terra1xdlatezg4j2tre2q58jnzxe87z85qa9h23zusv,aust-ust,8314663075,0,8314663075
terra1t8rr78wxs472d237xx9k3dssjsgpyg6ngx2qj6,loop-ust,4618292,0,4618292
terra14mjph9dwsffmcx3z845hwk8xqwqmf6es35my4k,luna-ust,85966365,0,85966365
terra1wxg59gnvn87lzlw5ttryry5eqsw22e6039x8fx,loop-ust,4480167624,0,4480167624
terra1rgwgna4qdjmdgltw02dzewum0u3smptqwwy7j3,loop-ust,180857204,0,180857204
terra132hzuh98s7utegmvdleznr0kvx9cspkqhzg8xs,loop-ust,490882412,0,490882412
terra1sqn0ajcmnvhfpvrvjtzerg9aqrdcqfhfry2xf9,loop-ust,9418408,0,9418408
terra1jll6vjr4s6ckp38h8pna33cgtgu67ez7l6kl5n,loop-loopr,1978063355,0,1978063355
terra1499uxtsfef3gwkd7v34tf0jfd7a2u7vkxxnxfv,loopr-ust,13814675,0,13814675
terra1av9pzyqx2lxna0du0vzqkf5c4u0qn4ddvgdkz8,anc-ust,24427129,0,24427129
terra1gvzksq5egnpp48330ha8zk5v5axprcmx4zwlj7,loop-ust,2102007,0,2102007
terra1gr29ms8ghvgtncxz0zaqy67e0cvjpyktffltpl,mir-ust,621475144,0,621475144
terra18y2cc93dfg2vvftl4fvn3k5vs2szlnemrwwqxh,loopr-ust,11885174956,0,11885174956
terra15k64d9g54par9s8hkh44a2wv80t6avvnum7fdr,loop-loopr,15358680,0,15358680
terra1m2jpd52qv4rkqpl4e75rfxepg6yg3q6pgcsl6r,loop-ust,232297027,0,232297027
terra1mqtwcpcfz7cugcepdwqke4xekrlwzr70s2gzfj,loop-ust,13227365,0,13227365
terra1rg4rpuv0p8kz2pk66pupx0rpkpqry4pslp0v5e,aust-ust,24705695,0,24705695
terra1cegwwp0nq650x3eytaps3rar6c3yjp6dpaxg4t,loop-ust,25685889,0,25685889
terra1c7tmhggqxqwr5mnc9ap0emvh2ewznp55xz5tf8,loop-ust,1590159,0,1590159
terra14uhaaeuuzluv9x8nu4gzcnhfvp2ysgg0xfuujt,loop-anc,270155555,0,270155555
terra1p322382hh856uerm6lmksm9jppxmclv56cy770,loop-loopr,2099836089,0,2099836089
terra1vu038kf9n2pm4x4545fqdzkuem8pmh08yvf3zl,loop-ust,88201928,0,88201928
terra1a6vlpy72wwcrud90sf6gsv4x50v33pge7f05mz,loop-ust,16052356,0,16052356
terra1m6sstqzq7eh6k2f4e4czq42hhajvyycywzz8dv,aust-ust,357603036,0,357603036
terra1qg2lt45wps7fgyfe7e46wuaxfcvs99wwd2rk0f,loop-loopr,9430155631,0,9430155631
terra1t39e6yqpky40e054pzlpkms6rdxqeykkwxdd0j,loop-ust,926224,0,926224
terra1srj2fh6w5qjxpjsrv8rndxrvx3jgu0h84huh2p,lota-ust,1214261473,0,1214261473
terra1mq6d5k7fr0p5ckr8fu4e660tm93a4kh4ldq55q,loop-ust,1889136,0,1889136
terra1cum38v3acux22mdkwd77a7uekpwd3vtgu9wmej,bluna-luna,22883888,0,22883888
terra12ydkrh0mk6t6wzy70vzj6qcldp7qles3rc8kkx,anc-aust,177498364,0,177498364
terra1wrwjccy35j56jddzq9jxw9m76czf58f2pnqx4l,loop-ust,812602,0,812602
terra1xw972aggd9gt6y4v75f40hrdl4kd9y7cftw4rl,bluna-luna,9995054,0,9995054
terra1uald99ty04trkfs0set7xgpwyy9pfken2p6mct,loop-ust,1455864,0,1455864
terra18smg5jgtplvn9fkahre99ux7sh6wzapcn35ncs,loop-ust,117542781,0,117542781
terra1kdkuwmyn7fntdcn95cd373nc9nftnt76eram2m,mine-ust,650392172,0,650392172
terra19c02yg670v3knryj80gghhvs8vaw8hj26756ah,loopr-ust,11011805,0,11011805
terra1mx3lxpk9wfqvu09wv4tcemee3rappauszang5g,loopr-ust,1558390281,0,1558390281
terra1l8w4h62f7w454w57m7taz786udx5uvv45gtze4,loop-ust,7993929,0,7993929
terra1u3wk4rs7uh0unvtkhq8fln4gm7ppcj9qyduyre,loop-loopr,20033939365,0,20033939365
terra1pta5gp6yywun5negx2ayyqsckmwjdmtdzw86pf,aust-ust,19852462355,0,19852462355
terra17pqmr8y46tz04ygrynrurx2plssnxc5cxpc8s9,aust-ust,104899580,0,104899580
terra1ny8k94vz5v3fw67t32aj7hwavnu379rk565f57,luna-ust,6700660,0,6700660
terra13d43px7pa0u6kr0prtddz5p36p5rvssph47h32,aust-ust,89400875,0,89400875
terra1ly2cthamz350dpckqm8t4unwqjt050lkzg2ss3,loop-ust,707154556,0,707154556
terra1gzgcn9z4wz738e6zqu29ls9m6atkaryk69a7wc,loop-ust,1447137,0,1447137
terra1ks65nuumzwh4zvn9xfm8d2jquyp8wmmr94cap4,loop-loopr,5491605927,0,5491605927
terra12ean7rhg5qnnknyz7fhxtp0dcwyz6v7e9u583m,loop-ust,26481078,0,26481078
terra1ws34aj38g66csqv8ktxcu265pdeq3usn8fvncw,loop-ust,1031856,0,1031856
terra13nlfn4g48nfn9gtdtszef523vmck6sqs0t6aas,loop-ust,9866034,0,9866034
terra1gfrq2er5gf32vckh7f06allrd0tp8drpy3qrj5,loop-ust,5288059,0,5288059
terra1h4f7mnv6hgyh3ht4c7ndhmr3tmen97rmc6hx64,loop-ust,7843030,0,7843030
terra1lxljenrykhdr7jtpndxpepukpm02zg084srdlf,loop-loopr,4720008053,0,4720008053
terra1p7l7cy5v8kfgnp29csszdfh87r5y658nv3m6fs,loop-mine,108219863,0,108219863
terra12xdvnwwmkqjquq42fls7c7dl2790j20u7ktf72,loop-ust,4290542,0,4290542
terra1ymc2gh9ha75cdqduksr0r3a5wkukts57akersf,loop-ust,5480821,0,5480821
terra15r6nr6r3clnhfu6un52cg384qkptqhj4cm96nq,loop-ust,9617417,0,9617417
terra14sl4qv76u8cy2jmy2rjyxh0expyypmdgkrrznl,luna-ust,1064177079,0,1064177079
terra1um8wk3yzpttkjc3nl6vuystcepp5w7dfk35d32,loop-mine,647324910,0,647324910
terra10wjkppl9lwnpdtv9cgnrpxtkc5h5xlfdd6324y,loop-ust,1726851,0,1726851
terra1lqjp2mhtejg246xru6urf955fu2ucf6f6u0knd,bluna-luna,168447687,0,168447687
terra1ykgsgeu2y597lcq4my3ahclfgyjg80uvfxm32k,loop-ust,3285528,0,3285528
terra1dgkhy4th5gwtjna5qhljvc02uk7kzx4xfwp25r,loop-ust,16887622,0,16887622
terra1x3jea99wc2gn573khp6mhwwj5759qgv3xxjca2,loop-loopr,1431850429,0,1431850429
terra1f92exa997qhemufrs9gdtfh0w66dd2yfvpkzw7,loop-ust,43045174,0,43045174
terra1c4m4d32hspaqrat9ugsxsaxnh0e22ggcgj6y39,loop-luna,181759364,0,181759364
terra16yc4lvm8hye28pad2gqsrwwzacrfls5geah0e3,loop-anc,26999237,0,26999237
terra1xkyz79f5adnel27nzpkjpgn5kefzxmese0qvdq,loop-ust,921055,0,921055
terra1hyppnaqkpakedm4cmtdjpwtcyx2t7ls5mrpgfg,loop-ust,119672563,0,119672563
terra125xx96nd90w9rxr509qmmruzx4jlhnj2rxxhmw,loop-ust,234451084,0,234451084
terra15djv5gga8utkt4cpa7eawszu9da5rlasr0fuwh,loop-luna,35831967,0,35831967
terra1t66tw06njwpx6fzmy4shl5p2t39ey2al0u7yjd,bluna-luna,150372781,0,150372781
terra1aqejvv8mvelyh3205wjwe7q3jn6dehsqx0amtq,loop-ust,4285863,0,4285863
terra1vfukasuycvh3zhaudd364v8extwpunrchysgw8,loop-anc,2750600,0,2750600
terra1uj99vfyjrt5ryyqguzat380yyd9rvqs3uu6xpv,bluna-luna,3115393,0,3115393
terra1rvsfp3nat4ghsqsvsmvkxqflt2dv0u4qvc0dr9,loop-ust,957200,0,957200
terra183ww88eawgeqllfq9w33aelycjmavt7s8fptdx,aust-ust,277511716,0,277511716
terra1eyp07f2nap55exxdh8jjdetfe4legdv3rt223n,luna-aust,2756908617,0,2756908617
terra1nddqjnfpy37yn2rqzr5nl5kyvjjvuasxpclk3m,mir-ust,11543076,0,11543076
terra10dgtcgk4253qpazpz56uavzxrez5gzzurlqmlx,loop-ust,805286,0,805286
terra1e7549wlryjzn656kvmujhmzlxf5l0ag2dkw3pn,twd-ust,20445079,0,20445079
terra1n4q2wpl5ek74ah28uarn3tfddxnej5htqe5xlh,loopr-ust,21029468371,0,21029468371
terra1pc26neqzu4e8suf3psc95jk8mz4ps9j09rccqx,mir-ust,39024329,0,39024329
terra1x8lfexd2xzth9c2gc0cqlm6wmxf40faqv0s3pj,loop-ust,2614033647,0,2614033647
terra1yz32m6e6m5xvcqkg89ddl98z8fsr9wxa7fv5kc,loop-ust,31449798,0,31449798
terra1t3r65m8n4pct7prm7ypwsuk8j03r3v5xj73z4n,loop-ust,885931407,0,885931407
terra1gurlsmn7qp82t77vzexs8dt9qdxzh3c5rr2fun,loop-ust,188794347,0,188794347
terra1lk8g7wy60dcmy2easx05y434adgucgyt59n6ac,loop-ust,1941970,0,1941970
terra15fgzugd658k8r9hls3w33mylkvxwmcf2kff47y,loop-ust,185565372,0,185565372
terra17snrg3dm2q40c435udhgdf4ggmnrvvrxgc97lp,loop-ust,42008391,0,42008391
terra160xdzul6yr9n2ypnaw7ur4vt9x6knlqszjw3nn,aust-ust,438949470,0,438949470
terra1xc2fp3zprcfhtu5qyws0a57f8jn08d0e5h42xj,aust-ust,214707325,0,214707325
terra1uhvpy8ld3pnw03pmsnwrr3ta9s7dwwkw7aa0xm,loop-ust,38319427,0,38319427
terra1kznyy6tta8ju607m9k464me4pyps6wc8emjak9,luna-aust,254193155,0,254193155
terra1c4et2tx4q2s29y88k7rsx0myl0y896ej4skkfj,loop-ust,252064965,0,252064965
terra1uv9d4zpr2z4ysj6dstmmhhext46ddtqu42wl7y,loop-halo,278099260,0,278099260
terra1sm0p7gug459al3lwxdk0remmhlrmr464jxsq3d,loop-loopr,79600715496,0,79600715496
terra12vwshc94hdkj6xecngh04uqjmynrwry904vcx3,loop-ust,270412498,0,270412498
terra10nph2059v6p8vee2urcqccd2v6m6yxw9llxksu,aust-ust,8064525942,0,8064525942
terra17awmuqx3kqnpwzye66na7zxgep4vsqwl3rkjsw,loop-ust,3190097,0,3190097
terra1tuvgdww89u8ly8h9p06ljf7p2jx3x9mgh9zwu8,loop-ust,350556591,0,350556591
terra1g4pwye3q6mr448t48ksd4wn6kh6dlsu3t7a4ry,loop-ust,161298299,0,161298299
terra16e2dz4npw46jhgzg704dpzyhqcajpta83lgpru,bluna-luna,7782747,0,7782747
terra1za6xyudtmayyuxlcf0cs03vjkvgg8hzr79h3t3,stt-ust,60833,0,60833
terra1kld4dwvcwvney70c2z5vewzh8fcf24776jtmjl,loop-mine,93572265,0,93572265
terra19h5k2zezmhgavfk9tr8u80lllcz2cq6x6s6ay4,loop-ust,8894446,0,8894446
terra19lqxcmwcgqselesq5k09anw8ncp8sz73qrqukz,loopr-ust,85778151,0,85778151
terra1djxpz93j2lrjktqky6snq49scld94ywxrqgxmg,loopr-ust,35470662,0,35470662
terra1chakn7v0h2kx77j884asprkxr53anhu8kc7c5k,loop-loopr,1329375635,0,1329375635
terra13qg4htdfsmt2jq62x0qy97vz7pn4curn508pzp,loop-loopr,101046459,0,101046459
terra1p07th9drashg0ffmxuccjwspnuk28sdp4me8rh,loop-loopr,144413056,0,144413056
terra1nha0fmm22mnvgp7dmqn98wt6xe2znd357jp8k2,aust-ust,926296,0,926296
terra1cyrk5spzm8v5j8a0p79qyl0c49y4zn0e2emyn8,loop-ust,715381,0,715381
terra1d38dqg5qcal7eqzg42m56rmt0wke5wvcxms384,loop-ust,1817653,0,1817653
terra1hwauzkuyzszk5exj9rvm5vvhhz2pjugzvdf5xk,loop-luna,285347266,0,285347266
terra1yfyvnc54ddmjy8pdyd40ksg64f8qmwmen5pr6w,loop-ust,2798471,0,2798471
terra1j7vhpuauf896xkxa464430un78twyrgkpty24l,loop-ust,1609122,0,1609122
terra1p0xljf4097m0kujeer9t2nvladu7shgdc9n9n9,loop-ust,2666723,0,2666723
terra1n5j6lx9t09ezs7q4mxdpvzprqjqje6z46p0rrw,loop-ust,15869628,0,15869628
terra1rccr67f2ahjg84jwdaeluyeyxj05enwkm5hzza,aust-ust,78532301,0,78532301
terra1dywm9dk0wzj60fx6m4krj79ksvcw5j42ulyg89,bluna-luna,597340768,0,597340768
terra1gqd3xl534m0ntctjhkh5v4rccc8rv5g0wzqz65,mir-ust,11878339,0,11878339
terra16jcwqqylpn72arlrurqaa0m56acsps8sdlaf34,loop-luna,3672877,0,3672877
terra1t7cgctgrxe2kgluyuj50djwmpfekpmpv8whwjv,anc-ust,62074654,0,62074654
terra1agj0hp2tr3c7a7pq6zpmx3u8d08wm4rphk2ty3,aust-ust,589366626,0,589366626
terra1xejt5wn46e9gh7ft7pua876e4pdjwxfvy8489w,loop-loopr,653968579,0,653968579
terra1g4z4xu525440dydxutq3l9r5f53q9rcmfuerl2,loop-ust,2055446,0,2055446
terra1l543z4t77fr9jfye23gxr2ur4ayv8z6jxyjrz8,loop-ust,894409,0,894409
terra1qq6hrgldq45ar3qpphe8fn465edtjm3rxpsx7n,loop-ust,3845146,0,3845146
terra10t4kq0klmnf82wem9w9027fqz2ndd47atdjs7n,loop-ust,232484212,0,232484212
terra1nvjc7sdyhw2385kpaxed38q3x4s4dtnsuz2tkq,loop-ust,26832173,0,26832173
terra1a3h8jk5j3zakhfrp84x0560ct6fuh63sawy5le,loop-ust,9636422,0,9636422
terra16rwsuwwxfdjf85h2vn0uwemplp93z0xr6rq8ka,loop-ust,120198150,0,120198150
terra10xur49ewvu4nls59jvewfsk3jz4gufnafjdayt,loopr-ust,25373652,0,25373652
terra1wrekn04jcrlltcdzsjjhawu7p3usw4gqzkpzf8,loop-ust,176250592,0,176250592
terra1t2kdaahmwgdwehd4ddldcstgez986dgwdxcgrk,loop-ust,39727619,0,39727619
terra1d0kyyxdhhh3h4pvh23q7t880nrrcg2wtamvflv,loop-ust,5956095,0,5956095
terra19vuz7w3cxy5k0ae8mtp0tc4n7a4nz0mdy65qrd,loop-anc,1953149293,0,1953149293
terra1876m0jz5kakqu2pcsues2xjnaqnlaa0klfpyeg,loop-ust,7122857,0,7122857
terra1v0va3a0lc3l4wyzzt7ghplph82gd6v7wdug9nk,loopr-ust,10042418,0,10042418
terra1amyeqmw0tr2sjfuz0k7t70shccak7z5a9vr8zj,loop-ust,152596489,0,152596489
terra1vhxh9uxm9vz0a3g8eufspmuax9pjludkm5hqhe,loop-ust,153306686,0,153306686
terra1y3854zunxmmys796p237sjvkl0drg8yd34s7qm,loop-ust,296466935,0,296466935
terra1gjzkv8vnzfsu7v7t7eh9ldcqwcrtxw278wyerq,loop-ust,43234540,0,43234540
terra10m67zkssr3ydcf2xmsd49rv066ykgjjr8l84rk,luna-ust,9953592,0,9953592
terra17r257evk5y8tr8zzznvngpz2tamk36qhv0l40g,bluna-luna,7250234,0,7250234
terra1yxwk8kgvpuxwjetp2hl6u4dfdkjen68u4mntgu,bluna-luna,59064569,0,59064569
terra1uj3eygrh8tpa8qhqcrzyfkcmpstyyxxryn7eyu,loopr-ust,23823388,0,23823388
terra144wt8jaeucylhh5vz9zdtdwn7kpzl3zjmg6sgs,loop-ust,6158099,0,6158099
terra1v9xlpmvjlrcmuuqt75kvejs2v4ttlk8pleshj4,loop-ust,9441474,0,9441474
terra1qn4gvln7qlz4egwkmy4shg6mxrgnudkv789dem,loop-ust,87207937,0,87207937
terra1qrtnxnvrq8dtu8a5z4puekn5y3fu67t566dlps,loop-loopr,518336903,0,518336903
terra12xyfp39n4adtnh9jxt92evvsusadmw3q6al76j,loop-ust,2777540,0,2777540
terra1j6ez0w5l26ev7h4gz2qnmc44kt2m47tp5mqs23,loop-ust,508018,0,508018
terra12ttud6n4zz5al7r5a4tu6nzeeddyxglajqe6sw,loop-ust,29484800,0,29484800
terra1d87643rly2v4v3g8lw6te29mhgjtt6rexdwq06,loop-ust,150051753,0,150051753
terra1ag00tpw8qkd0p32aq2cvr4af68nmddy9qdvvyp,loop-ust,2002729,0,2002729
terra13tzdnvzh8j6gsmqqr93u9haw2zmm3wl0ty7j7u,loop-ust,474186,0,474186
terra1xp7cvx2t2gx6tjf3p3yeqkzzty6mgfe7u89eej,loop-ust,6582220,0,6582220
terra135fyguuugrg7j2udam7v404svchwvm0zxalf5d,luna-ust,135419447,0,135419447
terra1t80v5q8x4e6pk7tv8zq34zh9jllhgc72kc0n5x,bluna-luna,487245,0,487245
terra1cygc8stxmfch43ug0m0p6cjga5au6eepg58lkl,loop-luna,664707711,0,664707711
terra1lapqklts0e6ynke08ltpngrwt2kv4z3dz627nv,luna-ust,58478119,0,58478119
terra1j9apelpx3p85suq9537d6f3z6n3gnnxmmgzgn6,bluna-luna,20430617,0,20430617
terra1thzmt5ydpv0mgzsy0nfw5u269vh33537m0wnjm,loop-loopr,830718802,0,830718802
terra1hvg8vm67qu56kq5m0uyxrg99w3j22hlczq9c9p,loopr-ust,27493832,0,27493832
terra1g67zm5hh5n4duu2yamlj9ehyscejpw033a3cz0,loopr-ust,10808032,0,10808032
terra1pm0fy0zgrct79udu5crcnzz3gqy52rd4938n92,loop-ust,536490651,0,536490651
terra1vj22sn92djtd8q2xjkd7e4gu26ax0nex6mt56a,loop-ust,8306621,0,8306621
terra15v0v4aq4mxtfjs32ulzsepr8k6e8lv90q07esx,loop-anc,14280053,0,14280053
terra1nyxjfeuyr8ecsy787chafn47ez42t59u5s6nv2,loop-ust,9021250,0,9021250
terra15j8ga6rr2s47ldnxd0rdnljrmwsx9s8pm3teln,loop-ust,882784,0,882784
terra1qvlgxaeu0pjjxcsew8d89w3ywgjhlgw5h06h3u,loop-ust,18741517,0,18741517
terra10xe83xcrxukgvj5f4p6yfllqmajqtsxqrl9myp,bluna-luna,1142891,0,1142891
terra1g2cktjzh6rjkkgv6uslyuz9akngu8yjumzdnqp,loop-ust,2738825,0,2738825
terra1t9vqn2yd4eqetq2svdgemvucals9lrc5fjl4jw,loop-ust,24235882,0,24235882
terra1xwws4xs64j7jy0hppkjpy3uhpr7jutyr5yw3k8,loop-ust,6679625,0,6679625
terra1m9m88qxttvxashvtcv3lz5ts7yu7r7gf73gtmw,loop-loopr,6120771061,0,6120771061
terra14zkgnktk8deuqulmcljvpjn893kxcwvsenkuvy,loop-ust,8522397,0,8522397
terra1ad6nhtv7mth8x0klud62hxwy7vawc0elwdu0r7,loopr-ust,74802762,0,74802762
terra14v7kh7xzj5eqkup9j7neh09wv94nsmwkmh5x7l,anc-aust,1095479913,0,1095479913
terra159mlz5cpwdlwtlfsll9mm58km7ldyfe0jfajmx,loop-ust,654409,0,654409
terra1yu2pe6z837u0ny2rgpymkp7dja4wza6v5curqy,loop-loopr,17229137514,0,17229137514
terra159u8xspje03al8cn7n7xgx4qd5fyzjujhhthm0,loop-aust,164493113,0,164493113
terra1dsz5zapvdzfuvj8qrj708kc3jkugxkjl5vg2yt,loop-loopr,1520563186,0,1520563186
terra1jg239gmkvqd2n4htj2zrnms5yck2c2etmcsvng,loop-ust,529741,0,529741
terra1w3umnxan2jqjdvcre6aef88z7afnseejj7u76p,loop-loopr,20036967992,0,20036967992
terra144y9zxqxnkedpqp65a590auen395xf329t6gkg,aust-ust,22882941376,0,22882941376
terra1mark2wj733tetmjq599gwqxxwpf54xnl0354ys,loop-ust,2322080,0,2322080
terra1dvk22j79qt362x5hldyk4t2ll35hrtlnd2fwxf,luna-ust,44680513,0,44680513
terra1059tc049f4ts3src3kyh9n2yvps5xh0p86rtch,bluna-luna,41839541,0,41839541
terra1h0kjs3yfyscpjygjghz92j2lvtvddryzxm37gt,aust-ust,114620476,0,114620476
terra1effqfvt59dnvq6xg56h066thyjkp7z4kgks6nq,loop-luna,16962508,0,16962508
terra1ztheal95k2hcy27jys6k2hju070q7ycc497vfc,loopr-ust,372896882,0,372896882
terra17pqmr8y46tz04ygrynrurx2plssnxc5cxpc8s9,anc-aust,252963406,0,252963406
terra18rjlf7hhrkqesradufv9wjet9n6xe0rtm6n6z9,loop-ust,2892085,0,2892085
terra13e9ur8lew3q44rumnjnwzzltk3htd02s64r7zz,loop-loopr,187607503,0,187607503
terra1vnpzpkc7eqnxpllwx5l4q57k2klyvc888lck82,loop-ust,46128925,0,46128925
terra15ltwv62aqjacyxcm6xgvcr437m32czuz4vr2cs,anc-aust,298883865,0,298883865
terra1sjk3ngfp6rky7tzkzeefk596vu8d7aayjxt7m2,loop-ust,24901751,0,24901751
terra14ak2sdpql4ftvjprjxvqdp2qa4zp3snuretlxe,bluna-luna,19106315,0,19106315
terra1ycrqu8jfr9t5vxc7rr8smvkyu2jp5trey52cgx,loop-ust,5808522,0,5808522
terra1cpkx7rnz90nc89w7ad2le5jyzw3s80rd0gga4f,loop-ust,6087401,0,6087401
terra1e0ayyqmdj53jvwnq6k32q4q24rd762uyygg6e7,luna-aust,120034173,0,120034173
terra1g0s3786ahglmw78arukvls6kjsrraf36z8djln,loop-ust,407848,0,407848
terra1frskqkuu4ewagr8svrhrw9azw0r5ls3pnpl82w,loop-ust,42700943,0,42700943
terra1s9v33r42vunj8trmh7m6925gya5plpanzajedh,loop-ust,922452,0,922452
terra1gx7rmcv3zyh3d03zxpf8lxxglzpfhttmesjl6v,loop-ust,14734680,0,14734680
terra17zwfvqcln3g2k2dldyq8glez0xndlwk6ympe05,kuji-aust,864111743,0,864111743
terra1dmu468sn9qeuge9gfdcpkmtlymy4staw8mze33,loop-ust,21132866,0,21132866
terra152pd8lln3d4aunrhn5pnyqjt8yl8t0t7jd7j6l,loop-ust,589719805,0,589719805
terra1p6efxha3kc2339wrys2k7rnshv89a98g55uvhk,loop-aust,170992799,0,170992799
terra179unn6w83y782hdle409yquve0ug579922vv2h,aust-ust,536339927,0,536339927
terra1qzdlj0n3rwsd70pd89xq9hrcdvqqgcyz87fyg4,loop-ust,7117231,0,7117231
terra1ajq8n79knecxh5c7r8hvxlme4j0e5mk29nax3r,loop-loopr,100653554,0,100653554
terra1mdaq360axrydtw090ppp7skr693hg3ayy66mvc,loop-ust,7831055,0,7831055
terra139zq9867rgj36a6xcr9tjzmpf900lkd8c6lxdg,loop-ust,6756727,0,6756727
terra199apute272lwk20jz72muz8rgj5p35rpz73jzp,aust-ust,3149119,0,3149119
terra1n4e0tnlvprew552p28cszfprdeju82lneexwvp,loop-ust,2007666,0,2007666
terra1q4jre7zlhn05zl5x9dlrydcxyftehykyhj9820,bluna-luna,22409475,0,22409475
terra1gvvdawmf9azfjcjj6xdy50ru426ydsh5t6c5jt,loop-ust,6244150,0,6244150
terra1asfd3wuc7t495k0hae0p9qj8dw0u747vzudaw8,twd-ust,1606241795,0,1606241795
terra1drhz5yu4h97s0tnld69cpgqypqcn2mh6pwkl7f,aust-ust,348736798,0,348736798
terra15lyl48g9gt022yv8spjzhkf5ku4hk4zz5hsfaj,bluna-luna,9873028,0,9873028
terra1ugu5r7vc3earggq424j72ptms852gwxcz5sfgm,loopr-ust,27237394,0,27237394
terra1j6uys3d855mca9j9ae37v8dzx9qfymh2e5y9ev,loop-ust,8512632,0,8512632
terra1tp5hhvqlrv8mpe3tpacd6fwqtnmaz5jccumm0s,anc-ust,465371276,0,465371276
terra1d2mdm04zmp8mxqewsazhgyy7fwqqvrq5j0jum0,loop-ust,1027188,0,1027188
terra1hr3nl0kat98scjxnuumxr3namutsr45fuzyjr4,anc-ust,1573554885,0,1573554885
terra1em60dmqvt78vfnq72wtnj5wanu2aqn7chk80zt,loop-ust,10656060,0,10656060
terra1ynvtph3usdh5zqexfnr7l2x8h8xaw2dksrqj48,aust-ust,89303010,0,89303010
terra1cq077u0y0zemsjdnlfy2c8vq4ywytqgall243z,aust-ust,2226335739,0,2226335739
terra1ctm9trz0q8we2lffxpen2a6mu0c6tkp4mhzeqq,loopr-ust,1392445339,0,1392445339
terra1azggdpk9nqyrpx6zeung74s455krcsf5shxeyh,loop-ust,23518877,0,23518877
terra1hkx6z7lfvl0vud3ffk26l54xlhhhlh23slsw0l,loop-ust,2392451,0,2392451
terra1rqphcph3tfethwnqg5dvpf5wm0caf2txqxkfjd,luna-ust,119258613,0,119258613
terra102mulzuus4c4pds424w9w05k6rtp9ttkspccmv,bluna-luna,13992011,0,13992011
terra1uqwucx78z29u0urfzmwmg58z5ndcyqvpvf2mug,loop-ust,207376,0,207376
terra1dawm43fh8nr02c3puxu9rjaacfz7es9jv370j5,loop-ust,8929090,0,8929090
terra16kljtltf04rqtmprefd746v09jn44690g76dt5,loop-ust,1031826,0,1031826
terra1x5r706f5dme2n7fy8gyh6vet5xmtwrnwyq2e2h,loop-loopr,10851225,0,10851225
terra1a0m6yu6p4rsxx6l0yjz3ldpj6a2at36u69yg8l,loop-ust,39354117,0,39354117
terra1wl7yg5jvmtqf50kspzdtc25g3ecw5ptnj2ugcj,loopr-ust,12357511,0,12357511
terra1f56z9ymfs6zm58ngctmtuz3r3azn4vx78unc33,loop-ust,24922733,0,24922733
terra1mtaglsuzfpc8k4e5tf5rh3vevzjjxgnwqavqdh,loop-ust,692400,0,692400
terra1ufz7cr47d38jhw2wuzjyc8xwdpf4dx4luzww2w,luna-ust,12374737,0,12374737
terra1zsqu60y738u0jgk36sdrptq44ejke6a7e392sd,bluna-luna,9949208,0,9949208
terra1xs6zz4fh2skz2e3n0uns2l2e5rhyrafp4j36rz,anc-aust,98771978,0,98771978
terra1aayw0afj8zh67qpkzrsdat5ga0wxsnnn30lttu,bluna-luna,2123186,0,2123186
terra1jpaksajqstaz9nnkxk3cf2vk9p5m8y6ep5cnu8,loop-ust,91399915,0,91399915
terra1tz9w32zjwzepqeuvlraqt90j6836ar9ydkeaq4,loop-ust,21934367098,0,21934367098
terra1a6zju3qq3x5l9ytztk378d753ws9lm5vjx902v,loop-luna,17941840,0,17941840
terra1fgv8s879f2t0rgdggrqqrvmr6rtjmxcghgdx8z,loop-ust,17680819,0,17680819
terra1fyx0zlpn2dyfmqxlpfw0nx54r7cpfdvck8v3rg,loop-ust,1850805,0,1850805
terra1czjvvyhu0z9qam3m0f9yl9s5vv56t8zqeeyqjl,loop-loopr,590989525,0,590989525
terra1d03ppywn369qzajeuqs0dge29rchxteaqasn75,loop-luna,47593117,0,47593117
terra1dydu2s7ml8w6zye3yt54vcaclu26ec4nej60p2,loop-loopr,863793668,0,863793668
terra1glkwvgj6cyx8sajetuxkh8ljvhs2dw6jdcmszs,loop-ust,3901619,0,3901619
terra1cwsq42jlyusa5njtqlej8h0jhc5jv5v4xk22ue,loop-halo,4382608,0,4382608
terra1uzy8hsf6y7gcvmhl7kak7fduw83hn7wgmpuw9z,loop-ust,238866869,0,238866869
terra14upduvqdavk3g8x4rf589n4tf8wtgs62tvd4yq,bluna-luna,149669537,0,149669537
terra1npjhfp02znrq8rrssnu97clphuruxdhsqgjg6c,aust-ust,911311148,0,911311148
terra1akr8s8jrlzwe8nfnxwq2m0l3l4vlc6dnl8s2w9,loopr-ust,12235760,0,12235760
terra10xkch0x3cndqp46rf5rn42elplen8qxp7pn5ln,loop-ust,279757048,0,279757048
terra1nsx7aw80drrmpp9gjch2hafn0xtw2zkce8h3qd,loop-ust,867169,0,867169
terra1gtpgu85f3q6muumm0pmv0u403m9m5fmjn98qag,loop-loopr,180724474,0,180724474
terra145mjgg05tcj525v2a9a6vjygc6knxfruplqcwp,loop-ust,1834782,0,1834782
terra19uefgzuzln8lehh7xyneu6fngj5k9thd5v7tze,loop-ust,15381642,0,15381642
terra1y0hqnk6gtt49q4eq9259ce4w7g9pgrrnfz3q62,loop-ust,5097999,0,5097999
terra1h5fhq9dx4el4pra3tsk8ymgtemjm5dz6t5f5mn,dph-ust,181965354,0,181965354
terra18hfwsp7x8h69w86aerg8wqvek9p8ugwrkfmr5n,luna-ust,2026,0,2026
terra1tthhgjvcdmvr3p8zmtmkvka70u7hfu9jy63as6,loop-ust,2553377464,0,2553377464
terra1l7qjn74ejmvhkdwqc7ml9ytjkf6nhfrdv0c657,loop-ust,43425997,0,43425997
terra1fgq09nu7llcshj9t24we2qa7mfshys28xgetqd,anc-aust,8559044296,0,8559044296
terra1svnj6sfjt4jpqu4zyacjl68usm0g2zjny9s33t,aust-ust,2957027095,0,2957027095
terra1tjy2mfsrmxxh0ru7jppsdzunra6ttrngc5ta3d,loop-ust,1608814,0,1608814
terra1l2hlvsp83dv2up5tv6s7f5rgsc97rhpkg6zd36,dph-ust,205628465,0,205628465
terra1a2uld7zyppkhkkcdulursqk0grc7ea9kepuxl8,loop-luna,20444357,0,20444357
terra1wcrwely4palp328y8fkp3nmlnwgaeq4c7ep78v,loop-loopr,195303665798,0,195303665798
terra1weq2an7sn2p7ww2recxex09uxztwye9y3mxhm3,loop-ust,213109,0,213109
terra1ndrxu6p7eea72k7y9k76dlg264al06wzl7yrrh,loop-ust,3844363,0,3844363
terra1zal2jvzawppjvxhpcfq9tg370ppywv4h5j3z52,loop-ust,8300223,0,8300223
terra1c08kyjvmw2mykdd5hv00e7fde54t7sdq94446n,luna-ust,731932477,0,731932477
terra1yy0vgep5q0s3cnnurs944cf9n7d8y30wungkpm,anc-ust,15195200,0,15195200
terra15tlf66tl45rt6l93redgs5puz2s68gj6sndatu,loop-ust,435554057,0,435554057
terra14asm3y52aa4yxvtl5063prwztk80wpvktxa8al,loop-ust,3602065,0,3602065
terra1slfgzaeyzjwgju0rjcdxer5ke6q550msxnkemv,loop-ust,3234904,0,3234904
terra1vucn7a9c8hwmh0q8hntr9h5vclecj7a3qxn3pg,loop-ust,639513147,0,639513147
terra1lzxmd48pqzvkqkst207tg4m967wsry233nr2d3,mir-ust,394551451,0,394551451
terra1k5smyh2ktefqtmeyh544fu0eazxpks2k6x55ak,loop-ust,172407368,0,172407368
terra1lf3xylugfkxe6pn2qqjkv53jcqvrszk0ejqpkc,loopr-ust,31139890,0,31139890
terra13jcv8n3lxpgtm9rdl8xpwal2mtj6825hg5nczr,loop-loopr,46979628305,0,46979628305
terra1zvkqvf2wsqtc9h6alxjkh0yvsgxxe26llzjasm,loop-anc,7357393,0,7357393
terra1ef9vn3m3acd877pqr48u2cv4trgm6e0qm0xav5,loop-ust,1060388,0,1060388
terra1cknwdufhpgj8vncraf080xk2jpykfl7eyempac,loop-ust,1736709,0,1736709
terra147d24xjsjzzwtsdp44wunyle4dhurlcarls0cm,bluna-luna,111831644,0,111831644
terra1r28r6gx489e9zalrsnczqx7y47st3yazaq9ja8,loop-lota,830479652,0,830479652
terra1l4xpsyykvphrl02cnch4xxl5fhcarwda9knyvz,loop-ust,19945969,0,19945969
terra12gay5tnte0c575yz9um2lvshgglg232epngddd,loop-ust,4784511,0,4784511
terra1m0mg4p7tfdjt9a5rz27sp03c2e394r9j7x864l,anc-aust,389569342,0,389569342
terra1pjj4tcxcnjj532kn3h70rkspc49lgnqnz6gh6e,loop-ust,1429858,0,1429858
terra15n9sxuhj5cx537xsuvauzzzy3qkzsw7lxutvjy,bluna-luna,215813727,0,215813727
terra1ctqkvgg62t7jea7nm0pj9tre8ul0gw8qvsp0kk,mine-ust,867647199,0,867647199
terra17k0c9y9vsw9a54guj5qp6sk44aycann3f02jx7,kuji-aust,80283267,0,80283267
terra1a5dvg4geucptqfyurvz9pnay0v5g8h5npm89we,loop-loopr,863895199,0,863895199
terra1vtsuupm03eq5sdr6w8jnmz56vrf88ejy46zc6j,loop-loopr,5766592427,0,5766592427
terra1qaym2k72mc2qfm2l08lzv8cm4v6vwmdth63wcj,loopr-ust,46079143,0,46079143
terra1px3lk56fq3jamj6p6rw6yhkfljf7dgzrh2nnud,loop-loopr,44546995929,0,44546995929
terra1tnvgwf9m7vqwzwdqur3lzs6gt6zxehyul00gv6,mir-ust,7348067,0,7348067
terra1x7nhdve2cclfpc5rm7jzh3thkhyddtg9ggqyd5,aust-ust,4499814344,0,4499814344
terra1st0zf7wmd49gfu7m72z5y6rzahy03lur3800gw,loop-ust,8307505,0,8307505
terra1t46f7uhsnprmmcj3qu70fzwr76u5k4ku9cx8aj,loop-ust,5811760,0,5811760
terra13gxzypz77tx836fw67y2dmlqu9mh8jdumphjv5,loop-luna,62014673,0,62014673
terra1gl97azssenpq6ctl9r2s9duxfgsvsyheka4m88,loop-loopr,5044359232,0,5044359232
terra1n02vmnj5u3muawxuqh9s9stw2w9ynr0kx3aetk,loop-ust,8859314,0,8859314
terra1jkl2aln87rautfdl3urxcnnkuh53lk8m8chcka,loop-ust,3179220,0,3179220
terra132lzqpxw3ktcwz6sxn5zk02dnsrgmah646ff2y,loop-ust,14022125855,0,14022125855
terra1a5ryqhwra43k3nqry8t6jfph5kx006vw9gpjsq,luna-aust,8519699,0,8519699
terra1scfy0ync7vx93v8erx9d7kfvanhgxsg5vmn4nu,aust-ust,366012502,0,366012502
terra1wqcd25trd6ya6h6c82ahrtq9wu0p3vmg0ka7z8,luna-ust,30998127,0,30998127
terra1lxkrqap2epaqycpnwyl7ylnvxvkmnskl6fj4af,loop-mine,643751898,0,643751898
terra12m46rxxmzrvwaza6asl9er86vvpz8dhsuj0mt3,loop-ust,1573483,0,1573483
terra1auphaqwslghnmnspyx6a69uuaam5d9qn68tt6h,loop-ust,2695025,0,2695025
terra1fqh0ten97ed9pz9ycvkk5lc4kchf5nzcq88t3k,loop-ust,6488415,0,6488415
terra16sd2lysku6nt08mcg87kjxerj9s7hx9vjr73q8,loopr-ust,72337528,0,72337528
terra18g8pshdjmjuas9x5wfmyaepezh2h8wg7j2xpvn,loop-ust,980063,0,980063
terra1r8cgh58vfn3uzjx4t4g05a6szwlpp5q826p74n,loop-loopr,2527439658,0,2527439658
terra1rmv3fna6arsqzl09l5pa76tty0t7n3aak47qgz,loop-ust,14047925,0,14047925
terra1f5yakw0rrk9w6j9p5eun7q2ust845afyw3v343,loop-anc,141251707,0,141251707
terra13ax77fyp2tzk9f8j7300m0wq2jnqcj7g6hg2ty,loop-mir,2347238812,0,2347238812
terra13vqlfe0lf6wukt0nxy49548af8eqxf02d3htap,loop-loopr,5699219395,0,5699219395
terra1zmqqrkck7535wg7p9wamcup4j9ca2gel6yd4wg,loop-ust,21500952,0,21500952
terra1jenasn4uahs4agr37aqcmhkutuuekf6wzttasv,loop-ust,7494772,0,7494772
terra1e6fcqy0r68q60rah6dfhn7hfmtt9tut088k5yn,loop-luna,1919383688,0,1919383688
terra15mt2r5gvny96v2jnvxpzdfnrmkkq2h35qd9x3x,loop-ust,6264010,0,6264010
terra18fpqvdn4e6yq3acrwll0sulvn0sq3qc75ezc0f,loop-ust,94136,0,94136
terra14zehhpjnx2svqrllnlw3qvegm6e5h3pjuyajtl,anc-ust,2402918270,0,2402918270
terra15lfee39p0lvjtt3f6zkev0mnpugd5jkdwqc6cy,loopr-ust,11024616,0,11024616
terra12gm43xklwj4v94zkq7p97je6ps567xynr642zd,loop-ust,102981417,0,102981417
terra1wk7gsrrjpy90ep5n4he5yqmnf5cvaug4s90hv9,loop-ust,182041851,0,182041851
terra1c8lsrtj93sk25kf95qncmgvhwunn6z2euyvawg,loop-ust,26143796,0,26143796
terra16j5lljp3z2yvzxhrk3v3gkgl747ehuj748egl8,loop-ust,2998206,0,2998206
terra1eg6qs92muthkwjm20sq739kdg0806dqsmtsq8m,loop-ust,6903982,0,6903982
terra1v6hqealk7ewjhmnmqc88ejetfy4n3pp7p4ty5q,loop-ust,320410068,0,320410068
terra1xftp6r8a6dpm40vf2ypqe22azplcpxn6dqkqk8,loopr-ust,10551492,0,10551492
terra1h5ke7hy2wy3anpnwnp9f6z9e9qdks397xjs7lm,anc-ust,26383523,0,26383523
terra1mx3ysy6uhdc8hz0yq5fhea5wldralwjargjwk5,luna-ust,51708699,0,51708699
terra1twunl0586lvqyh627lcz60xa3trx2vua4rq4wd,loop-ust,63088456,0,63088456
terra1tzj9ysfyagxfd0jlmjzf8mle2xh5xlge4m0unk,loop-ust,223914779,0,223914779
terra1epfdpgnnajcd3d0sgdqr2ltnfag0jah9zxexw0,loop-ust,3635554,0,3635554
terra10m46wakckuvs00m24qezy80hxt2xm27agv54sc,anc-ust,168712713,0,168712713
terra1mkpkw9cp9mw280366lwdmrrvc4w9rue6wxk42l,loop-ust,2545379,0,2545379
terra1dwlzsfu6hf2svtgc3p9mupv75ku7asdjw562lh,loop-ust,36712487,0,36712487
terra1cdsgym78y6kf23cwdkmgsuamyekjkh3avp5q8y,loop-ust,820252,0,820252
terra13yg6mtzek3asg72dnpwfqnrfhf3jhqesce0xf3,loop-ust,485146,0,485146
terra16enczatr37kt7xq3yrqptm8nhauzy5v200petw,loop-ust,86534632,0,86534632
terra1zphdfqgkn8uwtm5euz08z9cza4zujc8d9dwydj,loopr-ust,41259388,0,41259388
terra1q3zllgrtnyszt6s729plmvjmr3llfd7aqrz3uv,loop-lota,3495803,0,3495803
terra1ewxz52gfkwd3y06g5emw53g5yzfkhu8ncmwvg6,loop-anc,1428605964,0,1428605964
terra14mrs5p5r6663llems2q7rwlzlwdp0q0c722apz,loop-ust,3181521,0,3181521
terra139m7zykeju8ydkw8g6r5avcwj9ryuxr73a73ny,loop-ust,941046773,0,941046773
terra1nqy753auvz7pum2svzk7f7v550jhhxw9eufj36,aust-ust,525610979,0,525610979
terra1sd6qdmh78gnntxn5s6yrm22r0h402d5ypxtvfm,aust-ust,13771069885,0,13771069885
terra1nsf0zrcrzu95d603y0gr98ankrzv8jzu937s8s,loop-ust,3565312105,0,3565312105
terra1ckfg8aje29ukqcnm5xl3n758mfgxkterxu2z94,loopr-ust,23523525,0,23523525
terra15kmjvjdxry4hakfvncnvjvx67x3gc58yewxhdh,loop-ust,1454776,0,1454776
terra1y5hufsetpf9hcswz9f0umtn323vzavdjdjakxm,loop-kuji,118165543,0,118165543
terra1m79wjddgpfnrfa5nuksvu5e22apfd3pes0km9r,loop-ust,128324744,0,128324744
terra18ez5g42udwf2t6hxmxlr4aurtct6tplnhhh2qs,loop-ust,359541520,0,359541520
terra10asz204n0ya7xkjp9lwea8lhvmurc5va98herw,loop-ust,324603597,0,324603597
terra1t00x4gqfpcrcjlu73qu566djxqmtwnk5fj0dgm,loop-ust,29246062,0,29246062
terra1zss8enf6pd9twaa4hx0qrdl5wve8p9qqvxh4cm,loopr-ust,40134872,0,40134872
terra1yrfux2jzyqf5uuf6j7k7rd5d82lnfhhf0dv3az,loop-aust,196640926,0,196640926
terra1d4z5n8t22fy8nwdjmd8tv2g02uq6k45pvj8uz7,loop-ust,16413758,0,16413758
terra19qs0w2ltaphadgl86gjkcwqw3yc7knvvjmkgcw,loop-ust,7483503,0,7483503
terra13k2al4w00hqfew62ha9ap2gn5lxvvjw58va3pn,loop-ust,2910822,0,2910822
terra1g9srkhvmfrnsly2p66ycgwulvz24rqhwwxaug3,loop-ust,3449378,0,3449378
terra1a5dvg4geucptqfyurvz9pnay0v5g8h5npm89we,bluna-luna,1318896,0,1318896
terra1u75d92xsvmzvzcyr5hs363l4rpfh054h4xqjyp,mine-ust,10122581,0,10122581
terra18ea7ljas555t8evztzzfnjm0mwjftqzm5s3rle,loop-ust,3058448,0,3058448
terra1v4m7kn2dwcfm5e2lxz4hs3par3fxehauw9hjzf,loop-ust,336528415,0,336528415
terra1pklyneujraxx6m7xvearym9x8t4pr4qkzstv0m,luna-ust,114387640,0,114387640
terra1np9jmdp30u2cvkp02shh5aj9v6jqr7ep50dgnr,loop-luna,4743347,0,4743347
terra17ww0pqe2tsj4df4stvwggmddw6kqf956aw8nf8,loop-ust,16429239,0,16429239
terra16tekt930d9u3x7rhfywpd2xexrgh5g2uegy6hu,loop-ust,3665181,0,3665181
terra13tj7kt5q5m77yyuxtvglkpneqzfg3yskzjuu4u,loop-ust,3962002,0,3962002
terra1unfd255jc8dtspy8a939parf2uedv4l2xe0s7d,loop-loopr,7540826429,0,7540826429
terra13ppus262a96fgscy4r02ezzm2ps3kf3j6lc0mw,loop-ust,22687515,0,22687515
terra1tc52q7xufpm8mq26rekv6hwee5tm422v5vegac,loop-ust,14654237,0,14654237
terra10pa0qv7mrqst053zhv9hxxt9mwhmr45ggguygs,bluna-luna,54698205275,0,54698205275
terra1x9xawhkfuua9cdvrz4r93fppuphr8kwevecd7s,loop-anc,10424390736,0,10424390736
terra1rw85fvj2rct9mx3ydw0dvfp4pttckufne2vnlc,loop-ust,327654160,0,327654160
terra1htg5j2tzfcrlk2tzgjlhact227c7r055n0se8u,loop-ust,1196439,0,1196439
terra1pta0gh20273zx2x5spq8vzhwtky5y09xhen0d7,loop-ust,94056,0,94056
terra1fy99t7ke2qkkdkwv822df9mjyna2umhx2v70nd,loop-anc,2889793658,0,2889793658
terra1fd8drgfh4khuqca53khfet2nwvpgv39ymn2s5g,loop-ust,2242985,0,2242985
terra1a0yx6qza8lw3y8ffp65hnn7p25eug29x2d86tj,loop-ust,54590079,0,54590079
terra1d4lvujmtwnc0eyrc47xrn6pcsxk6a3mzhdcfwu,aust-ust,1179483143,0,1179483143
terra14l4xg3t35282aj02mrx48nww46p5q9aardxd3a,loop-ust,134813878,0,134813878
terra1xdxla74va04p4gnt20trmaxwwr5d90z5q2uktt,loop-loopr,1071364654,0,1071364654
terra1z2pmvzqfvq3susjxve4evlkcwrrdylfjt270fn,anc-ust,47769605,0,47769605
terra1a3rhkdaagvhwqu4g9tqe77946zpn9p5z4t53kj,loop-ust,204696652,0,204696652
terra13qpzsugafrhq90txm32undmlyafzr9rmx8uch9,loop-loopr,1524342031,0,1524342031
terra1nj6d9u5awzuna44nw38ta4gp7jvjjj4vnlgmcd,loop-ust,41491104,0,41491104
terra19nk2gkmu9jv0j97yyhjvv3g85temyvehckjcw4,loop-anc,94938026,0,94938026
terra1jl75ld8w7a9axhv4qqekv90mclehj6rgvgtayp,loop-ust,901877,0,901877
terra1a6pn5p8ustjl8at6r9kpfx9xmgan6stxasqyjx,loop-ust,13962396,0,13962396
terra1ssl0mgjmd73l254yda9tfh865s0pdhlggrt6q4,loop-ust,11131578859,0,11131578859
terra1qh60274647r94ez007yudg4zwakfgedp79232g,loop-ust,13529035,0,13529035
terra1gx7zam5q64srxnsrtxx8wjukkzjmg8cvtp7n0z,bluna-luna,197846007,0,197846007
terra1ry3lukygm385lsudjtqgus22dqmtcepawz0hdx,aust-ust,89505847,0,89505847
terra1jaqek9z9p095xvlhkyxjkmqu5p40hqpvx36t8a,loop-ust,9060147,0,9060147
terra1q0ta5v7ahml3g8v9tdmzhel6quhwt2ktrmtl7z,loop-anc,217086295,0,217086295
terra1xmvmqzs0azn5ads4t2ywtmr6xw0e04jelaym92,luna-aust,279577384,0,279577384
terra1tyj7v6ajda7qt65fncqte2szl6xwqgterh4vdf,loop-ust,125163798,0,125163798
terra1zl54x2dl8ucxxq78298sk5m5ta0npnspfwypgw,loop-ust,12874858,0,12874858
terra133qwzx9wt2cj8rq8jxcgcl7zr5v6y3ea4c8805,bluna-luna,9952361,0,9952361
terra1ynwxh7cp9artm3pyz36yteretfsdf247tsppw3,loop-mir,1645042562,0,1645042562
terra1ke5hp2gjg8sck9vgs3fvsaxgl7mvstx9fdcykh,loop-loopr,2578259361,0,2578259361
terra1h7yvzcrzdk8694w9wvdds0y40chca4f582e82w,dph-ust,321902998,0,321902998
terra1wuvuk68d42php4ay8rvxy7jrc96cd7qkeal8uh,loop-loopr,7406499692,0,7406499692
terra196c0lg4ztsgz2tykzvphx4f3y62p459urd0w9n,bluna-luna,5088054,0,5088054
terra1saaaee08d6vegt6q0vaccd3vkxngktdx334p84,loop-luna,10354835,0,10354835
terra1una03wcx8v4eannc2gphpfc3aps723jv6tlqxk,loopr-ust,3245504465,0,3245504465
terra1z87f4ml4zl033ugzgdxmf8l0utwgetc49fwap0,loop-mir,316160035,0,316160035
terra1897xf7n7gpl726duc3c0t570tj3vhzwg5jyuu4,loop-loopr,16120929722,0,16120929722
terra139zq9867rgj36a6xcr9tjzmpf900lkd8c6lxdg,anc-ust,57874962,0,57874962
terra1ttr9ndkknlqlew2zh62ajax3an0xkd9mrkpj38,bluna-luna,8373435,0,8373435
terra1v8p57fuqptrqjr5e85pa7cy923efzy0wrmngxf,loop-ust,118650324,0,118650324
terra18ggurl0xg6rspuu046qr0nsr0ddrlppgel0rpj,stt-ust,7479347,0,7479347
terra1tfm7chh8hcsj3l8yujp90fslj2y0rre4tkn6vn,aust-ust,89438662,0,89438662
terra1736kfkfcrwwd66c3dyqtt83yz256m4ep6czeuf,loopr-ust,268750439,0,268750439
terra169kayr82phyhmd6g2dkhmhyfdd2r0njstdt8ag,luna-ust,470319555,0,470319555
terra12gaeyfr7zkztu6at4hn36lfht9s3gtngl6za8d,luna-ust,298200166,0,298200166
terra1r9d7fua9qvxuhjj9aznu2eeatd8f3uectprffr,loop-ust,1318282748,0,1318282748
terra1w0vc5grkertpq28mkysj2dksankcasf6kfdl4d,loop-ust,638010,0,638010
terra1mvkfjcxkq6hupfu7tya5hjmwz2lc405clyy3lr,loop-ust,440627,0,440627
terra1tzfn8dzwmhgy9xepmef6vcm3eh6m9knddxzmar,mir-ust,297212729,0,297212729
terra188nxg6x5tsqlstuwedhcje3qv750yskw9g5m4n,aust-ust,92396533,0,92396533
terra1mxmjpvpy8066cykvsfm6z0ptq4yg5pw8caj3xe,loop-ust,3189104,0,3189104
terra139y858h3rzkyspsrct8fs8nrmel23qptljq48z,loopr-ust,13629863,0,13629863
terra1qvyzd4s53sq6rausq66ktwfer4eyxa3avt4t2j,bluna-luna,13406809,0,13406809
terra1fjqq7z72vfsy32grslxvv28pjkhdzkts25uhqq,loop-loopr,7878693,0,7878693
terra1xdkxejgkd5k6zf2lfdw7m5c3qepedl2ddu88zp,mir-ust,114142825,0,114142825
terra1l7rma0lmzxsxjc5dvr06aj5rv5ca9swyzl06w9,loop-ust,55619196,0,55619196
terra1jhpta8y79rwwspx8hu6af2n5tjxda2a2hwl7n8,loop-ust,12097500,0,12097500
terra1zpyh5zgg3uealgfe7rel6pe7yev7ef90hga8hv,loop-ust,991423,0,991423
terra1druw24frxc2wauxtxkwuw43j2paaqcfs3naae5,bluna-luna,11726955,0,11726955
terra1s2l8ha4vyf8u9f6d6l4dmjukceze32a53md8ce,loop-ust,9274757,0,9274757
terra13gckpljksps9h5gywzv2j3watw3tfe7s2g6gyn,loop-loopr,116398894,0,116398894
terra1peanvwrezjlx2d0muc6wns2u7jktq7lx7466kj,loop-luna,87604165,0,87604165
terra1yyq0pc6ag4s5swwtfj4mqp3segyc5fcff23cmk,loop-ust,7220082,0,7220082
terra1rhser59yagh0anjc780cwhyqgyw3nnn2e4rs2z,loop-ust,1607993,0,1607993
terra1wv38r73k4q2ehmaheu9chr8vrmvdanztd33laf,bluna-luna,777129,0,777129
terra1x05phyyd44lc4u72ttzdtwphvlxdrzql5qhhee,loop-ust,187280,0,187280
terra19st333s2j57jjrey8rael9lz28jmxezxw2dpvj,loop-ust,4584604,0,4584604
terra1dn5jzdurvh7vy5k85jq0c9pg0lzmrjncvxlvqe,loop-kuji,216661286,0,216661286
terra1dwa89herqnn7hxj0q60zawuptkms3pyn2ry6gm,luna-ust,18906044,0,18906044
terra1uk9mvnegzjf8jz7695wu4g6fm3fdw3vgx7x9tf,loop-halo,120990979,0,120990979
terra1ane2dwzwm0ftxwm8udx62svm3m9rk8kmpe4jnp,loop-ust,10848230,0,10848230
terra17vtj9mcdjxugv8z3q4s5mt0ylnuhpuapcqrwlu,loop-ust,14498776,0,14498776
terra1e653r8gp4skr0kz5vj3aw4tqpp5vmxx05mftek,loop-ust,2827942,0,2827942
terra1zvewmwjtdvnce4ltal54872s389lgc5hns5qjd,loop-loopr,13976026014,0,13976026014
terra1rra2keqxtg9mfrqugrpafa8nv7lg5n2t2dhz7v,loopr-ust,110577945,0,110577945
terra1g2s7pw6ezhlpnvtdappcjs575t3ju2y2tpwvek,aust-ust,36821337,0,36821337
terra1wmeclwsxfu77jvnssxd5n0pttsp6dzxhh38rt3,aust-ust,4526443276,0,4526443276
terra1h44lk0vrgfy6lnj8n3e7d9q5z4v9sa8upssccu,loop-ust,11367546,0,11367546
terra1w06rzvl0ajesn72cx8h8mf976hmgqfwt64cvn5,bluna-luna,2343289,0,2343289
terra1n8sfj7xcp5lpzatenwdxamxvd3y8c6tn9937pg,loop-ust,11950996,0,11950996
terra1x7hvemcjwf23tsewwekg0n983d6nnxldp3leer,aust-ust,7808310802,0,7808310802
terra1h2jq85yyh5lg2f5ps8wkpkvsnd3s7k5d05356p,anc-ust,96700596,0,96700596
terra12c2yxuy0xupewqy0rl4tfr4f6fuz9gadrq0gr8,luna-aust,76152147,0,76152147
terra1vh8ca7ln8qgythyr4dzumauqxwdczhxv2ha8pt,loop-ust,2648445,0,2648445
terra1q6eg0ph5n4rpgem80m4ljpedevrxs435d89qpf,bluna-luna,13214132,0,13214132
terra1zym2p4t732kgm790mhw7ghjtrwj27ykf6nrmwt,loop-ust,243661629,0,243661629
terra1f87ql8evzjgfpxnxc0eft3ms2l8r0lqgyrlwmk,bluna-luna,1993345041,0,1993345041
terra1xugufru2h9atcen9u8nrlzggpm9fl9pv7mj2vj,loop-luna,112865227,0,112865227
terra1wpm7tlawp8fsxjzh038hx7646pnhmftzdczn0p,loop-ust,2079016806,0,2079016806
terra1f9l4xpcek8w649ccjjk97jacc4xwgf8cvdf63l,loop-loopr,70246466,0,70246466
terra149zepnxdex7kzt5q3kh0cuk4kmrwpwucsqz7ax,loop-ust,2543950,0,2543950
terra1xz38sfzj2e7h9dp6r9tutgjmpf0yf24heunppr,loop-ust,9450980,0,9450980
terra1vhnk0tjx3ywdg43e7dt0wzfa80ukp0tgg72f33,bluna-luna,5965519,0,5965519
terra1hr53kflnfxxszv5f2rfhhuw3d65me5h4lur7kn,loop-ust,67206652,0,67206652
terra17pl6mgedyy448ynvupkhz5yvfflqxszhtx9vja,loop-ust,306721041,0,306721041
terra136tjxqkw3cxfyqrn4zs6lnu582k2qyksrku660,loop-ust,5335478,0,5335478
terra1dt6hazeznt890zycyg958gzkl37xvfqc303c6p,loop-ust,5456967,0,5456967
terra1z3g44s97gnw2wn4ktkcavmjrx5kpfvah84f3ar,loopr-ust,6271864,0,6271864
terra1n6rd6n2mesnssg9y33jjwp27mu9khnwnecsxxh,luna-ust,2607421,0,2607421
terra1wyqsw92vufcr3lmufd2sj3ls360ghpcghh0v7p,mir-ust,2265753,0,2265753
terra190zeukqvhcg4xkeryftlhjf9qr8dq3edcu2rwx,loop-ust,481183,0,481183
terra19yxjfvnm3ye4v7unlcwehdgrj2trm7jjlz3g94,aust-ust,105067736,0,105067736
terra1pj20pluh45d9322zhpkdakklc3q66uqdjt6a5t,anc-aust,107422798,0,107422798
terra1a2gm4jga53sveaxat26wwfara8365jar55zzd7,loop-ust,1610886,0,1610886
terra1qxy78uv63v43ytqjjurqmxvfl3ca8zcjnn66yp,loop-ust,1041458,0,1041458
terra1cqxz8cqrvtqh8uxgt9cpfwkc2swahhw5p2asmz,loop-ust,71954,0,71954
terra1f0k9z3lmn29erqm2pw7asmn00h0whvsamefrqg,loop-ust,2411183,0,2411183
terra183q264fnaspl8j0l4mleps6gjw07mkegw7vgyy,loop-ust,997476,0,997476
terra1jqvts2zuusajalc6x00a5j2ep2hcxn0j6vjyx3,loop-ust,2121525,0,2121525
terra156suf67lj8l55dk3wjg9jpz357awdyqps63mfe,loop-ust,1872218,0,1872218
terra16h5rnhd3vjnecz690gvnhx6kg6dmsy4dlq693c,loop-ust,2378477,0,2378477
terra1eavth9qajpd4jse5572dyns9v4y5pyg7xhdcqc,loop-luna,9825424,0,9825424
terra1hy6j9m6nzg2mcggplj5xnwnsah9farvnj2zuu2,loop-ust,5220340,0,5220340
terra1l0e7q3mpdr6rga2h6ehulvw4l53nf8y54xkq3s,loop-ust,10613922,0,10613922
terra17yxzpf9nzmm97f8yuk9nu3ppx4lfgdpg7wwahr,loop-ust,2669687,0,2669687
terra1590l7rpug08nlr6mjka8h8xe94ly4f0ht98mu9,loop-ust,2373449,0,2373449
terra182la27qrgu7lm7vj9zd67veuthgnx342czh5d2,loop-ust,5112920,0,5112920
terra1sfl86jnq2w4zyzevvlh0mqgfxv5zknj4tv3vsd,luna-ust,810416994,0,810416994
terra16dlufek0ghz6tvf23zd02lhn9dkwph0tg6ne0t,loop-loopr,52609586,0,52609586
terra1rra2keqxtg9mfrqugrpafa8nv7lg5n2t2dhz7v,loop-ust,16134519,0,16134519
terra10vntfy2rp7eueq27xepzmmumqwxwdrxpz3jdm6,loop-ust,180583814,0,180583814
terra1cw0em852hulc9xrh6tw9lu9j8xerlmuj67xgnp,anc-ust,5979622,0,5979622
terra1d7v5ht0w6yweu2rg2vmex3u9zqzk7n388tlk7w,bluna-luna,4979241,0,4979241
terra1pj9clj3vx840q67ra0e3wwlrh98dfmayafzaew,luna-ust,27052239,0,27052239
terra1hjn55v0t4tl7yh7amca6rzh0m8s5q4cuq7w334,loopr-ust,3624558871,0,3624558871
terra1zqda6tud437hq4jnhmx3zevq9avz0xxzk0vgnc,mine-ust,6370344,0,6370344
terra10sjjnya29saffznelhsxsjx9frs335qtsewv69,loopr-ust,20636256,0,20636256
terra1h99vyqu3xm2nsnu5t6ahhed9kz2p33udehvmw4,loop-loopr,652534148,0,652534148
terra1g6t59chu3v94vgz836n38qql7sy9eajztrpp8u,loopr-ust,62236459,0,62236459
terra17lapk5p993ugazmv2uuc2wdrn3qveqlh7hklpj,stt-ust,68339740,0,68339740
terra14a0r7fkw74p234dg878z4dkavs62w73cx3u6n9,loop-ust,1803358,0,1803358
terra1nmnkjtgsgy9ylwm9kaxftndge8lh74gzu289ct,loop-loopr,1714698025,0,1714698025
terra1jg2xgzlevp7v0a03akgzlwuxlzduqcx00nec97,loopr-ust,295339045,0,295339045
terra1r0ysu7x225s0c4z6a4ahl2ntfpj9hgj4mlqkjk,loop-ust,39400174,0,39400174
terra1vszdd777y4l52wt4fusahvsjlumxcm2p085mm7,loopr-ust,294164404,0,294164404
terra1026hc5zj3jrsxhzc206gek6cthpgcre6z0enn5,loop-anc,412024441,0,412024441
terra1f9czfslgznzljzz4yenvnma68npan78rt98h6h,loop-ust,94083,0,94083
terra1unrw0kk6m32qscxs85ldez7tuye090wheehe6h,loop-ust,9101972,0,9101972
terra1gcdekrjxhhy095z7pq5dzttmtp9jnvs894aefy,loop-ust,1210090,0,1210090
terra1pzngexjrygpfjxewaqwd87z9e9axc3p8fkn30m,luna-ust,4813668,0,4813668
terra184ug08kzs2h0xhsy7cs7jvmgkme8yf9c8lgsj2,loop-ust,360054843,0,360054843
terra18hgwfhc3e47vzqfyettgrw6l5xwnq2ctc8qpc5,loop-ust,7288943,0,7288943
terra1wktx65pqm6clne9fmz7h652p8vln835frw3hga,bluna-luna,31883065,0,31883065
terra14d6420d7qhcgwakgea50f79kktyr3h2lhrjn8y,anc-aust,3723257244,0,3723257244
terra1ukgxk0aajf6j34j4nprckvj9zj2tv7mmcmqdht,loop-ust,213227,0,213227
terra1pg7wmrwqye0mkqm9rkerssaa6fgde8ydrvrdd3,loop-ust,26602248,0,26602248
terra1sszd9yup703tmekqglw72t82l0c9f60ta4vgwn,loopr-ust,186421557,0,186421557
terra13ng6mn5ns8saz7t5ah0vq0h8qdv9d63j56e6e7,bluna-luna,97831080,0,97831080
terra192er6x2v2h8hm720cpezua8vd3yw539ae257c8,loop-ust,1014113,0,1014113
terra1tfvg668nkrr6fga8m4mdqnyjwzzl3f23wzzdm8,loop-loopr,99021280582,0,99021280582
terra18ntlzg2g2cz5l4ksn3dzttn7x0jrlnxmwxyqce,dph-ust,64842951,0,64842951
terra1t9dm069kunal9m46zttwt2qfxx8dylj4t7799z,loop-ust,2110385,0,2110385
terra1ajmxrg5rdz7xk59c7f8c2j04trj9ufuqmws9uz,loop-loopr,207916725,0,207916725
terra15p0m0jkw4ssnxvrlr28lhdnljm5qugjpq4natx,anc-ust,554273213,0,554273213
terra1a8rd6y4pwz79cuydph0aqwgxcsalqww7uj8yq7,bluna-luna,7042700,0,7042700
terra1yrmftasfl2lvma76ur728xms5zjquwgmd38cum,loop-loopr,290812425,0,290812425
terra1d9p9gfru862ftlecq57tlgf87y2eed2ah02483,loop-luna,84960581,0,84960581
terra1mr6dlq3uwggmh0d44g3ryhawxp5yhsxyln4wue,loop-anc,211787629,0,211787629
terra1fuhk8sggpus23wu5fmnwr7gnwtwvkysckskh80,luna-ust,10296715,0,10296715
terra1mg90y64fkut3xkp3np0w64ngpma0xuzw06pgca,loop-aust,411029452,0,411029452
terra14f2cuztwcgq9k7vr4c6hlsnlhudgum6cul6y8s,loop-ust,9396513,0,9396513
terra1ts5nyt3rn9azmfgqjfp26lypgu2vv672f6f4um,loop-aust,311431750,0,311431750
terra1259c2xgdfk55kp75eahgc2ck9kn3cvve884ake,loop-ust,31511002,0,31511002
terra1jn6drhweqnfgwz58l9lfr9mzcakczevwue2sz5,loop-ust,1956772,0,1956772
terra1jj7q95dhc3v55gf9yr9np8cvpq8jafrajhv4zx,anc-ust,299526595,0,299526595
terra1yn4ks0cdnwg7a532kz7me0j9k9ln7u2qjl2j02,loop-ust,14599942,0,14599942
terra17pk6ld3s478uxud8x89z854n742s7d989z9akn,bluna-luna,13952913,0,13952913
terra17vu0n636tpjcn4g5uxxrhguj0752y732uzcpg7,loop-ust,87495285,0,87495285
terra1mazfrfts7h5k8l66daf37qdwx84242xvlzug0m,luna-aust,188021807,0,188021807
terra1n7x2wsqgyhzw69wmrcnk4sklekdnnucu900jpp,loop-ust,16053098,0,16053098
terra1uqatv897a065vffvznjrx0au00und773pp9af3,loop-ust,56117691,0,56117691
terra1nk36rju43f53ztznam4c3ywmuqkvk9cd29sh5w,loop-ust,440621,0,440621
terra1tw64fufm73fkwleuhjqdf0znlt9x6ua53q8clt,luna-aust,42265008,0,42265008
terra13rz0v7qzne000gl2au754zpeg2vl4sqr2g6p9j,loop-ust,266278208,0,266278208
terra1207707vtzf4dd3kf6akyqfm24cyjel0v82d0a9,loop-ust,143932145,0,143932145
terra174wnsv3lf2ksqaa52evza39yllwmrreenwk4ft,loop-ust,42363861,0,42363861
terra1hhgdh240422ew45pzl23nq2mst254frqss9v8j,loop-ust,7420402,0,7420402
terra13u4nkdgz4z2r3gzqcq4ue6sqaspczahxxs9csl,bluna-luna,5511182,0,5511182
terra1j985ql4nf3v9vl944nnu5dp84zufmggc43cyz0,loop-ust,1051302,0,1051302
terra1gx8l8jv3uyjls80m55fv2amcw58crk9t0fuj7m,luna-aust,40058677,0,40058677
terra12lz7lp53s3dyewqcmu7ksnxz9jnv9l00kyyxqs,loop-ust,43127301,0,43127301
terra14ml9ql2ktkeefw8h3tulua2erjudyr8tmy8088,mir-ust,11342662328,0,11342662328
terra14hzjztdzzyd5q0j0gy0p63s0n68kcmctvejdjm,loop-ust,1171924,0,1171924
terra12tke2tg7sw7rkw3yauurfvp7642suqqw9jy5p6,aust-ust,2250129223,0,2250129223
terra1p6efxha3kc2339wrys2k7rnshv89a98g55uvhk,loop-loopr,16595370776,0,16595370776
terra1v0tujqxapq8vjdufcy76u4gjy3s35jtpcema37,loop-ust,36177643,0,36177643
terra18cq7dhw0ye7w7ktqt6u7qp46s08gfwjafyzgac,aust-ust,7240780,0,7240780
terra1344p27j3kjwm3mcs64qcz0zk2hxq8ee289cr7r,loop-aust,24519224138,0,24519224138
terra1sgvg8jqtc55tvlerptzt2hmv2t9qujguef6re5,loop-ust,1411298,0,1411298
terra1ljhyy88c7epkz33mpq6s5msze7ts0js5nqzt4p,loop-loopr,2575083057,0,2575083057
terra17r4ck5hx05cdks304ej2afkdxvve59fkkj6er3,loopr-ust,5096562,0,5096562
terra1a5ef7wrv74ryztjfhl29ejqyqxcj9kte0k6ktu,loop-ust,16439977,0,16439977
terra1xj7gruvxcyj0nz0j0h272uzanlc07asd5a6ulq,luna-aust,51641060,0,51641060
terra1gugjdhtfhthhfspwfpv2q3e4hh4qp6mg8pt7cc,loop-ust,3917877,0,3917877
terra1pvstjwrdpenvyryf99wzfz7qwthjp0va74pxuh,loopr-ust,50097255,0,50097255
terra1gklvfdgn2dcxejx4ywhla439y6r0v53na9yfzr,aust-ust,8961216026,0,8961216026
terra1j04m7u28p3zypyxzx7z7qsxekmat3hzmg70nd5,loop-ust,6106273,0,6106273
terra1qxenl78emecnp2y82dvyt6j7g9qazlgdu8g8d0,loopr-ust,293560566,0,293560566
terra1hfq0c4sd4pzegs84z37dq3zj8vrhztr8732q00,loop-ust,1347576,0,1347576
terra12c53k8zezgnzzqvx7la43e65ez6pp5npm5supr,anc-ust,23442517,0,23442517
terra1l4tfcny3esk4j6709zdhr8catqnm2fql90wkl8,loop-ust,473463,0,473463
terra12668fgtdsqvvg2z74q92rn8z3hfcvmwvv0nnnu,aust-ust,4485249096,0,4485249096
terra18c8rn98jq4gtutrp3kkhvpkzpngs6zw5t05xmx,stt-ust,398489,0,398489
terra1mugaud6ucn74fenjcne6jxhdtkf3428pfhu7xn,loop-kuji,2067491835,0,2067491835
terra1p8ksytsagzw4tzv8ntku4ustetkdsrk2xky3qa,loop-ust,34123012,0,34123012
terra1hv48gnvcccrmgrn84tpntc6yfmfnazz6ggtd5t,loop-ust,11063912,0,11063912
terra122xskdt5phs2pktqzfjpn6mfk4u5kwg4qwpquz,anc-ust,65886132,0,65886132
terra10j0jcs3g5nxev3q67hk424fadz74rn4svr8ykt,loop-ust,9082711,0,9082711
terra1hgv0lpt9nrxgrzflrkmq8pw3f9q79hjcqvxqwe,luna-ust,30285116,0,30285116
terra17enptx6cnu3w02xs4p4kr3nf7fhs2h4np76f34,loop-ust,807764,0,807764
terra1t2dp4hldplc7mz5s2ldan737mv5ukw962qlmkk,loop-luna,16631567,0,16631567
terra19qr5dfl926260j2e5jayqwjeedslvwhzjt99ll,anc-aust,869308711,0,869308711
terra1jz29vrdfauesn36tqtcsup2av8hzxgj6lkax3y,loop-ust,26646369,0,26646369
terra1wrk0zha3pxyg4vtkap0w32n3wxg87rt09kflz7,loop-ust,82858249,0,82858249
terra1aaqu5vhtavrwtg3xwz23ncy3nf9trsku55m57e,loop-ust,20257089,0,20257089
terra19fwd2tllnth9yp7nf2y6cxvppewfhujcd3d080,loop-loopr,1138023413,0,1138023413
terra1h7pxl5kmvyu8kktm88s5pjtn3lmxusjczs2ut7,loop-ust,2095552,0,2095552
terra1yd9dfjup930gpt83jq6u2fr6tjkc4sav2wja78,loop-ust,1000087,0,1000087
terra1wfm5kg32ytkm50pasyp2j5c3vrn9ch4n8tzpu8,loop-loopr,15218724279,0,15218724279
terra1vkpftvrpsf96e8j5v5xus3zr90sxyutpcjy47u,stt-ust,31150145,0,31150145
terra1y8muva9rehxxn8n3cn5u2sstffqmum5jukpyye,bluna-luna,34919763,0,34919763
terra1wxmy0v0llnskuswvrue8dpd88x2r89e5vwdcpm,loop-loopr,13494700073,0,13494700073
terra1kxywe6k849wrnxahtv8h3r0xdewa8ses9sdflj,loop-ust,39231127,0,39231127
terra1hmqacjcfllare97s56hyhvdtyycaaydm893c8c,dph-ust,647507981,0,647507981
terra1zx8dsmgax6wupl200358pa7l5aqgxq9ez3dgf6,loop-aust,7083948280,0,7083948280
terra12yznk8la8l4k3vau6c3fkq0jkgrkxsw726qetz,loop-ust,44736389,0,44736389
terra15hf4sdlw9fnk82rm34gan7q7cyke29rl4tlrj0,bluna-luna,278815842,0,278815842
terra1rjwj83ym6dy0lzhhjz2f6tkr4lcz7g4aea5qyc,bluna-luna,3333547,0,3333547
terra1n3dnwa5333462zuzh26hdw0788c7su87sqpnk7,loop-ust,156420670,0,156420670
terra15yqxg4akvnqarn7fe5dnt4487tcsfa4zvzccn9,bluna-ust,78250044,0,78250044
terra1ejtyqhmrtcaxcrzwlmjp9q6cjsmm2xd9na88rt,bluna-luna,2115399,0,2115399
terra13ghd848ax3slpkzp9xd20fzpyhgxh6qzmj3az4,loop-ust,1056578,0,1056578
terra1ezslfaufq0awgn6dmp9echd5el6hwel7udmhge,loop-loopr,44867775779,0,44867775779
terra1ytfmw7a9sk25gu9e07djdsv7q6u29nkz4sd5zk,loop-luna,1436945,0,1436945
terra1rer4yxt5tz8lx5rk76g3atmnzjw5ng02p26f2e,loop-ust,399073644,0,399073644
terra1ehczv4qpdqlyg8vn27udepdwxxeag649x9rx8l,loop-luna,2613283078,0,2613283078
terra1nvaue2zgelsf5cd0glalc8lzwjm3du2th2npz6,loopr-ust,58153665,0,58153665
terra1mnzz3vvsuqajkl20gv0ks2mv7202c0a0wqtleh,loop-halo,628423740,0,628423740
terra186lf8qvzlqlnmn5s0szvef779z9ktp82m2h53h,loop-ust,6409883,0,6409883
terra1wtkdnwz22ymx045p9y4j0y6jtt382yhc0w0wmw,loop-anc,19714373,0,19714373
terra1ytjpmjqqgt202yc9kkuhs9plygch2cxd80xu34,loopr-ust,34218101,0,34218101
terra18yk2l6z5w2d5e5suq7d6dng8h4ef7gv2s43py4,mir-ust,3731596660,0,3731596660
terra1hmzu3kf468yltaa6qac0gzkm9684wh4ym68jum,bluna-luna,4112071,0,4112071
terra126gf26pdlk5gp8qu27l3crsjhngaaa4vrjtvc2,anc-ust,122825468,0,122825468
terra1r57d9z8ztpw6l9lydskz5htejapvv64t2t3jul,loop-ust,3370843,0,3370843
terra1yehtdgwqvt6ex5wrl2g0pw3u90mfyw9v3q5eft,bluna-luna,4619938,0,4619938
terra10t4pwvjvz42fqmng9vwjrwdg5k8znc3xce5xgz,loop-ust,16331427,0,16331427
terra1520uz6hyug4sgf4e6u2vj04l7cnww7x8kansg6,loop-ust,92662631,0,92662631
terra1zuq4uyxmdaf68n4n0tjzgykaenztkwh09mwz42,loop-loopr,150194189,0,150194189
terra1s6l0w224ggjktrnkp2ad8njzfv63er8yjs098g,loop-ust,6647162,0,6647162
terra13x0kxmgrs95a2k4u6cgj6zagyz43363c007rda,anc-ust,226946590,0,226946590
terra15dga6y8edcvkyafu56cve0shre9g6ftc3udyyg,loop-loopr,1392078620,0,1392078620
terra1vpwlkdhdgntx45s8lmm6ey6m2ruj26nufaj085,loop-ust,4578347,0,4578347
terra1d2vr04ldgdvf0s8rvurzxmhqf57pel0zdw7zht,loop-ust,1640742,0,1640742
terra19lelf3htpf0vn6rldd4nyfmfgzre4s5eyxus33,loop-ust,94198189,0,94198189
terra1cygvjlqtm8ha55fauvedvjlva9vuxrw3uuj30c,loop-anc,119848225,0,119848225
terra1e6ddl349j2lk80whsgfuey6wemltv657tk7pqt,dph-ust,16868372,0,16868372
terra1c54xc9nj5sf64u9mw7j9k758dt5j9ulc6pxkey,loop-ust,1821303,0,1821303
terra1txzrr3zx6kp59rl6lms9j2tmhpju5tlg6q0f34,loop-ust,969813,0,969813
terra13w45f7uws883xf3zyx5ek7jf2euyl9pt0ucwxf,loop-ust,94137,0,94137
terra1s07azvjcw2ssezvnwn58gvf9keuzc7526eptlk,loop-ust,39559186,0,39559186
terra1ylh5pyss72djdqdusnrvl639ladrwrvf8ykcuy,luna-ust,38467982,0,38467982
terra1lpptytypgcaffps78075pv688gugl2jystqjlx,aust-ust,269358978,0,269358978
terra1ppu64tdv4ge57ll5cnlpz6gr9vsqstqpfhcuuy,loop-ust,1434899,0,1434899
terra18hahn7nwxy24e4835y0esm5vrtsn6ns9k3swug,loop-ust,546862,0,546862
terra1drrmglh2ncj4yyp7rqxv58sq6suvqekcshxk45,loopr-ust,5362959503,0,5362959503
terra1nlnnyf20utw7f7ssqft4m495duc77wquqxzc0e,bluna-luna,49806533,0,49806533
terra1ke0jz2e94gxrce980n5lh00e6tq5s3wefn47r4,loop-ust,10872472,0,10872472
terra1qs2wy9n228a4t33t87zwpc630px7u7fqkmm4rx,stt-ust,1903832,0,1903832
terra1f7eu47fu9fmf5lzfqjg04zfte2kuymsdnrgawj,loop-ust,15232553,0,15232553
terra1m6qvdqn4ae2dzu33xqfamc2fq0e2y5z3n3vkqh,loop-ust,22968269,0,22968269
terra1r7ulwzuhp7h8hf5cqwheugvfm5pq4ahnd9m3lw,bluna-luna,99906,0,99906
terra1nmhaufsmy7mwqa9p83zkn7ycguphzrz3qnqlgn,loop-loopr,3898647374,0,3898647374
terra12m3qm8dag5rm6ua3pc6zpy97dmzksh64r47rlp,loop-ust,12540074,0,12540074
terra1gakszk7aklusen4w3c7233yh945slumsj5xcfa,aust-ust,1259053299,0,1259053299
terra129xa59ef5rxv9haq9shuxnuw5qx36zcg2ukaqt,loop-ust,7143639,0,7143639
terra1365w2waag6us2650zqld32r56dwjenk9jl5y3s,luna-ust,2409833,0,2409833
terra1pysvzgjvnv7a2e59kd2pluk2qztx65lrz4hu3n,loop-ust,7116834,0,7116834
terra1t2fscmhna3hmyl8wwvaccjknxhr4gdd2jusw0k,aust-ust,436387908,0,436387908
terra1q2tadpj8xffa4m0tht4gusqykr6jh5kjevpv3a,loop-ust,1060530,0,1060530
terra1r0afj3l4hzl9rf7z6aewte9a3hc8j0389lmgmn,loop-ust,2406235,0,2406235
terra1vgzmtd33f6wg7j473kqq7ekj58ygveptt7xyjc,loop-ust,865771,0,865771
terra1h70lqfpadnfh2nwzl3m3masrj0l6nqkk3v8r6x,loop-ust,73854856,0,73854856
terra13j7kz8fuf7spuznrex3u5p6gmc6cdgkrusjtr5,loop-loopr,3308263988,0,3308263988
terra1g9srkhvmfrnsly2p66ycgwulvz24rqhwwxaug3,loop-mine,88178979,0,88178979
terra17ldfkuthcyrhng7h9ktjvy4q6kq90nslyl5ddf,loop-ust,2031513,0,2031513
terra10qu2rqdgaetn4lezxkk3fyutxqm4k7s6jtjzll,loopr-ust,14787858,0,14787858
terra1t38z2dg2fsknv6qmzn5f7aqxmuawsrttnd8gh6,loop-ust,957046,0,957046
terra1x9htnd9y863jjlf42rhzwsaq9e44s08f3tlkjg,loopr-ust,1031934981,0,1031934981
terra1lfhrwumanmmdcwgcqfx3fla69vy2xzugu32wnd,loop-ust,2644515,0,2644515
terra1an9y94d93rvn0h6q845u37agr4h9pj8h2sn5u4,loop-ust,76351838,0,76351838
terra19zdmf4m6f37fqyg7pkkm06tf0sfsgf5lx6fslz,aust-ust,475416095,0,475416095
terra1plpvtccrufd73reau6csnzdenyghdhfv97zn7c,loop-ust,865723536,0,865723536
terra1puguwkj2vqdpyl66h7rhjmgfsdt9qsl7yp4v0t,luna-ust,8825597,0,8825597
terra1cawk7qye78ja80xzcmu0jphu9q9tpydy828uk4,loopr-ust,13943853,0,13943853
terra15zswrg8hsu0ex98yugz3y8gtwdvsyzh8qq2zh4,loop-ust,8526093,0,8526093
terra1wqtc8dn8yks0375atmu75y0kx28ymsukdszrsh,aust-ust,893761490,0,893761490
terra1fsk0c64q98g2mc7f8qq4usvzhel8pdzfgsy7fu,loop-ust,4587500,0,4587500
terra1y6s6s9mgjpa5d9523mz68hu0jfxxpanmvw4p3c,loopr-ust,5978584,0,5978584
terra1jszmtjdl4f6suzrk7np0mank93k6gezwe3gwvf,loopr-ust,2527271916,0,2527271916
terra1zrqtuje7qp8nkac0sx5kay06weuvkj8r0khrw0,loop-ust,119389633,0,119389633
terra1u55zhe7heetdy05p679sztshemzkcck6r5dxu8,loop-ust,4523540,0,4523540
terra1udk0g9zp9ts3rlpye9qxlvk7djep2s4jk6vaen,loop-ust,96155407,0,96155407
terra1gmpsjq4wn6aw3e5a8xq0xgjtmhzhyc3cxkfwdu,mir-ust,323419754,0,323419754
terra1tttmvg8qr27hs6hu7y4r3qalhsdnqwzs0qlsv2,loop-luna,51603675,0,51603675
terra126qqnt900wmr0j240ph9jfc7pvlwvknw3t6wlp,dph-ust,471402881,0,471402881
terra1yqqtu2v03mj0uu2czfmel5zrmnyx5wlxe3qp49,loop-ust,10512765,0,10512765
terra1zexqjmda0tyux9j03j7ql6d049a0wg8t0f3tjk,luna-ust,246415548,0,246415548
terra1yxw50dlxx4fsacshaz755v8dmfavxuqvmzatvs,loop-ust,1601689,0,1601689
terra154u2ysnlr4dadru806ahty0fwmatrepa7zvkex,lota-ust,3782271,0,3782271
terra19x97gzrk8g8dcn7sv4vc8utsc4a3h8pu4r3ntp,loop-ust,695390,0,695390
terra1ts9nmulf2z0xunvf0euylwdhrwgmfaxpjqndd0,mine-ust,172162541,0,172162541
terra1tcguck3vzlw9y5g32ce58ywnvh6hajq0rhqwp2,loop-ust,13228278,0,13228278
terra1tgmmmlrf5yky4rray4v9e8spnjcrxmj6zy3uke,loop-ust,5287484,0,5287484
terra1zhgnycqgrkzmve5zy7u29t47up6mcyqh6vjx4k,loopr-ust,53864200,0,53864200
terra1j5zer5pwlv2rpdpq0wrqu294spaycqze6sq29z,loop-ust,4576943,0,4576943
terra1fvgkuw2jpp0r2gmhzegwlw928ur25x53h3hyk4,loop-ust,1021123,0,1021123
terra1pwwaq6ffrmy0hzz89693am0p403s0cckcw4xgn,loop-mine,6517205,0,6517205
terra1n6xlht32razdv74wgavt7xu4p9xmr7q7cg9dg9,luna-ust,106186336,0,106186336
terra1r4t5yk8368ckuepus38rzlug6y5mxq7adgylak,loop-ust,4727811,0,4727811
terra1gal6yn9rggc40nmjqemd3k9w8dkxt6akczpur4,loop-ust,2927141,0,2927141
terra1x8glrlcatxgmhrthh8vkv670q9d2cjv0wr5ju0,loop-ust,4436880,0,4436880
terra1ctdca4sg36szr4vcgjlvj4f7aldlggzxx38lt0,loop-ust,951724,0,951724
terra18r5vtxmp59z68s6yc006d0t8f089rv3aq2deg6,loop-ust,4759161,0,4759161
terra1465cwtac9gq0dypmra5pqvejwf6pnugk4694sg,loop-ust,163868368,0,163868368
terra1pplq4elz57w2yu52q6s4mswlg6urg7wpxqs3qt,anc-ust,35493296,0,35493296
terra1khr0qjnp4ywx2275pyj7la320u8c5e7hx6xu0z,loopr-ust,176181970,0,176181970
terra14cwaxu3ze3vk48kneh4f7uljnqjjcf7dck0f70,bluna-luna,24377135,0,24377135
terra125wtmwun8csta5kvhe2ddepnl3htrxl5h7fr60,luna-aust,11717266,0,11717266
terra1xwkyjw9dujsulf3anvmykck8w3xldw5ggm6vkx,loop-aust,362877164,0,362877164
terra1878cm4g2l8d806v95j2lkhu8yjvm4xyccl5xu8,loop-ust,13634768,0,13634768
terra1mk6lw3dvgxtpcuq6rsw4glnntre70kl08w3l9g,loop-ust,1925907,0,1925907
terra1nj8gkna5xs299y5xzx0run23repzs7rxzd7ngw,loop-ust,1881431,0,1881431
terra1pe04h335xuql25far273suc3svyfyaml8vy06j,loop-ust,5283671,0,5283671
terra14kjjvha3u4r3k0hdgw2juqnncttm6lnjd3shtr,kuji-aust,280370274,0,280370274
terra1tgd965ls5m5ds3qaapv79fkl2x4e9ghv09n3qd,luna-ust,203248695,0,203248695
terra1tm5wlztawxgkzmr7nrhfx5yff5n395xnr9jr7f,loop-anc,402250074,0,402250074
terra1n8uwvee6f4vjs04cevtvldkzhxzuw7wwfdx2xq,loop-ust,3018653,0,3018653
terra186ckwxle3tyvh3r4e736303l6ae3umacss8d9r,aust-ust,2623080,0,2623080
terra1l7ct95jx23wj79xezaw0p3mxwj8yzg3gy2mg4y,loop-ust,9207296,0,9207296
terra1th5vjqygc8f4095apauupvm070jahy7xfyada4,loop-loopr,1573519109,0,1573519109
terra1antgsl2qz9ngxdh6r4xzfn2a4t6yvsax8gy08j,loop-ust,4138685,0,4138685
terra130znx0awxt5mmjvd59qh580a8df6drktc8xypt,luna-aust,235597266,0,235597266
terra145qg7hrh7jheksdpxhwmapdx6m725sztmd6fv8,aust-ust,5588484731,0,5588484731
terra1jhc29v87m94p2hllj3hw0aermmvdugz4t8d544,loop-ust,17773869,0,17773869
terra1vuvs3pasev7rz7sv6puy28fpwe8uzxvc3m37c9,loopr-ust,127835721,0,127835721
terra18k3lgvhgzfmvxnx4aw7quufxd6wpd9zr56egd2,bluna-luna,18045971,0,18045971
terra1kxywe6k849wrnxahtv8h3r0xdewa8ses9sdflj,loop-loopr,754966748,0,754966748
terra12ln35rkuq49xym45a7vzy9t5ygwrghckfhr8my,loop-ust,1072992,0,1072992
terra1elx2d5xar6p7j5rztecxe8c7lvm78xg9hcv52w,luna-ust,79358183,0,79358183
terra1pxyy6kds294m9x0kr3f7xr3l0zgzfcve2jf3qz,loop-ust,2593917,0,2593917
terra176m5ea5yth456ykn5cf7t4aqyl99xmwu20qt8e,loop-ust,8442122,0,8442122
terra18872j3z9fuh0k5dc44qn7upyet3n5vztrt3lyv,mir-ust,515475660,0,515475660
terra1v8lfs84pndqhzmze0aujepfj49jjtcuaqegmk5,loop-ust,1479312,0,1479312
terra1zsnktcrtc4u6z05ql8gfccnvnmp4q87xkyy7kl,loop-anc,43917851,0,43917851
terra1v4pleeumrsjjkzg23q0xe5dmg7u9860x0q8uk2,loop-ust,80983,0,80983
terra1acklt6ywmew80lz4xr4vfy9v953xmcu40eskrh,loopr-ust,12190036,0,12190036
terra16m3440zzh7zscxm7cgj9dw7s3s8um7fg4qzhxn,loop-ust,110894416,0,110894416
terra1y7nq0calpglqunxsavw7f9c55cqxjzvcer8quq,loopr-ust,47937087,0,47937087
terra1dasz92x5qdmp5pah9ye0uvw2fa85s992wc78rm,bluna-luna,100267186,0,100267186
terra1uc9t7hnmzxs3q53v375hvgfeymf8g9hax9kk50,loopr-ust,14464382,0,14464382
terra1wlvwxkdk80swqpkte764hkdl9atm7w7cmkd5fk,loop-ust,39306661,0,39306661
terra1xw972aggd9gt6y4v75f40hrdl4kd9y7cftw4rl,aust-ust,35045939,0,35045939
terra1em3w846tpk05ajrsvdrxqecj6v9catxhxcyp90,loop-loopr,330049566,0,330049566
terra1kcwtsazs3mccz99tqaey4mn4nl3gmakdqlgheg,loop-ust,13577854,0,13577854
terra1l4l65x203et3v495mw50dh8eadlg3jn75cfdde,loop-aust,37618418,0,37618418
terra18q780xlparsks38cnhs2vdv5ra4wmfwdl72pde,anc-ust,562531845,0,562531845
terra18c8rn98jq4gtutrp3kkhvpkzpngs6zw5t05xmx,loop-lota,4386561,0,4386561
terra1zjutw4mtmyeer9uxp76shjghxqm3cnehzltclh,loop-loopr,51078296316,0,51078296316
terra1e0k53eyfnuryu9wvk45rk9kkvzp5aawz85vkvk,loop-ust,100357479,0,100357479
terra1dkmf2p89lrnmw2qnpel9r5zvq89tqa8gt44rd2,loop-ust,1668515,0,1668515
terra1mr6dlq3uwggmh0d44g3ryhawxp5yhsxyln4wue,bluna-luna,54704052,0,54704052
terra1nfc8fc57vcaymv4ka4tqx5gayzezwndy0xaj0g,mir-ust,1425586513,0,1425586513
terra1unp2yw6rth5k26h3suzzmq957azzlapukm73ga,loop-ust,95109528,0,95109528
terra1peanvwrezjlx2d0muc6wns2u7jktq7lx7466kj,loop-lota,231608281,0,231608281
terra105u4s4dwgczgfseeurrcgfzr8g7x4h02juerjs,loop-ust,197059901,0,197059901
terra1lcydu4499ylve2vsg534xznpefht3xevev93xy,luna-ust,75426069,0,75426069
terra1gxmzut8u26nz6lu468dj4ywc98vw5wjln2lwle,loop-ust,2769443,0,2769443
terra1rdk2uheeuzp300ff30zzw5ku9geqjy54ja4lv3,bluna-luna,49662575,0,49662575
terra1dnzgjywlmcl9rdwywcrq4nd4rlcfdjtv7g0g84,alte-ust,1374226,0,1374226
terra1w3lfeqrw5vefexyskzyey7520ftd3ds92g69qk,loop-ust,1224410,0,1224410
terra1v56x9qpfyax3x0qvnskanku9kfnff7avt8z28s,loop-loopr,12202945,0,12202945
terra17l9h9dma4etshhvhdel2awcywpvtkn5stmm795,loop-ust,2941272,0,2941272
terra1v3l8955qjhpvaep4ntyk5n3t5x60r59pdeqdfm,loop-ust,20276597,0,20276597
terra10mqtu3qxlmv4ywwe60nzmfanxtaln3lpzeg0wv,loop-ust,3999825,0,3999825
terra1nthgcqpdxx3ygeu7vffjlcwhny3f0mwy5th2cw,loop-ust,23385389,0,23385389
terra1rck8szlc3dewpwza6xcvyymzsw2w402pq80d26,loop-loopr,96539422,0,96539422
terra1v405pz4h23u2alfhdfmnvm066sv5aeqyudaujh,loop-ust,90677378,0,90677378
terra1ajw4v8r38trr9q3yp87jqrvu9htns4x2l6c8rt,anc-ust,83790390,0,83790390
terra1cjsaws8l88t99jw04h3ywsg8hrd78405pw9jay,bluna-luna,78011408,0,78011408
terra16uaw7qctgwfelfag3p5wtpsckqd9z4alhtrxkl,loopr-ust,11667599,0,11667599
terra1x8t9wpccp549klxh9ax6fv47daundlg2pkv02l,loop-ust,9387243,0,9387243
terra1x9yvywxrkz84y5dvhw7m8zmfz8el50zlz3hywm,aust-ust,446880745,0,446880745
terra15nr6y94nzm3lcgtfpt9ykpdtr8l20ladtazpuz,loop-ust,2026111,0,2026111
terra1m3l8wugdfszcr46ju5dvftspuqfarurkv28zvc,luna-aust,39949365,0,39949365
terra14fduqxz2l5tyk9wyjlxg9039nxfw6aac8670c8,loop-ust,8160807,0,8160807
terra136v9452hxed9pphv4vvte8749al5pc3xm5k8p0,luna-aust,8331680,0,8331680
terra1s23gm569r28xjdpg2cy56pdvdwz0xuvj4hp3fx,loop-ust,2492944,0,2492944
terra1cyz7zrl27kl4tvl363zj9q7l8q8htltsv7rs7r,loop-loopr,29331797,0,29331797
terra1h3duklp2j3kmsk0gnw84487rgj82vjqs5f9h80,loopr-ust,56455429,0,56455429
terra1au9axp4w5en7wf35tdx4fk6vdmecfn7cyrvkun,loop-ust,51595820,0,51595820
terra1smz5lqkxq9shyx2p02s9aezervvrdfc5lz3vwp,loop-ust,1604888,0,1604888
terra1py6enrlhz73axsxr4saar98whyyym73dr3jyvp,loop-ust,9547028,0,9547028
terra1r69u0e53qqrq5spp587na0v9xdgnn3c28ml4vj,loop-ust,892610,0,892610
terra1u3gqdw8tl9mavdyy3cch8mqqpse6j9ry7hv6kl,aust-ust,45985734,0,45985734
terra1gztfhk99sjfxmxqq3uflj94c5maff2tg5erhws,loop-aust,2109458440,0,2109458440
terra14rg79ze0s0y5j4r256y8r3twnjf7a7ughxcuw9,luna-ust,31828769,0,31828769
terra17jm9sf3874x30tmxece939ujn9as3tnmvkm7el,loop-ust,358176311,0,358176311
terra1q96fax7fxt0vwsu89frgfv3zf7xhvssecskzhm,loop-ust,1772021,0,1772021
terra12fac5nfmljfzez948pzv2xtjjft5xp066yrnfz,loop-ust,94932288,0,94932288
terra1hqe50mfgv4puc82qf2376z3xflw5f8qfml59z6,loop-ust,8606,0,8606
terra1ya5ph22admhr89tw0jp29gkyz9yp7luj3sap06,loop-ust,18881428,0,18881428
terra1m6tv89fzuxruetwchqy870tukghzfh83lxz96u,loop-ust,12506299,0,12506299
terra13c74kt8wp8d02yxj5dqjawxccaavp50366yh9f,loop-ust,12655741,0,12655741
terra1ndnnn8r6clr68erxwjf8n42haldqmegnsg77na,loop-anc,904528236,0,904528236
terra1hrv7c0w7dvuyhu0p0w42dgpz3kjv997s9d9psf,loop-anc,27599383,0,27599383
terra1p9cr0eyt365r9u7uhqz0y4pgdyl9gnxewfwdvu,anc-ust,1431463,0,1431463
terra1g27h6f77gp46p0fks83capug73akkmck5gj78r,stt-ust,27288792,0,27288792
terra1mweyj5lpnu7zkqu07ems590uyypmvld6mul9na,loop-mir,45741101,0,45741101
terra1ueau5ltcwpcam90f70u788lkd4w2s3ked0dxc0,loop-loopr,49906448055,0,49906448055
terra1xlu3cau6r56wqyg8sa4cxkgsl4wsgcftnn06ta,loop-ust,404193,0,404193
terra1jkhdzy3q542x6qp8jn8dqfj0phs2nrmfy6qsh8,loop-anc,12784840,0,12784840
terra1e6rwxa45mrqhpvxet98eu4yh78ga073zg4wjcl,mine-ust,3975574,0,3975574
terra18mmeq2s5m8dxemn7z40ugrt2ruvn6d49wvneem,loop-ust,38144452,0,38144452
terra1gqf4ftx8nkqlh0qwn9fmwr3h0evn8d6szqwzyt,loop-ust,1226358,0,1226358
terra1s0xy7x7l8vglp85tlr24hju6u5x7js2k76pym2,loop-ust,446683097,0,446683097
terra1f9u7xj2fux52ewy3s7tln0g904kuv8398gacvp,loop-ust,89686,0,89686
terra19ndeyqphz8m302e2lhascy04l34hyzjadzs9kp,loop-ust,789203,0,789203
terra10x4td3qm42yxtfr8l805a34qdrw2s049rfkmax,anc-ust,540937,0,540937
terra1jfltvf0k26r8junr4mkjtlmjd2yx08s3zq6vr8,loop-ust,98509378,0,98509378
terra1e4felamp495lpc2rsn48a0r7mhgkl9t4r8qvpe,loop-ust,16583910,0,16583910
terra1pz8ngf63f0ws750380qe0m8fyp7pf2a6dxgrmj,loop-ust,1613538,0,1613538
terra1uz9qdsxd3hdpmmyxss7w7tp4q4hm8hkewrzuqk,loop-ust,694404,0,694404
terra14tygn2k2gn24jr73pxq5h3vc59ymyt2yvmwf8c,loop-ust,19953683,0,19953683
terra13dsypzyjpe5gcy08wxq90mzcsl7hjxne2rsuhr,loop-ust,188494872,0,188494872
terra1v38stn5atd66cy78v4zqkevrz6zdlrspjru2r5,loop-luna,920800028,0,920800028
terra128layfwy2x7s4s88juvl3vjhak7hrzkfktr77z,anc-ust,684733329,0,684733329
terra10qwm80ccf0kqtzp4tu9queu3uprkx5m2pwfvfk,loop-luna,13208485,0,13208485
terra1qt52ka454ph67uwhcpz6rv9k5qgvzu73ns8kk3,loop-ust,24417926,0,24417926
terra1ge480tterhvfsc2g2jjr5rtdu8myvleygqees6,aust-ust,4535604940,0,4535604940
terra1uvj9eqg5904ldhxm9lx8ppz0rl50yjkywlqff3,loop-ust,1001789,0,1001789
terra13snz5985ceuzhtzrfudv4mss7teuuadmmdtfte,loop-ust,888775,0,888775
terra1ns4k6su0xlg0l05x5p0gcm49cjfmgqph4javsu,loop-ust,1763382,0,1763382
terra1r0xusq2ftt2sc4ym9dw6j200mpvz4t3ecr0a8m,loop-ust,13501099,0,13501099
terra17y3f7uuwdmnmy3ucq03qruugndvhpc82ncsguf,loop-ust,9767524,0,9767524
terra1zt8g4h0eelgujh2dkh7wdjjv2vraz4msztldz8,loop-ust,907554,0,907554
terra1ka995hr4qqkmw5ujyy54w4p2v58w7pfkam38u8,stt-ust,253447,0,253447
terra1vd5tfdmwk8q34qvwyhsyy7zjq8ye6ylu8r9q0x,bluna-luna,10075789,0,10075789
terra1h66p79atlkszxntxjtrcy7jx2rm4v437c5r58d,bluna-luna,32115529,0,32115529
terra1hvafw8laqds0k8w7efruyk3nr7a6kpf0e4gu2g,loop-ust,5785634,0,5785634
terra18mmkvefkycu4semzhq6h7dcdhkwxw0lung207t,loop-ust,4891362,0,4891362
terra142m09k05d7vrp448g8ysg9uclnvxd9petcaz40,loop-anc,307139016,0,307139016
terra1cq2dr257ecd448zzr5vw4574xgz9pyjwawwks9,loop-ust,63592842,0,63592842
terra1rjath2h34la2c5txq7kx3pml07p4k59lwxk9dy,luna-aust,40462748,0,40462748
terra1tsw80wzdr0gr6au72cgyw9cm85ytvul05efuf7,loop-ust,3240568,0,3240568
terra1d8s8kn80y69xh778ckna5x6rywrj3lh3ztpgvz,loop-loopr,167552240,0,167552240
terra1gmdf9yms4hdgmhhtzlhzanjxyf2gqdqev7n407,loop-ust,1014799,0,1014799
terra1khk8q4uc37fu9dcxph92mqn78grnqxt272xtaf,loop-luna,67751515,0,67751515
terra1245wd4w4s375wkpxe4qxaj3vrztkwmdtvfut5t,loop-ust,3085278871,0,3085278871
terra18urxzgvjaytjr2j8n599s46v4hwysgszn5xwr9,loop-ust,474306,0,474306
terra1jw0r6qplmmre7rv72j5v2376ynehus7epd6yfh,loop-ust,27389933,0,27389933
terra10zung8ln92thazj7ufym7mkfaat5lcm8c0t9rr,loopr-ust,36601638,0,36601638
terra1mllj9uxnssuxyn3x85rn540dwdj0vjlqrrjwcp,loopr-ust,9333294,0,9333294
terra1nmn0e2xx09hshuey2rkxauqfqptd0xa4h9dug8,aust-ust,44766621737,0,44766621737
terra199sgw5kg2rejzr6ug7uwx0sz3mhe7x5q8rsgga,loop-ust,400845532,0,400845532
terra1f96a9hx5675upyp2qxyfcyms5nxq70cva3khuc,loop-ust,15020433,0,15020433
terra1etsyuklk90rd0sha24tz9dl20cfrvn2q9gatfs,bluna-luna,44910184,0,44910184
terra14u7jje4q5ts6gzlm4hyjle3c9nfana7wp84vdr,loop-ust,413069,0,413069
terra188qaujdxeq3a9f8ekggzvs73qxjyvqt83smeft,twd-ust,58109538,0,58109538
terra1g3mrrj7pyukylk5puw767vd0m78fnazjhzxxx3,loop-luna,403433,0,403433
terra1gl0hd7gcvxn6d0qyd0yex0k0cflm7kuq96hayz,loop-ust,1208347,0,1208347
terra12wmcxa8qkzkefkl088006hyr7mfl7s99qppupn,loop-ust,8547115,0,8547115
terra1hk4srrtjaawmzzu0vlpmauv8vp5f8cmt97s2rg,loop-ust,1189776,0,1189776
terra16uznees27a7jgaducgusga65vyn59qj53palqt,mine-ust,26984784,0,26984784
terra1u393hm78jqg5fpgmkcc4qhmzkt65x8rpltlgg2,loop-ust,483364,0,483364
terra1tza5uj6zz4zn0d6ay8kxack6am6grxdzp2a6eg,loop-ust,1761793,0,1761793
terra1gxch8m9cyqjjgzdcgafkj5a2hkhcm7acuwvun8,loop-ust,4580123,0,4580123
terra17cm9dhkl4t7kwzcku7gwu2ne0025af66edhmmx,loop-anc,34348532,0,34348532
terra1k6zxdlz9auyq3cnl6658cuyyxkpr0tp35tqwjz,loopr-ust,169455013,0,169455013
terra1syxzsdg9jt5dhng9eydqycy3g9vmt6lsqh8qv0,loop-ust,1847567,0,1847567
terra1zy2cpvl3vf3nzra2s9u5zjaxcpt587gd4cz89r,loop-ust,457261,0,457261
terra1r28r6gx489e9zalrsnczqx7y47st3yazaq9ja8,loop-anc,2497718530,0,2497718530
terra18e392w0au09lhglhrn2awca4fr9qgvgrlhlgf5,loop-ust,511174393,0,511174393
terra1cxujsgs4d3396wetmtd65f78aulvgaklqqy9wv,loop-ust,10110969,0,10110969
terra1n8xsdf9ux7lafe2jhw8nuzkwt4ta0ydtzxpr38,loop-ust,27369772,0,27369772
terra125wtmwun8csta5kvhe2ddepnl3htrxl5h7fr60,anc-ust,6512812,0,6512812
terra13cr9gqlys5fcn7xnd6qwnkwsrkfarjamvdz7l3,loop-anc,11675050,0,11675050
terra15jquhs233vlnts7kx8uz2kn223xktm2vawsx0z,loop-ust,4494783,0,4494783
terra1d92lkp7uc8amf0at4rxvt7srz7nthwq2vten72,loopr-ust,22457245,0,22457245
terra152uhmppgmpfsa482vs0x87u0tjd05leurwa5el,loop-ust,22292721,0,22292721
terra1ecmcj9ngh9zq2rf9ynqspp7slkre23z2xn4f58,loop-ust,3198205,0,3198205
terra1sgcrg2ddsw92rqrjnuz2q5d3mkqkztjn2nj92m,loop-ust,4627788,0,4627788
terra1kyuql3r5h4hu40sufuq36xakm0ej8as03d3qu2,loop-ust,786176,0,786176
terra1dwa89herqnn7hxj0q60zawuptkms3pyn2ry6gm,loop-luna,37047685,0,37047685
terra1snqt59uh8nt4sa0zfs4jxql63hqf9nawjcjgkh,loop-loopr,50196190762,0,50196190762
terra1p45erstanh7zkccrch20amcgjqspk8l9hyv98r,loop-luna,4766354,0,4766354
terra1ysw9yzvjhhrqv8hynhjd70dqnwz6u5wmnuq2gu,loopr-ust,17163503,0,17163503
terra1m7w03qjjd53h66tly6r398gz8c342ak6aheah9,loop-ust,5505489,0,5505489
terra1ckzqph2dxr86g2fu2q8ylqh5gdf68mmmwr2eks,bluna-luna,6067998,0,6067998
terra1p60qlu207ez48ze4qpwz45n9ftakvtpex2mn72,loop-ust,7324676,0,7324676
terra13t3xse5u0q3pjydh58y92pz8vstxvk0sdsqkv3,bluna-luna,59348858,0,59348858
terra1ekf6vkrjeah9mqycuc7g2h8d2fe8fmh6eq99jz,loop-ust,5848822,0,5848822
terra1wfm5kg32ytkm50pasyp2j5c3vrn9ch4n8tzpu8,loop-luna,1005813250,0,1005813250
terra1ke5f2vpce3w7upj884sf0sk3ejl7qf7el6c8h3,anc-ust,1187609276,0,1187609276
terra1kfnwnm5try533cyytjh3ngsuse5ygwsm94dwl9,loop-ust,2503201,0,2503201
terra1a3v962xqhxungs9v3hjh07vgudtam0ffu36dag,loopr-ust,25475805,0,25475805
terra1axjjhnsk59ujtrvmlu3rp3hcnm8mvdn6l7x7un,loop-ust,41272856,0,41272856
terra1en37c6w8njglyz72ray5r0p4rvxyng7ne5lgv7,loop-ust,92052553,0,92052553
terra13xkqahzhz6n8ylrgs9nsyl2c2r0ye0843kyaza,loop-ust,6648722,0,6648722
terra1ru5qk8sx6wep2jau7edte4cj76dzvsyeu7jsar,loop-ust,1679311,0,1679311
terra1m9aqzmfcufyt0lu8gw33lwj90xfpjhttxeqevc,loop-ust,5335499,0,5335499
terra16putve0yp36jdqytr85dch6tlpy406ykwe9vfm,loop-loopr,339344036,0,339344036
terra1gq3mdk9xgutaw4am950vgq9aepm87w43j4l38w,loop-ust,4844822,0,4844822
terra1ypgc4wfknl573mnkgeys8qp8qyceud54wa390a,loop-ust,32833641,0,32833641
terra1spu4nu8kgu9ulgt8xu6y55h6kvzxhdxdmheaes,loop-ust,1073607,0,1073607
terra1h3a4k9cckt2zkgts26d6ndz9fxyr7kyln0f3xq,bluna-luna,11966373,0,11966373
terra1sndf0had7gwemzxpsdkguck45vvr43pkj283cf,loop-ust,45245985,0,45245985
terra1r5kl3hsls86dpyq6ajdz9qcas2jz2v8yuy7qtl,loop-ust,16502604,0,16502604
terra1tdyqs6mvw95je047vqxf663z8nf6tumguxsn7m,loop-ust,78364971,0,78364971
terra12rw3ey4exnlump07pwun3eknanwsrx0pqf8qqu,loop-ust,1378713,0,1378713
terra1qk48392zt38ky8nng3a39u96y607ww0393850f,loop-ust,83493318,0,83493318
terra1pz798vlnxl5y8gv3dyfz5gdt2smkud0dp62snz,dph-ust,2592854462,0,2592854462
terra1lwfjznmneguqhth3rz6f49duszza2tzjqy4q4j,loop-ust,27617526,0,27617526
terra1l63w54eyf2asy89vcml7l4cajzyzunpadav6sd,loop-ust,929477,0,929477
terra19kerxsynl4pzf2aeasyjjknsr9tvmagr2z4hev,aust-ust,134499351,0,134499351
terra13xzrwnsglwnmx9k5xn6rh9w5hu8e0g44k7grvd,loop-ust,278926792,0,278926792
terra1lrmk0h0ax0vyujlesfgtxg4sjyuj6fdlqmsav8,loop-ust,3275446,0,3275446
terra1hktmmkk7m4a5hv0mzdpwkzav6pc3vrd8lm3w9p,loop-ust,40759581,0,40759581
terra1nep926terh8gkvc26xxh49e6jn5v2gl38mp0ps,kuji-aust,643889793,0,643889793
terra1fzw4cxmdmjd7vfqq7fjm2w50pce37warn5hu9h,loop-loopr,2025995593,0,2025995593
terra1c7lyy20v04ye7hmpdhn0qavv894qz0vvdvhqkt,bluna-luna,5057107,0,5057107
terra1dpeedu2f9ymlehcxq3hmhrnpa4xacwxudc52x2,bluna-luna,4985973,0,4985973
terra1qmprxesxv0cdh8df04e7q9zvs0gv56pkc5fquv,loop-ust,901429,0,901429
terra1trdn68lrtfw0kvzgg5wq3vpe5s46gdc2wcylr4,bluna-luna,15722568,0,15722568
terra175af0eeqxafwkjds80skg9ej5ue3akcfv29elh,loop-ust,7493912439,0,7493912439
terra1u9unga7p4xkc76w3zmrgz73kgc64tz5e0e60w8,loop-ust,125784350,0,125784350
terra1hvyvvlhwvlnczhk9ez7u36qgnvej7aqqlx2c8t,loop-loopr,424522622,0,424522622
terra1xf9fxelzt7q0nshfzg6z3ja50tt62hktkfqzv7,loop-ust,2657752,0,2657752
terra1yhrujcuzrsf5v4jtf27h49knz2ccwes9v0u7g9,loop-loopr,94721149,0,94721149
terra1pwg2avy3x9r4hy0zgvmapcxjjccq0d0hxwz4j7,loop-ust,9006553,0,9006553
terra10ms894vpp7emd8vt8l7fxy2pvuatlmrwga4w0u,loopr-ust,10840233,0,10840233
terra1njj97slv36s6d57cgk9e0jkda6al9jj7khm5gj,loop-ust,2126131,0,2126131
terra1jhyzz9e5hku3pj4vc4ysf9r25kkppfv9pphl23,aust-ust,6232460,0,6232460
terra1qe7f6hg7k82nx7rs7v79dhl239ug20aqnk6a25,loop-anc,99575049,0,99575049
terra10p324gvygsepdr2ynr622tusxcvdkw7jt0m33s,loop-ust,63501155,0,63501155
terra19960zg3xpl8up5nmzdnrjnwddfzxu2x6ru0rxw,loop-ust,1541047,0,1541047
terra1y65fwvtldpeq932e566egty2ly7vrcanj75zys,loop-ust,14691013,0,14691013
terra1sypve52mxn4ve32dc93yw837hx3jgl4wgfr3jw,loopr-ust,10277755,0,10277755
terra1x9xawhkfuua9cdvrz4r93fppuphr8kwevecd7s,anc-aust,5824071756,0,5824071756
terra1q8jq987023ahjmrdxf5qefjdhr7nectmsprkf4,loop-ust,319332219,0,319332219
terra143xcthjdk2p8f4f2ygqtry2lv2dqwwt2dluxhg,luna-ust,114354418,0,114354418
terra1mmhdhax8e9eq2u9yduaxc5vzj9w4g6j8kaqtuk,loop-ust,1089684,0,1089684
terra1qw5m0zut5hv28pgedyynzg7rwvjyn0vds67hfk,anc-ust,190718778,0,190718778
terra1ghk9az5evlv69jr8fahmfvemdrkx35d5kxmgr4,loop-loopr,12535056,0,12535056
terra14ct28xv3ct3v8qxfukfhx0dyzrc9dj6rlc6kav,loop-ust,633313,0,633313
terra13vjx2wa2err28cs0emyny45sx3v0gtpjvvfugc,loop-mir,4081827,0,4081827
terra1lz36h3fzpkucn4uq6vqdnln72e0dp69jtwak4g,loopr-ust,7579206,0,7579206
terra1fyx2xvp4nzr88pvqgxx8qt6g7dyynm9su960k0,mir-ust,152965210,0,152965210
terra1p6rytskgy2wnrej9enyyuexqa4tredg52ylghs,loop-ust,178085,0,178085
terra1lx79epsz2kgd6gqvcpc0x4k2ds6l3d4fwu6a9m,loop-ust,12418052,0,12418052
terra1p4lm3va09as6uuzzvnk4d3ry3pjgz8m5fhu5ym,loop-ust,2188450,0,2188450
terra10prjnq4k98mgn3nzcjmyjs4svtk6gpt9f9t9h3,bluna-luna,4050053024,0,4050053024
terra1u2z8aeejyxm33ttmfzjsmfxst67qqckaa2t6aa,loop-ust,798286,0,798286
terra1eqk3rc4dpc0vlcawr2zs5n9tuwfm8xxanrmues,loop-ust,5096812,0,5096812
terra1n6xlht32razdv74wgavt7xu4p9xmr7q7cg9dg9,loop-loopr,11760672563,0,11760672563
terra1l8wlpc6c74e8h8eg99c3nkc4y679235lxtje20,loop-anc,1382207142,0,1382207142
terra1wp8a2y27nkqen0tkrxq8vds5mnl4yfykpy7d43,loop-ust,19631668,0,19631668
terra19cslatl3n67w5x6yj9ksxnmhefh9594c8sktka,loop-ust,1682862,0,1682862
terra1p4s2h0j7j5kl5xgd3ht99lkmldh6x7kde8lzmr,loop-ust,228738441,0,228738441
terra1fqy48wzjhruk9rq7zsysg9pp3y33fgjlfkchq2,loop-ust,160601997,0,160601997
terra130apu5ksq29wxrp3a8qs2sjnxgydq8tslc682f,loop-ust,2141913,0,2141913
terra1eqevxetk86ne8k8c892ln4r74ujdzspx9yvw3g,mine-ust,8060724,0,8060724
terra1sp8l7qx6lc5yymdjqgcm354yvheu7q06zr2vt2,loop-ust,22744739,0,22744739
terra1ps3ds68xt4h24mmyafqgvpajgc3m7jqrpte9e4,loop-ust,7548861,0,7548861
terra1af87sl29q25qerh98yxv7zn403q472d09a79c4,loopr-ust,18729481,0,18729481
terra1yu8als85yayje60w3usftxdgu6vkx6hkfugnhe,loop-ust,1127527,0,1127527
terra1ts9nmulf2z0xunvf0euylwdhrwgmfaxpjqndd0,loop-ust,30444662,0,30444662
terra1akwqelvqhgaxq49jvnl9cnamzhlr2n3huc7t4w,luna-ust,13378680,0,13378680
terra1c2wejkheex43y08arclf9w2m89t07un6z6c802,luna-aust,1430317013,0,1430317013
terra1vj2ypt6v9gqdk2hgldslj9fync6h6aw9vjn896,loop-ust,9954335,0,9954335
terra1zu4qhn0wa5spg64ktx2w28t69l7gyqyjfk4gs6,luna-ust,21957373,0,21957373
terra1urss3zf9lz825vc3s8jqffk4wz9gf778tq2r52,luna-aust,3184343,0,3184343
terra15pedtsh8mycwuaxpk5jmemmu0jy3pdfke7qf9j,loop-ust,9875552,0,9875552
terra10uka4g2e20gxck486kcfw5vtclj46gpylx2c2e,luna-aust,85167060,0,85167060
terra13s73raxpgv356kz3g5mm2str8f02drnmwu2u6u,loop-ust,3450463,0,3450463
terra10sxetvrfsw0fjjh66jg9gh8vq2r2zwqzeg5her,loop-ust,1938586,0,1938586
terra1jr2ryehe0dhfvswd0f3pss3qyfqvhkudtu7gud,loop-ust,912487387,0,912487387
terra106ssh7scfuecv4asaa2tyk2rxzv0rff4tlcr0a,loop-ust,1426619,0,1426619
terra1gnrfj45attt2rj8tqh0v79tnf7l2uqy7akq8lq,loop-ust,1031842,0,1031842
terra1p27px9xmu4tqwn0d00dv2ya3ghxpsfgdkgahfe,loopr-ust,14704980,0,14704980
terra16nn3dkdqj2vkwggzkghfft4w5nnjuptu92neqt,mir-ust,482672579,0,482672579
terra12h4urcc720vkuys8mjup3mc2pzg2ycfneeqmlz,loop-ust,1156365,0,1156365
terra1lgrxk32cs6277zhxmch3fnresl80kjkxqzn37e,loop-ust,962267,0,962267
terra104803ywm5nypy672vvamctzlh7rfmd560q06gr,loop-loopr,1301097873,0,1301097873
terra1dka6sdxktcu72nym3taeh6j0ez0mwdrt6lxr5p,loop-ust,431693,0,431693
terra19hmdscfyjen668g99nd24epuskar7upm3h4gzk,aust-ust,61601985,0,61601985
terra123af0nx6rgmgjxfh00z2qpq9m4ts2zkqzpdvht,loopr-ust,71398903,0,71398903
terra1er344fufd6yc66f9kfq8sdeealazt399crj7sr,loop-kuji,222035058,0,222035058
terra1dgn33afd682z53j26dgjgn2p7lcwxgzzgkg9t5,loop-ust,2610257,0,2610257
terra1mlsy8crn05w957y99ytcq8srxsq54xd47kcmzk,loop-ust,2278328277,0,2278328277
terra14fjk5dlnzgwuwcp8wkzg95280v3zat6gch4mly,loop-ust,981136,0,981136
terra1e9cgmddrpmdt94xtk8m84jk2ymmawnx0aq3my3,aust-ust,9064180717,0,9064180717
terra19uhlc8k72nd8c8kp6uyp7kt6560uh8j4k53ve8,loop-ust,919272,0,919272
terra1r28r6gx489e9zalrsnczqx7y47st3yazaq9ja8,luna-ust,346130081,0,346130081
terra1x69axkxv4usv4wyju5fdg7937kqztk2ff5e678,loop-loopr,1658202656,0,1658202656
terra1jd6gecmykfx74nmcv48nzk4nxcvfk37cjcn5za,luna-ust,6834860,0,6834860
terra1m39c4rca8mykfhsn20jq6vknv7qfmnfqqnx3gx,loop-ust,3640976,0,3640976
terra1uynwwfm5x4ufj48rh4xydnk8t2y4a24j0pvc9c,loop-ust,5367279,0,5367279
terra1h3s4armdu4nfwvynftwd9uq8p6tcu6mwmvlqgf,loop-loopr,8198646668,0,8198646668
terra17s4rwfrj5rechwjrcx8rws0w7q0fev8m7n0pfs,loop-ust,15256067,0,15256067
terra1lh0e43fpph07qhahwuhl6q55mwf7ljhewy6xqy,loop-ust,3751409,0,3751409
terra174yc9k2d3r2afm5pz6agtnggk82e2lvvfvs5c9,loop-ust,2611189,0,2611189
terra1cg8kyegd4gej38x76rtveysdwhqxwjqvpmt9cx,loop-ust,15220303,0,15220303
terra1w97gav4krczw269ef9c4jdkek5829scafanfj0,anc-ust,4198429906,0,4198429906
terra10e3rcldshvz62x3zer86uysc4ulj5vxly8m7ds,loop-ust,9323963,0,9323963
terra1pv3twfln2cw8h8gnrw9f3uvtej0hr034sx65jp,loop-loopr,577071982,0,577071982
terra1c42e3sp9ynfm56tdrccqku9zgymzh4kjgzh229,loop-ust,463673936,0,463673936
terra17hcj9u73khz5az6t4yrjnw8g9ydytl6y7228c3,bluna-luna,1979866,0,1979866
terra1hvfa5f3fxvruvz8fkjegww6wwver6c58ydhp59,loop-ust,110465746,0,110465746
terra104lqk6q9d5u6whlx2xspvpqapkq006lfh4m889,anc-ust,406374369,0,406374369
terra1kzdv0yxh280geul3rwv23edgtn7ty7l0wrpjxk,loop-ust,20481356,0,20481356
terra18fujweyugn4tfuhdjfz6tqke5909rdj2ssry5x,loop-ust,10461784,0,10461784
terra1yqxdjuhts5qg2utwzhr9mq7v4cj8dzaxp5mue5,loop-ust,2717343,0,2717343
terra1xu55hqv20zx2jfd6tanzx5q208x6xqyukmnqyd,mine-ust,30186010,0,30186010
terra1mgyuxrxta3y36lz9pc42jcvv9h5cyl6pg9k9hq,loop-loopr,3406834438,0,3406834438
terra1gspjc7fkyg3mwyykyf3dugeyd52gyexj9rhujv,loop-ust,26836761,0,26836761
terra1vss40tl5m75kewyacx5aqpnfc25p0f249fy7qa,loop-ust,89727857,0,89727857
terra1je69wu8muq2g3wmcdrgn3qc4c35du30r0cg8et,loop-ust,2650713,0,2650713
terra1twdpr2xc2f48agvx6z3mfwmel4n48jfzmggahj,loop-ust,24347185,0,24347185
terra1nnxhc7uttgl53e76tt0l3czsarmaclxyqgf95c,loop-ust,4391212,0,4391212
terra1ngcgmr8vk97hx5fzk0c6q02jfujjncdjqm8qqx,loop-lota,10851684,0,10851684
terra199raz8vdqds8n34uw3xns6j3l33a88z49k6gsx,loop-anc,53958194,0,53958194
terra1436w3hauz566ka3t046z4jystupp5m5yk2vg66,loop-ust,1273773430,0,1273773430
terra1ckygsjkrtcmmrsg4swrdkzwyhccemp36k2e98f,loop-ust,8888255,0,8888255
terra1gvpa756eqzp8w4wrrcet9tkxjdq83nkxddgl77,loop-ust,948465,0,948465
terra1z20l8ww9y5vh6cyu708qags0zcw0tfyfl9rpjk,dph-ust,2215187719,0,2215187719
terra1nad3cdka7592mmdgsq90plgk8l4rngslu7ln8j,mine-ust,25229777,0,25229777
terra18nvdwmm6zwx9wdctrf23qt733fa56dmzx7djug,aust-ust,1148215703,0,1148215703
terra1lwu25rye76wk55pwktx6tdjv6g8wvr08ftjzs4,loop-ust,1873443,0,1873443
terra1rjp5vf5xmxxdkj62uv0r5dlwufswjkurfyefd4,loop-ust,13412299,0,13412299
terra1mdcf8lryrg7wdmwhjrcuq3qrpcwgraf2j98dte,bluna-luna,19943263,0,19943263
terra1xrxz3dhf9a6nv8wd6e3aw89ufcmw2lwe07dwp5,loop-ust,129383030,0,129383030
terra1eylxwpzdajhrsh3kkhz72mm89udvsnrvwa78zs,bluna-luna,4993558,0,4993558
terra1felswz3quya97ekqh06yy0dngj5gvwwwzpkp33,loop-ust,25849098,0,25849098
terra18mtu6wqgscpddv46n6avxjzq5f7xz8gd3ytyws,loopr-ust,12384462,0,12384462
terra1t3mrcn6vevhpmggsj7n6v7pddfek8j30y4xevs,loop-ust,834395697,0,834395697
terra1nnrca4fa89hxuqdsrkchvg67vdxekmx5p0886q,loopr-ust,44319706,0,44319706
terra1d23x43wyurksgfngv98v450f8dklanfsq9v5xv,mine-ust,43241619,0,43241619
terra17e2n025raa442k93t6lmj7g5njda3q6qpq0cye,loop-ust,5533929,0,5533929
terra1669s3r39f99ulzsde45vq0heydezgnupjngkpe,loop-lota,189831490,0,189831490
terra1snncguvjmnn2dswaywwtklr3u9t53m7tcpqx6d,loopr-ust,14306217,0,14306217
terra1gcffj6dvwnntk4vtx5l44lrgyn4am7y68axfj9,loop-ust,3669634,0,3669634
terra19y5frytvvx6muhzd0pcaqyqusll23n8hh30pkc,loop-loopr,4771522284,0,4771522284
terra10h3qltfuqsvcdaap9rks7wpufhk5ahscadzf0j,loop-mine,137078868,0,137078868
terra1jey7rqdj3jwsy73mgvscsktwls3a9e0tsq7v0y,loop-ust,33617376,0,33617376
terra1awwn9uvcasuhw7wzajg4twfpun4dfuc99xck02,luna-ust,6193251725,0,6193251725
terra1n4r77ltrdg68f859ydkmmjjqhjpx772x59q7lt,loop-ust,12159871,0,12159871
terra1yhz868m3rmqa9eg3prsr7j5g88mhex53qv8uxq,loop-ust,1102600,0,1102600
terra1cenu48lduqrfzhfgmwly38zckptsp5x9au2wxj,luna-aust,238419800,0,238419800
terra14w4qf6dspyutwc9vszdss9a7yfmnp8g9jp8s8m,luna-ust,92716207,0,92716207
terra1cg6x8xpmckqr4tex4r03f06ds5ax49l4m58nqk,kuji-aust,2431886129,0,2431886129
terra1kyqkknn38nlz85shjcv7rde6vf97fdgtnnduyx,luna-ust,25556768,0,25556768
terra1ru0lraxxgzu5ztf23a55l2zny0kams6pcznju8,bluna-luna,24785584,0,24785584
terra1wnpfwgwgzqtrhrwx6y84lt28yhlnvj6j684ny2,loop-ust,8122850,0,8122850
terra1xr4pg993g3lgq3vxr3er0y683wm2pra08pc3x7,loopr-ust,225530694,0,225530694
terra1ryfl6qnazw3e8nf9pln95syfct3j2npx86pvzj,mir-ust,3354262236,0,3354262236
terra16gegc28ez6yxuzccf8cxeets99aeayqgkyglrh,loop-ust,1714448,0,1714448
terra1a6r778ahuxl2ppy57kdh4fm593yhzle5usx996,anc-ust,26728443,0,26728443
terra1thxwrkxqrkj2q8m23mxdnnqmm6vmjefks9lc3p,anc-aust,10203519,0,10203519
terra1cfcv5geycvf245cpe8q9wnqjnk9djt65ummvsz,loopr-ust,58177156,0,58177156
terra1l0df66rgu9t98zmrxzmm42ydylz3ah6zfd7a45,loop-ust,4665496,0,4665496
terra1uvxnxjgs9uthvvfy7lcjgzchfum54rld4sah82,loop-ust,2324579,0,2324579
terra1p96q5tz0uxwcet4uguzvze07hkzxk9mdfvy39w,loopr-ust,29617617,0,29617617
terra14ruspl9gemyt3unv4993xv2jjkgt98rjtp9d0u,bluna-luna,3378544,0,3378544
terra107p7swhzfmeaf47qp2yl5vaznrykvayykuc958,loopr-ust,61353606,0,61353606
terra1seqkglp5v6tfs4kju6mshag8he6q3gur9jngv9,loop-loopr,7854144903,0,7854144903
terra1srup7gu80rtk0tauzr69uddj8r04hwjfnf90ea,loop-ust,787166607,0,787166607
terra10xamlh5nxjgtyqs0ee67zfqf0jehks695cq6qp,loop-ust,29887241,0,29887241
terra1cacz464a6ts48e30jc4jm65ec3h08thcpsc53v,loop-loopr,4224259420,0,4224259420
terra105zmpjd8tldmllsc8qdjkzgx9ytna86l0aj7fw,loop-ust,4578602,0,4578602
terra1dgx2g5y5xtyvsuwxt7d54tetrnmk6nmhctmh9m,loop-ust,3432150,0,3432150
terra15jh92mlh2mc8mcevs7mzme3a38z29n9qqllmgr,loop-ust,4247146,0,4247146
terra1d38dqg5qcal7eqzg42m56rmt0wke5wvcxms384,stt-ust,189896,0,189896
terra15sjegjv2a4xje6ncscp3z7pru2zmjtzym7x7s0,stt-ust,1197210,0,1197210
terra1fwkqe20c922qep9ph7g3wsvue92jyqz65xzc0r,loopr-ust,5276607,0,5276607
terra1ad2agxappurh7tzv4tjkq2kgntg9u26p02zq6j,loop-ust,987218,0,987218
terra17tythnva8zsjqu8gv537qaem62ylz9ppyhgj86,loop-luna,2226645,0,2226645
terra1jdnaus0sstg0qgmgrp58tm4arprlhc29z5qk5a,loopr-ust,311926517,0,311926517
terra1r28r6gx489e9zalrsnczqx7y47st3yazaq9ja8,anc-aust,270536275,0,270536275
terra1qycqpcym0xjqzpch0casgtfxvltfmhxdjry4ml,loop-ust,8054360,0,8054360
terra136csk7jfs6exc0fjctkfd7cxds3gzqshaakk62,loop-ust,107598122,0,107598122
terra1yrfux2jzyqf5uuf6j7k7rd5d82lnfhhf0dv3az,dph-ust,395692146,0,395692146
terra13r6fdlx63yk22rjtzx8x3fda4k3yv74vytvjxk,loop-ust,28838869,0,28838869
terra1fxdf4jywnjzdkyfwwlrfqjx2q5tk8r3kqlgsrf,loop-ust,3775761,0,3775761
terra1rc6vh28rw8ptwykkugul5dsz9jjdfrz58agqlw,loop-luna,6614751,0,6614751
terra147vzlk37fhwauvhl252drhxe5c04axjkxvj38k,loop-ust,1601175,0,1601175
terra12r6hsn9fa5x9zzx3quw5zvlqt3kqenj9907lkz,wewbtc-luna,587654,0,587654
terra18ntlzg2g2cz5l4ksn3dzttn7x0jrlnxmwxyqce,loop-loopr,1725991569,0,1725991569
terra1pgt26l85l6gg7wt9l4r7j6uyd9utfhen6q58yc,loop-ust,16045480,0,16045480
terra1cpftlrvtezw9vph8kj27xjwvy8kuadhnl87h3t,loop-ust,9297463,0,9297463
terra1ky6n7ph3edfazjvg5ddx65w8n6ex3vn7870suq,anc-ust,73871752,0,73871752
terra17z8dg8z5fs7sf8q74m8l0dqtahqv3wv3s9drff,loop-ust,12171325,0,12171325
terra1pahxlmhmuvqr4umnt43zz8glwnwru45zmmc53d,loop-ust,954221,0,954221
terra1llkp9za03cpn9s7t7ej9tpzp97hsfnuvkgfwcm,loop-ust,77632067,0,77632067
terra1wnw9qwa6uewumdzcz4qkhj3zqcm7xrepddmtf9,loop-loopr,12082057250,0,12082057250
terra1a25zcwckpjw7ueq6eclw0960zxy3n6wdz9xgey,loop-ust,440933,0,440933
terra1m06qrecy54ngujh28vdk0dl4r9ftpamcamd229,loop-ust,48781967,0,48781967
terra1e8lan8h25yn865tqqqdqvz57pp54u0eelryryj,loop-loopr,12098494301,0,12098494301
terra1st9mdjejxjcgss2dskxnc6kaccls5x3zp5w6zf,loop-ust,474643,0,474643
terra1az0cpv4a7lkwhysjdllpufgehwf58rjllswuge,loop-anc,119839630,0,119839630
terra130na8zrxjjkkvw4nw3j49xtuqjxh6ps6j2f0hr,loop-ust,458711,0,458711
terra1huvyqxukrxhr6dzrald3h8fhgu4f8vywj0e6z4,loopr-ust,77330593,0,77330593
terra1gffzdxsyvma3r6kv78zmfpwswesyvgqsw3x4kj,loop-luna,34376312,0,34376312
terra13ys2eqv2jc6auu42m8cwzkyndqh8y8vvrrupuu,loop-anc,164515422,0,164515422
terra1acfv76jjtlssvwx0ugmx72w6pswszyzym8tudp,loopr-ust,16022612,0,16022612
terra1xs2e92g95v9dlg0py8x8htyz4jgq0fzn7jgcq5,loop-ust,1666817,0,1666817
terra1w9p55ql4damzpukf26v6vcnnskxnxpctdxukxx,anc-ust,101376309,0,101376309
terra1gku4hpxzp55qzvtme3qq8hyy9dj4849qzryrt4,bluna-luna,483264,0,483264
terra1ut667hqxec2lsv89qg93plpss3uxt6skt09k6p,anc-ust,151418,0,151418
terra1dy4nk6w334wnhsr4pcf6saxg3t5ptv364uj422,aust-ust,1065564614,0,1065564614
terra1gst3kjt3nkrsww83dp0ynad4pcylltw3ysdkz9,loop-ust,1697160,0,1697160
terra1ynz3nlp72s0twn79amn0ju2jfgzuym86a2sq5x,loop-loopr,1441313457,0,1441313457
terra1lcz0f2jefn7kvaqwxtsef9hae49jjlul0km9cf,loop-ust,1348315,0,1348315
terra17g9tpu0u6hpukmvsa2uj200jmvrnl8pfdcevzl,loopr-ust,934824103,0,934824103
terra1cd0ql5hzwqutqqal5kenkkz99qcj7q89pzygcg,aust-ust,1478124622,0,1478124622
terra1evu54eemcm92m67sy8ja3r63fqf0kwxexk4j03,loopr-ust,29335960,0,29335960
terra1nn4y9ereuqt7svzrjnd8tt58asjary6krjjzfy,loop-ust,18425998,0,18425998
terra1m86yhx5du6em43fdvxr98kc2tnk44ufvn8v3g0,loop-ust,7560892,0,7560892
terra1ngvd47nh850zvyw7229dvvur3q7gxpm2f9h86v,bluna-luna,13216056,0,13216056
terra13cn3l7ur8kradgd7tyyxukpg52ng9xmasf2nu7,loop-ust,1779537,0,1779537
terra18cwytg5anq5rw806dfp6m895n9pt6dmrexk5lt,loop-anc,279582491,0,279582491
terra19du47gkwhzxpc069zrgjvv00srrc56tn47jj67,loop-ust,77907183,0,77907183
terra1gsvtrt8szh5ezjam48wg0xvg9gw3w4h37wcd0e,loop-ust,951403,0,951403
terra1qlr3tt3sqjp9h0jwlskyt50um9d3aahxggc0j7,loop-ust,23084700,0,23084700
terra1myny9kppad5zx4tacnx0n5pvtvve28jw9uzual,bluna-luna,12793080,0,12793080
terra1jvl7dkcc94s54kqtut7cnygqpwr6mjlr3n6uy0,loop-ust,1212832,0,1212832
terra13gdqk7fwc2kmgg6ck7lrhhdpg3zkgylaus38cd,loop-anc,50586626,0,50586626
terra1u0qkjn2cxc950ev27tkklpq57yqvss77ma5h6c,loop-ust,142805,0,142805
terra13scqg9jyplmax9axt76zsqz2jg45upp0m9ddlj,loop-ust,1134063,0,1134063
terra1zymzr59ckp9muj3njtpc3ejufn46d5jfzj7yck,loop-ust,5999468,0,5999468
terra1v2rgstl4axhhmq9cgy3qsmaxnx5ag4rqkm00y2,loop-ust,1072,0,1072
terra149dnuzpndrva9y4wpu2hjkr8yddwd0vjk0x5t7,luna-ust,216212630,0,216212630
terra1lxqp4hl9pkffh4nykd8mnaxpewf638gfu8ywh0,loop-ust,13571858,0,13571858
terra176aray05ds5tg5w258gp338uc9vew4k3635g83,loop-ust,72360354,0,72360354
terra172me0whtr84dwd72q2yyhdhhj5g0waa35jsxjf,loop-ust,5151739,0,5151739
terra1dtc09kuehtdtvdlfcazldmvgqprhsl6vxuamqk,loop-ust,115759472,0,115759472
terra16mj4jfc5n6p3tw9g6w6x4z6eqyy4jlw2na7pxd,loop-ust,10287030,0,10287030
terra1u4vusrv0hy4thdafhysjazfkc7nwgc6en84plj,loop-loopr,80434980,0,80434980
terra18uj8z506gkwx43wrr3mvfr8uxujlgv6xa06k7d,loop-ust,694415,0,694415
terra1xf6uhnye8tu5uvra4r6z93jgtcy3s58vzrh0e4,loop-loopr,501594808,0,501594808
terra1ktum0ytyp0n88lnu9h3lg84kmn69zp8vn8anm8,loop-ust,1924287,0,1924287
terra1aqt0w5jrtd7d4h7vqref0n0wpdv4y679hyy76e,loop-ust,5101222,0,5101222
terra1nq8rqhlreyjksupwmlj94efjfx8ped03qpgu9e,loop-halo,7044824999,0,7044824999
terra18crsqqz2elzd6wzqqx5g6m5u8xkmpd323cgcwd,loop-ust,678185,0,678185
terra1n8zfknsayqt4f73njqzr58up3wn2swgfxq00u2,loop-ust,160437018,0,160437018
terra1n00flv87m7m9wvl38zmrhkwkj6knm6r9cgw7tl,loop-loopr,413355042,0,413355042
terra1cgrlxphkwhyafcg4mzpt93wjkfkerphpy4fyvj,loop-ust,4285482,0,4285482
terra1tt6x9xhkszm3rwgz467tswnuw4vvlw0zlu89lq,loop-ust,524276,0,524276
terra1zeyvhtedydxaws4dwwjuu8yd2gmtmt9gne9vc2,loopr-ust,6907617,0,6907617
terra1w6jzzfy3ptn35nczcymrxgn9qeqdanej9pjgpz,luna-aust,59848011,0,59848011
terra10waj3tfs0d9q2faswclq3wwv0mmflwygf3gwys,loop-ust,3582630,0,3582630
terra1pr5k8jgrmfdwalvens2duzm4625m4j4xunenkr,loop-loopr,83404434,0,83404434
terra15vhrkcg9qqnw7f7fj96sxy4245682czgmmaq7r,loop-ust,23920570,0,23920570
terra18we956l2eu563r3kq3xv6e0ryvnrcf54496qj9,loop-ust,3289887,0,3289887
terra177tq8h57gyrdefj6qushyldweaqqdepxuuxsvy,loop-ust,872480,0,872480
terra1pmwm2mu589acckqdllsls4mcqtqctnettnqvpd,loopr-ust,11394117,0,11394117
terra14696lvdjcz0d3z8hsljq2aq5hrfmt57pmvknwf,loop-ust,131029498,0,131029498
terra1xqsjjzp3q9a2yrmy0lzr9jccj57cgzanm5c85x,loop-loopr,654618335,0,654618335
terra1hzxzg9z885ncty39hvpejt4dufcw0frtyjqamv,luna-aust,410235167,0,410235167
terra103xzxtmpcc6dmcp0qh65g2uqp9lg2yae6k6xmn,loopr-ust,63323135,0,63323135
terra1jf5qkt9mkh8e3m4zc0qj3nsv730fqlhdmeqygf,loop-loopr,1753502119,0,1753502119
terra1fhv4r0rm43cznxyxf0uv8jl4eapgn3tnq5dntv,loop-ust,55727755,0,55727755
terra1cyrmy0duhaayzueluc9wkrppf6qgxdahks8xyv,loop-ust,4207359,0,4207359
terra1ecprxte2mufdluv3zpxt5r8twe6zyztanpwlyg,loop-ust,14683514,0,14683514
terra1jq5pcg7wsl4w87sfpxpn8pfc6p4ykuqlh7u5rh,loop-ust,94328682,0,94328682
terra1eyvt2x8q8cqpcc046qpeee8sy3gy2clmqsh94g,loop-ust,467358,0,467358
terra1sqdd4urcyfwms6ldeqqsvzhs87a7ds0jrlw682,loop-ust,1990423,0,1990423
terra1wyf7m06vw3dpsvfvng627hy4azjd52j4p0enn3,loop-ust,2313404,0,2313404
terra1ckmcumm59hdzmyw87xmfqkyfrjpzh0gz3x59le,mir-ust,902561837,0,902561837
terra1xfwvpc4rm8n0864pvyttwsx0yy69yrvl9qvmr7,loop-ust,7973566,0,7973566
terra1znpggvtcr2mgkws8hedsnvrprlwdkmzlr5lldp,loop-ust,10456122,0,10456122
terra1d37n8n02k2fx3wz3ud23su3vqpdhppz0khedwz,loop-ust,13092069,0,13092069
terra19apw3ftq2ntr5j3l5tatkwzpp9qttzmrzynd4d,loop-wewbtc,45710,0,45710
terra10d5dk54vxqk7698unwmp5dsukeu07hyjlat9my,loop-luna,148276028,0,148276028
terra1dwct08yeugqeh2353feqvjqgcfrgpawfuknx6k,loop-ust,274425965,0,274425965
terra1hzd82fcee3xkvuyzrh89kchxlqcyacaj74ujt7,loop-ust,9405649,0,9405649
terra1azk8q49w92gj7c4rul3qstghlcpe9mt4qrjtc0,loopr-ust,13295665,0,13295665
terra1ullj2g9my9h04euxav9z879djz9csvm6ltr672,loop-mine,101921,0,101921
terra1amkpe7ephn9s5quura2qh0huxd39as4etxzqux,loop-ust,860404,0,860404
terra192xzxk0775qxu9w4y8tqladgx3grxjnep9kae4,loop-lota,2762116,0,2762116
terra1xcyelucf23j9wp6jqeyasamhzyp86s7x363gm0,loop-ust,9436089,0,9436089
terra1klh6ng60aszm5583740n2a5grje2909av0hgpv,loop-ust,94047,0,94047
terra15p39wua8ekwpx63qwjr4e9frtfd20pnvrn5u2q,loop-ust,113880132,0,113880132
terra1gd9s6366cgkr3qp6xjuwtmj3w3tgukaz553h28,loop-mir,243713011,0,243713011
terra1mrwcese82njh54n93vh72pgm767lp02pgjqeu8,loop-ust,1066168,0,1066168
terra16lvlmvax0sczddapg3l7e8pk0g8r2janrefrz7,loop-ust,365594688,0,365594688
terra1zpsptgnd0rrnhwe8vrz25uptvd3338g6f86mn9,bluna-luna,19857562,0,19857562
terra16z5tdywfvqxgv7q8h0m7wzmct4hmkf2vvcuq8e,luna-aust,79089150,0,79089150
terra1u3wk4rs7uh0unvtkhq8fln4gm7ppcj9qyduyre,loop-anc,236897876,0,236897876
terra1pa3wzhfwsc7rdj4pj3vj5g799ffaxnfsp6w8lc,dph-ust,913661772,0,913661772
terra1qk5uwmdw3ymr7dk9haaue942zuzurhzu3flx98,aust-ust,601215850,0,601215850
terra1h8htzez2dz6352s8lmxtlf7ghl6gqz9xed05u2,loop-ust,441322,0,441322
terra1y92rk7mcq9jyh0vllxrf6wtedsuv2ac7a0fn08,bluna-luna,1284860,0,1284860
terra10m0qrpax3fmdyasuw3uvhlqe4qt0cqggm9s9cl,loop-loopr,6955583297,0,6955583297
terra1c5zahvykpmt7wly892qzm5v42yvhyd5uezlzgv,luna-aust,127080629,0,127080629
terra1j6ny8m2sq5vzy7g43fd9ngzvn0vzw4qqyelaaj,loop-ust,7187652,0,7187652
terra1qxg7047fnhvgfkcj4v5phvff6ncjeznlk649pj,loop-ust,7882036,0,7882036
terra1qtss0e7unfdjne8lgcsu6h9nm5zfxuvamqrnmp,aust-ust,2692645969,0,2692645969
terra14dkwtyfs6fykjk6dm7vjsrrk2txvt9jl086dra,loop-ust,446490776,0,446490776
terra194f3jsmhh5e3f8ghkg2l370km65re9q0u8qmpx,loop-ust,1456368,0,1456368
terra1wfp6s297nqer0vtfgvklv3gyt7z2gqmag48lg5,loop-mine,27882162,0,27882162
terra1z6g7zlxk3q4cp2m03x5r36ga37gfdjmefw5z7u,loop-ust,4783911,0,4783911
terra1c4r8575mngqmj76nfzp27kg6qu3ulwq6m6mtrp,loop-ust,3091587,0,3091587
terra14c73pccln0gmympl9pcsr5j53ynzkkcyyttslh,aust-ust,3936937717,0,3936937717
terra1x6a5407kekcenu547gyezs823hc0ugav7nuuq4,loop-ust,8932874,0,8932874
terra12r90x6mmx26m83yknp86djc7sk5kdsfs48uvc7,loop-ust,47940828,0,47940828
terra1p5ejwnhq6qq2t45ar8rqne9mh249vx8wt6g4gn,loop-ust,1416582,0,1416582
terra1rc8zsn3m5uxhj7wmds5zlf7s4h0l04cthlg8xu,loop-loopr,483677910,0,483677910
terra1d8yeltqglakpje2yrnawx4vhm695frwugj0n72,loop-ust,471864,0,471864
terra1wze6n7r8cct6ek4e88anzlyrex64s0dle240vq,loop-loopr,40636302,0,40636302
terra16qfnxgx2p5gc768htm4m47qcxu4jp0yfp8n603,loopr-ust,158206635,0,158206635
terra19vxvcheyunkurtz3putxshn9zpjfqckg92cj9q,aust-ust,1784560099,0,1784560099
terra156k4my4t0emgsrf8gedrm3w8n7dkuhxewewvw2,loop-ust,2203184,0,2203184
terra1thyjpz8wrp9apzadvty736pqlsn2mmlphgxvjx,anc-aust,589757515,0,589757515
terra1jn8qfjt9t0x47l2zcthrs74ttw9my6zzpl8atq,loop-ust,58643722,0,58643722
terra1rp95fnf8aspurf0jv38kfwmamvsqs7j6kwkd37,loop-ust,9989739,0,9989739
terra1nech6j8xv237ne9hya4t4fhvl3cx59faujfff0,lota-ust,36605511,0,36605511
terra1507q74w99nvdrk8v77hfluejqqek3nrgfgxye2,luna-aust,187018914,0,187018914
terra1sehce0gn8sadtq5j5n7fxg2kyy6md6jmjgu0yp,loop-ust,13674170,0,13674170
terra1dwn4rfcuaypss7w66r4agupf8zvlajwjplfugf,loop-aust,224888703,0,224888703
terra104v4qxfhg387u5u9v3933al0vrejzegyjcy2qv,loop-ust,979554,0,979554
terra1unnfdgmhskd6pw4xxrlu38g752vvhu6ah0gjav,stt-ust,8479220,0,8479220
terra1nl4fsftnxxzslcghaaks3m2jldnje4ha829esm,loop-ust,148080493,0,148080493
terra16s4e37garggnl6f3ehx5v9akhndxdzhrkz6ylj,loop-loopr,4755000026,0,4755000026
terra1n00flv87m7m9wvl38zmrhkwkj6knm6r9cgw7tl,luna-ust,1125405,0,1125405
terra10mmyvrzclsp4lxknlsqvduvtqpula7x2v7huw3,loop-ust,324504795,0,324504795
terra15lcf5zcp2yvtyksywt20g9jjgrsmjrhhxnv2ms,loop-ust,265477,0,265477
terra13mn3mcgl5f547k2jpd47uqy2s4d92rs770khv8,loop-ust,982189,0,982189
terra13hrever0yq6pp9n5zqwdeuepnh2nsufzlrsdqa,loop-ust,19618083,0,19618083
terra1y4r6fxn9yl4lyvy8hpwewhw3rzdzepvt7xjnf7,loop-loopr,469844925,0,469844925
terra1z36czqy7qqe0ny0l56vt304sg65xcdxgdezv2c,aust-ust,1348798068,0,1348798068
terra189ld86ej024g2l3yls5kahxjpx6e32da3a3ns7,loop-loopr,14885642272,0,14885642272
terra1y50kwql6hewlvvllrscwuv6h9jlqr0ru52vt92,loop-ust,4063372979,0,4063372979
terra1s3s0uq4dup6nxq7pjhk2tvgxzdcnj9ugq0mn6p,loop-ust,133636156,0,133636156
terra1nv4m6aml6ma9m5ju3rrk26mzf5csp5gz9qz9sz,aust-ust,19727272396,0,19727272396
terra1vzp0dn7fqfjutmun73sqxl4shyelycx466pxyp,mine-ust,5170747,0,5170747
terra1evm48jsx3hawndkgf82ultx7lh2mpu34tm6wav,loop-ust,972507,0,972507
terra19xy46jf7tqmvulxh2xwgvc592vhpaxcqctj8n9,loop-loopr,897372631,0,897372631
terra1mkmdl8e04kewv30k5awn0ykx8pu53p77kuw2l2,loop-ust,4796318,0,4796318
terra17fmlx9yk4gfxw2dx6wp0x7vsyc4sadpjj9kvg8,loop-ust,13670359,0,13670359
terra1qpwe3hjn30p5l2n8gj72lx4dy0eud39yxnce7q,loop-ust,10188270,0,10188270
terra1jn4un8aqsd9lv7qj0dhmv9j8fnl5wxgpgwqsey,loop-ust,2902615,0,2902615
terra1h02n9uus03kx0ggmh2gsfwj3pxx323jh78jyq7,loop-loopr,77882253,0,77882253
terra1p3umf69lhgyarw3w97tslalvf86ptep5qjqc72,luna-ust,8370198,0,8370198
terra183za90l603pchpqqmk86mp8n7h6v9kuc7j827x,loop-ust,15263284,0,15263284
terra1utxt6jh3yvys5pl8h097sf9pn5ksk0ljmklgcg,loop-ust,5734009,0,5734009
terra1sdw8prgf3tk0vd2hszjffw7p7cqc3nned665x5,loopr-ust,72048406,0,72048406
terra1uc975np33psyvllpldhw9rzqvmp7flezwm79g6,loop-ust,15531868,0,15531868
terra1ptyjyhrdf5dnv4f3x0c3ene0yqrzgdcmsqj7pc,loop-loopr,15099366,0,15099366
terra19tuuhry7e8lqeds9u84ufywfdryzaf2a0zxhy8,loop-ust,6105633,0,6105633
terra147wzskzpwry0lsvrnf34tn3qgza9h85s2wwqpx,loop-ust,3307203,0,3307203
terra1pf3ytmjf89zfrj7uvx7j7lux9ke73dxfenqn3l,loop-ust,27772872,0,27772872
terra1eyct4mtmpsau9cluv4wj8tdmjlh7fm7w5l3qsu,loop-loopr,1255040184,0,1255040184
terra18mw6xknktks9ezhzxqxhtzwq9alhf4wl50demj,loop-ust,2243522,0,2243522
terra1zj37me94dxjckpmt3mmn33z4tgpq3ldwljcydp,aust-ust,898895719,0,898895719
terra1d43eemlhe827mgql2zxm3hr0fhudfqgdsrkn9v,luna-aust,19208832,0,19208832
terra1mmarwc4n0r3rmd5jlmjg2z3vsfmwre59gzdd08,loopr-ust,50249024,0,50249024
terra1rrwg4x86hsla6zgac8yn5eatm2xcejy7pnzj4f,loop-ust,980424,0,980424
terra1s9ytxmtu4adu7dkgaeh0jegnn889azshd2ux5f,loop-ust,4466228,0,4466228
terra1kvq0jrcx4fm3yacpmlxa87unxcseqxdw2p9vj3,luna-aust,1603692865,0,1603692865
terra1x6t34hafv6q23sp9x7re9qp52rxwj5ggschvja,loop-loopr,4334710950,0,4334710950
terra13um8w62a6z3n6yhhs2svqc3h4h7gfrvl64k5z7,bluna-luna,1011228,0,1011228
terra12m2t54uqgalankqdakagt8ppv86nmnttltrzs7,loop-ust,8692671,0,8692671
terra1e0aljvcmcgcv867uqehq82jvl2qyxpplgtjpqq,loop-loopr,474534903,0,474534903
terra1djxn7w8rnwuvsumqtp6kuvvqj647nrllpkrrtq,loop-ust,157172219,0,157172219
terra1ssgtatkf8rnth2rejsl66h73g06pnu90z0avky,loop-mir,46193032,0,46193032
terra1rmlvw34zgnqm6lk0xj20lt2vzrmd0jglruyalu,bluna-luna,48731945,0,48731945
terra1edt753mqgaehm69l7wu5t24j4uve6zu6tspg8z,alte-ust,558798938,0,558798938
terra1cznfwd7066d0zudrrhj8sfq9zdwhh4fdzk7vdk,aust-ust,446188781,0,446188781
terra1y7ccqfq7d8whul6984svyjpnajqdp700asduur,luna-aust,76801677,0,76801677
terra1l5ztl5ty47cpl64sd7074uxvpgsmam4spq8psh,loop-ust,5213035,0,5213035
terra13uvq8t2qde42yg0wdu762kvl7hulj7x630gp23,loop-ust,1969039,0,1969039
terra1jdrx9nj05ttumhhrq0t29sy6xvfamcvkf2h7ut,bluna-luna,7953368,0,7953368
terra1dhs877rjpl7k0s853qg6qu5mxzds6qnc9wy0fs,anc-ust,7258617187,0,7258617187
terra14zqjr2x4wrzu9sxh5utec3qcccxmjkccssxrgw,aust-ust,8963253,0,8963253
terra1jk2pqdd8vncfgampxjmkx0ldxpzj2fwd3ryce3,loop-ust,329170,0,329170
terra1hpvvqt62st2ftym4dxpmdx2una69xwkc43vy77,loop-ust,2425651,0,2425651
terra1m4hnv9mtexpxgkpe5aetmvvuwyw84k0dvrtf8g,aust-ust,1926235171,0,1926235171
terra1junw46nt7ky4379hcpll0ng6w5v87wqqs7z8w6,loop-ust,4206023,0,4206023
terra1tv2fydwf80sy4zf3s9hjnzy6my3a4dzxyqeelp,luna-ust,11777108,0,11777108
terra1kx2z35r74fhxrt84nmc3eyhc7d0czmkfryzlg6,loop-ust,26790441,0,26790441
terra1g6vwsymwpmhp4aqurk3fal8qss47qrnrha7nf0,loop-ust,12782804,0,12782804
terra1rrwfnjh24asug5y0vad7lvcuwaqpvktrugc8k5,loop-ust,2638296,0,2638296
terra1ltv5wzvt5cask7duyt74lz3h82vkylxacvmhz5,loop-ust,2013580,0,2013580
terra1j6lg4hw8ktsdqwc5xt0wsrjx0twawy2uqdescw,loop-loopr,32386013090,0,32386013090
terra1f9k0js3u3ad5xt3lgh4rd9e3j9dqr3mqnh9mgr,loop-ust,7472997,0,7472997
terra1q66hmjqmm64464nhaaxv289z8zfvffkq4a643h,loop-loopr,403903104,0,403903104
terra19yxjfvnm3ye4v7unlcwehdgrj2trm7jjlz3g94,anc-aust,51541033,0,51541033
terra1htzeet7p9ulkprvyjr5688lhnfme7mrn70vsk4,loop-ust,36306333,0,36306333
terra1lnd7e69uceec3q2edqf52z8kpenxgeusqwu0ra,loop-ust,978130,0,978130
terra13zlh0uuhrx4l8glv365uqw32ppdl78cyr6nn8a,bluna-luna,17524173,0,17524173
terra1me4atgrzn80av8wzkcx7ejfeagfapnhqck2eq8,bluna-luna,15017043,0,15017043
terra1hyfscahsgs99s6muhh2qzgssfqy6a5jldh59pp,luna-aust,279244842,0,279244842
terra1t9dg6sk0k3z2jus69qq4lu06elvz5j8w6j66ca,loop-ust,7073321,0,7073321
terra1pauhehrk8jxgeg5vahjd6dgcnqr77f9zd8ds5s,kuji-aust,282529164,0,282529164
terra17zftdzmxkdstwjrxg84prd5apdql9965fg27f6,aust-ust,8951663080,0,8951663080
terra1z0jtp87tvm9ejynusuaj0unpa7vy5rauefjxvw,aust-ust,7062327383,0,7062327383
terra1nm0np2v97pfhvwyc6p9at5ksvadagerzf5yngk,loop-ust,799327,0,799327
terra1sa0ftgsh2juwjf3p4s4y7qdwcv4he63qzw2pyv,loop-mine,21787574,0,21787574
terra1yxughpt2mryqqwzxfhenu5zx45mu0xa0wsy4ra,loop-ust,12635757,0,12635757
terra1txzncjrrtqupw26wmmr2zyrq52qngfln009s7h,loop-ust,1031854,0,1031854
terra1gn30f0hn6j6y2ffd8urwlaskrj636c87vygehz,loop-ust,4263422,0,4263422
terra166mwmx39ucvjfq6cd2x2sjnxr8hht7nn6jfwnk,loop-ust,47555870,0,47555870
terra12au0g9msh6ecmxe8n6lhfthzyq9u874rw8d0uz,loopr-ust,38959657,0,38959657
terra1llnppdrpnr59c37junay9k3x7rss4r9qacglya,mir-ust,343640602,0,343640602
terra1zcca4zv78ermq7tp0nqgugf6xha6ht0cmf2gyv,luna-ust,82404853,0,82404853
terra1tyct4jl24wc7rju5gl8gzrykhx38pulx70s47r,luna-aust,416753883,0,416753883
terra1u3p0rmt9xe9cdlyuf5vn9sxahp3xnasmd834pf,loop-ust,5150591,0,5150591
terra1m3wzfvpg9nz67s600pvzrvuneszwzw6dh0y09x,loop-ust,1171112,0,1171112
terra1tggmjy36df3jpwca2unfyx5v5jekwykreszutm,luna-aust,3420210,0,3420210
terra1samvnxx0gw0n8kmkqeamle0k4f2ck8c4tqdcyl,loop-ust,941996,0,941996
terra1qqaz5jf0sz4reh5e8xm0hxtgjyymmnyhrej7pq,loop-ust,879293428,0,879293428
terra1a77npmr7jxwmla0kr0ddelgt0yadtrcmzxkt06,loop-ust,71483871,0,71483871
terra1cw0em852hulc9xrh6tw9lu9j8xerlmuj67xgnp,loop-loopr,61722240,0,61722240
terra1258xqxzq4juzv9hhnnd5svnmdmnc03rz5te4lv,loop-ust,2756322,0,2756322
terra16fd6gg6wfw86dm669rrwnsp2dcesejgmeawnjj,aust-ust,44673969,0,44673969
terra1qlkfevulh397g0jc9satwpsu9nxgullz64cxs2,bluna-luna,2292431,0,2292431
terra18sj9vwqf7jgx9ycjjh9yjzt9u5mgcnkmh420r9,loop-ust,3229289,0,3229289
terra18chcl7553nwq3trpy3lqx6202fj32jedcvamtp,loop-ust,1617897,0,1617897
terra1jmd3g768guwt7qdakq4pfmp6mxzwuslw0arfyt,loop-ust,45509941,0,45509941
terra1ca0n8f6c3a7w8hlrzknjpreqyqnelwqct95a3e,loop-ust,46943346,0,46943346
terra1evsc3cg3k0ast3qch5kks766gwmpgx4u8ykntq,loop-ust,1079439,0,1079439
terra13prq88cwss3ve9pm2ja7590gmr7vm3lkvvsaz5,loop-ust,87867685,0,87867685
terra149ll23eplres0avchean4wkv9uh8as57zdp98e,loop-loopr,1246382324,0,1246382324
terra1ul9sc3nutd655y32dcqnnlq5tes2a8acs9j4rk,loop-ust,96116760,0,96116760
terra140yycj73lg69kv7j5ygu020ffpge3f7kyvgjkf,loop-ust,695956,0,695956
terra1qp9dt0qqereza46eduqx39z3qftxahpfl36pha,loop-ust,943798,0,943798
terra1zcsj3slrulv9lpjnf0wvrej0e8dx8cydljf5mx,stt-ust,20227712,0,20227712
terra13jac7gk3xg97e4vhp0w4lqjmxs23mw9j9qwsx4,loop-ust,6586231,0,6586231
terra16ygywakf2v4ae30dqyjldugh8l89xkq2zjmsev,loop-loopr,2920603100,0,2920603100
terra1d9ghpl4mtwhp3pz47j8e2lkrpm2krsk2t7vmz5,aust-ust,1964017594,0,1964017594
terra135daaz55uyw355l0peuyv7npr7wqq8d3dw5qsf,loop-ust,86471505,0,86471505
terra1zu3mwxl5r2wlj9dq7ch4lw7gj4l5drkq2ff047,aust-ust,307029710,0,307029710
terra1dswn32wngrj2d5phfydjtxa2gfh2pzdl0xs4yp,loop-ust,2127755,0,2127755
terra184qa2jzprc4tdp4wn8df5sc0f8n0w30cva4225,aust-ust,417968158,0,417968158
terra13nh2l225vthmy2ell7rarumnmt4xqqadfhqj00,loop-ust,5004568,0,5004568
terra108ea7ga4aataw0v5x5m5l9qwcxq6sr4v8cxuqd,loop-ust,1841308,0,1841308
terra1p290hngeh3d99quf4eh34zeuru3aqw5w5yj83c,loopr-ust,257949877,0,257949877
terra1zadl9hwxlk67uss00wy77eve2hcfhr3umqt0ca,loop-ust,924657851,0,924657851
terra1elup0kkcysa007h7gfl3x5vxjqqxz4hxmehxe9,anc-aust,565348334,0,565348334
terra1wspjtr69x6qy94usfzk6hmsc9kzmdwtmmq72fn,anc-aust,2619123892,0,2619123892
terra1yjzrzqx2uekr8ncy7hsvy6aw39ptgv7mgwhxz4,loop-ust,839554,0,839554
terra1hs6mgrs0vc8dnjht3z93jxyxezd3quztwk0w33,loopr-ust,4672512458,0,4672512458
terra168245cajtn0qsxvdjg5desqeta8lzmmuamc3e7,loopr-ust,57348286460,0,57348286460
terra13ys2eqv2jc6auu42m8cwzkyndqh8y8vvrrupuu,bluna-luna,1152612,0,1152612
terra1p54a9p9jq2cch0gg722qmxtx4jt45tl80n99qa,loop-ust,3578621,0,3578621
terra130gcg6lefyx9ak5lt6tegwq7e73dc08l0867zh,loop-ust,26816994,0,26816994
terra14d9968hjt3yehjrkpddgzp6cfylr8cma7meddl,loop-loopr,766682311,0,766682311
terra1wyqrsdakc7flgy4t2y3lt9rtgejf3at6734jt0,bluna-luna,68034423,0,68034423
terra1w3ejs34her7fu509y7yqdeh5pkvmhu89lx95ke,loop-loopr,124231746,0,124231746
terra1sy8trhpz9uhtf7uzdjphstkye9nurz3v76jl8r,loop-ust,19001035,0,19001035
terra1sdrm9l6gxpulzyht8x73gqkt7775fy4lttza9a,loop-ust,1072,0,1072
terra1mr23ete0w6c23p79e9hlwq0a5rswdvxhv6qll8,loop-loopr,10080607440,0,10080607440
terra1una03wcx8v4eannc2gphpfc3aps723jv6tlqxk,loop-loopr,36208269098,0,36208269098
terra1vakezfyghv7ucpued5ma0k3ndea2jf70tnqt9t,loop-ust,260179836,0,260179836
terra15dveqyk96w05am7kj5fkap30jtzw5d5h773ykc,anc-ust,3082657076,0,3082657076
terra1xu6pev7zf3xashv38y38z5hwnngwurxxyujen0,bluna-luna,19926360,0,19926360
terra17lu3wf47nfz4eupwrv7zx5mw9p6p2alnm7fzc2,loop-ust,5369159,0,5369159
terra1azxjj06fjyamnfs3j8nelsh9fvtzuzva5n9k0f,loopr-ust,350512777,0,350512777
terra1thv9ajhpnvjccup3zh6c5xdvtq650cwz37qsd4,loop-ust,17421004,0,17421004
terra1gx0v9hupm4m7dpudg68cu7m56waprekx3qrhpn,bluna-luna,1989586,0,1989586
terra1uhhjekus4w6u6q99vf4qhr4pnef52hq0fc6yue,loop-ust,6677269,0,6677269
terra1k989yts70xm7rvfnf09vpe87lh7jcmlxm30up3,loop-ust,5032385,0,5032385
terra1x3zjf4acvsg2faana2g6ygkfdkw3w4y54gkemt,loop-loopr,5477135945,0,5477135945
terra1ecsx40yazw77wmrqqz9thaj8svy3f7h45my599,loop-ust,198200,0,198200
terra1amzjaxwm5dzckpvj8njt6yz9dkesdmx774kknd,loop-ust,893402,0,893402
terra1hwrtm82uux7sd48c20vwgtr053egz5xd2kt2c6,bluna-luna,37646518,0,37646518
terra12ptp79agqec0wy752vk6hguaw9ck42z9a4mfzq,loop-ust,8817884,0,8817884
terra1cussnpzm5q44w6ylgzgql80f25ufd6t479rkut,loop-anc,244325541,0,244325541
terra1sy4pg53aekkfangm9g6e7rc5f05spfwda6pwmp,dph-ust,817556784,0,817556784
terra1r8dm9ghlt4cev5wl4g6z4gkhw0yx9zzymqm6l8,loop-ust,2851522,0,2851522
terra1ev5p3e8a4urr43uvmd6l46mzr5l4hgp6df03qr,loopr-ust,138988815,0,138988815
terra13k05s8hrhswwvw3sa0sx93242sdm3sgu9rxvfp,aust-ust,27137220983,0,27137220983
terra1mw8qs6srvjut6zcdmx95afqscf0kdhaj9jc0ey,loop-ust,27820796,0,27820796
terra1rdgkzptz8lu3n6mcvuwfjv80wk8n0ma35n5slx,loop-ust,8347294,0,8347294
terra1494s0vymfev6n4fnk59tzu8wwxtja0du28mw3a,loop-ust,42947436,0,42947436
terra1x2p2mkkh0mrtzv8g4kaeey6ykrtvctq6l2kapx,loop-ust,1484459,0,1484459
terra1a533yezz3tnk0r2q63kwpaczcjuq5j0z9az3sg,loop-ust,1486243,0,1486243
terra17lapk5p993ugazmv2uuc2wdrn3qveqlh7hklpj,loop-loopr,12855851712,0,12855851712
terra14458je9awnjrvjntez8le06ruuq98zhuatkfcy,loop-ust,1001489,0,1001489
terra1t0l2za9evg8jut7mck04j9nxgjtr2aqgksr8l2,loop-ust,849757,0,849757
terra1pr5k8jgrmfdwalvens2duzm4625m4j4xunenkr,loop-ust,9005627,0,9005627
terra1nn2k7xtux9xqsnpankw2hwnudj3t2nk5m5tzfx,loop-loopr,1766110265,0,1766110265
terra1a5cah9rtjed62zqu0rlmhgklw4t2u5angnphmu,loop-loopr,1869205463,0,1869205463
terra1r0ysu7x225s0c4z6a4ahl2ntfpj9hgj4mlqkjk,loop-loopr,455177545,0,455177545
terra1d38dqg5qcal7eqzg42m56rmt0wke5wvcxms384,loopr-ust,11523464,0,11523464
terra1ry0q988syqdl3teer672ds0p45s7s4m8x2gwnu,loop-ust,2279752,0,2279752
terra1sxs8qhzwxahrfv3kt3krv5ktdeashmu9ruh32j,loop-ust,7999572,0,7999572
terra1muvvcra9yntwce0mkek96ukr7l3r576lqdp9az,loop-ust,931013492,0,931013492
terra1kvffmjc4vvyrzdva6vnqq593h5areemyswt0z7,loop-ust,51150041,0,51150041
terra1gwtwkfr6kd2gu4dd87hc90fut3savmvj2q9fvl,loop-loopr,5106638494,0,5106638494
terra1n0twnlj6ztdt2jrpg5g85jcz60hxdgyd9unsfd,loop-ust,1072859,0,1072859
terra16l43ns5y5a5h2g750wx6ykp32zjacxe23wgsxs,loop-ust,80896,0,80896
terra1eqevxetk86ne8k8c892ln4r74ujdzspx9yvw3g,anc-ust,1419159,0,1419159
terra164lwx9p7w5tty57ujwexue2wg4wjt0gz4p4uga,loop-ust,6743248,0,6743248
terra16es9zdf39jqr89c2rcczdvny2ve3p5qd6yxt5s,loop-ust,443480,0,443480
terra1j6d5h28qlvv09lyvfusq38c4d542zgxr4z55n8,loop-ust,69539022,0,69539022
terra1far459hys6k2w2qsj72lwr02vsrknzsk4qr93l,loop-ust,102563816,0,102563816
terra1ytvfjlfnyy95pc5tr0t5qfxlcvmmz0h50l9juk,loop-ust,4789764,0,4789764
terra1cn0slv754nhx6yeews3kdhskueednhp8ajsh2m,loop-ust,24324068,0,24324068
terra1ejcc63pjfhv8hdvz38jah0rv39vz2q2pmjkt24,loop-mine,188581136,0,188581136
terra1d25x80lf60ypux3l3paz9duhr3jlck2358qwnv,loop-ust,14061584,0,14061584
terra1mv5v0c7nulr2lztmnm257krkgamadrcxhqdmxk,loop-ust,1346667,0,1346667
terra1rfwjsr6jfpluwke4u2yvptxkt58wk0ank7llqu,loop-loopr,224814213,0,224814213
terra19gv2atxld7ugpcse47e4wu8crrype3ckywx5sw,loop-luna,87567760,0,87567760
terra1djs8kumcztf7r4dc3l6x2067kllv8kwhz88gc0,aust-ust,486433282,0,486433282
terra19mjtfh023lz69ye5ena4zuck553fzclf28v6m5,loop-loopr,408592962,0,408592962
terra1jtugmxlh4t9npa3u84g9p5cv27usgcta0qq4zp,mir-ust,17396708,0,17396708
terra1akgqj4cx43n0h4u2sqavldwmfukc3uwfwsd4l9,loop-ust,1429286,0,1429286
terra1una9dsuf6d3u7wx9mymze0lsg9uaepypqpewws,luna-ust,177616149,0,177616149
terra1fp3wj2rfhmj8jwmejrtgeuskfcn5erjexnlf8y,loop-ust,4416815,0,4416815
terra16gq70xq9avum649293t6uw7nv9fhxd8u30dkep,loop-ust,14992936,0,14992936
terra1cpx04arsaupc52zj7rgdtkpg2du65an0y87hct,loop-loopr,10883812,0,10883812
terra1a83hz5wklwk7d720469rcc6m35m59l82up820c,anc-aust,311879705,0,311879705
terra1kdsr39vfvwamnvvyjzvsdxt09rv9r7tahcwcne,loop-ust,46235746,0,46235746
terra18n0epuspume7vjpgsd9jgk928rdpnxqm4adrr8,loop-ust,1601356,0,1601356
terra1vkls3hnu2htd6lp5tu84xvl2yeccqs5scqak0k,loop-ust,883269,0,883269
terra1xftp6r8a6dpm40vf2ypqe22azplcpxn6dqkqk8,loop-loopr,314992671,0,314992671
terra1d9mx9n4qy42nkhjdylcy963t04t5cywsc6khfj,loop-ust,80573717,0,80573717
terra1mm4v7ztv20nu8qu2xm40j7ftf3p2lyeet3435r,bluna-luna,12341533,0,12341533
terra1w975t7lv5usl3qm8nksx64d3u9y0ld9efenj6y,loop-ust,442948,0,442948
terra18hkxu6xmdngu450mxps7m58ud624ptsp5j8q4u,loop-ust,16195612,0,16195612
terra1m79uzr7jzs858a6m8gzmwveh7qylctp0du6ndh,aust-ust,1151009509,0,1151009509
terra12qzhrx7csqyp82ewmwwwp6v75xj3qgtm458qrz,lota-ust,30172546,0,30172546
terra1canj8sqzrueysqahgsppekzjf3gapa5l7yzge0,loop-ust,3715577,0,3715577
terra12c4u3nw5ctx30dgpsc9cpvt9490ufapnwlzta6,loop-ust,508769,0,508769
terra1qnkap3p5y40kd94kdjra99khshqy5dd35625z5,loop-ust,863348,0,863348
terra1uz0swpljety3htpwuwpehr8xutrqflelncahhg,loop-luna,72358953,0,72358953
terra1gdtfg4zvmgm7dfmut8ah3n9tpmhl6vwxx3pp9g,loop-ust,15547906,0,15547906
terra1330a0qftzyhjm44mj8el7rggtf0kgh0nxuyf35,loop-loopr,1127677638,0,1127677638
terra1etdp290tttag22urrdjm8asxk0s3nepedztvx3,loop-ust,7105745,0,7105745
terra1audn7zh286n2yyq3zsg0yl5mwaucjl6lgp9uln,aust-ust,3311143358,0,3311143358
terra12wyahmsyxzl6ldg0kax8kgyhk2gxe6f9j54gve,loop-ust,16535727,0,16535727
terra1yyg2x4jauwgx2w4js9c3te44pvfemuzzk24ece,loop-loopr,144140372,0,144140372
terra1qy7snv6ujvkl5f4qhn9rf04q0nzjcxv8jwg3ru,loop-ust,1031767,0,1031767
terra14c4gsv7v9q4wu3nlxwsmd5klr0kqqfpntpamn8,loop-ust,2902676,0,2902676
terra14vsch32a20y9dyutckru73gvyyv5km9uz296zv,loop-ust,17741896,0,17741896
terra1rv4jf69jqxz3wj9yej5gfhfm2uwynq33lycmeg,bluna-luna,69836570,0,69836570
terra1aayw0afj8zh67qpkzrsdat5ga0wxsnnn30lttu,loop-lota,30709340,0,30709340
terra1yktd7h6hzq8euqc7n3v3p30l6ylxqxp4346026,loop-aust,834324175,0,834324175
terra1r8lkrqfkq085jzxmcr7z8557pyktzaaq6grtx3,loop-mir,48879148,0,48879148
terra1em2qw0hx6jslzn3v779x6rjj0jsmfh8fzthe5x,loop-ust,468505,0,468505
terra1pygy3qvfyx5q92942ulsstulwt6tpem9m3xg2x,loop-loopr,657846608,0,657846608
terra1r28r6gx489e9zalrsnczqx7y47st3yazaq9ja8,twd-ust,143847430,0,143847430
terra1h5psesn8mcpzarxzuvnnww0ly4wk0d3xglcktg,loop-ust,14263144,0,14263144
terra1l2hlvsp83dv2up5tv6s7f5rgsc97rhpkg6zd36,aust-ust,1012136752,0,1012136752
terra1w8q5dlat2et5uv9yp2c705jql4gckq9cp70w3m,loop-ust,232497008,0,232497008
terra1dxxuls2x5g0f300nycrdxk5wuthhfku7dnasvp,loop-luna,7834909,0,7834909
terra1mcs2h5acy63ce72zpswuwhewpqp896drn82sfp,loop-loopr,4196028963,0,4196028963
terra1yqpwuwrxfy2htyclv8jh6qzp99ahxx73sv4ys5,loop-luna,10547609,0,10547609
terra1072a289ssweujmz3dl9chkvzn8ns52swywtgjc,anc-ust,3049155,0,3049155
terra16cxtg3et6m7vjguep5gpr6eqss5uf92glehkcc,loop-anc,32821602,0,32821602
terra13dc48rvjgtnvp94pql760x2m7qnk3zrms5nvnp,loop-ust,720682,0,720682
terra12l0s05vfgqc3fs6v6tqsd4n4tyj33xgrzsvav8,mir-ust,171620812,0,171620812
terra1m0vzqpxk6cjvszc3au3z40k0q8zjmd3mwps8s7,mir-ust,17874238,0,17874238
terra1du7cchd392mj70ztg9wk037j632u3eq3cp5sml,aust-ust,981180165,0,981180165
terra16tvc5qce4atwknxzcpq2mz38rtth4mqfqahhzd,anc-ust,228408734,0,228408734
terra1jp82knj3nzqvmrzxrleuh5flx53ncxuzw5mvar,loop-loopr,472442080,0,472442080
terra1asga036x88ccq8rumdzujdzacz2htdm9tf09f2,loop-halo,41878215,0,41878215
terra1hy6rnx4jvatvpjl4yypdr6uaxhk8txsnljzdyt,anc-ust,126307022,0,126307022
terra1gn6kp4p092qkcn79m36ydfmqqez3lf8x394r8k,loop-mine,631899600,0,631899600
terra15yem3q5y8h7cp62ccpv4dh3xpp7a9s9j4cudwp,loop-ust,14239659,0,14239659
terra1usef0mhwrc04furaumne47wn83u7uffkpwxh84,loop-ust,8807257,0,8807257
terra1az7tdq64f5mtxsz6mhre8d5ycehg99g8h5fm02,bluna-luna,29956385,0,29956385
terra1nfczv0jytzf300689k8h5caa6rg9un0y95ya5f,aust-ust,884935475,0,884935475
terra1dctvpwecmdh9zthwdej6dvv4vnepfejd48nldr,loop-ust,11798234,0,11798234
terra1fuyds4y3ye2gda0vqr29cs3u88gskhh3se9jmn,loop-ust,20036292,0,20036292
terra1uuwu7f7ksce2zlcv4avgyux035wfvpz660hm2r,bluna-luna,992215,0,992215
terra1m0wmfwzwlew3t6m76ngcd84yp4gnvc8a7pq7fd,loop-ust,19002076,0,19002076
terra1gwrgy309gv3mvun5nfezc40y6qj83ajy9prqd9,loop-ust,1812082,0,1812082
terra1dfqlz0xfycdtwqscjylts6vvfl8am8z9hp9qke,loop-ust,19680880,0,19680880
terra196cphhrl59eq9crgrpzmuujwncxwzrnpfvz8d9,loop-ust,1246766,0,1246766
terra1dph0p5st5s9gv6cgyqaty50kcx7x6203lxvmsv,bluna-luna,7014889,0,7014889
terra17yd8te0qnzulmvl53ndqa4snhj8a74692kgcmj,loop-ust,19492550,0,19492550
terra1rr78wc4vxnvydvet25l2gwxttsr795ws6nmr88,loop-loopr,4550039973,0,4550039973
terra1j6aa68yt9f7em0rmd3th70kfq23knmkt2mn7hf,loop-ust,2321955,0,2321955
terra1a6eczssead6p69ky2y0rexlcxluyku3ar54qfz,aust-ust,2669449460,0,2669449460
terra1q9ujty04k9ryxvpuyfhgurnx4f4nljtnkj4qjl,loop-ust,25125114,0,25125114
terra14vyhy54jpavnpcycelsuew73xzeqavumw8kdek,loop-ust,450006,0,450006
terra1hpe5hgu45ad0nvrcl6qakuu75lgyjhqepe25vy,bluna-luna,198601636,0,198601636
terra16fn392meetl40v3fgeh3wkte84r6qa5ckyxt99,loop-ust,13353021,0,13353021
terra1zexytfnrqvvdh0zaznwrw2suyt8vezran3pzr6,aust-ust,44171188752,0,44171188752
terra1tta2xm8uefgj65ds0jvv7eqns0rq8xgajseany,luna-ust,3678189,0,3678189
terra1jt7g575cansnc87z40k7fu79lcnk4c6z8rwjaa,loop-ust,2440110,0,2440110
terra1g8v64as5cx6h3fmj42nv6dwwtt97ndkmkfhn0r,loop-luna,549007930,0,549007930
terra1uu39aqhd4vh0a57rt3hfuzje4ef22ky3v6ed97,loop-ust,1169571,0,1169571
terra14d6420d7qhcgwakgea50f79kktyr3h2lhrjn8y,aust-ust,5988950335,0,5988950335
terra1yn4aurx96wlwnt3pvh0fl8huz07220pq2q59et,loop-ust,1048562,0,1048562
terra1tyxnlysrnvk0t275ngdrjp34mxmtgy2ywq7h88,bluna-luna,50161243,0,50161243
terra1vfcadk38l5y2kfh6a6l8zpcr5sarg9cvpv84ek,loop-ust,5300827,0,5300827
terra1s0q7pdgfc0ax08zzqmz534g5wx9yfxmyeg2qdy,lota-ust,966134735,0,966134735
terra1539hg3xmr92pfjuncns0ll6m7r9hkd4djrkv44,luna-aust,193214309,0,193214309
terra1fw5vq8t4lej42aen0jcgv4s68xs9x5j9w3c7m0,luna-ust,129417983,0,129417983
terra1mtuzzj69wrjddszexn9ptkvfqjtkj72e8tzfgk,loop-ust,5384228,0,5384228
terra1996kdpzagp23feepczxtplekcc3w9ngmfn7vef,loopr-ust,23418442,0,23418442
terra1k2kl39edqkps5lfjad9rpls2rej78389ud6k27,loop-ust,155464064,0,155464064
terra1sxduk5x7a5k4fqq7fdt5tq5adj2ch583m3md78,loop-loopr,34051962,0,34051962
terra1dfkf9xalf4twnwze55netjpdl26q9yq7xdxhke,loop-ust,681594837,0,681594837
terra17aw3fyne2eganrn6hhaa3uxq7r2ua2ptc5y4u7,loop-ust,2367263,0,2367263
terra1yddtj6hxdsz6l2fdf883hakmyka3nktekd3a0t,loop-ust,994083,0,994083
terra1jjxp6rhgrmdxl06ut8hj4pnqk6dsqkfv7auzlk,loop-ust,2365443,0,2365443
terra1k2fnktj5a708aalncv89ux3qdem0xj9fjwlcxz,luna-ust,925307461,0,925307461
terra13y9e8mct97ejcx2cded9008t25ufmhz9y42pyt,loop-ust,40182430,0,40182430
terra168245cajtn0qsxvdjg5desqeta8lzmmuamc3e7,loop-luna,512203353,0,512203353
terra13w2y7tkkhejzyu5aw8sr0890d4grhjzzlcznn3,loop-ust,190943490,0,190943490
terra1ay7t0t255l9ymaqhmw0c09wg2s9a6rpc73v846,loop-mir,77894353,0,77894353
terra1a3d7t55xqsyt3vpv5qu42v7zqc872j4gx6qlwf,loop-ust,10065947,0,10065947
terra1tnm5s0e7q8qh63c8225mccw2zqkwrg8za0a0a3,loop-ust,1793252,0,1793252
terra1qw2tm7wzgt77pgwq8rjn0fpk2gxv7n5cxjp7mw,loop-ust,82000440,0,82000440
terra1tw05mdtarq0q3lazt0sdry9sla6mgx9uf807t3,luna-aust,741168320,0,741168320
terra1ju9y8sj2whym9y3u30r7zeyw9nxwukgx7529g3,loopr-ust,144669170,0,144669170
terra1paetxgszz48vmksdly6cqy9yd7s04z7mlw2uev,loop-anc,150371138,0,150371138
terra15gk79xnhjyp8p9q2mdwewrenlwluysn7gwy9y2,loop-ust,800843,0,800843
terra1zaggg3rcf3hf4nt7nckf7y0tz8699593fgf0z3,loop-loopr,22310534,0,22310534
terra1efk6j4z4wc0puenk3x5tj6g0lerewdrtamczws,aust-ust,461988554,0,461988554
terra1mu2phus5djkfw4hrckzvfs539rxndfsr7vjuxf,loop-anc,380830174,0,380830174
terra1mga7wxd3fgmwvvewf5aqyxxy2mqnzruand2mnu,loop-ust,750368,0,750368
terra130vxm39c4f50nsu824kunl5n6w8n564p7ul0ux,loop-ust,4373891,0,4373891
terra1wze6q3szr35qhz6q8uynqc4r8pfgpezmrp5umu,loop-ust,142068708,0,142068708
terra17078xkn7l7w8afatpajcynpcrlkeuldqv8z36y,loop-ust,3027371,0,3027371
terra10v24n5nzukfcauew9krcrgrdllhtsa9m5t8c9m,loop-luna,821782490,0,821782490
terra109fdvqwkskcxdy8u2405qm6an4tax6ghr7gqqh,anc-ust,622583539,0,622583539
terra1uwyjc4fgun2dc7x99hw4qxwcnep7uknfmh8r4j,loop-loopr,175698036,0,175698036
terra1qr7z7ggpx9d04eszq2qe87alepl3mwfg63ht30,loopr-ust,145158254,0,145158254
terra1t47j4dncuk369765g9dsdj75grfr62fpcz39fa,loop-ust,25665767,0,25665767
terra18k0fm0feg25x5nv69rmj5npp7s5724klhfxj8v,loop-ust,3596098,0,3596098
terra1ufux56ljk7t7vnxgzut34hwjkwv0lfrnnygf66,loop-ust,922900,0,922900
terra14ffx9dzflx2yr2alkkuzhwu8kdl2efucz76vqr,loop-ust,18686296,0,18686296
terra10kgsmlpf2ts2zwrnfl4nwn4acjcfhjyyfyushr,loop-loopr,1358496653,0,1358496653
terra1jcjvngyy6k0k9luj0t34tzjlpc2ydylr684ref,loop-ust,799327,0,799327
terra1vcc9sja7mmnd8s7p0rjy5sfvm7mudd0qzpxgcm,loopr-ust,4295561945,0,4295561945
terra1prjtu255lc0j9pwhmteu7huvagz8ehvl5tj33f,loop-ust,5292842,0,5292842
terra16sywt0mm6qem86a8jlpau5t0h92k2pqp99gza0,loop-ust,8823367,0,8823367
terra1ksf9scrarhvpzdtuyjs92l5lcxrq9wltzmwj38,loop-anc,542704057,0,542704057
terra1pgjyurt5v0jm0ys7qaztqpuvp2j7h6ynfehqkv,loop-ust,2393620,0,2393620
terra1rsyn72gd2dtncz3axztmmf28phrndyjjyu986k,loop-lota,72880760,0,72880760
terra160um6yrzw0pvtf4p8vqjduk03uguqmc3krrg7g,luna-aust,71132776,0,71132776
terra1p74yvefzw02pewz0h23vzy976gvns52sgzn483,loop-loopr,11627010,0,11627010
terra12rrtjk0datjx8r0cqxasv3u49kp4upg8e6qqta,loopr-ust,127250887,0,127250887
terra1v4pgqthhpazrvnavc43puqjwjn84k0q9w9em0a,loop-ust,2934998,0,2934998
terra1vakq53rwxqd4x2zywnddwzzk9gs4r20n377zwm,loop-ust,378129622,0,378129622
terra1eyct4mtmpsau9cluv4wj8tdmjlh7fm7w5l3qsu,loop-ust,42982386,0,42982386
terra1nxfyenv8tcucsghujylr9xtev5qcgc9tv7wv00,loop-luna,17339799,0,17339799
terra16z5tdywfvqxgv7q8h0m7wzmct4hmkf2vvcuq8e,bluna-luna,5730366,0,5730366
terra1j2u06wt6ac36ma4mz95h4x4s0jtepplw543vhm,loop-ust,609555043,0,609555043
terra1qnsvmjfcrsgar69w3mg9879xnje0ww85dsd6te,anc-ust,1016727819,0,1016727819
terra1j3d9a77unzlunkamhnk2eh9j5rmhdyqrjt3pht,aust-ust,508173304,0,508173304
terra1vqn4ttghzsqw0zhnl6evgshp6aywepy9stmln7,loop-ust,10138871,0,10138871
terra18ava2sulw4yap2uywrvt37whzghvnm7shvwqsf,bluna-luna,69829774,0,69829774
terra1peanvwrezjlx2d0muc6wns2u7jktq7lx7466kj,loopr-ust,3154832217,0,3154832217
terra15723lce2fsakcavxg0vepdg826urtk8hqqmk2g,loopr-ust,63224068,0,63224068
terra1d97fjzs98c56rwl60m0eldl6q5xf7yj87m8l8w,loop-ust,5362140,0,5362140
terra10ewcm557ckutpf0d4gcl7f7fcpfarqgldv3hs2,loop-ust,25662138,0,25662138
terra132uv8ffaj8q62jdn8ryh384ey224edsm2jmk6y,loop-ust,1068210,0,1068210
terra19jyw4mx9q94cmlntd6jyxc0reqwj9jvdr2qgv5,loop-ust,4552223,0,4552223
terra1q3ej8wkmrt6dyqusdu765nzysjdakfnhgvdfey,loop-ust,27722275,0,27722275
terra1tlxm6klzynhaz5am0xrg3glqz6we6hd4ug90js,loop-mine,252163722,0,252163722
terra1aslp78yy4plz08n3v3u35ssfzkulfpau23yvy0,loop-ust,1828259,0,1828259
terra1hpvm20q6vlmgnul4n3z5vzx00r45l3w5alaxw5,loop-ust,10963828,0,10963828
terra1sc6vxq3a5murj2nnu8hljslflt6gyz0ghdk8fy,loop-anc,11847385,0,11847385
terra1v8xcwwh3s5zj5nr5tck5akjuuyxekp7au48mym,loop-lota,16469460,0,16469460
terra13x7w4wafpkrepyt3w9due9ruhf4dvdrhlcdp8k,loop-ust,21788233,0,21788233
terra1pmp5pn4jdaew0e2tryz373e8whac40esazmcma,loop-luna,16211755,0,16211755
terra1gr2heku65akmdpay5rcjcqhd6d98ghnyqts4sz,loop-ust,6635184,0,6635184
terra1htr0ns8sa30yqw57796x8agcf4zp2s289rj8ar,loop-ust,27226544,0,27226544
terra1jpy5zha74md5m023uypqa22lcnxszt6unycq57,bluna-luna,7089702,0,7089702
terra1feqtlvaru4lszqnpjesgfw8splrg7u27wwwqac,loop-mine,16741641426,0,16741641426
terra190t00em9jkrazsp22kvhvp7kphtgdy9v2ck0ux,loop-halo,79991698,0,79991698
terra1zekas0ajqf37g8j6mtvk7z0g4c79kvccsf6czf,loop-loopr,10127124,0,10127124
terra19gwz0ehgcplmu4cm9xd9ul5najlnwp7ecfl9e9,loop-ust,112733971,0,112733971
terra1cn70sru5ut70rgr8trq9q7kjqtkcuefsgfzg36,loop-lota,35363604,0,35363604
terra1djxx6hsxzx4usefn0ajw9ddacaengerttats42,loop-ust,14770032,0,14770032
terra1fw8aena2rtazheyk0rjuxt073fu22ftk4edkh3,bluna-luna,28860931,0,28860931
terra1xu55hqv20zx2jfd6tanzx5q208x6xqyukmnqyd,loop-ust,6938379,0,6938379
terra1wp3t0k3rn4aerlay6z68dxpr8qveac0qjntm8e,loop-kuji,139252302,0,139252302
terra1karcc2ducpckefkxmdpjn36mmrjrlsv0p7ssjm,loop-ust,805919,0,805919
terra1k3sh379lxw92jlztq6sf54hhjxkpd9phr0vtk3,loop-ust,4877243,0,4877243
terra103xzxtmpcc6dmcp0qh65g2uqp9lg2yae6k6xmn,loop-ust,62242067,0,62242067
terra1d078z655zfwjjxk408txahac95e47whtyn6m98,loop-ust,205701,0,205701
terra1aufxcs8samcydlym0uqht6xl8s0nrjnfgwjh83,loopr-ust,11499455,0,11499455
terra1q50y7eym56022pkmdwc06qlxp9uxw49mre5tes,loop-ust,3172889,0,3172889
terra1ajkcgxapp422jsf9dj5aklaps52lkux6zf6lsz,luna-aust,567678124,0,567678124
terra1vllkwfe5l4rwue5hegtxq6zl8eu6jk4wxzr7fp,loop-loopr,3699371398,0,3699371398
terra16r4fj03l63jdwlhh5la6k5kfccrt7c3leewgv2,bluna-luna,1322179,0,1322179
terra1fcldycqpqlp3wm8q0eupr3rzdrv0vk9hxch505,loop-loopr,1053336110185,0,1053336110185
terra1nql0jxgqqje9kkx5nzkf77zwc0mkefcmymua50,anc-ust,551243120,0,551243120
terra1d3c2l0c59533z8rwayuh7qwl5j4m2hhda0sxne,loop-loopr,14785663398,0,14785663398
terra15ckeykwxx6twsuzeafl94k42qsgd58dwvdewqt,loop-ust,6802562,0,6802562
terra1a2nz0mclj00scavm4t4esr5rg8awpcld0tn600,loop-ust,1983168,0,1983168
terra17ers6lqmmype2f3mxugew2cfanvgqsd9nhwn5u,loopr-ust,7735101,0,7735101
terra14z7hhpysx2hk7uf7dvwenkrm5nc0ymytjswu64,loop-ust,6689464,0,6689464
terra1qudj3k7m2p87jy33n8h5vl0twlck6vj7a40f3w,loop-ust,32599393,0,32599393
terra1wwphl0yf03vzy5yem7phh855er5ct9ccxwgfpu,loop-ust,355958,0,355958
terra14n3nfdsheupae2fz242zg660u3l59g2khfhm99,loop-ust,6008487,0,6008487
terra1t8nrxx87cvp2htmwsxupkxry4nhj6h887zfhuv,loop-ust,21355968,0,21355968
terra1fsl6ge8t7yh27c95hm7wpchlznrt3m58sh4yvl,loop-ust,29431022,0,29431022
terra1qlr3tt3sqjp9h0jwlskyt50um9d3aahxggc0j7,loop-loopr,28033984,0,28033984
terra1ahxk999p4sm5hl75l93kzsjpykyrtgjfpvl37h,loop-ust,167242282,0,167242282
terra1xefwq5acndwdw5hd2w4ezamwhjk9gdht0gt8wd,loop-ust,8893335,0,8893335
terra1f2cws9hapdwp60uuv9sxxwhwczpskfzuh3vkmx,loop-ust,4167603,0,4167603
terra1qqqz0ddedgke63z8xm8pqrujnxl0f9zdvus7yg,loop-ust,9868745,0,9868745
terra12ydkrh0mk6t6wzy70vzj6qcldp7qles3rc8kkx,loop-ust,92526973,0,92526973
terra1glw4fd3gjl8lz9swl3y47ay9f0nju0sml50azm,loop-ust,9145595,0,9145595
terra1fz0z8v2m9p9e9cch2rye9jxqmtea6spefuk0v8,loop-ust,9800088,0,9800088
terra1wspjtr69x6qy94usfzk6hmsc9kzmdwtmmq72fn,luna-aust,1054007774,0,1054007774
terra18c8rn98jq4gtutrp3kkhvpkzpngs6zw5t05xmx,dph-ust,15627263,0,15627263
terra1hqjfftupplk67dz9q5xyag6nhr0fdr7m6hw50a,loop-ust,57132473,0,57132473
terra1tpyqhc8pdxgy6uhnwzr8y6vrz50sw79tmlpfry,loop-ust,1173295,0,1173295
terra14ggz3gcu2yampd6xyrp8t9k76xdnmwuptchmjz,loop-luna,1753457478,0,1753457478
terra1ck3fuacu9p6m5df6gvpygzzzuxn2rmrg7m266k,loop-mir,71718869,0,71718869
terra16f59xxc59duv97ln2uwmuz79jgzujvps7fy7wg,loop-ust,2486253,0,2486253
terra1xg37u349veke6qt2umnc2xuq98c55lt29plxtm,loop-loopr,556681531,0,556681531
terra1hmutskjf84x7kelkgj93u8frn0anfycffetc8g,loop-ust,8792688,0,8792688
terra18wh50kpew8jlwf7trzwpkmyu8jk9j446wlpu5e,luna-ust,44417624,0,44417624
terra12xgs0cdh5jl3exc9jf6kcr3cdpgnpt7udh8tnv,loopr-ust,7978687447,0,7978687447
terra1v5us3ltx4f4zsxesx7wghpepczsnkz22aa4ksk,loop-ust,1199758,0,1199758
terra1g0n3d6hu53x5jsnr45nr5p0mfyunxds2vczd4c,loop-ust,1798867,0,1798867
terra1rv7neck46kjy5scxr750932n7fapkfl2645uh3,bluna-luna,5023506,0,5023506
terra1xc9ddn4h35eje9msy0ertm59ghu4xm580pgx03,loop-ust,4110708,0,4110708
terra1kecwpqjuxv57pz9ptmmvjwjux55cs28e9heze3,loop-ust,951,0,951
terra173ac8xfwv38l743ymjfxv78mhxg9chen0gvmn6,bluna-luna,1985658,0,1985658
terra1lajpr55fgaq4g8t0sc7f2meuc69jqx32x03mjm,loop-ust,1257445,0,1257445
terra1qmvzmgylell896uyud0y74ngfhlp38cg8z8f7t,loop-ust,49619716,0,49619716
terra1vgmq5t2mhyt9vr2j5sj6ycqylsj7khqm4fwamp,twd-ust,91463044,0,91463044
terra19ml66nutrhcuulsgsusut3aesrdz8hl587vg6q,aust-ust,85099680,0,85099680
terra1zcn86ev2w4uhsqypvqrkgv4qjn0qawgay86d4l,bluna-luna,831296712,0,831296712
terra1azqg43xv6q5fyvwkvnz4mccccf5vuevw93yk4w,luna-ust,34815176,0,34815176
terra1aqc9p9kxul7v4drjrvuw0yh3vvhzur5cya28vd,loop-ust,975164,0,975164
terra18rt9m23778d5hahpkq3fqmk9yf8e6axpc5d0kn,loop-loopr,659003992,0,659003992
terra1v9xgv4uu59sz0r9luntprtfcqa3fzgvl2j5knl,loop-ust,1392067,0,1392067
terra1rku4y74g9078g4agmlg080h9elvee4r66vvw90,loop-loopr,6214382018,0,6214382018
terra1548vcqz4xmnk07t73n2k7jv4m0n2zmxntav57v,loop-ust,8226400,0,8226400
terra1ysm8cx8nc3sycuntch0pz993852gx3wjy52fru,loop-ust,1250858,0,1250858
terra1q0jxxrc6z3ctts6aw5qwrvv2urj0ftkspr6hgq,loop-ust,48740213,0,48740213
terra1aj2cracmdgxkpt0f7qr59fkt2ptw98dqq0zung,bluna-luna,39270355,0,39270355
terra16rw5uzc0gtwjef2nvfw46t63q0u3jagle3txua,loop-ust,4203374,0,4203374
terra1w66l54tlamvnyy6y5jjjsfxk9cfeguzg5hyl6m,loop-ust,987325,0,987325
terra1tr45yjdtanyyuw98kkzz7qtdvhlemttcagu95l,loop-ust,43664516,0,43664516
terra1fml9fzttmv20zuk9syyvxmuyr4an957kq8lhzn,aust-ust,4177775233,0,4177775233
terra1w7pm0tu49gr85zd906e2wl5ufcvyrg9zu68j26,loop-ust,21681234,0,21681234
terra10erfw32ywmua2ue7j8a3fa6d3fms92e52upmhj,aust-ust,8597629466,0,8597629466
terra1ecpl5hw4vcehwg83njqqj53lt095ee7nuhm6g9,loop-ust,182297,0,182297
terra1cd9svps4czcjx0jrp30l2ufrgjn6tnjz50tgqq,loop-ust,36356593,0,36356593
terra1760s0ks77vl6xge4t9z7xm9quetdfq2ngavemt,loop-loopr,52082145,0,52082145
terra1aayw0afj8zh67qpkzrsdat5ga0wxsnnn30lttu,kuji-ust,7092470,0,7092470
terra1kq9862a7qqxwswwy7gseg3j5zqzn0xqlknltlg,bluna-luna,376489008,0,376489008
terra1hgk2kqdxw27q5dy8f4e3w9flar3w6cl09mz37q,luna-ust,24099300,0,24099300
terra1mc73v79scuykxr0net7sw3qhmfghzmvluhdk58,loop-loopr,10860325862,0,10860325862
terra1zdqk597gejcsln0kd2v9fv99v52uctpl2lf93u,aust-ust,129640925,0,129640925
terra1wpm7tlawp8fsxjzh038hx7646pnhmftzdczn0p,loop-loopr,334095245,0,334095245
terra1g67zm5hh5n4duu2yamlj9ehyscejpw033a3cz0,loop-ust,1430860,0,1430860
terra1h9gh2sv79dhft2ysvjtppcnnuguknczp09c3xu,loop-luna,2167617,0,2167617
terra10y4vyfs3e7ammzqralu7fymavgufpcf3splzt5,loop-ust,45926083,0,45926083
terra16pt0k3tqkhrxrkn06dzep83k0lj0eg9lh3y5xf,anc-ust,2895235682,0,2895235682
terra1f3geptzh5th58yptaphlg6vtamvmct4m5fcpdz,loop-ust,970281,0,970281
terra1l8pyfe55y4d7a2drwp52p4va6fjcjguz3ta9dm,loop-ust,2841667,0,2841667
terra1gl3zjmfp6y4v6uewynm3lhpd5cs39u4dgg3h8t,aust-ust,6242400636,0,6242400636
terra1rggs3f030aaaa8mhvh4l5ke4pvlkv5yzffwljx,loop-ust,36543752,0,36543752
terra1sy5epgehx9xwehpxuvmzpdws9z7dss5fxptpxa,loop-ust,1331794,0,1331794
terra1apdnccnf3l87z9fzvlr7y0cuhld0q76acrnaq8,loop-ust,44627356,0,44627356
terra1sun3jc6jq7yrnxxw2m3yn58nm68m86y5cqw8d5,loop-ust,4146778,0,4146778
terra142ugk33zca8u6zlxnqg36tzf762z9j333un8z8,loop-ust,76156375,0,76156375
terra16jzu4c72ptedjqmlw6gf25qs99ye3v6vx3qjmj,loop-ust,4553153,0,4553153
terra109j8dycq3u33jjkdypfsjn9ea55dxn4lljq2jd,loop-ust,3197287,0,3197287
terra1vslwn5u3hcq0uv7p38d05hvsn7x4hf3f72pmtu,loop-ust,5549496,0,5549496
terra1j485yt3dfgxvpqyfwtm6hw4f6q9vlku5qx0fc6,loop-aust,1001172013,0,1001172013
terra1xugufru2h9atcen9u8nrlzggpm9fl9pv7mj2vj,bluna-luna,6928347,0,6928347
terra1vc46j9ktjpe5uhdlrhwdytmcluj7ey74pvjpk9,loop-ust,4954812,0,4954812
terra1386e55xtfg6awyw5wskalf4zcy0fs6nnptl3gg,loop-ust,2042573,0,2042573
terra1cghfvj9nmwxs9x9fr5lum6tcmg9mprqvlx6g3z,luna-aust,69004601,0,69004601
terra137k99n78qj7r5awdhjg9xgpugd243fhq68u4nj,loop-aust,53691199,0,53691199
terra1cwn4zeagkdlmtu5pfq7a57a73ufhkv40vqgfd4,loop-ust,20278515,0,20278515
terra1ugcl4zf4nm5hc7aetgt8r9l0nmnw4heszpg3yr,loop-ust,1818779,0,1818779
terra1nvyrwmrdx5890k27q33lpy3d8vhcs0gyrwxwjl,loop-ust,3174770,0,3174770
terra1t9n6myvgz4zts23pd2sh7jmsj5d9k8tjk2zwsk,luna-ust,199740099,0,199740099
terra1cvys05y26le9v9tyl33e0q9e226zsu0uz9djzv,loop-ust,94138,0,94138
terra1ag4sd5aa3ral3d5r3jcsy55qga2duk2k5jrjdv,bluna-luna,111812,0,111812
terra18ee3kvdrhrn4d6g6xlm8e9mv5r0u86p6ey85dn,loop-ust,368530037,0,368530037
terra1m0k6hte999gs57frhv3ajq6emdg356mv2m9hld,aust-ust,58200871,0,58200871
terra164qk6g4e343u3s7tskd6jkqqhq3fg4ty2w53wt,aust-ust,162419012,0,162419012
terra1tn4gxvy5hkdfc4k2ds66f8whyk7dp5ujse008k,loop-anc,81388996,0,81388996
terra1hnw66eg78sh6u295tlzgk87sv9x7wqwyxzlpdg,loop-ust,10548803,0,10548803
terra1amk2vehg3dwcntga66dy9qvyz87d648slkv0tw,luna-aust,162265209,0,162265209
terra1e2xzqspt2jkwud0sccruqldznl6yygtxtn962j,loop-ust,1227075,0,1227075
terra1ww6r47nfj263857kvdz5vjwywzctezjcg72y3h,loop-ust,5697545,0,5697545
terra1wjjfrqjkuf589agf26g90hfvjjdz77xhq8sp9w,loop-loopr,119360172,0,119360172
terra18lmzl4c6uekkg7ya95r33vr0ducjlud2pp97zn,loop-ust,203918473,0,203918473
terra1ydrc4lm9pl8dpms9qftdf9janvl2wf5ytzmkhl,loopr-ust,12890629,0,12890629
terra1j6ne6vnhursagqsx2rvc3rnu0mrf2fzr57hnj0,bluna-luna,6570735,0,6570735
terra1a83hz5wklwk7d720469rcc6m35m59l82up820c,loop-loopr,2300221419,0,2300221419
terra1c5z67s6kzk2m0auvj350ts7jt6hhfd6y6826u6,loop-ust,13966096,0,13966096
terra10sph3dexhkzy0cgcxhc03hallh6dcuejkeehqe,loop-loopr,6618223,0,6618223
terra1k5ez3c03zfumx8js382nyg3djk20ztndmn5p6n,loop-ust,10291659,0,10291659
terra1ger85lsfpsylu026qea33jelxe4lmrmky5xshg,loop-ust,5571036,0,5571036
terra18k6cufnr0jwdkdsy9z3xjv3uwmuec9lqvd8jqj,loop-ust,10012295,0,10012295
terra1ds5ygdm5h5a64vpcy75uc4rp8627mz6g90k6q8,loopr-ust,5291153,0,5291153
terra1dzs9gtycjjk4x4hyudmjtr0mkz486vdex0xtly,luna-ust,3599932,0,3599932
terra19lqxcmwcgqselesq5k09anw8ncp8sz73qrqukz,loop-ust,87114841,0,87114841
terra1lcqdh3px76h8d7z6f8d2zdt394pkmxj04avaw6,bluna-luna,14824466,0,14824466
terra10rt06p6kzwf6fhhet7ajsnmz3z25mqeznd3nse,bluna-luna,10499943,0,10499943
terra1vhhqk8nvezywewys6l9hmxj02xmyrslafmuheq,loop-ust,1038935,0,1038935
terra1hpk546ch38u6cv08q2psagzlv88a6ykmctx2xr,loopr-ust,28733476,0,28733476
terra1nwudag2rtyj9y5j3tydl0yhfyczjy77aq8pc5h,loop-anc,558059114,0,558059114
terra1khvvz83u0q6gnunglfkhyxy6hlrc89f6w3hv7y,loop-ust,39861778,0,39861778
terra19g9cdlv473e3k8rauzrleur27pxnzrdtzcaza5,loop-luna,2059205,0,2059205
terra1mg3fdl8me8xzahkh4jngrzyfa7x9mqgas8zhtt,luna-ust,378423122,0,378423122
terra1urnwzmvu0uk9vx4pr8hm8ls9h7hvgvcd8n7lgw,loop-ust,17416191,0,17416191
terra10azqrqy4k6g2fackf2ssnvd8rq5rhwz7y77aap,loop-ust,7752850,0,7752850
terra1eyde4qplz85g7gdmgqzhd2wxyrme26eakfn5ca,loop-ust,92532622,0,92532622
terra1tcpvd09kjfh32xwhwuxcrcdaudu3yvrjqdzet5,mir-ust,1314529466,0,1314529466
terra15yw55fqhev6afudqw4yxcsvuuwdh5va7r7yq6r,loop-ust,1192312,0,1192312
terra1y4nkhsx9rcrappknr37930mg5hslys5lkyfx4h,loop-ust,5396106,0,5396106
terra12w8h8n7dzhfsafw2jn3rmux3k6le4he0hqy3vd,loop-ust,996227,0,996227
terra1nt2nvh5uce4m28qgllf5fuxxy386j4axkrp0qs,loop-ust,19784827,0,19784827
terra1d33k6ul8hrr5e3gjd7k2ep2c39465re7m3ks90,luna-aust,47200270,0,47200270
terra133ttzr5a0uqt3z3cpgj0r8vjkkvcvrxnxzktzn,loopr-ust,12135029,0,12135029
terra1xevg3naw50mnawvtegcf4z26c6sv0qz7r4x87n,aust-ust,457396981,0,457396981
terra1lp4afh70fkhx2veumfyhp49e0sjypwn8wn49xh,loop-mine,60037598,0,60037598
terra1hhykx6w7lp0v8qzu8uxj4vdgq0h46r24a9zdrg,loop-ust,859911,0,859911
terra1rq2j347qxp9wgjgvtm6tq3d9m405fc0zppc5aw,luna-aust,167883806,0,167883806
terra1q4jjnanvf3zttk0qre9mj83yzf9qn03ygnge9d,mine-ust,2490987,0,2490987
terra1898h44avhv30s3h3fv3hry8dr8wthnzzpqc3xg,luna-aust,166428923,0,166428923
terra138l9vju0fs0ljumkfvya0pqjq4gsgvfa6fcug6,loop-ust,9388321,0,9388321
terra166etpwr0fzk4v8q2eglq78hmdy4fqwprynptzv,loop-ust,46389006,0,46389006
terra1zekpx8yyexqpgyrjf7nuu4xz3xwm26ys5ufxx4,aust-ust,6775830,0,6775830
terra1vzs34f5t2j2h8vmz0prwkmqd48trurg0s4zdvw,loop-ust,92366660,0,92366660
terra1hp3659r45ljd0s4zd9da65z377ruul2znrw2e9,bluna-luna,1132758,0,1132758
terra1cdzakehctfmzqymxg5j4pxxtlc8tlum9lefcf9,loop-loopr,209625660,0,209625660
terra1dm7mkht9r7ssjtz0aaewpx50wruarf8ykneenz,loop-ust,47202694,0,47202694
terra18d357hgftd3gtce4zw5909rta4j8t7md589myx,loop-ust,5713266,0,5713266
terra1nq55tyw22nvjf6w88qkpgzwg4a7zu8rwfpfmpd,loop-ust,3298048,0,3298048
terra1mwwczrjher2wdlfantajk8fntnhga85hxdj3e6,mir-ust,87240606,0,87240606
terra15rthx88q0hg7dvwt5292c5l3v2xl9v7xh2wfh5,bluna-luna,4406220,0,4406220
terra10d7q4fzwk0ksrzpvll3p5u8xw7yxmflstf4arq,loop-mine,11839794,0,11839794
terra1wjf7nclxzl29ngjcygu7v3t6h4d6cdyyd3aag8,bluna-luna,1487823,0,1487823
terra1lddqsrtlq9562vy2zee488xc0hz0gfnmdwyxsh,loop-ust,6060263,0,6060263
terra1t4u33kumzxy6vtrg3shpepg42d6ha4j9sg50l3,loop-ust,11108960,0,11108960
terra1srj2fh6w5qjxpjsrv8rndxrvx3jgu0h84huh2p,loop-kuji,4068125542,0,4068125542
terra1z02yeq7jyqy4wxl2vseqeuqq35a0pas0q3zutt,loop-loopr,22421932202,0,22421932202
terra1jjvqnwv89zcawqdqe72a63jy6ch88qukqcxmps,luna-aust,36152075,0,36152075
terra1ncrsu34jzkzsqugpep5fumyxp9lmd927tgr9f6,bluna-luna,10187633,0,10187633
terra1puerkyh7nlpn7amehv0jyn90qlc83nrnrdmuve,loop-ust,625862,0,625862
terra17py2anfvdz0sj88ke2syc4cnucyphs4ukjlpg3,loop-loopr,1183854651,0,1183854651
terra1e3yzq49h2v0lrfp4thfvgzhxz3p9slrzx6nd2k,loop-ust,2615160,0,2615160
terra1x8g4qj6sj7kleddhluxf8rdaqd6dqd3arw0yym,loopr-ust,54163282,0,54163282
terra1ph8z893znjc9gw607ff4mgndmzlsclzwdyv74k,aust-ust,285927268,0,285927268
terra1amv0wufncu9xlgxjcqyfea2jzzhxgv2xfdwr3t,aust-ust,2094624149,0,2094624149
terra1r67sj2zzwyqn0s2d5s55dzl6fvex7j0psrx7ph,mir-ust,985829710,0,985829710
terra1522xg8qjfyvg2rfjz4gz73ypkq6pc4gzsrwsrk,loop-ust,3411739,0,3411739
terra1msyjtmepm9mujhkshcsgduhzgpdqlwwhd83xpy,luna-ust,9700309,0,9700309
terra1cdty5sm6lp3k6h0x7jze9zya0m4zpc8effsyfp,loop-ust,234227073,0,234227073
terra1xmmrrxpx5pakmes3plgf5mwx3vm4g9yxnl8jha,loop-ust,16824423,0,16824423
terra1nkc9qqphtja9d30dvf9cz3qsznqppx3hk3d8vm,loop-ust,8641447,0,8641447
terra1z9qzy242m3qs4yv9wzssmau8c4p48tutejqkyz,loop-ust,11699861,0,11699861
terra15hcjq6decy5cu0gzfxv6qupxe532ygxqpk9nfx,loop-ust,11861818,0,11861818
terra10z54pgjqlsalrrqskzu4awa47l50ddvtxxlwn8,luna-aust,16837856,0,16837856
terra1h7xez5tcvdaxyl3gv6mwn2yphmyfreks8akp8h,loop-loopr,969546958,0,969546958
terra1mulun2q27atng3s6gn0wz4svx0aur7qlc00yvv,loop-ust,2324130,0,2324130
terra1taqcj5ksuyqmnkgw2pnarz2wqfhju03x3lc7ae,bluna-luna,19982697,0,19982697
terra1l2tlwxxsk6zfug5j4a59rrz33eddycf764x846,anc-ust,4750783125,0,4750783125
terra1qtexay2gqsfk4az8f58uhp5dxql83ky7s3s8mv,bluna-ust,68848285,0,68848285
terra13s6jukr7je6kdt45z3hmsw03e5v3h24gexrwle,loop-loopr,80341758,0,80341758
terra1vdyuqxdwyl9lukhly2wlg0udcjc2wr3uyzwuly,loop-ust,10102365,0,10102365
terra1nfcmgswlkpvhxdkt3g9wu6vt3e8rcg6fxr45ua,luna-aust,9954459,0,9954459
terra1vkdjeq984mr9u83g7585qtu2jzh6tt22ff8lqf,loop-lota,75751244,0,75751244
terra1tfvg668nkrr6fga8m4mdqnyjwzzl3f23wzzdm8,dph-ust,9511592197,0,9511592197
terra108fm4hru399gm0qagf433h8zrgltxpnjp0qmv6,loop-ust,1421746,0,1421746
terra13yfv8yt67phpk59yap5waykfh2txmddek0a9vc,aust-ust,1867773,0,1867773
terra1zy66p4rmmhsd7260ysrhqxhmf4tqnmysv6mldy,loop-ust,131415715,0,131415715
terra1u2sfhtn8r5l7d33rcm33q6tskm485zmcexxumm,loop-ust,17795234,0,17795234
terra13um8w62a6z3n6yhhs2svqc3h4h7gfrvl64k5z7,loopr-ust,1891553107,0,1891553107
terra12vlufyn4m8ehny0trcqmp7k7q49dcpzcc6d5qs,luna-ust,4261884,0,4261884
terra1jxr3h9yy6rcdaaj3rj9fvwdhngxs9u58l24vks,dph-ust,2903881,0,2903881
terra1hs3g9ezw6xa3j0k27avmq87fwdu7leum563jnh,loop-ust,1067158,0,1067158
terra1cl0exrqyxyz50d0fcsyk3vxsw06ez0fm6z2fnj,loop-ust,6367273,0,6367273
terra186slg9d6rerg0qa6vasgc6p3n63j6c6r05caht,loop-luna,12914254,0,12914254
terra1grfp79y823sxgyhdkdnxgv4x0sjyre2ryhufn5,loop-ust,1015497,0,1015497
terra1tkmjlnfhweznt7wu55z068r40afgmdk868f467,loop-ust,72363865,0,72363865
terra1406ezvcfgzjetc7vvv07g80llkmm3wj39n3wzn,loop-ust,471853,0,471853
terra13yx8f8whcn5gs66ydd3h9j6lpmwrdr0u64yfl0,loop-ust,46407201,0,46407201
terra13xkawyl4ujcvhyzll7lewmazrjdwutse09ckh5,bluna-luna,4729941,0,4729941
terra1dey3t8jyjjcpn2n3wfxyuet6eqgg76jt6tmeyq,loop-loopr,65083814,0,65083814
terra1h9sdfgnmj2v554nuqljdxkunh6nhjr27xyn76d,luna-ust,11010242,0,11010242
terra120ck5292q295qyrlfjvwgg2st3l8pdfqttesz9,loop-luna,85872057,0,85872057
terra1n0nnw5mrwy0etkf8qj68ap5tx9yj3emz93z9q3,loop-ust,1538556,0,1538556
terra1e0ayyqmdj53jvwnq6k32q4q24rd762uyygg6e7,loop-loopr,2662699594,0,2662699594
terra1a320w82d45sy5sn88khh5a57r6q5cnehyxxhjy,stt-ust,501670128,0,501670128
terra1qtu8c8wat6fndm3pskfv5pz2q9j8hqvv66emu0,loop-loopr,58637042,0,58637042
terra15lqd2ludd5zkrvtefnls00qsdkgpy6n24t73uw,loop-ust,919582,0,919582
terra10nfkg38nsdpz7mh3awyxu6vxrrhdsqaq7m254t,aust-ust,8389973,0,8389973
terra10rdyv05smyjhhul664kcpcj34trjarf7fpxlx0,loop-loopr,5284063648,0,5284063648
terra15y6q8fqh0x26lv7wf3c7te0e9czfmu0k2v0tuu,loop-ust,842439,0,842439
terra1z4fpkru4xkjznn9rfvq86qvedtpq5748r625vw,loop-ust,1841355,0,1841355
terra1mmuguh7rl260rrmh6zhz8jz7fp0espmc7u9gjs,loop-ust,2877314,0,2877314
terra1x4va2uwwtfuyfvgyspfyaend6jjms0jyzvqezu,loopr-ust,59909497,0,59909497
terra1qdzyh7sx6jg5xwgj34dwevgsgy2aqdxhv92f9s,loop-loopr,3339410278,0,3339410278
terra1ehczv4qpdqlyg8vn27udepdwxxeag649x9rx8l,loop-loopr,364138304534,0,364138304534
terra1tcseefrm8hep28hk2yp9gt97r34709gjsldqay,loop-ust,17781998,0,17781998
terra149ll23eplres0avchean4wkv9uh8as57zdp98e,loop-luna,2913424,0,2913424
terra16x0wvdp4rda0cmhceejw6hzcg5qsng0jz0usrf,luna-ust,152151,0,152151
terra1au3eg9w2cea6rgcm65se4pvxlqeunn46c6ytt3,loop-ust,178496327,0,178496327
terra1lp8qukk4r5cff5q9xu3dqqnte55tqsh64jh096,loop-ust,902077,0,902077
terra1c8fcrqnuj9yjv48x6pg2uc56zxg58teej7v77l,aust-ust,178922997844,0,178922997844
terra1jq0ghc90hlmfp5rfvexv5utk8yx7s55gjvzamn,loop-ust,4752288,0,4752288
terra1rvfxdnpdrsls40089kutt4kqz8lgnsaf6vtvam,loopr-ust,51606515,0,51606515
terra103qss8c0vel5qw9zynmjvrr6d62j44w492ez74,loop-ust,314094960,0,314094960
terra18d72evu6nz52xwgkpm75enys58qvl8865n528k,bluna-luna,36362749,0,36362749
terra1yye0vwsxrxrlar9x02dun7zegnu4z69lzdr0gn,loop-ust,1835419,0,1835419
terra1cvl9gd8zvdl8q6tsxv8ayww7lej88c2k3vgrke,loop-ust,3873823,0,3873823
terra19h8ty5ax79pfcna8x64faqgzyt509v9cr04msu,loop-luna,206474,0,206474
terra16meslh0vnejcls9hynzv292m83st4x6nctrpkq,loop-loopr,5488450709,0,5488450709
terra15ljx9elgefa2f2ne6pa60e6stngeczluxh5tr3,loop-ust,484143,0,484143
terra1nerwkphm2wdxfpy29scun56lehfzvxz4z46lj8,loop-ust,1102098,0,1102098
terra1yx576mmrnsvha56vvn3c6dj35ygdx4fur5j384,loopr-ust,14366003,0,14366003
terra15ht8utqan8sfk034lg57kf9mlk74amuv07f2ss,loop-ust,1617952,0,1617952
terra1amt6g8uckxyrtka4gkuthca9dg5xgw6c59g2va,loop-ust,15721411,0,15721411
terra1vtclqt09883jxpygfgha98hgcttw6al43ezvap,loop-ust,12443842,0,12443842
terra1cmtxhvyjc9v26n5dha4u80qsw2xgat75fget7h,loopr-ust,3683541487,0,3683541487
terra1u2hu8k6j9ws6vw63jsm5jskx3s899gnks9wu5n,loop-ust,15883884,0,15883884
terra1fk2ephmetreelakjpschd8crg3ql7kjx7d0r5k,loop-mine,5237270,0,5237270
terra19rugc38ywu6qklqtuphuemd4mulrlc9erxkhjm,loop-luna,34550034,0,34550034
terra19hwnwctk38tdtcdkqauyjttadflm6t3l23lhzu,loop-ust,28974956,0,28974956
terra1psex0f672nl2g9pnl5tqpvxdx4c7gyraqzg09n,loop-ust,153873215,0,153873215
terra1vv0hthufkfvyadwzwgkp30g809k50d26zhv3dp,loop-ust,93982,0,93982
terra1etud636dxf6w88kn7lfkec37j9axmld65mgysr,luna-ust,52378771,0,52378771
terra1fp73w468w2fcq4rjccquntntmxrghnls4qzpnk,mir-ust,215881915,0,215881915
terra1q5szxdfk4j26e35tyr0k2f26hs6u0jy8yj8s42,luna-ust,16064444,0,16064444
terra15ljzgwkmtfj5ye8kkyvhr5q6vg9srslrvy6ntm,loop-ust,23387126,0,23387126
terra1tsepwe4sh5vkfcdu30vyuyypugq8hjjpr3cxua,loop-loopr,2043215370,0,2043215370
terra1f36cmvcr9arv2raejp8clhmjj0ja59jcxd6wu4,loop-loopr,588260472,0,588260472
terra1vapggpvd25eztr873c7ghcc8d7dzqnfehjfzrg,aust-ust,4484407,0,4484407
terra18wh50kpew8jlwf7trzwpkmyu8jk9j446wlpu5e,loop-ust,187602892,0,187602892
terra14txsf9jhmmalgx6s9666uu5tpps6gpl775cf3a,loop-ust,891786,0,891786
terra1qvyjzs4p3mxelv65kthmjtfg3sv4f0tvxdln3p,loop-ust,1610579,0,1610579
terra1kk3fw08zdup9tht0qyxzvenrr7vwh3725tr4gd,loop-ust,13365094,0,13365094
terra173fzhlv5tmshf3qh5ur2demaktpzqremuf6k42,loopr-ust,10963839,0,10963839
terra15fuqw7hfx2hr3yel6mhzah7ayqklracv5p2htl,loop-luna,508459832,0,508459832
terra1fmnlslz7glmk6yqaddp8y67al3l7ehhgtchvxj,loop-ust,102086339,0,102086339
terra1sdmw6lyuc0tmqm55kxexpr9j7m0gdzlw4ygl2d,loopr-ust,146087277,0,146087277
terra1hy8qeaz6x27fp3mg5ap7jfkefxdfvx3tzn4rpm,loop-aust,601478040,0,601478040
terra1e6nauewc02z0vfx628vxm2g07exvgqu3sr88c9,loopr-ust,5278818,0,5278818
terra1090ft2v0mj8ze6c7f0r4hyju796hnwpw7chcyv,loop-loopr,21471365383,0,21471365383
terra1wehqjnlayyu9edexh7dd7n9zu0h3z7gh8f04dx,loop-ust,9182841,0,9182841
terra1ghg7v0pf3w38mq75qzccvjx8d478wgm8jj7q0k,loopr-ust,524453439,0,524453439
terra12az03m09qun9pzvac6409q8fdxcps8ad2alc86,loop-ust,1085189,0,1085189
terra1ymrctcsyuxwawdlqgnd9kdq3p8xejwmtf2ammm,loop-ust,827303,0,827303
terra1jtw6sssq50lh0l2unueqmsn6wv8e7aqvlv3wt8,loop-ust,35098934,0,35098934
terra1zdakq55k2vs065qgfru3pn8gtxkt6w6w8d4xhz,loopr-ust,33884503,0,33884503
terra1ah7n87tve6l2umgqx8ampn379uz62l4l228kam,loop-ust,5164577,0,5164577
terra1ap0qejececanaxyxk4c3tzz7kds4waclmntjdk,loop-ust,1192916,0,1192916
terra126zqfasc0geu6yagcusuf635jvv535dkghpm7r,loop-ust,8883238,0,8883238
terra1ml2zmlyzjdlk3t2hx58r78r0jx5upc7nlsj889,loopr-ust,14335435,0,14335435
terra1xkxhjhmuphjznjdzm2vypafp979klmu3nchgsk,loop-luna,24168126,0,24168126
terra13x3nmp7g67x5lf75j9t62hcqw0vgs4aw4vdcr8,loop-ust,89079499,0,89079499
terra1a8rd6y4pwz79cuydph0aqwgxcsalqww7uj8yq7,aust-ust,921068282,0,921068282
terra15u29snpm5uqw7l8se229m64ank7j6h2qjsjz3a,loop-ust,5710503,0,5710503
terra18tzt6nv2d3t032et8af8fh8qhzcpg2639szgsl,loop-ust,244359519,0,244359519
terra1j6ef9ta8g5perj2v0umv6f74r96cchsny96j28,bluna-luna,118017327,0,118017327
terra1vz873m5u2hksr2fllv6du3eaesq7uadqamn9pm,loop-ust,33607705,0,33607705
terra15sy0ud5vksthrcf4pxl2e7m23hv3tre6mzf44y,loop-ust,982808,0,982808
terra15ayn9g6v53eca5extk76d5qytrlh5dawh3rn3h,loop-ust,24696024,0,24696024
terra1na9urczapnljwz7rvratfxwztuelwmzxetddh9,loop-ust,8088196,0,8088196
terra1dx5fdqevcv6dwxdnzzzm4w77gpf8rjchjc9g4d,loop-loopr,1301395674,0,1301395674
terra18l64c67x9wel6r7kyjrdxu4zawnf74uu8drnhc,loop-ust,1636809,0,1636809
terra10qjs0tfnc2xrsucczp6k79kt3v49vux4gazs4x,loop-ust,1421078,0,1421078
terra1y7k45vjytl0q73s4xyk0mxd3tyrmlxth70wnk6,loop-ust,5852732,0,5852732
terra1punz8688erkz3gcll907pux9sn9j4hphahu08s,stt-ust,541184,0,541184
terra1sf90az5a0qmmekm4l9y7pf53eyvacw9y7320zl,loop-ust,22837206,0,22837206
terra1vrckt3795m48jqawk83mthyfudgjz2huwjmjr4,aust-ust,28458767706,0,28458767706
terra1qsx8m6vfet4scevezwgcs7jdctavjdx9k8rmj3,loop-loopr,2068457999,0,2068457999
terra17g368mzxvzdg9ceuewaanss6wtjr2nn7rn2kwu,loop-ust,2054417,0,2054417
terra1s8c767y5ws5afgx2fgxe0f0dllshge098xl4sn,loop-ust,7691202129,0,7691202129
terra1ershv72cl63lfmu4dw9ylhw43lgrsf3x86sk9k,loop-luna,3676414,0,3676414
terra1k30ygh7yqmf2fxf04h09ypn9ayf0wl899e3k6w,loop-ust,19806138,0,19806138
terra1zsv5gm2dfuaqsurnzh4nn4wmylsj9thkdvrxfl,loop-ust,1397028601,0,1397028601
terra1p97kga4ayehq4dvr57a9xru9gvurxgmxm96ur9,mir-ust,40917766,0,40917766
terra1qm4pm3sxjddf7nslm0q3d4grcrhpc9sclxkwgw,loop-ust,4885946,0,4885946
terra1xs6zz4fh2skz2e3n0uns2l2e5rhyrafp4j36rz,luna-ust,18503526,0,18503526
terra1cd3x96mvhauqf64tfxvy8y04553l5qynp6a36f,loop-ust,170095723,0,170095723
terra1vf9mxc7pzh7q4fqmsultjy5r2dddy6w492wz80,loop-ust,2456105,0,2456105
terra192c5a8tpmychdk2m73p48vy0t52msqmdz4m8s6,loop-loopr,11022715,0,11022715
terra1lzyu8s7c85nzkjjuf7kgxre6l7x6z4wce05j3y,loop-ust,31218620,0,31218620
terra1v4ufy0tftwh4m0ltjgwn9kv7xnvgc46ghethuc,loop-ust,214605853,0,214605853
terra1rv4xwjp0k7dn70rrmxr2na9nmhuzffqppvy02s,loopr-ust,11987845,0,11987845
terra16vk5asarupl60l29y98snlaqs6kyhum53mnmzv,loop-ust,9129612,0,9129612
terra1d5yfgrzewutafer4xq5dhjl2f8mu2vcl0pw5ph,aust-ust,20534232,0,20534232
terra1shh5u4qs0azfmuyl6est6qqz0ejth92r3g643u,luna-ust,6353461,0,6353461
terra1sfl86jnq2w4zyzevvlh0mqgfxv5zknj4tv3vsd,loop-ust,389492672,0,389492672
terra1ta6taep4qpx6f83emv0tnhz9pngug47yfscasf,loop-ust,1765608,0,1765608
terra1kzkg3ywm9lcunrgxp0m35rmkm7aht6acpn592z,loop-ust,14501286,0,14501286
terra1h88as9cyhawt7q7ktxv6g9xk9urt8eg29mnhj3,loop-ust,17278985,0,17278985
terra18ad26l2l36qy5y3d0ekp9mmc9wdn3mrsrrvtld,loopr-ust,58851120,0,58851120
terra1eyw9nmk6hulxnw8x9ukhamk53avg5feuxpeu6a,loop-ust,27546996,0,27546996
terra1chdg68kp34nu5vkllec9sn3vu5uxl5xfhnvt3r,loop-ust,1553725,0,1553725
terra1jd5w4l5k4knmmk3edmvnqtzhnp5nwcmr64ccau,loop-lota,22488905,0,22488905
terra1kwhmften7umrrte5mzdes0wey6f0a3wt33w7cn,loop-ust,2940254,0,2940254
terra1aktet0nty625m0pkjh3glw3elsw5m9r3l8lfzg,loop-ust,1697613,0,1697613
terra1lh5rk6999kczdv7skvasuzczyuapna327qexq0,bluna-luna,11960425,0,11960425
terra1kv0ld67gxttygsd7fwxglfpmymt97qsgmugsux,loop-ust,1037990,0,1037990
terra1ky4shx0xar66gkd63w3tlxftc06c9gzeknavx4,loop-ust,59102959,0,59102959
terra16jce3rqgqgvxfzq542n90yqkefza245rxqvh0t,loop-ust,9193026,0,9193026
terra1er7tml6xllcksz4t69jvmmnrxy0wgf4wfydusn,loop-ust,2825811,0,2825811
terra1gkzzy6zr8ug2kk2dvyc30m96ywcxd55m740hm4,loop-ust,45575259,0,45575259
terra1pr2elvtsfz9a28rc5vm34hwzkchawakl0gw22g,aust-ust,1053226449,0,1053226449
terra1lman5f0jvtelxa439qppcmpd2a86cqtlnkgtch,loop-loopr,149122885948,0,149122885948
terra1xkxhjhmuphjznjdzm2vypafp979klmu3nchgsk,loopr-ust,244676630,0,244676630
terra1wrr3au6am6cja54z3h20qt26k76e2eplvyzk8x,loop-ust,9918911,0,9918911
terra17w9x8ydpm2pc0955jnrnncyea07kde0ywqnuav,loop-ust,2922391,0,2922391
terra1ywdhe0get68lk8htasae076eevuess3awvqkus,luna-aust,26673947,0,26673947
terra1ztkl58nt67pqh97p8a9p6dyajkqp34rzccf3dj,loop-ust,881291,0,881291
terra1j0zu9hm0x97ums7te23pjqcjwls4nm557uu403,loop-ust,39610711,0,39610711
terra1gk5avjjcg8963tedws2cm22q4kphw4aengn9sg,loop-ust,26918618,0,26918618
terra1q0866gmfl829fp8ds0tgl337x8y3qu8mrn4vtd,loop-ust,1188505,0,1188505
terra1kfndj583resw9rn59teka37draw5clt6yn69jf,loop-loopr,78600568,0,78600568
terra1h2x933htr5j2xs6mzvzmlhta3epdja8mxh9vyw,loop-ust,16219614,0,16219614
terra1w6qdp7f6swjr62ppmhgp2j5aseh6h9pcxkt7jt,aust-ust,625384410,0,625384410
terra1gcurl9w7ze0f58u4eq2v4mty9hh9djq357jlzr,stt-ust,1402004,0,1402004
terra1y98p58qkn49mshe4hg423s5ls8jkhs5myf32re,loop-ust,12421774,0,12421774
terra1588tc80cmf0nuz9hk4rgcuf7pex5zck0hmf34j,loop-loopr,230186128,0,230186128
terra1mn2zrkd7z2myewy8dacrghynwddge879zsk76n,aust-ust,9140589999,0,9140589999
terra1xvqcmpz4ag4mk86gauedj3986ehz6rv0g4tm52,loop-loopr,6715368024,0,6715368024
terra1aw7r2mk8jhwufhd8y3y6da3ujfe7u37hymqp4z,loop-ust,4258573,0,4258573
terra12tke2tg7sw7rkw3yauurfvp7642suqqw9jy5p6,bluna-luna,4215860,0,4215860
terra10eh9hhj4jjqqv4fj8xtxkmm32f0esmjcl3hluj,loop-ust,454946,0,454946
terra1x76g0ud7ra4kx0fkqhuaz87jc6rg994ctqch49,loop-ust,3023717,0,3023717
terra1gqmwmz0xraehwvhpnm0fycgzekzst63p85rfpc,bluna-luna,9036632,0,9036632
terra1jf48r4yjtsqasy7fvrssky33jtpp0xrp39rju3,loop-ust,2184026,0,2184026
terra1dpzc5rknmwxp0agukxkfvfvavd4pymex06hh9n,loop-ust,69889815,0,69889815
terra17339rqk2xwywgq6erzlsycydphju9qnrhmd86p,loopr-ust,39095329,0,39095329
terra18f7r7xgfxwfrlcejfglhtvseqnkdtzpn6rhffh,aust-ust,2680106614,0,2680106614
terra1mu62lgvnm4sa8pmv068jp5sh63wyrg77r7h5gq,bluna-luna,200258461,0,200258461
terra1d0hhz08e3z2w5am6tvxsedfr7u0f6a2d3ssak6,loop-ust,31474691,0,31474691
terra1qdvpzftrqmxxastarqye68lql655ejmr0sk0vn,loop-ust,659473849,0,659473849
terra1qg7st4wehngezemq0etdf44k2v5a5yvae2eeud,loop-ust,4907872,0,4907872
terra1qvxe0uxq4ujwk5zpa63s498ue9y58jl3qs3vp7,loop-ust,1822398,0,1822398
terra122hd8hwch8r2gzjml42229vfaetsrk6r76ha35,loop-ust,3181151,0,3181151
terra1l80c6qc5xsjc8mzw7xmfspd8lhlc8g9q7hx6at,loop-loopr,115070318,0,115070318
terra176ny30yp36dlad2qqtyx9dzkm40dxyjrml35ga,loop-ust,278533145,0,278533145
terra1skagjwhzx5ag45fz42cs7y32s7ecscq3p6etzc,loop-ust,5386585,0,5386585
terra1mc5tt8uhy3hdzfv0yarse37n2nuzys7u3f65e0,loop-ust,181506127,0,181506127
terra1kmalx9tfz9vwn3cztwxpkyd27nfc7kyrpwtr5p,loop-ust,1891353,0,1891353
terra18540ekse2ldu62cjqt33pxazt5qn74n3y6zc5n,loop-ust,60098189,0,60098189
terra1ews4z02prmlth2k9usdckrs690y5c05sq9slw8,loop-ust,41660126,0,41660126
terra14n5tw9mgr96fvcn07jvrlckzslar9qep942rk9,loop-ust,4448564,0,4448564
terra190thzj62hd0a70muvkmky8hlv9l9hwcjfhsjrk,aust-ust,358626572,0,358626572
terra1tf0dt6qevpldjva63lqnnukys87m9f2nh4h8wq,loop-ust,74166173,0,74166173
terra1dfy3rs8h30ul2c4jn45swuqng4f9y3fc77mect,loop-ust,440247,0,440247
terra1khmeax0p0hzerw6yehnry4nrjg7rqvps6ap5w6,loop-ust,1130392,0,1130392
terra14fm2qj7na6aulqe38t32n68wvlwj2yfmnx9jrz,luna-aust,61994208,0,61994208
terra15hwd27zc4pgktsakruenujfx6d28hnx2w29mfr,bluna-luna,1497966,0,1497966
terra1k9z8yas946t6tja0pzryww2de7k3r0z8m4jzpg,loop-ust,1072641,0,1072641
terra1hv9g5fvwma68ns2a6w59gflq50jve8luphu7ft,loop-loopr,7654666061,0,7654666061
terra1ldtuef0zyzakync686lgf4qq8yfmtv3h7nlqzh,luna-ust,152060598,0,152060598
terra1t0njq9ppeceyy7gyggw765nxv34fhv9vgrmrd2,bluna-luna,15639872,0,15639872
terra1k5zvqkglqs5rv4reduphnpzsgnhuxvfdd37yjp,loop-ust,58781025,0,58781025
terra1xzq27wkp9t99lyd4e67mw3hgy7vq6vmdqyvm6z,bluna-luna,20688400,0,20688400
terra1rqphcph3tfethwnqg5dvpf5wm0caf2txqxkfjd,aust-ust,2532227358,0,2532227358
terra1ynraa68xygwnv0wmn8vaxx8zzxt90nngzz3966,loop-ust,94083,0,94083
terra1j7arr75zcnewmh4jqt79lem7cy5n6kq9sf5hv7,loop-ust,40090836,0,40090836
terra13ldjvh8tk4vk0agkcnv6dv0zg5p37ga7jpe527,bluna-luna,438592,0,438592
terra1me80ar9zh84lyr0dkqwqzpfgnhlfh5r5vt3nkt,loop-ust,1420795,0,1420795
terra1ct9cfkyvnmwfpqphsnw8599wkq6a9kqrcg5dtl,loop-ust,2376151,0,2376151
terra1380v000rspymwm7wagsrwg6pnfvw3lvmjd89fj,loopr-ust,5473021775,0,5473021775
terra1a6guacrq0a3e9mcxcy97m7dduznk2eem4x6uq2,loop-ust,1826338,0,1826338
terra1g6g252xnljqvmkdp2880sts4hwvl903rku9p9v,loop-loopr,92641919,0,92641919
terra172vcjwn97zxq0w5ec5x558lxjjmus30prd78f8,loop-ust,49309946,0,49309946
terra142xf07zvt5rfx3fzssekgjrjlc8nxdc3cw24t3,loop-ust,982602,0,982602
terra1gq5un65xlt3ru4t0l73m0wedmzjh9ffmr6g03g,loopr-ust,3866419385,0,3866419385
terra10ngax5l2n86twzps663dce27ffhwa0em5svr9p,loop-loopr,6842781474,0,6842781474
terra1elkmx4mk0zwu20mcxcnv4klp5sp3sd7348gm2n,loop-ust,10633765,0,10633765
terra15fuqw7hfx2hr3yel6mhzah7ayqklracv5p2htl,bluna-luna,58032393,0,58032393
terra1vv8gqspg89x0nas676jd9va07trfd5ak2d4yeq,loop-ust,1018677,0,1018677
terra1etwq0q8wwnmq7322kz4v6ff2dcvwfm634vdkqn,loop-luna,137162927833,0,137162927833
terra1mpjmeefgcl4sz4f0aaq2pyqyzgygkwrgm50gun,anc-ust,272384255,0,272384255
terra188nxg6x5tsqlstuwedhcje3qv750yskw9g5m4n,bluna-luna,12663017,0,12663017
terra1mxy88gyaty6hwugmkexjxdxd672xqzylrctw9c,loop-ust,1143297,0,1143297
terra1mrn8lgxy54trc8p7d9trgqc5rgcn44um3v0ktg,loop-aust,61529096,0,61529096
terra1gfgnp6d7m6v0ntzl7a6pwh2cuntfjjftc83e9p,loop-ust,19071110,0,19071110
terra1ccjl874frza5dyh8wpcklp8q8quydz56j8efy6,loop-ust,2421962,0,2421962
terra1272tdsctvjjus8p5u3u58l93dy2qpt0c0cauhr,bluna-luna,36543509,0,36543509
terra1rhjwq9wkllkdawflwayg507wsrnplrl73hxl5p,loop-ust,982559,0,982559
terra1wvhqkr2c039l3qqkx3zmy6d7lyw6rz4e52x4sx,loop-ust,951,0,951
terra1sl3dkk79uh7xxnql2fede3zqfew8cmy4c8xs58,anc-ust,1892149599,0,1892149599
terra1h8lgv0hg6xzxmurzht6djpmjaxue8kcgj33wr7,loop-ust,1092434,0,1092434
terra1vdv0734r4r39mxenxu7uhuldwfazj9h6j3trv6,loop-ust,14347,0,14347
terra1gpza48fx3hgrp5jvr7whzleuc9ghmyw2nll2v3,loop-ust,179395,0,179395
terra1dzd6ldet7x066n2weehcv4xp99d5p4r4qqt6z7,loop-ust,41762576,0,41762576
terra16c5fyc506r82xwt3ddqfyvay5kxhxwlqva4yza,luna-ust,27176750,0,27176750
terra178q9gprmq8z969uqdjh2xufa9eu323t4dksas0,loop-ust,34776998,0,34776998
terra1qygyyy0dv4ulq8edh73rvkatuxjuzhfz9mjtae,loop-ust,119539316,0,119539316
terra1dfq9vsxcfjwce6jprzxk4u2chc4dvk56el2883,loop-ust,14167408,0,14167408
terra1mfe0ltm47n2v2lmj3yll79sgtenzq5gpptcfcp,loop-ust,889396,0,889396
terra1ljwgdr5he4gsjrjmdtj7herpj6nt56ghv3mmkp,loop-ust,78460708,0,78460708
terra198x35cleqzpwtdql80hnqrjy2askkc6htwwvna,loop-ust,3337179,0,3337179
terra1mtgqsjca8j2fa5r49fv8zrj95am5tc6ttntxaf,bluna-luna,22885002,0,22885002
terra1eqevxetk86ne8k8c892ln4r74ujdzspx9yvw3g,mir-ust,1893327,0,1893327
terra1cenu48lduqrfzhfgmwly38zckptsp5x9au2wxj,anc-ust,47964183,0,47964183
terra1aek8qrpluzhzw9qd32sf0e6qnqp0avpvdv28m4,loop-ust,13202920,0,13202920
terra1z3g44s97gnw2wn4ktkcavmjrx5kpfvah84f3ar,loop-loopr,7631367,0,7631367
terra1xwj0dfv63rguatjpyad8eyrcz3zpkqksr5935u,luna-ust,11296524,0,11296524
terra1ldctd54zhkt7dg745a9qv255vh72qteg0cafd0,loop-luna,230757242,0,230757242
terra1d52lxq5etym0kj3dajd60j78xm3phjass29m2f,loop-loopr,12583712199,0,12583712199
terra10wrccv4896tkt6svuavxqt53zmrlrajge37cfr,loop-ust,39656388,0,39656388
terra17ctaldelgzzzg7sf95tahnst6pae784svs98gw,loop-ust,9581123,0,9581123
terra1e36v2qppage85kwj0hsydq9altf9x7q5972v8w,loopr-ust,156597731,0,156597731
terra1r40pcn0a0um2d847dkc23mkmevrx3upwcuuh5h,loop-ust,18136161,0,18136161
terra18ssxukavgyqxwj6nnkjxm7vuyywjsc96rsk4w8,loop-ust,49970194,0,49970194
terra1as8nsyff6883ularmxedmrphegpuldjr439ng8,luna-ust,17510085,0,17510085
terra1zmxqh7lk99rdruumhhes5w0axt58gszfhq32a3,loop-ust,6904410,0,6904410
terra1rhn5hslfzta9c2hrzxz4p3sja4fhv04yq6x8c5,loop-kuji,103265446,0,103265446
terra1kyqkknn38nlz85shjcv7rde6vf97fdgtnnduyx,bluna-luna,4980516,0,4980516
terra1tndt233l0f6g3wg5c2p5g08dxcx8guqck7dhg2,loop-ust,1324176,0,1324176
terra18txze6ncr6nv49v3vjl6gcgrtanl3475n98tam,loop-ust,557443461,0,557443461
terra1scvu6z0p8h68vf903n4v5rp28fcwej685e9z5h,loop-luna,167201067,0,167201067
terra1vammk0nszw8f0anf0vn4qs78wqg0dcf2cuswry,loop-loopr,722961887,0,722961887
terra1mf4tm4ga2f2c22f783zjgk2q0v38jxzz2hy0jd,loop-ust,489210,0,489210
terra16ydev6m64vp8vzjpvl5g6q47e5yzw9jrscjnv8,loop-ust,1184481,0,1184481
terra1ptrywmlp69vf9hrvy7pvmmc290gmerc7z7c036,loop-ust,1130392,0,1130392
terra19mra0yhk34dcv286dfx49h9a3t32ak58aht80r,loop-ust,718087,0,718087
terra150zgrwzxh47lwn3rmywkhwm7hfk3czaf63qdxc,loop-ust,28402313,0,28402313
terra13e5r8td7247r24asxkudz96tyrc7jgu3llvdrx,loopr-ust,52641557,0,52641557
terra1r8va4zkka0a20kf98pd4x3t60ajg2m9t0ppxrg,loopr-ust,142055629,0,142055629
terra1v42nc2qwd9utvpd5rhmk59ptmpvw3h7na2s2yn,loop-ust,1983971,0,1983971
terra1upg3zhrakmlegeetxg8kju780zlzj8w446zgmu,loop-ust,9242124,0,9242124
terra1g3ww4g3l7467mtg5udpx8ld8kru743w97m86uc,loop-loopr,4548598213,0,4548598213
terra1x3r9xhup90gp0xur23gjjval2syvyu706dev4f,loop-loopr,32653483,0,32653483
terra167e2kssdte3f6tr2hlpa4t9xdnjzea2yhqtflp,loopr-ust,237124369,0,237124369
terra1rr78wc4vxnvydvet25l2gwxttsr795ws6nmr88,anc-aust,60752486,0,60752486
terra1t4c8lwdnx8ry00esaltfeq5z334yeadt9960zy,loop-ust,7221391,0,7221391
terra1yfqcpeyq9y2t7pw4rg25y6lkwuvvh7uxvzrwm4,aust-ust,449911802,0,449911802
terra1h9l4jsx6kj28nwce9k04gut2zmhmaawke3a02n,loop-anc,82310708,0,82310708
terra1g68thslp7w8qh8ykhp88zklre5fneg0d73fpkk,loop-ust,743553,0,743553
terra14lp8r0yk9hgq6p8jdhxnmk3vt0jps00cq4p6u4,loop-ust,929738,0,929738
terra1wum7uy56q79d2wa768hl4ya9905md59eehlmu8,loop-ust,18637966,0,18637966
terra1maevyqj3uq7zhqqr8kncyhgk5ud9rzscn9mwjw,loop-ust,5631006,0,5631006
terra1lyj7zzr4t4e4zttgcql8wvc6q3h5sah7v25a0a,bluna-luna,8361369,0,8361369
terra16vkwszhw877vz0lc2glyx56hs4r0sy7v3h2plt,loop-aust,302471739,0,302471739
terra1wl7yg5jvmtqf50kspzdtc25g3ecw5ptnj2ugcj,loop-ust,1074506,0,1074506
terra1t0gc67wc34zxeu9hz5ctzc5ajmj0h3ezt3vyh7,loop-ust,3601576,0,3601576
terra1jfnupxxzu7dsmc0ah42j9660nqhdrlau5565fl,loop-luna,409572704,0,409572704
terra130zfyjr0ste9lgaqs3y2fflajpyjz9dpwzwjxk,loop-ust,6665153,0,6665153
terra1taje722yjmgrudx60j7uz0dj6djmgqzgsfmx0z,loop-ust,843817,0,843817
terra15xakv4mh7897ce9k3rl32vqukhq3zzp69z7d7s,bluna-luna,24913080,0,24913080
terra18ls2nzyh8sy9zt5emk87mzp8t3nnwknaax58gf,loop-ust,19896603,0,19896603
terra1w2nara57h7wl9jrwf9xk0x04g5sserxaedazuh,loopr-ust,13856961,0,13856961
terra1kfl39720cq6uqffm9af3p63d2q0y68z0vdv2s3,loop-ust,4905754,0,4905754
terra1atpmx0ekr6u7y03lu7yjn70atnufxdq37440sv,loop-loopr,74875677931,0,74875677931
terra1u2k7630h9sw6wj6q9n8gt60rx4dehfj83gmt55,loop-ust,56046152,0,56046152
terra1j0v2e5gqthugg2um4lk5vyps7uq5j66tywyl70,luna-ust,21341734,0,21341734
terra1hw5q3vdzy70el23xv9xc3jmmh65yz5nncj0hwm,loop-loopr,11639392,0,11639392
terra14z00pzkupayawwg0gfapgrw0ml7kx8c008wea8,loop-ust,27114229,0,27114229
terra17xuqhpqu7e6wg5rkwf4wx9f7p3mv3rfv7hv4cd,loop-anc,65169976,0,65169976
terra18vqeeyxsvrn3gqw969dwg4gluax5zf9d4h8nvy,loop-ust,32385868,0,32385868
terra1dqrjp5wy9exwjn4z8nll4vvsy5k9g4kqlz04cv,loop-loopr,2685422701,0,2685422701
terra13370urge42s44ggr3zza4dpq3we9n84uauppvt,bluna-luna,19782079,0,19782079
terra1ly2cthamz350dpckqm8t4unwqjt050lkzg2ss3,loop-anc,964636888,0,964636888
terra1zazp8ksl85fk5gw2vw5qty5ftjcphhjl37wmdt,loop-ust,1084838,0,1084838
terra1ptnvf4xncgz5hwmpxpwf9wy8zk6m7qv6tvh27x,loop-mine,153075708,0,153075708
terra1kh9tye7wr5enarqagu3e4flj7ap79pgqvj2046,loop-ust,1386845350,0,1386845350
terra1rcz87enjw3xvna4kv3qywfrxyme4ls2c7ag45h,anc-ust,446492987,0,446492987
terra1aghglprrflert75zz5njy2a5dyh9egu6f0e5d0,loop-ust,1619115,0,1619115
terra1av0t3vyf6aftxg4r6artg3qmj9rkz9uhn7rfn0,loop-ust,15099616,0,15099616
terra1pvcpkcmfqlvcw0zdkt8svae5nwdm55tmzdzt0h,loop-luna,25242201,0,25242201
terra194q30t4lwdssag7uwmjvr0l3a7pmxpwg29akz2,loopr-ust,17477272,0,17477272
terra1dhl7cy2n0j77ldw4d5v087peesc7g4jd05jv8k,bluna-luna,1116867,0,1116867
terra1ghrlr6demsj26k8xgumvv3hd7t9zk4azrlm8f0,loop-ust,645186,0,645186
terra1jqa00q5vqks5s006jlhewc83wsnwxm5kp8e954,loop-loopr,211603832,0,211603832
terra1jqmn24u5pus3pr3xthlw9kdr4r27uu4vu362ph,anc-ust,677947428,0,677947428
terra13ajgr4mqhg9s6h0e24kdde9074d3zm4wsz9zxe,loop-loopr,259483025,0,259483025
terra14l7jz32qr3salshtmeul959mspktgaju3ha8f2,loop-ust,1322821,0,1322821
terra1dv4s2q9c7lnh4tgrkaruwxp75awz50yxa6aaw0,dph-ust,10209549218,0,10209549218
terra1536ftxwjhrvqq2332ah424h3eqnds22zsxvv3j,loop-luna,1220853,0,1220853
terra1xxv96cmtpdw6umqnxmnn8rde3xc089ycrvf6ha,bluna-luna,1006822,0,1006822
terra1z626cdlct2f67g9rxwu9qlrgw834vtmpsn42xj,loop-ust,11274028,0,11274028
terra1mfz2pum0ma6qs5ue6wytx7wmg8xstkxlr034dn,loop-ust,435643,0,435643
terra1jluak44pyvxrecxm4ug73nrx3vdmjzwpnck27r,loop-ust,24949696,0,24949696
terra1mg90y64fkut3xkp3np0w64ngpma0xuzw06pgca,loopr-ust,817839369,0,817839369
terra1t80mmyvajntgsclmg2pv9z05j8jtfymhy867zp,loop-ust,5085873,0,5085873
terra1d49zcr5l879t9n37y4xuxeujenggadd33k6kft,loopr-ust,58563477,0,58563477
terra1eulmmlkxkxjakgdafetr3zaakpunrqafk9wr0l,loop-loopr,1700052448,0,1700052448
terra1gdttj4xuzsazyu5dtnsu5jqd0e793vu2htuhfh,mir-ust,35700921,0,35700921
terra1q2f8mzfsq3td46t077m2wsajcd43xwpwwptacv,bluna-luna,21915457,0,21915457
terra1zp7uxh26u8dv0j3qzrj2gpzurt9lxcdyh8rdn5,loop-ust,5505489,0,5505489
terra1wa6ndfa47e05r9t225fyx5upnwzlwum3u97d52,loop-mir,44757433,0,44757433
terra1p8ae20qfx75drspkkfn04q0qd57qsfqeck2n2l,loop-luna,49045192,0,49045192
terra1lfmmc2xp2hmgyqdgwr9p8txxcyxvvr9mveywuf,loop-loopr,19906555982,0,19906555982
terra1tth0nqdkelmmpfquxhlp8c49xksfflj9k9r8ag,loop-ust,978200,0,978200
terra1dny3k96zy3d2hham65y2ne4fvvc44k6hmr54me,loop-ust,176347482,0,176347482
terra1ft3krh78u3a5k342w39vneeq6qvxcwj8p84sw3,loop-luna,48483977,0,48483977
terra1u7u7veg6ttn2vsed8wuuqq76mrhuka02zphtlz,loop-ust,939185,0,939185
terra1hu5jwda3d2v75df28hdjhtjv43tzq3ftwp8hra,loop-ust,25725035,0,25725035
terra16np0qrwy3y3q4m5pjaxfx3hf8d0qn2c3xdec62,loop-ust,888510,0,888510
terra1y39llhw8mkgj8k5mr8ls2cc7fgalsw0kx39n4j,aust-ust,413399915,0,413399915
terra1ranr423z8m6xycv76zydfqsqsarej7k09v79kh,loopr-ust,4940086728,0,4940086728
terra10kz0aj32qa2uevswtgc4uscqems092cwpgl6gl,loop-ust,7717901,0,7717901
terra1tegxgs4rveg5kqml6ktt73pnxmpp5mzrws7ut0,loop-ust,356961401,0,356961401
terra15mcdpzzhv22jjn0g2dvy4mq8xuhmw0hz3zuh75,loopr-ust,5294127,0,5294127
terra145qfffg5n3fnyyaxvn046396vac92qhhn22vct,mir-ust,60585191,0,60585191
terra1supg36f869h2cah0mlj0a0wylsmekw90fz2jes,mir-ust,85049735,0,85049735
terra1mvztjn4drq0mpw3h5p5d78r4wjflqjhurwyvps,loop-wewbtc,169028257,0,169028257
terra1fk2ephmetreelakjpschd8crg3ql7kjx7d0r5k,loop-ust,56146636,0,56146636
terra1g332jj0urv0ph5h230gggspnhjt0guv0wnephz,loop-mine,11264535,0,11264535
terra1q2gwg4wtzv7xzylrseuxcv7pujq7f2yj9v42c2,loop-loopr,155027707,0,155027707
terra12sfvf0nfsyume676v3r3fgp4ymwstzrehm0qsf,loop-luna,155392672,0,155392672
terra1h7dzj0u8w3ssveevr2phkfupwfk8mzrn6akur4,loop-ust,15854387,0,15854387
terra1cygvjlqtm8ha55fauvedvjlva9vuxrw3uuj30c,anc-ust,460096211,0,460096211
terra1x2sqptrse0t5dya9yw226k7dkkpcxufkm3yhq9,luna-ust,2025730,0,2025730
terra1e3jghr3nuqcc5n5nn9gr4wp8mvegej7j4tg06e,loop-ust,2564775,0,2564775
terra1dqy8lhs638g7tajurtxyv6a4wc2jrr2s6cmjxz,loop-lota,33649693,0,33649693
terra1vhgmgr0xhffjjg2mk9p444tsjvhrqzqddmhfsp,loop-ust,5880861092,0,5880861092
terra1pnxd5u7rcrcl6nxzk0cf2546j7p9sdh9k4xckz,loop-mine,291,0,291
terra1fnyve4pghxyzzhfeerlzszpn450uv0m0x24j0n,loop-aust,1411461629,0,1411461629
terra1ujghxmyhfx7m34ec4u3pxp2sr3097f6emyecf6,loop-ust,89684,0,89684
terra1urs6uppt07txscxkrj8uaelzs9ecwz7pmn4uc5,aust-ust,121613305,0,121613305
terra1sfs5pfp58qyu8l6afasw3p53enh4c67uyeja6v,loop-ust,10958164,0,10958164
terra1x6nnfkqdth5h5y6tu4lj8d629wk7wdqgk7ep29,luna-aust,51480870,0,51480870
terra1ar3snx4dd3d8ewffq0jajptyrlm6vq0xjh9qlg,loop-ust,5120583,0,5120583
terra15a9ptdehccwf365386s5j8ach5d3sjucrh93qg,loop-ust,465917670,0,465917670
terra1ljncev3ck9ur6v75surkh3zzgww0khquvys35p,luna-aust,122898327,0,122898327
terra1xrs6txj5t4uj8n2dm2xh2lplscddy3kknrafc6,mir-ust,1491662428,0,1491662428
terra1jld7v3g5xp5wtvljacyyjcs7g5jjwvwdvhl35y,loop-ust,26876589,0,26876589
terra1ny7y7faecp09t25wwry7gexkhqm2sxqvx8z2uz,spec-ust,529249733,0,529249733
terra13wr0fvzg2c2agn2u2pae52rzjrsu8s9xynau69,anc-ust,152457853,0,152457853
terra19fx4hpgfftvgeh5x4lumm2p60kxkgajj4l4huk,bluna-luna,12486282,0,12486282
terra1v3luutufcmt68vh2ax0ppyufaw9chawmzaeg39,spec-ust,182723237,0,182723237
terra1nn6lnzq2urhx54zv5rrcwyqrnkf2su8k8fqfs0,loop-ust,3381166,0,3381166
terra1xz6u9tzmtkpfqy5qq0hgf2gg9wt5qt2hnly7y0,loop-anc,3941548753,0,3941548753
terra1pvypy2z02tlrd50nskrht320spcrcd8tlpgqvm,stt-ust,45579,0,45579
terra1d6pzj0y6zl4up2662wfsejq5802th26mddphya,aust-ust,441467518,0,441467518
terra1hzmt5qpt5tkuue8jtnndwedngu6ltugdmcjjw2,loop-ust,61172283,0,61172283
terra19fsf4au693t0z5t5sl558ayxv9xseuzggwqth2,loop-luna,31302952,0,31302952
terra1jwkvqypwfrpm5ptzu3futde2fgugmnuc2flxrx,loop-ust,16020472,0,16020472
terra1sxg7fy77qka2s94axf2a5h9j4amtnz8lyymtq4,loop-loopr,72185905,0,72185905
terra13revek9qld9geyfc2autgm6t8khhcv9mqa8k64,anc-ust,6954632290,0,6954632290
terra193mhwd5sx0a3exvz6kr5zh4cm2tltucljen3s5,loop-ust,114064586,0,114064586
terra1rzcrqsscsdfgrhdck0t5yy2p3lvnny75tz5pxa,loop-loopr,729233,0,729233
terra123md0jy8stqhfsk5kv2y6sdku9teuw9yky9kpu,loop-ust,414950,0,414950
terra1us92clqs0yr3evtsyvq7cgvd7pvwm8qxcph88j,loop-mir,102494371,0,102494371
terra1p2333t6u8htfzfce8snqg6gwh6vcap545zaskd,loop-luna,25286493,0,25286493
terra1xeg0k52hhqfxl43uyn6782nc5pr9c2c8j8kjpx,loop-ust,1205361,0,1205361
terra1fjtls2j658mdwdfhtgsdu0pv6lmcl76gtj6au7,loop-ust,441435008,0,441435008
terra1at3zw7kmnrjzjaek48npewn59nx0wfzltujqst,loop-ust,2748507,0,2748507
terra1qquxrp2ww87nz9c0r35xsq0ql4u6wcqkm24snq,loop-ust,1200396,0,1200396
terra1vgmq5t2mhyt9vr2j5sj6ycqylsj7khqm4fwamp,mine-ust,241978756,0,241978756
terra1gcpgjwjdwuq5qxelkgtlrttl5nszde8gqqyxkq,loop-ust,4746586,0,4746586
terra109p0an7sdjef8ehw39s04vr95hqlwsyvh5kds8,loop-ust,9357647,0,9357647
terra1623k9g0s34kd5pnymjksxtqa5a3kmghmsc0c7m,loop-ust,1069557196,0,1069557196
terra1688ljk7t9xzz9yv5z5qjt8d3fpktjluaeyu65m,bluna-luna,11179483,0,11179483
terra16zrtjlsck3f4a72m5f5cw2c8rnwxahccr9yz2p,loop-ust,2815653,0,2815653
terra1htzeet7p9ulkprvyjr5688lhnfme7mrn70vsk4,twd-ust,68426465,0,68426465
terra1rl53ea2v2m8ha66p2mztvt7gft4f47cgg24644,loop-ust,15280713,0,15280713
terra12qlcq4q9mtqz6nw6ld2n54fvx6fxtagvncf4fh,aust-ust,895350550,0,895350550
terra1wl325269ftwqttt8l6s3lm2s5894dtyhu2qg4p,loop-loopr,76896884,0,76896884
terra12pc6kp5x6x38g6qwlg58vjxzd8m4njm9vrnwwx,loop-ust,5666547,0,5666547
terra1pkr32ugfugjdys8rua65u2egudnnz2yz3rgq96,loop-ust,434785502,0,434785502
terra1jp82knj3nzqvmrzxrleuh5flx53ncxuzw5mvar,loop-ust,72064768,0,72064768
terra1kxt33h6q02nwnunsmxxxyjvh45tw8s5f8r04qp,twd-ust,36594914,0,36594914
terra13ax77fyp2tzk9f8j7300m0wq2jnqcj7g6hg2ty,loop-kuji,630739607,0,630739607
terra1wsvp63wlw7zg76ytvtk7vdvgf62mak5n6tqshl,loop-luna,287291304,0,287291304
terra19nwwfzhazpmdm5tjrjdkpz6famrymqpkuk2m77,loop-ust,2026303,0,2026303
terra1p2snvkujm4mp8hsfm0sxjww0m458ktycqfh767,loop-ust,19884040,0,19884040
terra1u75d92xsvmzvzcyr5hs363l4rpfh054h4xqjyp,loop-loopr,3849146987,0,3849146987
terra1fapg2m3vu2zlje7mp9hcvyup3zz5t9jl0q4e4w,loop-ust,7203190,0,7203190
terra1rmew3xaq9jgunfffjcnwhx3k7hfx46adpfltce,loop-ust,352647512,0,352647512
terra1epvrd3nfuvhmd8jszwmztsxck2exq4ue0xxa95,loop-luna,2119278,0,2119278
terra1d7fjg2vxzuzcd8aplmk88jmu6as85amhq6rtqw,loop-ust,5246330,0,5246330
terra1aavxtcg95q2zepulvdwacq82mlepxm9j6a4gj2,aust-ust,701321636,0,701321636
terra16l45d3l5fsl9auwk3v8v9x6z2fkqlk0mrdftgh,bluna-luna,498719,0,498719
terra1fke0r2zn0ln4umka899jl0wxtzl5a0dmeq2g9m,bluna-luna,1446113,0,1446113
terra1ss6zqupwd0rzqg00s4w6rxevjtg8w3xldv9jpc,luna-aust,3139861936,0,3139861936
terra1j3xdndhx00dek4a5c9jq4rs4xx0khdnqhz8x7s,loop-ust,897122,0,897122
terra1y2w3z0frc2chdn3fyrpjqylplxdr2j292u0hxe,loop-ust,147363979,0,147363979
terra1x9yl80drm87xcj86eh5p66eldup3um4jgm2wja,mir-ust,53109658,0,53109658
terra1flxysgulv2flk2wjy8d95vp3j0804tq7qleteg,aust-ust,294859383,0,294859383
terra1ll8nr4zfxuc9v7dej68rkqhdl2k7w6qhevqyl8,loop-ust,982406,0,982406
terra1k9wm026js2uunq0yj73fjg5un8t8su5jtkz7wj,loop-ust,132141704,0,132141704
terra1muxy5z5kzlelqqfeultkf0pajgd330jtszpq68,loop-ust,2563208,0,2563208
terra1svnj6sfjt4jpqu4zyacjl68usm0g2zjny9s33t,loopr-ust,10076106237,0,10076106237
terra1ua3gcu3yn5ucls2feu9lejcca6mdpaucsp5llm,loop-mine,62546565,0,62546565
terra1rkcqq9qhxh853x9k7l76sv4w60hxyneanx3xum,loop-ust,71972,0,71972
terra1fzpx8tex02rscfjav4456s2y5evq2t7wue4jq5,bluna-luna,22765518,0,22765518
terra1ew54vaelrtsv5r49fn8pm8v9nw7wzeyen0et87,loop-ust,18447059,0,18447059
terra1tdky4eacugu6lv0yt0etfxrukj30r5d4jmm5e0,loop-ust,4730901,0,4730901
terra10u0q6j2v9vk85chzhahk694kd4danf284w7d8l,loop-ust,20818481,0,20818481
terra13vyjezqq3qszsukaxxqxfrvantnuxpue2fvxh4,loop-ust,21345165,0,21345165
terra1uu8acx7nejnjrnegsvtz7q3etxsa8vd74ht9e5,loop-ust,4935617,0,4935617
terra14cwaxu3ze3vk48kneh4f7uljnqjjcf7dck0f70,mir-ust,1022411194,0,1022411194
terra1fq4uzttlaa6djtegrmfjmpcq2n2g4rxvse44vl,loop-ust,3012934,0,3012934
terra10p44990llwz3zpzte8ydaqcetq0rwkv8ej6579,loop-ust,182396037,0,182396037
terra1j2t4pc57mgjk2xp3tjruszzv8jmjrfq0t0uy3u,loop-ust,40964318,0,40964318
terra1xspm5x559rz9rdy8cjl2he32ur8zu9llk22tc7,loop-loopr,7394620,0,7394620
terra13q4xh3jp8npp2a3hk8f5rpuj9jmw2fg43z03az,loop-luna,1155475,0,1155475
terra1euey79j2sv5sa48m6u4rsx0nnu8vykha09peyf,loop-ust,1009579,0,1009579
terra15twnplh9zshqvds399kzv9d4aehyegk98d4f06,bluna-luna,179452624,0,179452624
terra1w56gcs2adz566562pe2pnvfxl6tnlehfmrmpn6,loop-ust,141719393,0,141719393
terra1lm72xf6ne6pz6lw3tnpr2djcd34wyakrc08hfw,loop-ust,4318159,0,4318159
terra1h9vnrj8l70t52dlgduhpx8qeqr5tguvjvh74js,loop-ust,8351236,0,8351236
terra17n4c06qny92wharqtcjw6hpwfjz9vm2lkpcana,twd-ust,2514086,0,2514086
terra1lfpa8wtkuvhhrhe3xwt85lhggk76kl50x58eaz,loop-ust,952439,0,952439
terra1mmarwc4n0r3rmd5jlmjg2z3vsfmwre59gzdd08,loop-ust,4774496,0,4774496
terra1c4naupnvl84tnapzmua9p9r6wzgcful9gcw54d,loop-loopr,71170744,0,71170744
terra15y6q8fqh0x26lv7wf3c7te0e9czfmu0k2v0tuu,loopr-ust,9377300,0,9377300
terra17wganhk7hrachr33prsd6rtya6kwmc85vllncx,bluna-luna,2921500,0,2921500
terra1rxzurh2xtngntrz6am0vd5jxan4cgcvyn2wry6,loop-ust,7950635,0,7950635
terra1wzymmyayw09nltd0k39l2lvst7fn86srcuvtfq,loop-ust,2442465,0,2442465
terra1yzrtfl574kzsge7jywfpjnnnjng4xdtsnxt3v9,loop-anc,505045670,0,505045670
terra1kukep6hkrdxvl6wnylz3qrnc2wxzmc5ee5m9d5,loop-ust,12147930,0,12147930
terra1qqda9xvdv3ly6pam2x9r823hr5juh7k8vy9h2w,aust-ust,530207719,0,530207719
terra1rdvhmnjuj6kd9az538qw9zu4dc0xq6gvsft6mf,aust-ust,894602104,0,894602104
terra14jvslc5s0mwedhnr4zq2q0mq6efgnqrqzs8vqn,loop-ust,935370,0,935370
terra1cfkk5ug6kjfas4fumm9pt030lvxksjdrs0w0qf,loop-loopr,2721134,0,2721134
terra12wa7nu7pg86evgusv6kh3jf9yhcfwyytf3akmk,loop-luna,7063168,0,7063168
terra13smdwdgwkzrzd5l0hr0rls86gsfktlh68eeg8j,loop-ust,3955806,0,3955806
terra1jv5j2qrd29lltj6dsew3q9lc7pjt37fj5fe2k7,loop-ust,4673194,0,4673194
terra1nqtr2elcp5xsrr7e9g9uhzxd44uc884jn8qud8,anc-aust,231877271,0,231877271
terra17ng79smc67w3xvvpd0pa990j3jsel99pz4vkum,bluna-luna,49972972,0,49972972
terra1h5y6tggtdtxqsf529u9hndewm3jcvmm3r37uve,bluna-luna,36905500,0,36905500
terra1atnf7jleaxyjjnxzskt5p37a294eelp9t53tse,loop-ust,9373930,0,9373930
terra1x6383zmu4fnhww2zkt9cj6gss3dmps4duh7klz,loop-ust,73922909,0,73922909
terra1cuq8up2f7ys69ng4ut2vl4h6vl3vlp6hf8yvtc,loop-ust,899558,0,899558
terra1euyy77s0mr9ayyelv2pmdtus7lqpex9qutnza4,loopr-ust,506148110,0,506148110
terra1tw4wuckrkp9cwtfhyjuqnugxtqc2kkkmctfz7n,loop-ust,9448765,0,9448765
terra1t489qntxch5gvm66k0ptf8u83tp3wzjf3k34g2,loop-ust,7818731,0,7818731
terra1pz7h2ufvar59lh2peph0xg2cgfcg7nzehv8wm6,bluna-luna,1547967,0,1547967
terra16py6r0ff2cyd58c7cn4p4yjj9jxe2jdcv2vc63,loop-ust,81131,0,81131
terra1eha784thcfm7p9eek8g8n2fs767fnk83y755wc,luna-ust,3063895951,0,3063895951
terra10cnvlg2j8q36hksvweu6tqpwd73jakh8r5x0gu,aust-ust,1117371377,0,1117371377
terra13hf87jqgl09as6e9slpuqecdn53gs0agdmk89w,loop-ust,6721551,0,6721551
terra1vkmr20284j4xghvnctunalphmmct5ywlqwepml,loop-aust,39219534,0,39219534
terra1066vctykla5534jrtmfmrlta9yht0gtlluk7u7,loop-ust,2481400,0,2481400
terra13krwhnqywrp62qupqmv0r5spyrhqqar8p2q7u3,aust-ust,1789563727,0,1789563727
terra16x37zsc4f8yrw50m90y4vzaq2c4chjq8vzqawy,loop-ust,5758802,0,5758802
terra1h0suxgd09j0qd9sy483w6axpqxtamj9kgxaqre,loop-ust,2321883,0,2321883
terra14e8dlrawea32mqesvutzd2swad309al3ja7mrr,loop-ust,1267903,0,1267903
terra18ez5mqfqvjja4lqlp60ph8vq2smwgx3zecm9xe,loop-ust,1072761,0,1072761
terra12vce3jet8sur0r5h2kwz0hlh3kudt5jy95q9v3,loop-ust,87366181,0,87366181
terra1rryr9fpxc2cy394ca7zsehdlkxmqj2u9gun387,loop-ust,9425343,0,9425343
terra15zufcg56hy87k4agtemyg5ktjuemhha20zga3h,loop-ust,952,0,952
terra1jemapp04t36cauqph0tju3an5pq5q6j7xhn5yh,loopr-ust,15773964,0,15773964
terra1yqq3u47nshxtdq62ntvpf6gls6af7k48pvnes2,aust-ust,89742439,0,89742439
terra10z7ghmeemtczgmflcd745nxj5g2ff9nzxz3y7d,bluna-luna,98342633,0,98342633
terra1aw86hw5d8fe6tttynj89h65q0mplu9glusqmjw,loop-ust,179828610,0,179828610
terra1tlwnauwharunw0m6fnnm5w9c26ngkyfvyjd3vm,loop-ust,4657003,0,4657003
terra1kk6wjctkz9esq8vlysrvfnfh5xkvzavm2q8mtp,loopr-ust,41794867,0,41794867
terra1c2sx599rh47c7avpx3u2emugj4wftl9uz0ej86,loop-ust,1399168,0,1399168
terra15k2y5qge62rq2jz5ngz2edtdf7gxx652duvtjx,loop-ust,985238,0,985238
terra1p7y0a8vr54t5kerrdhna2n3nk2p4zpgcarcmnf,loop-ust,4683970,0,4683970
terra1q7u6r2uhga46w9wen99uyrtns7v360xjds2fu4,loop-loopr,65245647,0,65245647
terra1xv6v2utcjx8mnuyw38vvxxxm5j3e9zm7whjd3t,loop-ust,21845816,0,21845816
terra1ytl9pnwuhl53d4gcnrkgw8l72sz7ad4skl56xm,loopr-ust,163546913,0,163546913
terra15zy07y34r52uqfrsnz8ylj0rhw4375e8ym0art,loop-ust,9984647,0,9984647
terra1mara2kef07wuz3a3vf374px6d77eywqckxfy7c,luna-aust,31440959,0,31440959
terra1wzmas0y8rgf5stsml57u4jlv0jn0nuys76z9nh,loop-ust,1889890,0,1889890
terra1qxuftud94zhwf3np9ej4q23kyavjec0h9s85zd,loop-ust,1187831944,0,1187831944
terra1j57zv8wjy3mnhz0pxrlsvl5x7gk0sdpmr0sh29,loop-ust,11032865,0,11032865
terra1jx8upauuhrd08e5jk4xvp06su7lwayqkaswkjg,mir-ust,48523597,0,48523597
terra1rjghca89zyv5gedm70uzlynt2s08spavkwrtw0,loop-ust,157145256,0,157145256
terra1s6l2r879phq78jxnk86zjqpc84hufzntqqamqg,aust-ust,495680157,0,495680157
terra15p97e60u9laz0jnfj8tc7q2pw27plhq8wym2cr,loop-ust,11038128,0,11038128
terra1dpgm24ug6mhj7dcuamkdg8qs504a7xj2pt20xz,loop-ust,1774253,0,1774253
terra1ukukcgkh50gs73lxekgprreg80sfjwue3fsunc,aust-ust,44929696,0,44929696
terra1fhk5xah2xewz5625ez54kj749s6zh792kjfdmz,loop-ust,20280109,0,20280109
terra1lr9h6nqk3e5hasr0v0w90rcnjq2qaqy9vul4hs,aust-ust,3869934466,0,3869934466
terra1kmd3jjz2yp4xsrmthenuj2wjdhrhckteffzk0a,loopr-ust,3992741,0,3992741
terra1hujxda0kx4j8xz59p999m8n56drgyakcl7927t,stt-ust,25936435,0,25936435
terra1m936h80ks626lcfadg05l803gj89u7kv6sw6ys,loop-anc,5733478,0,5733478
terra190sjn0upnzkaajt5phcfu9kw7frwdl0g493u9d,loopr-ust,21606042,0,21606042
terra1w72ve0xav8kypgk067tnns73cd4fwfxrus7kc5,loop-ust,43698563,0,43698563
terra1gcha5nwa7met320zzkd7kqgh2g89w42nhvvwrm,loop-ust,6225081,0,6225081
terra1feqtlvaru4lszqnpjesgfw8splrg7u27wwwqac,loop-aust,4649514906,0,4649514906
terra130pxvcukuvghjhqg0nwy90v3wtvczeqdc3y555,loop-ust,110891000,0,110891000
terra140t6aes80hzwx270e6crhnlerf5xn2fakpj5tl,anc-ust,432356632,0,432356632
terra13gn4crhfhjzwtdtdh4emuzdhzaxz7tzayjn3mu,loopr-ust,5818125,0,5818125
terra1hwsgpgk9ugkllaxj96z9njjf6364fkcxtr5r0k,loop-ust,1025148,0,1025148
terra17sqtrq486y595k97qrq6hdgmv58r0dnfl5xkyk,aust-ust,4258807103,0,4258807103
terra1ytzuzph94e7f9c6gm9p76fc4nh3ce5xe7938fl,luna-aust,156677275,0,156677275
terra1xttd7twuyee3ay7nejpgl97rluzkkpql3vzp6s,loop-ust,1243856,0,1243856
terra1lep0zkcdp26dy4pj8fxlkgreehn3zllt0rnv3n,loop-anc,2706792,0,2706792
terra1yf9lnes4560qa2gcrsdlwzhvth440c28frkyr6,loop-ust,826003,0,826003
terra173q56tvmjdesrc7qy9gnwv7dq6zs73jx6cpu6k,loop-mine,1111858,0,1111858
terra1fm05md60m3ae8nk5gq0fzemwfnmac0acvrguh2,loop-ust,24422316,0,24422316
terra1slhguwf39yll6rjrcz3l7vya6amgku2hwudyl9,loop-ust,290311912,0,290311912
terra1w0p9rpt6kja40d3qleuupcce395pr3gs2pxzvu,loop-ust,43065305,0,43065305
terra1k52cf4yv49zues3fhs0dsqyry6apt88hz48wzm,loop-ust,8506573,0,8506573
terra1u4ynet7cq5xf3w7kqcm7yk973j58j5q7l444c4,loop-ust,441313,0,441313
terra1w6jzzfy3ptn35nczcymrxgn9qeqdanej9pjgpz,loopr-ust,331633225,0,331633225
terra1480jrphvlnm4nnkdncnqumge04y34u8lyf2ue4,loop-ust,1073072,0,1073072
terra19k5kjxrnce9uj68uf27sxefsmhgpun3m6zmhp8,loop-ust,41349230,0,41349230
terra1zksv6n6l00g8kx0dcqja30ykhh57djuqjkmek3,loop-ust,3101721,0,3101721
terra1chnt398q4p3sfhf6vr7s76s3n2hfp6pwlhayku,loop-anc,5175696,0,5175696
terra1h4z0lxy6eleyujgz4xfmtypaxjx5rz972vd7jk,loop-loopr,5305858099,0,5305858099
terra1s6eg0qxwlca7at2t6xx0rj7vrpqwlylddd0nq8,dph-ust,161282359,0,161282359
terra14lm47e4nvwgmshvtxhr2gced3j2mnwkkpz3c8r,loop-ust,304139265,0,304139265
terra16pt0k3tqkhrxrkn06dzep83k0lj0eg9lh3y5xf,luna-ust,728140332,0,728140332
terra1ew60gj0ayfaut34p957le8nwdg7l5ck7a7vuah,loop-ust,1167286776,0,1167286776
terra10nph2059v6p8vee2urcqccd2v6m6yxw9llxksu,loop-ust,49631829,0,49631829
terra1rukwhrvpucynqcqttlr4e0ar62mk5xf4r9um2m,loop-ust,947779,0,947779
terra1tawx5e5hvhkrc545tq8k0j36zf5xz40dl5mlq5,weweth-ust,219466,0,219466
terra1nmhaufsmy7mwqa9p83zkn7ycguphzrz3qnqlgn,aust-ust,144491694,0,144491694
terra1cd68n9g2c0kr7zqm5ncm9pt84vsflejkdvhcz4,loop-ust,5002412,0,5002412
terra1mprw2c4sug5z75xlssfgj53v45scsd2fntt8gx,loop-ust,44512069,0,44512069
terra1qvv0zd5wwwpqeh2z78rynzck53jw58fh76tn5v,luna-aust,6891989,0,6891989
terra1hull67zytcj28l4n50mwzqurtth53n2yj56882,loop-ust,9789846,0,9789846
terra10k75w8n8jv7v3pazrc7v8cmq66mh89n32m72gs,loop-ust,79896,0,79896
terra1g7zshe59n8f2sx2lutujun0zg40229gwyktcav,bluna-ust,92950128,0,92950128
terra1ggmjpqykldlj3fm6ajup39fmhv2vtv6dltl6jm,loop-ust,3861274,0,3861274
terra1lmgh047wgfseswlzeuxnyetkkexnxq0hr3ymul,loop-ust,34029477,0,34029477
terra1u8znqkyxkmwhz886whuj6hrqufnss9x5vmsr8s,loop-luna,121845950,0,121845950
terra1dyyqzxgwnuye2ryac3lf4cp39pfkthvef6jsq0,loop-ust,3938172,0,3938172
terra1mnzz3vvsuqajkl20gv0ks2mv7202c0a0wqtleh,loop-mir,73783715,0,73783715
terra1atystzdd9jf8mv29tyhwadwsms2a0x65u6hn5k,loop-loopr,1227654814,0,1227654814
terra1q8g8xzfcy4ykc5f2yqdrdvuexlvvspjy2g2rzg,loop-ust,23881559,0,23881559
terra1hm9mz0clxkhtypkujh3yhrpr3hwgjvs9tjr4rq,loop-mine,11847582,0,11847582
terra15fgzugd658k8r9hls3w33mylkvxwmcf2kff47y,loop-luna,18395620,0,18395620
terra1sr5lcketw8ekhhp5c5xxmc0pek32mw5cre4g0n,loop-ust,10206524,0,10206524
terra1tv9x3rwqypj226637klanm3vc3ef55ghev92cx,loop-ust,958186,0,958186
terra1d7v5ht0w6yweu2rg2vmex3u9zqzk7n388tlk7w,loop-loopr,4464200022,0,4464200022
terra1dcsg0el4zkccxcjyg3sg4sxpptyec2tmuh8nza,loop-luna,36272730,0,36272730
terra17vu0n636tpjcn4g5uxxrhguj0752y732uzcpg7,loop-aust,138232308,0,138232308
terra1ssy26e0q4r2hx4szsnanampm9plcffpavdxxp3,loop-ust,9675272,0,9675272
terra142axcarrsxn5c2d29rc90nex2ws7qu5fnets7u,aust-ust,447306929,0,447306929
terra164xeyxjl84jjpu8ymfqdddhc092gpsg6nrsn8q,loop-ust,8308643,0,8308643
terra1ufd3hjhc4qfygnslf3jt5qhl042q470zrnwcqs,loop-ust,87882238,0,87882238
terra19xp3du9updjts3xgk5sv8ssnvs4uskfaku7t33,loop-ust,17088120,0,17088120
terra1gpx98xlh48fcmsjqmnvatxjnh0jrhrrvyxx4yx,loop-ust,47932508,0,47932508
terra1ugy2f24jzm2x43xln9fmngphfa5kguexc8ej6n,loop-ust,131648802,0,131648802
terra1hquzp0qe8rfltyns97le5fda22fwjlzwlgt6kd,loopr-ust,10325806,0,10325806
terra1q3k79plrg4fwjttsaqndjuvvuev8wls6c8j04l,loop-ust,401983500,0,401983500
terra1aakaat9dlrvawdz9shjc6tmmys5mtggpu0sn90,loop-ust,39509188,0,39509188
terra1rg9c95x3x5czhjpeepnz4ew2yrpmjvrg9zu33j,loop-ust,10476213,0,10476213
terra1p5fl8qc75ced55t57l2lk57ug4qrpfn23vlq8g,loop-ust,117998591,0,117998591
terra1ec65fxl2hyym6dxj4m0z0w0y4cy0qmq5xs3aw7,loop-anc,1517517842,0,1517517842
terra1phev6gvv68xl26vyvql9k4d72x5nplmyw0tpl6,loopr-ust,60296673,0,60296673
terra1jj7q95dhc3v55gf9yr9np8cvpq8jafrajhv4zx,loop-luna,593273568,0,593273568
terra1j08cr6ftxqqe0lve7m9qztj7qz4d0uwr0ld0vs,loop-ust,2704802,0,2704802
terra1a4tkax2ptewwq52adk5mn9d204wfqetq9hc55v,loopr-ust,55145992,0,55145992
terra1mtgqsjca8j2fa5r49fv8zrj95am5tc6ttntxaf,aust-ust,94683477,0,94683477
terra1etpjvz5d23yc0tjg9gz6n7qzxe8d72hrawqfgq,loop-loopr,297699211,0,297699211
terra1nwctnmt266hr66nzlggxqn4y8fltnx5u5r3p88,loop-ust,1997910,0,1997910
terra19mra0yhk34dcv286dfx49h9a3t32ak58aht80r,loop-loopr,3769129233,0,3769129233
terra17sweyt679jqp32827wmgljahyccydk9f7kxyz4,anc-ust,1253691654,0,1253691654
terra178jkkdqwj5kwwk7lpy50saq8g4y09hfvvqwdjh,loop-ust,1869593,0,1869593
terra1e6h7ju4n827fp2j5pnmr50556g6xd6yeu07yat,loop-ust,1868101,0,1868101
terra1gw2jfa57zun9kshqmvfn8tsxhtkahw5x52rl4s,loop-ust,14590081,0,14590081
terra16q4grmd4jcu4gzevfreed2dgjhkjzjqjqlzhw2,loop-loopr,3200377252,0,3200377252
terra1je26wmdptp4zkfx7venp000vkepppew5tny09p,loop-ust,25194222,0,25194222
terra1qnsvmjfcrsgar69w3mg9879xnje0ww85dsd6te,bluna-luna,35751664,0,35751664
terra19j42znfnercytp5kezt8hnt82v9e7fnr0q2cfu,loop-ust,2113847,0,2113847
terra1lnxdpsy46n77n05lgdw6th0xucm7h62e5ffhyl,loop-ust,5048262,0,5048262
terra160rfcdwp5rsj96a3q5wyqepar4fy84dense2qs,loop-loopr,1131344578,0,1131344578
terra1qqm5ncysw994w80ujp0mp0e9gya6n965qpfuhz,loop-luna,1831533,0,1831533
terra1rg4ra3xrew5ksjvavh7h976hcm9xzag8gj9922,loop-ust,20291372,0,20291372
terra1t5jnc0ej7s8e8qf6w7rsj3r5het5p35m0rs0mp,loop-ust,4795056,0,4795056
terra12v3kdajz22t6a5mf4q0qsp3rtlhs43uqt2pkdt,loop-lota,247478398,0,247478398
terra1w48s0y7r85nqsldewsxn4lrqrwyemkwtk4zmt9,loop-ust,545540,0,545540
terra178pvm4qnh5wrz9780snldlzppjy0qu7na8mx6r,loop-ust,5844326,0,5844326
terra1dayw3m2nypl622tajvrvs26ph3f9djt030t58m,loop-loopr,25865539540,0,25865539540
terra1rp34cl3d03wfgmk36pw2svt5cvzw477n9jfkaw,loopr-ust,1115553053,0,1115553053
terra1j3yxzy5cxeawyml2h33vze60u59tdq5tvu6kzy,luna-aust,8199406,0,8199406
terra1g9twcftmkxzn005judkrpez4h9eusvpenyvdjg,anc-ust,264193811,0,264193811
terra1shh5u4qs0azfmuyl6est6qqz0ejth92r3g643u,bluna-luna,10499777,0,10499777
terra1jtugmxlh4t9npa3u84g9p5cv27usgcta0qq4zp,anc-ust,17199516,0,17199516
terra1z5ayd5ensdsaqpfg5rn4c6aryq2vcrhslax2fe,loop-ust,826689,0,826689
terra18snunnn8keuv6qlnd7yk3lpt8mu6hcl4ylyfhd,aust-ust,538313242,0,538313242
terra1y3z07y0esmg9mcxsnnu8l49kaa97k20a489dwc,aust-ust,2519382905,0,2519382905
terra1dm2z666rel40fn94a9x2sgcce9qs42fhc7wjpw,loop-ust,1793942,0,1793942
terra1360ddk9dahmdnsr6nze4qymlgeayke0gx733vy,loop-ust,2901966,0,2901966
terra1adj9vm7m524cknrnn34a32j2czdzcevvwpg58p,loop-ust,2145359,0,2145359
terra1yaty4efye3vf4zzyxxfstmxhf3tx6u0pt56f8w,loop-ust,7810735,0,7810735
terra1h07arjfcy3m6eumtf78u0r63m2fyj26hg3cuar,loop-ust,14295326,0,14295326
terra1dcp38nqm4w2edkl2t7q2pdtdn9gxwr287lp4qd,loop-ust,1205226,0,1205226
terra14h89gkfjlt006xqa8kj3xse323gtsqwdr9prnf,loop-ust,90753183,0,90753183
terra1vdh7ecc84gqk0jvxfu4undhdlpv560zn9wekh9,loopr-ust,36892468,0,36892468
terra1rc8wgx2fxjfezyehmjl9hqzhts6fpr3gzsaztk,alte-ust,205226616,0,205226616
terra13dlnrxx8amm2xkhutunksuqke0m48x40p597uw,loop-ust,5340099,0,5340099
terra1mqy9t4jfg6622skfa0vva978ykw3kcxfgqu6sz,loop-loopr,10237029,0,10237029
terra16walleh0878u0387y6v4agymqt467t8w0jtkfr,bluna-luna,26899662,0,26899662
terra1sxduk5x7a5k4fqq7fdt5tq5adj2ch583m3md78,luna-ust,117023,0,117023
terra16semcveakcx38hntu5a0c4y6yfu4xdyptmkpgk,loop-ust,9904223,0,9904223
terra1n6crs97xmrguyafslksstzaq334d8sh52w4ms3,anc-ust,419854836,0,419854836
terra1qpc6acylhztez295qt0dm9nky456wzn92fesmn,luna-aust,436671020,0,436671020
terra1dwca56zd2ycmwmx8fyzjdmtsgsyd9j340vhrs2,loop-ust,93450,0,93450
terra1u3e36ys4my2fu98yt6c564qpvrwv5re8p06hqd,loop-ust,433873511,0,433873511
terra1tqv92lgr7cpqnurvcx9u3ft8k5clgk2mqxcrns,loop-ust,10513902,0,10513902
terra1p0ctrdktkmufxtf53tawhv7y999k560hg2jgg2,loop-loopr,4493901358,0,4493901358
terra1p8c27jwkxs9yd2x7rsgl4ylr6w07cu54s6zrh4,loop-ust,95607,0,95607
terra1ezne0a0dz2l0ealjcmf422n4t6ed4xgh0vuarx,loop-ust,988991,0,988991
terra122mr2q92860v3tqdamrsgfz7r6w4azuwtg9rfp,loop-ust,62323216,0,62323216
terra1dgv22saf9585deulxlrg8k9jvfn0zq3tcrr7fv,aust-ust,4666072705,0,4666072705
terra15t9d9n6cmcy9xrugwc2j3zflx8g0p7j82rdl08,loop-lota,232287349,0,232287349
terra135lmwfe80scdjt3mzxn8xhff4vlanv3n8hmwq9,loop-ust,1013262,0,1013262
terra1sgf09srvpggt8525jlrt5xxqckcnc67kfu3q5m,loop-ust,15890287,0,15890287
terra1dm9jhces9au8a6qzr9r7fdmqawu7f20385m3ja,bluna-luna,16493975,0,16493975
terra1yzrtfl574kzsge7jywfpjnnnjng4xdtsnxt3v9,loop-mir,1065647848,0,1065647848
terra17fe98l9pk9042e42t8junwlrkwm0allum0g452,loop-ust,341544982,0,341544982
terra188kcdgl9q8fghsqgu88tevs0h3mg3svdwqahwl,loop-ust,27181991725,0,27181991725
terra1sae3ev7amnfksmjdsf5n0x6peugmm6pkndd5u9,loop-luna,71614067,0,71614067
terra1e7w5watqjexsj9qhlhvext4cewnldxfwt0udz8,loopr-ust,201548351,0,201548351
terra1uszq82kshe4taep82ft9vwtm2qkx6wwdg2mhmd,loop-ust,1423271,0,1423271
terra1vndtf85kx434w60t9dsq3w8qdsaelljjywujkj,stt-ust,105958145,0,105958145
terra17wrhmnzpxv6ase7qpk5a0lj40r0zam384a6s2a,loop-loopr,5576488636,0,5576488636
terra1qxenl78emecnp2y82dvyt6j7g9qazlgdu8g8d0,loop-loopr,5221701585,0,5221701585
terra1thhk00fh9gg3k5rmj0uml5ptdvj25d8ky7ml79,loop-ust,50356412,0,50356412
terra14z7ggsj0g0ychm9wdr5d32luaqslyvneamvpgy,loop-ust,399621,0,399621
terra1xf5pa3ctt9d0ufcemx9cngx5dvu4yz9wrkfw96,loop-ust,2549374,0,2549374
terra1eql7m67adt4v2r8k8cugg2uvsdlq26neycf8wl,loop-ust,7335330,0,7335330
terra1rc6vh28rw8ptwykkugul5dsz9jjdfrz58agqlw,loop-kuji,591772401,0,591772401
terra12gctaqmtm0jsxc8xndplf0qedt2aacw22g6zh0,loop-ust,867505,0,867505
terra1ns4q9lq8qdpc7jep0pprjy8sllue2zkyjnjdqh,loopr-ust,147271554,0,147271554
terra1y9yh5x006grf4ktvh4awqpjpvq0hnkth2u5ye5,loop-ust,9416163,0,9416163
terra1x6kj4x4mcwsqme99hkxr2kd3jruh9ky99hu66v,loop-ust,48385129,0,48385129
terra1jf22vqegkxccn786um2ggk4p0xcmz733vgq5as,loop-loopr,78600568,0,78600568
terra1gr5e2l97rrh9hjm56t35kcgauvwkvefr9l3wg0,loop-ust,94161,0,94161
terra1dkpq8qww4z2mwkx7xcfaygyspqhasfx3jhu3d4,loop-ust,963904,0,963904
terra1naw7lz5slv65d7ucy9uuut0c7rdc522fp7kwdj,loop-ust,7619045,0,7619045
terra1e8gmmfuctfl4xwjp2zf4q9sfr3k0984vq9t3kf,loop-loopr,5616063091,0,5616063091
terra1yqtga49hzeu4r7x93wux6z9t4a7eatl26t5fzk,loop-ust,8637735,0,8637735
terra1zj930yu4w3hqsrc52gltyswvnlce8q8vdccdhl,loop-lota,129856951,0,129856951
terra1l5yq7xx99gx3tp0eurq48ehsa0mltqc8h7f3ah,loop-ust,8942696,0,8942696
terra1ckjfqu37xdd7a0clqxn8xpmw705g05tuz099wd,loop-ust,4233254,0,4233254
terra1vh7ldd9l92k9lzx0pg6xrzkmc95cqsfs7ms95p,loop-ust,338805770,0,338805770
terra14tq40t5894zds4n95d68uv89uxfckruzaph5kf,loopr-ust,415464941,0,415464941
terra1vgnvh0ckpv6lemg67246qc26jwec0fgtrxh0qn,loop-ust,22708263,0,22708263
terra16al4j59vpdr8mqj0f0tnlhjp6pdtzze9srclvl,loop-ust,65376606,0,65376606
terra1mv9nktq8z7wnh4zl25hm0v4lrsmpz2rv760c9w,loop-loopr,3910450,0,3910450
terra1sl8e4y4eq8rs02tn87nt9asjqu0whfkgf7ydft,loop-ust,1471194,0,1471194
terra13x3kmujfyd5zafj7f4qna7w4jfxp9zz9qhlw3j,loop-ust,5479593,0,5479593
terra1du4mzssx5nlu8u69evh2kg4rtqdpslald79vse,loop-ust,448789,0,448789
terra1x2ppsk4ardxpa35rfx2xthup4snnpzt38g5xav,bluna-luna,7951233,0,7951233
terra1rjppycjrqd3zs94x83klymu7f9qewj5w6s0dvv,loop-loopr,1017257777,0,1017257777
terra1cu44vdn32e5vv3lf0zqrnvmeva9nrt2nxhdrzj,lota-ust,499038703,0,499038703
terra125gsap896xgyuz5gn36r9zctdlf2ahz4acc64a,loop-ust,27016748,0,27016748
terra1v6tmjfnx5uqm6zwqzqkxn9kl4xataslxfhfx7d,bluna-luna,993526968,0,993526968
terra1hz8fzj55qdpa7y3u5890pzf06ekml6xudjmela,anc-aust,65126215,0,65126215
terra1hfzypx4vpurj8vql5han5ap8das5h92hu900c3,loop-ust,31397001,0,31397001
terra1jyjg55hzsh0f4xymy0kuuan30pp4q75ru0h35c,loop-ust,103315604426,0,103315604426
terra19xk68tqytnpcwsmw5t3jns2x0vdde5w83clcwa,loop-ust,5483328,0,5483328
terra1mnhe5efda8chp3kem6mlhnpwlc6j4xhy8z76q5,loop-ust,2736877,0,2736877
terra1vsn53dezv6vu8h7fj64vkfm8rlgmrukncdplaz,loop-halo,521356107,0,521356107
terra15un6qpy7a5dk8ttjqucwr3h0puzvtztq6ek974,loop-ust,1031982,0,1031982
terra164znuh5e4nj42n2wky6qzaz7z4v6h7tuhjdj2n,loop-ust,4934239,0,4934239
terra158fsm4atspetx3vyn4vnmmlyavhcxdvk0rtr8d,loop-ust,153391004,0,153391004
terra15x434v8x08lpk65rguwremjdd0x9htkgecrh2y,loop-ust,593213606,0,593213606
terra1svy8jg2fcq8g8jpy0ay5aqwljnqgsjsunqkc4k,loop-ust,79566859,0,79566859
terra17nwyuws7rshf2zcmkcxw9ul9sxu270fhh4df8l,loopr-ust,6801315,0,6801315
terra19q88m9dkr964x83aflanwtlc936j8fwdgntsfw,loop-ust,130089362,0,130089362
terra10x9mmxhgnekppqjhjhhf7zssvwdcp49z0mtr49,luna-ust,51638056,0,51638056
terra18fgx4dhm7kfxxn2820rpr6ew9rjyftd2dewegq,loop-ust,999797,0,999797
terra1f6qmth8x9tygupfshsdajegsvc8k6sq2vrz446,loop-ust,8819256462,0,8819256462
terra14sesefpn2txrf0ay93sqjmlj9s5jthfgkv3edm,loop-loopr,20409405,0,20409405
terra1yxmlrk4ht9t5a2j2fr7c94t5af4r9l608zpudj,loop-ust,4154795,0,4154795
terra1n93el6e77acv5g95cn5g0ull6r0y023e5hpa4z,aust-ust,179465502,0,179465502
terra1y0mzw92ss6wz9flmfd3uyhg86xrj3t06558p6x,aust-ust,2684946622,0,2684946622
terra1ap35w4y342jxt34l8dzlsfaz8te2uda2mzmp7v,loop-ust,11449879,0,11449879
terra1nld0udulmhq32acsg2xs3qa3c89mt02yj5zt6g,loop-ust,1881812,0,1881812
terra1796q6zzsx3kl2mk2h636zs4tx24rs77zudc7en,loop-ust,99286619,0,99286619
terra15fuqw7hfx2hr3yel6mhzah7ayqklracv5p2htl,loopr-ust,39450431905,0,39450431905
terra1kdf08mfragyvvya0k6r8pgkd4rgrcrpg0kfa0p,loop-ust,11259032,0,11259032
terra1kccct3dnaa82ney3ys40ljgc28hrvrpsl3tulm,loop-ust,35201945,0,35201945
terra1sa9arfkt8muxvcfddd6x964p6stz0gqgxemfh3,loop-ust,49751607,0,49751607
terra1744naagfmyrmjx5cat7p6yuzg35klpq39lr80l,loop-ust,3509576,0,3509576
terra1x73xcr9kra37ysvplpuzklx0ape6347vlwy0m9,aust-ust,1793324697,0,1793324697
terra1pcaumma36r8amq585665sdclvppaelnv5psc53,loop-ust,3714652,0,3714652
terra1shl9hst2atv8r36prvqmr5cxzj9qsk2ylay9jm,bluna-luna,22106209,0,22106209
terra1l4l65x203et3v495mw50dh8eadlg3jn75cfdde,loop-loopr,314045627,0,314045627
terra1zs09l4cuf8n2dk3r8ch8tvkeveng89jvpu9zj7,loop-ust,657698,0,657698
terra1sjpe50c3naxrky73ectutpyxa9nvha9t3p84u4,aust-ust,13255682073,0,13255682073
terra1vua4eeh4ph90pgakdfmt3rh5emze588v44269h,loop-ust,8774377,0,8774377
terra1a8krns92qqv0h6edgqqn0kn870s5ctxjp9pmr3,loop-ust,9532926,0,9532926
terra1gwm0kmrksxw5whwxx78knh2fetzjh4mf4p8cw8,loop-ust,12714704,0,12714704
terra17x5lfwwzdsutdmgece5rds4peva9fakux757e2,loop-ust,2944736,0,2944736
terra1spd8ajl9gyg9djgc3xwdm6fly0fe5p879xk4pp,loop-ust,67027430,0,67027430
terra1kl8clxavrashe0zfc0dtkjrl7hwq6267y43yzs,loop-ust,7137387,0,7137387
terra1lcjae3vfuff79emyplgwwexhljw3wmc039dltf,bluna-luna,8069663,0,8069663
terra1ckm68adex4pdznqxs9qhe8eucpyzrl330e9mqw,aust-ust,895041012,0,895041012
terra1qc2a2gwsxzu9vwaxjkmhgdk27mt3eqkc8kpdsx,loop-ust,1036068,0,1036068
terra1m30nh0u6fakywmapqn7z28n5j0wp067gmc0nrq,loop-ust,934733,0,934733
terra1ufc4d50xasm5gyj2v9v7qdmgqrgf08d7vgpzrc,aust-ust,12332693686,0,12332693686
terra1vyds37l0g9ck59957lvtqy0hgxp4r9d5nnpcq7,loop-loopr,603587905,0,603587905
terra1702rv90wkwsvjc90g8ursaj2fh8uu9rr5r84n5,bluna-luna,12312146,0,12312146
terra16lm4uctxcvzc2dhvwuf7ae8lvjckjl3x8lzgls,loop-ust,8808041,0,8808041
terra145ldsdhqnucdadm4ltsm0zda880cpcvarz7lfw,loop-ust,3233316,0,3233316
terra124l52g2fr3aej0yqtv8xc006s5n8ffhfv4093k,loop-luna,19023213,0,19023213
terra1jp8fpz3mvwwwtc2h4n7htccmlmefkfr7c3d7y3,loop-ust,990655,0,990655
terra18j472y6yu0smt0jax3r76vv98uaf9tmkgejgs3,loop-ust,1268983,0,1268983
terra1y3zn98zqevm5w7nzwluq2dm4utjfz9yfntxmqd,loop-ust,3612159,0,3612159
terra177tq8h57gyrdefj6qushyldweaqqdepxuuxsvy,loopr-ust,5352408,0,5352408
terra1clgzggvtddmfsudejapgsmgav86jm4r6mnvnn3,aust-ust,19053208454,0,19053208454
terra12zx0ktynft8ykulw88k3l3l5aslk7er6mca55s,loop-luna,209669444,0,209669444
terra1q2m72lpjthypascusm0xvc67aj5ds9qwws3d7u,loop-ust,4180513,0,4180513
terra1l3gzwrdunnt4xggzn2e6qkysmvsavqz70pqhkn,loop-ust,1762840,0,1762840
terra1m5mke5yza9wmgxjn64jndwc6209efgua25ejke,loop-ust,928273,0,928273
terra15e56rnf33ulr8hez57me67hwzuevdcdf4lnrzj,loop-ust,913302,0,913302
terra1d9q9md249hrlwyq6sqvpt7mxmvyfkj8ukn0qlc,loop-loopr,1895628709,0,1895628709
terra1rzlcnnuvr452wlrkwpmku66d6eumjsyn5rrr4z,loop-ust,94137,0,94137
terra1n39w6e7s0uvpvr6yljyxcx89a44vpejg5dggsn,loop-aust,619067803,0,619067803
terra1pz8xqgaut4dlg9z2pfcr4dqmsq2gwuyxuk07hf,bluna-luna,1000869,0,1000869
terra1pv3twfln2cw8h8gnrw9f3uvtej0hr034sx65jp,loop-ust,67423951,0,67423951
terra15pkwy9tawd869404t4ycm47f9tz9qeczfrfw4c,loop-ust,334750949,0,334750949
terra1hszfqdsauhpdt95za2784gsxmwlg7rcvya7yzm,loop-ust,17089973,0,17089973
terra10surv63pyzvmq9r39ax2wxzdrnk5ykxzhxjze5,loop-ust,94042115,0,94042115
terra1wjpxxcx73xn2pzvp8qshxvs7qcs8fapm6pwdhu,loopr-ust,12157135,0,12157135
terra1ylr2hqknl9aqmscmz9grjrjk7kneh365q5jjsa,mir-ust,358420,0,358420
terra12mpelhpjarymyur0rlpztstdq2fp4pz3egdjd7,loopr-ust,1016900399,0,1016900399
terra1gxp7k8dkpudk64pfast63t0shwrjdx5kchvt2u,loop-ust,10732345,0,10732345
terra1hnlu3plt0kuu5ztj7rn7tl8nwp40cjx0dqhaas,loop-ust,466041,0,466041
terra1dcpy0c3t8qrj8u7jytq0ze57f884rl846dlh0j,loop-ust,81217198,0,81217198
terra123lp7dv64z7003ajm8g25923s97yye35fyche3,loop-ust,4916328,0,4916328
terra1rccr67f2ahjg84jwdaeluyeyxj05enwkm5hzza,alte-ust,383991478,0,383991478
terra1ed4zxzh2eef9xnmn5cpexunulsa8s79kukrzs5,loop-loopr,967804717,0,967804717
terra19ft4wj2m0p7p6dws4326uxygny2swstrqdsywh,aust-ust,976843223,0,976843223
terra1tadqzg742x8g825f8x6p54g3gn8k93q5yqn4x6,loop-ust,13997025,0,13997025
terra14fwwwvmgyx053xfth796zgnp5hyqsksptk250t,loop-loopr,1549583716,0,1549583716
terra1kr645c6k7thcvfwy6gv8cux9e0s6a3y36sdzx9,loop-loopr,3268337733,0,3268337733
terra1azqk3a5g3fj4jaqvvyfntezvr95qx6075fsg9a,loop-ust,2641329,0,2641329
terra1tkrsv86l0qmuz63rx2dnnmrjj7s8mg4t5v0tdt,anc-ust,893993540,0,893993540
terra15uw42qcyne5xm64hzt2scdsk499je056q6veas,loop-ust,655313,0,655313
terra1akcs8y97g88y6mchww77h0tfwaccdu8p88njdd,loop-ust,90967431,0,90967431
terra1ujvks2htc58v5hxfd4lsqhe0kydgpt2r6lh8ds,loop-ust,5382738,0,5382738
terra1avhku5909ay85ywfe2dq954kkqlz6w0msw6a3g,loopr-ust,505819017,0,505819017
terra1x3pyrtk2xku6j9qtvnwxfrjqrgzl7s0pkmj695,mir-ust,1933875085,0,1933875085
terra1d45c3l2wge70ya989rhtmrhajt5z36k2xdcp50,mir-ust,9650419,0,9650419
terra1h2tup4wyy5tnc4dkt960ldg23lfryqwu0c28d9,loop-loopr,1561630852,0,1561630852
terra1mejv8emx8t65swf444xwy702lfgnkqtzwjgpde,loop-ust,1079824,0,1079824
terra1ts0s9nz3gcvehnlhtp0fyrvau8pqt9tkf9dv9r,loopr-ust,12112565,0,12112565
terra15x458nx27flhrj6ww2lf02wd6w4jnjf4zptrrk,loop-ust,9402483,0,9402483
terra1g4dp5s3jgepa5mhvk6s93lvuxt36rg20r8elkf,luna-aust,162685906,0,162685906
terra13ghaqzfzt5yfyh9u0jw8xl9mme8gd2kyzyfsdt,aust-ust,1698080863,0,1698080863
terra1wdks8d8dfvc8spnk6484ug4qu0ymysputavznp,loopr-ust,384255893,0,384255893
terra17653fwmcmy8hfn5qlpcxr5234vm9sz9yexg4rd,bluna-luna,27126812,0,27126812
terra12yfu3lhm5uvmutgxm93sjuaf92a0yqmgel8mkf,luna-ust,15675835,0,15675835
terra1z3wsfvdtcz2ujr7h899rhlxvz2stqf6sr7fsjv,loop-ust,1029538,0,1029538
terra1fuhv46tu593wynv0zw2pygp77924nqntdlenxk,loop-ust,447757,0,447757
terra10fyrywt75ps3wj0ssdxm8sgm6tgkgtylm9sv26,aust-ust,891520,0,891520
terra170ljame2dcck29yg2h34vx5malmt3qjnk2lg8c,loop-ust,1031981,0,1031981
terra1fvhng7c4ftzphqp0n0mvr0cujtpl7za2ckkh6k,loop-loopr,36469018,0,36469018
terra1tr20cx047qfhgh39ppklwgve2vj0e4qh6df5pc,loop-loopr,41381241832,0,41381241832
terra1etwq0q8wwnmq7322kz4v6ff2dcvwfm634vdkqn,aust-ust,48640876205,0,48640876205
terra1wtj85d87m86qpvuyq0zqy6z85djarqqxx5xeqh,aust-ust,213057267,0,213057267
terra1dugx0d08khvntz5c2nhj25f9xhsunnuq0nhfgr,loop-ust,4440120,0,4440120
terra1nxw2sfpus7mtxmj4mel8ysgp9c2x9qyjgdvsyz,luna-aust,51450988,0,51450988
terra105aasu3mwpc6wkzz54gyyy3kwcga4krgju9cuy,aust-ust,5233347681,0,5233347681
terra12lph68h2wcskv7csfnzu8wmh5460m0fsee30nc,loop-loopr,510911251,0,510911251
terra1fkkacttawmwvl8d0trugrhmxvz8wdrqjq4g2cq,luna-ust,9811903159,0,9811903159
terra1karcc2ducpckefkxmdpjn36mmrjrlsv0p7ssjm,loopr-ust,93247267,0,93247267
terra1442qr62s779lcl8d6pj9vhfj2q5augymyaxk7t,loop-ust,10418827,0,10418827
terra157fs23pk7g6jgs23dyxy8zp3ta2vurxm5d26q3,bluna-luna,9440204,0,9440204
terra1hy8qeaz6x27fp3mg5ap7jfkefxdfvx3tzn4rpm,luna-aust,87272743,0,87272743
terra1h0ujdwq4hy0gwkfhud660tjty7epy58r6qq9q5,loop-ust,9549684,0,9549684
terra1cv7lkxqs8lz57vchqp8z0cvwnjcjngkc28fatt,loop-ust,9174606,0,9174606
terra1nha0fmm22mnvgp7dmqn98wt6xe2znd357jp8k2,loop-loopr,34366104,0,34366104
terra18c8rn98jq4gtutrp3kkhvpkzpngs6zw5t05xmx,loop-loopr,117739119,0,117739119
terra1we4e8dcapghq9mvhmw8esqmcpt24yc2xw2kh4r,loop-ust,9517363,0,9517363
terra1zpsptgnd0rrnhwe8vrz25uptvd3338g6f86mn9,loop-ust,917288604,0,917288604
terra1fhcdy77xwmrsa84j0g9rzhsjuy6r9eceg20spq,loop-lota,223497062,0,223497062
terra1pac7hz7gxvuke998gdx26paau66wxvxewsh7sw,loop-ust,3854978,0,3854978
terra1vljry2cth30f6dpv8rdwdfhhpwz2322zrr4geh,loop-ust,2066032,0,2066032
terra1ml83r2rdrwvty372kgrqp5pw0p8asj7veytnqd,loop-ust,35526495,0,35526495
terra1hp0u6qwt290x66u694zw8tdehyxrcm5ntjxxzc,loop-ust,201607566,0,201607566
terra18ava2sulw4yap2uywrvt37whzghvnm7shvwqsf,loop-loopr,1527478581,0,1527478581
terra1p93f6rgpyyf90tu02wcjg5ryt7l3xjq6na8fwf,aust-ust,40327392,0,40327392
terra1ju445nyszc08ysuc62kpy0zqqg8kap7xw55l98,loop-ust,39957968,0,39957968
terra1m9m88qxttvxashvtcv3lz5ts7yu7r7gf73gtmw,loopr-ust,1104167286,0,1104167286
terra1as8nsyff6883ularmxedmrphegpuldjr439ng8,dph-ust,327002910,0,327002910
terra1ht5sjg0m43ge9hvtg00n3mpryeuxlleq4gwpt0,bluna-luna,23705183,0,23705183
terra1l040cer9kjyqp57wxacucn88vn3wvr8amz9lfk,loop-ust,236030145,0,236030145
terra100pvj550t7rlamp60tgdsgwptej09g290ugete,loop-anc,95913892,0,95913892
terra1mw5vxjp5fe44n52mrygqsqpqcyh27xfrju22kx,loop-ust,53609377,0,53609377
terra147zq2aw0angkx5duqghakxeck6avd29qemsgtj,loop-ust,73609390,0,73609390
terra1j0wg6749r52yzthgend3jwkt866kl0qzy9zl59,loop-loopr,854672342,0,854672342
terra1ej7pj580kd5h6cc65xeqmlc95kkf9ld7uuqsxy,loop-anc,1530629532,0,1530629532
terra1tlz7jdm5q43tdvk78aqrkecrvuu7n69h4wccds,bluna-luna,41998078,0,41998078
terra19x3yjm6v998nmzcrmrndpdmpur5j34u5q55u08,loop-anc,31182014,0,31182014
terra1hxftnyxxp0ne92fqcm4huasgx6aynrrwugxf5k,loop-ust,29717605,0,29717605
terra19nn2e45yl33q89p70j79d004n3t6v4gpt2yf59,loop-ust,935997,0,935997
terra1hfcfudn6warktry8fpckwpe55vp6c5cvxw8ukl,loop-ust,297583504,0,297583504
terra1vhwdrv3d4htjhneqqc388wpm0x634xkj8k0h4v,loop-loopr,1764505365,0,1764505365
terra15psm80wgcj4p7jku9cawx8mdvkmhfn57lt2pvn,loop-ust,1913762,0,1913762
terra1n72jfstejn4fg3ysze62qq5g6el470ay35nt6v,loop-ust,9597567,0,9597567
terra1km6hmxa67d2nj7atvxeq5m4gqyufhucqgd37dg,loopr-ust,70869445,0,70869445
terra1lvsp4vjw7xcyg3egszdl0yrfa0h2ysr8g0jwtw,loop-ust,1402000,0,1402000
terra1wgtwdhzgmpa3q2s5g623lkyye0w8nwzm38fnkm,loop-loopr,1418881055,0,1418881055
terra1q4nlusylfdkp27fr2hclw0ekj6twnpw3rflvec,loop-ust,2120249,0,2120249
terra1kaq9869yed0fyd0pc206yf28c6zaqd3wnfzwnp,loop-ust,925303,0,925303
terra10lwmk3ncng0prrveyc82vkvwcy9eh78zx06mpg,loop-ust,260689,0,260689
terra1yhvuykw0kygfw946mrpymsjgl4vrujuupaayau,bluna-luna,7153261,0,7153261
terra10wvzv6rejazwg62ahcsrp92x84j7wg78saq2m2,loop-ust,36151322,0,36151322
terra13sfamp4mc344s0vyxzv8yuf5nxu79zw4t4zrap,loop-ust,5307563,0,5307563
terra1kqxxlxwgavnk382rudzq2me4edrcj47c87fj34,loop-ust,3252467,0,3252467
terra1ke0nkl37955x3gq8tyrtpl47wqshmxelyccsjn,loop-ust,17435193,0,17435193
terra1v4rggvv2s4rcj56z5z6p07d4hjqdyywujmyph0,loop-loopr,15236262744,0,15236262744
terra15pkp3fn249e6k8l9l4zq8w2h84t62fs3kktg9g,aust-ust,134026516,0,134026516
terra19449c32xf7knu5skay2rk78tnhllqe6nylwhtm,loop-ust,89989059,0,89989059
terra1jv258gn3tuvjf7vqz9l4ma9er7zeqc4slrhl2q,loop-ust,1273207,0,1273207
terra13qgveatdwtfhpts4ptx07qdzfnqqy9k8uegk4g,anc-aust,298330437,0,298330437
terra18zy9qlrmja3plwsr5mkqcpefsw7avt8t6a8vte,loop-ust,1091240,0,1091240
terra1lfsnn8wk9s47sfckze08pv4ggjh2nxevjv4njg,loop-ust,162134980,0,162134980
terra1rsslnxgte9hr9cqz4vgpvh3ffuwjxaknk4jnzp,loop-ust,16340797,0,16340797
terra1j6rugwt4x6dcvq3mx7g6r63t6fqe58tzq5qe2v,loop-ust,1075301,0,1075301
terra1ylq5v55yjf5x0za5wzmjthh2lsl6cnqsa37g7c,aust-ust,185497230,0,185497230
terra156lcuw6t45mcf3utf9ay8ey0hkxmqqr7fnuprf,loop-loopr,1882384467,0,1882384467
terra1z5k763zrhksrexw5255r4s3v2ccqze3p9lfykr,loopr-ust,13739825,0,13739825
terra102zyzmcrnwguc8hsqkmqlkt7ydjvxe52jah67m,loop-ust,27072365,0,27072365
terra1ct7qqj28r6ckpa4uztkw4u0gakj7n57fcnl2tc,loop-ust,893686,0,893686
terra1ausrrtqe5k46hcg0a55qedjyhhud8sgfr4fqgx,loop-ust,474299779,0,474299779
terra14407uks38qr3xyye7ltymhg5l6rke40rk5k806,loop-loopr,3434060167,0,3434060167
terra1kpk4rpx653ynargp9wnkmwt75syq6pn6w6zhq9,loop-ust,2140417,0,2140417
terra1h48w0qvs8fu44dkjzluskle69mktgfgqks0j06,loop-ust,38671,0,38671
terra1wmeclwsxfu77jvnssxd5n0pttsp6dzxhh38rt3,luna-aust,266260353,0,266260353
terra1zg8264rhen06ylwe5n8x68ltthyvrlczkgp66m,loop-ust,17760206,0,17760206
terra1sykecspktwz7np5uvrhxx2gmhv7jxctxs0u6rh,loop-ust,13667644,0,13667644
terra19qkwj5k8wextywmxnevgqwemvtzwlcw96kkn54,loop-mine,36968089,0,36968089
terra14yz49t69r0sn555drhzzcew842e23n9c5rue2n,loop-ust,4396524,0,4396524
terra1mrdj5d2yjt85n8qvvgvtvwau9epn7ffpl5xg6w,loopr-ust,11209384,0,11209384
terra19xygsdt548nxmje4yazpxpzgcd3fe96ksahlau,loop-ust,4423557,0,4423557
terra1kv4prlfthcpzayh3vneyphdqs4q68t48akxkre,loop-ust,47314383,0,47314383
terra1t5ca8zfg7gyvy4hhg0z4fy9a6m98zp2dfkdwfc,aust-ust,12468214417,0,12468214417
terra1pgfhw6509vqrv4len5xpjpazav2n8cnwe2ru7r,loop-ust,1421368,0,1421368
terra10nygr4kssf8ka33j9cl224gnewutmq7alarsj6,loop-ust,975812,0,975812
terra13jawl3ra7n9lep7p37srt4q555yde5ynd5hrtq,loop-ust,15487264,0,15487264
terra1fd757gnthgyce5gvvht7jd98rh4egu4xs0h3re,loop-ust,1915175,0,1915175
terra1f65x4q6d7rkuh0xafgc2gtsjj593fljf52j2s9,loop-ust,20299906,0,20299906
terra15g428xeh73uula0tp9wqg6lptqw2n9f503ljpe,loop-ust,17458522,17458000,522
terra1ta5ceexjf8vygdc8wzjyv9f3vucq8axr7np0d2,loop-ust,107435737,107435000,737
terra1wpj032539ppcn82ffvuhyrj2sz744vxdpe320l,weweth-ust,4660688,4660000,688
terra1rv06c9tq3n3yklk8t8k3k9hnju4aclth6wk8jp,loop-ust,16818590,16818000,590
terra1dvg33yyrmg9de0f3ge9nys3dy73c3nl9hj2wa2,loop-ust,102646351,102646000,351
terra1ukxn4f2p9xzxvj4xyn0dae4fhrz5utegwkecp6,loop-ust,397325985,397325000,985
terra160lml094xruqkufvapdm6j3qph8ppkrjt2m4dd,mir-ust,290353508,290353000,508
terra1v73qk2eahfw9nmfnvyh0nn47kklff03089f6jc,loop-mine,30440371,30440000,371
terra15x4duvfsaw4k6xvftdlg2prn2ys0xu4x79cvst,loop-lota,15448544,15448000,544
terra180478vczlw6062vs96zd20z5y8jtcsm2cyg8ge,lota-ust,185506350,71707000,113799350
terra130mewcxge9p83jtvuz802rnhaxedwut9etuywe,loop-ust,56927363,56927000,363
terra1ulzjc6xll028ull45lzrtda6d8q46stwdrl7vu,loopr-ust,31615380,31615000,380
terra15fuxvgzuxv4kpy27a7y8e5nrs66n3m2mfjg7nl,loop-ust,182279637,182279000,637
terra1kj8df3yhrsqtpymh2cudl3encvqrtpmepkjm9z,loopr-ust,21629061,20500000,1129061
terra1l9sujuehx9hzsdprkpew5uewnk9agdeu4592yy,loop-ust,4958410,4958000,410
terra1dp6kce20gc023msx77f7rc4u7499c6eezg89ga,luna-aust,364283045,364283000,45
terra1ygl4aa4csuvew4xe594a5rkm37qs3gzvpf445u,aust-ust,224315390,224315000,390
terra12pyu44xvgwjas84t6wlw7pgqxlvg83lxjwn8my,luna-aust,99326890,99326000,890
terra1c9tvlnufud5dn23nn6gdfu29nnwltwdp2szgj5,loop-ust,19477872,19477000,872
terra1vl6zs5mmhwvn84redeexychpephlhvquflpnge,aust-ust,1354028699,460575000,893453699
terra1fwxvqxm826hc7hyn6strx3c9x66epkwdmlf7a9,loop-ust,413861211,413861000,211
terra1deaf069nwsfguueehhe99wdk4kveskvmh3m3w4,loop-ust,42355606,42355000,606
terra1gwlm3yh5l3qstjfnyh26ze6rh46hjgjceyrwrt,loop-ust,526814538,526814000,538
terra1gay2szmgzgjt03dh2jvvnu503zg554a3ky5agg,loopr-ust,163028783,163028000,783
terra1dxm8yy0ahva3p9rhqmj638gykuv4rwg4r066v9,stt-ust,10124524,10124000,524
terra1lcksvstclnsklh6qqsrjxx3al2rnl5ltz3ef2m,loop-ust,115525074,115525000,74
terra1sagpdw42aetdajsvp0ru8ljge5rskgaselzjm7,aust-ust,504278905,504278000,905
terra1y9xgmc574j2577xun8k9ay6w0v6xkxkls3ttu0,anc-aust,254376808,254376000,808
terra163faqcm844kdk5q5lrg0ue8mmmee6d8ls2flr2,loop-loopr,279488889,279488000,889
terra1hscaf8syx3haj6ccry9t6w5gmmt5du48xdrnr8,loop-loopr,17547470759,17547470000,759
terra1tpmdc9728cys58nr5jvuntepu9nen9xm8g05aq,loop-loopr,10970778,10970000,778
terra12ad2sdh4mwqecl50jtt750srl5s427m5mx5mqr,loop-ust,1263764722,1263760000,4722
terra10eujaum8lauqgq4r0zzce7w0r7yjde88kfflq5,loop-ust,104656155,104656000,155
terra1lvjsv3lgetjhukyydz4mgvwf7efpvu8u2c79u0,bluna-luna,1852075,1852000,75
terra1g6z73w9gmslt8denv99u0aj2un94xd3pf7dq09,anc-ust,12103768,12103000,768
terra10we2wz4a7u3scxkuvj9mq2mdkn5hd4hxgrwuah,loop-ust,2344575494,2344575000,494
terra13vkhkm463gp3hceqj3n0gu5g78d89c30v5s408,loop-ust,52140920,52140000,920
terra1kct6qvf6yp48x443rg2hwqkuw6npzvwwl8pqpk,loop-ust,449841657,449841000,657
terra19lh96xzusf5ju0g0rp0zn8wzcmleqh0elurwy8,loopr-ust,117679274,117679000,274
terra1k6zaq2gs2czyfyj7gjkv7jc7r0kd4wtgvf0wdn,loop-loopr,455357768448,351924603000,103433165448
terra1mtwy6e9paxx50nsuupcktht3dk0rf9y65ehlh8,loop-ust,40198044,40198000,44
terra17w2eg04zhr55htlw3nfeh46dy3pueap57qpzvu,loopr-ust,166808244,166808000,244
terra16frpvqdey09rzs694l0zqdyamxem0jk4gj0nkn,lota-ust,219585672,219585000,672
terra1g0sucfxhnmam68v5w3gfvnpe5qkfh5zhjvtdqj,luna-aust,709970725,709970000,725
terra18dm7yqg606lfgh2r6nmgfn20gnwuwhww94hev4,stt-ust,2556791981,2556791000,981
terra1r8va4zkka0a20kf98pd4x3t60ajg2m9t0ppxrg,mir-ust,2731650,2731000,650
terra173j380ur09esaj87sm792y0844wueplap4un7f,luna-ust,5147697,5147000,697
terra1s4e02v9077nkl2j9wpk5u5had84p5re22tm5we,loop-loopr,21985081534,21985081000,534
terra1eus9rf7x7xy5zs9s5gjd4r4tpl9azhlwntf9wm,loopr-ust,28735667,28735000,667
terra1sms9upeg26ryp55veey5r2r3pm9h66qdqlgkjz,loop-ust,10040830,10040000,830
terra1kxq23486jatzg2953f2p34ewsug4wrlneusva8,loop-ust,5322680,5322000,680
terra16wwq6k4v6jlrjwuplwygeq9p744ynd90pjyf9k,loop-ust,1181266283,1181266000,283
terra1jwkljmrmt82fnsyqlph3ff32xqq60ykks3s2uv,loop-ust,49087772,49087000,772
terra103ujq6wnp3yl9el3s69m28qka5qhrdzv4l437e,loop-ust,32668050,32668000,50
terra1540l8qzs27a0ymh3pl7qyxm7tsgv327lmkuf83,loop-luna,523450747,523450000,747
terra1nw6gprcws08jvjt4yw8gv6agqv2yracr2jz77t,aust-ust,1073536630,1073536000,630
terra1vv5d5zy0kqh5jppkj3fayf93frfprgfemzd3p2,mine-ust,40715642,40715000,642
terra15zuefrwn78jjg874ckd6qzgl899q4puq2nfag9,loop-ust,370636351,50000000,320636351
terra1tmh66l323uwvj4aw62dkjp2sgxucmxyjgnxhkn,loop-ust,143186663,143186000,663
terra1ut2a9qed7mzsf7wqzwakew9tjnm6xggsqg0rrw,loop-ust,24711686,24711000,686
terra12wu2uuyuwr2x9dd768jygm6qgycslvglsnu2vp,loop-ust,12185098,12000000,185098
terra1fj3vhawwk79hus7dm9cmchslmp40dv8jq0pfqn,loop-ust,38482014,38482000,14
terra1rffgk2s3gwgjwu63y9jvkuu5mg2czvtwm9uy5y,loop-ust,57938500,57938000,500
terra1p47q7e3qup7hzeq9qzqaany9xuwpm8w4599x30,loop-anc,143959772,143959000,772
terra1h9sdfgnmj2v554nuqljdxkunh6nhjr27xyn76d,loop-ust,902838257,902838200,57
terra1qgvnp8knehmlxlta72u7pdcfw4ua92pc6cjrsh,loop-loopr,50788609443,50788609000,443
terra1g4rd7eevhxm3f8rcxekjxysjp0fjd0ulafr0nf,loop-ust,8573922,8573000,922
terra1zhjhuuu9zuptqyrjwc6vlspx8l9n5vq7rl9j6l,mine-ust,236585189988,236585189000,988
terra1vedwt7ewq48vy5s8d0e78fkrvy04we7p807jdk,spec-ust,19888009,19888000,9
terra1ddvphqhjq0v8hkhhe5yc46dxue747v687h65wg,loop-ust,420763612,420763000,612
terra1rzcmfy4sms3t5t2eugw2k78s825vz0srq4xc7f,loop-ust,163203634,163203000,634
terra1hcd0k3gfpfm9vcl6lwtdrpczjwxqn3564q2mss,loop-ust,14592406,14592000,406
terra1thgfxm52tltahc0ezy7vv6pu5gjgqfc28uzy8d,loop-ust,20955716,20955000,716
terra173m25hr3k39szvewcce5f9qaqvwds8x0fmshsv,loop-luna,14309075,14309000,75
terra1qqj4zv0qrtzy4mzjdmad339nkd80gslhlv7p3m,loop-mir,78685567,78685000,567
terra1dad2c20n27m4snrte3v2rez9d6vs4javks6kda,loop-ust,58278384,58278000,384
terra1w4tuxsqqn4sc85w32wjnpqcgqh86psmv26qxgm,loop-ust,49913013,24226000,25687013
terra149tqaklgc4zwsrs7km08myrhnc0y6ey9446vzf,mine-ust,19983645185,19983645000,185
terra1tuhr6w2ejwg4qqlsl2y7f8qjvg4ctm73dvr4y2,loop-ust,6021736,6021000,736
terra1rufwqdld327s4fhw6q33ndgczx74sa35dgjhfw,twd-ust,3012654865,3012654000,865
terra1pmp5pn4jdaew0e2tryz373e8whac40esazmcma,stt-ust,12489444,11512000,977444
terra16h50xh890cca3pn6p03zfz3pvccedzwwqj5h95,loopr-ust,13907526020,2500000000,11407526020
terra1lg3lted6a4yf7vwlqhwcpqn42mckveqqvkyjfh,loop-loopr,23949119182,23949119000,182
terra1j3pzwufmn6jjnk4j9yj8ffx8fsf0hh2cvr4kff,loopr-ust,35561424,35561000,424
terra15zwscwazcsqxavj7xczhfr5trrxekr29txncu8,loop-ust,63386564,63386000,564
terra1gly89yd35vxtgzw7jvae8gw6e0cpd0q0y9dkff,loop-ust,62964402,62964000,402
terra1m4pyma238ggs694mul3ds97zw66clmmwnshe9m,loop-ust,186559767,186559000,767
terra1q8q56eqm98sudzd7avkvmt598656yqtch8ag8u,loop-ust,321466071,321466000,71
terra1ylq5v55yjf5x0za5wzmjthh2lsl6cnqsa37g7c,loop-anc,49879549,49879000,549
terra10u3pzakkdu0ua6sp46gks5pdzy3qnfg2m37hvl,loop-ust,142169687,142169000,687
terra195z09gkvplfhtymhpu3s4cjgkp54adhpyfwggz,loop-ust,650244439,650244000,439
terra170jlyef9qa9mgjxpy6jggre3l0vg4alya8sp5f,loop-ust,16539615,16539000,615
terra1wkfux4d3lvy8yf334przn0phatwka4f2lkup3c,loop-ust,18349329,18349000,329
terra1txa6jwhatehfttq946vk0f7sha96fcnyau6pyg,stt-ust,200856274,200856000,274
terra1hv9fah37mnj2z3q04cg7vtyhl77ekme67yn44r,loop-ust,24933376,24933000,376
terra1c35qnmdtaejlqwjjwfj2yrmpxmhf9nk3kryjgm,loop-ust,934899,934000,899
terra1jp93wcy869lkyp5esa7zjnrw4tj3zxncyup30j,loop-ust,9675895,9675000,895
terra165jahg2kgsp25fqj0edhqceha72un3kth3m02u,loop-ust,109677092,109677000,92
terra12hk0cnz89a6wt98pqqwge89syuwecpv0hwpyax,loop-loopr,212520411,212520000,411
terra13t44t72cjzs8k4d9jgwcjxv6jr96fz8e9dqsen,lota-ust,15748879,15748000,879
terra1hewamghha6lwtrq32awjz3rhmm6cc5ap90xpyz,loop-ust,40894744,40894000,744
terra1qwz5x4ets3fqzua4apxpzqx8a5amnfeclcuxxv,loop-ust,14631776,14631000,776
terra1ymwys58nvcggrwkaea6s07xknhpqrce7ngpvw7,mir-ust,1836903477,1836903000,477
terra13sgszeq06s39ghlnfv38sjyjq33exvhj2p84wv,loop-ust,5609835,5609000,835
terra10lzsqepzfcggdfd09xeee8d622j4utukrqwk7z,loop-ust,27495650,27495000,650
terra1g2uejqp48n8080rfs2sctr4ng9v9z7944t05ch,loop-ust,7916758,7916000,758
terra1aetzqeaem0u0wl3rd2srvaajvh25etfddddhgs,loop-loopr,57166670290,274365000,56892305290
terra1hfaq89agrk2cfx42kxglafpjxp7w53wm2ue303,loop-ust,30814103,30814000,103
terra1k5wrlgmz49fu672ppqr4dm5g2seju0mleeaamp,luna-aust,102333769,102333000,769
terra10p3v87cwdxnvz99xgq9enn29l43eqnhjxm9dlm,loop-ust,93994279,93994000,279
terra1pkwv5sz7rpufjwyxyzfxp25ye00r4x542kruf7,loop-loopr,162724663,162724000,663
terra1l8c0wrma7m4qtg8qeruftcrcjcf76hyr6zelfy,loop-ust,89806281,89806000,281
terra1xlx935zk887uxk3fhpy5utr4xe694nkwfxdjz2,loop-ust,8975297,8975000,297
terra1uu3r3h5wmv9d0pjc0qwtfg8tavhme6x4k05m92,luna-ust,283531988,283531000,988
terra1uw9uxh5x38unf3uqtrwqgc5ztsmypvdmj87w7t,loop-lota,509202921,509202000,921
terra1zul5sfkk8y3rl0dr52xgqmp82eaza45vz853fu,loop-ust,24912353,24912000,353
terra1mvq4q0zepjp0td42apueawacx86ryltx56fe4p,mine-ust,25335246,25335000,246
terra1e79a2zv8awqdqvzxwl44m7tsl4rhjcgvxrjd2s,loop-ust,14202020,14000000,202020
terra1xwmkxghnsusccty0jr8nhay5gqhwlxvyynf4h8,loopr-ust,2326176473,2326176000,473
terra1ed3gvuseyxsxa60jjy647c535yfewcrmp5lw25,mine-ust,74880346344,74880346000,344
terra1697u6ewhnnx9x304xxgjzrkah7dzd8z2md2guy,loop-ust,195520251,195520000,251
terra107jlkrw5ux8ex0qnv3c6yddn04h76enjk2kzf6,loopr-ust,35010050708,35010050000,708
terra1ctvreez8s0c76j6jx5lq7mvau2e7ns8h44r84j,aust-ust,450941548,450000000,941548
terra130wkad7x006qhy893yw295xevj90nzhp7j0z6s,aust-ust,1344176631,1344176000,631
terra16wf9t8nfphat5t0yed8ft2qv0u2xqnz7t69cwe,loop-loopr,12496051869,12496051000,869
terra1akwqelvqhgaxq49jvnl9cnamzhlr2n3huc7t4w,loop-ust,35478244,11895000,23583244
terra10tv6kn75xt063k8vy37vm7qeud6p70sgq5tcxq,stt-ust,287260961,287260000,961
terra1gk7nm3f9sk8kmzqgm9rmwqynxcl939nlktjjyr,loop-ust,11407987,11407000,987
terra1ecsfddu2kvfdvydxcjuwgc2ncggy6vcl8xlp4s,loop-ust,8155708,8155000,708
terra1jy73htmnq4dgvty379jve4xa6df7mz8gn7t7u2,alte-ust,69705836,31794000,37911836
terra1vg2fsqrqpgufzlfdrdasz8p3lqhrzvazeqtd9s,loop-aust,3317787589,3317787000,589
terra1acytgfyrkmtfpkucmkgt29x8vs2f07z97g4ut5,loop-ust,6809733238,6809733000,238
terra1peap6zs0cylx2hvwlc7fz8rg3dfk55tsvjjlnd,alte-ust,11086687193,11086687000,193
terra1dgc28slhraf6qgvgac28xwr5urwmkv6tk6wmtx,loop-loopr,3042247586,3042247000,586
terra1syp6ptqv7dqcf643chrm2s0cednxt68p9j8htc,loop-ust,189371749,189371000,749
terra18ulq2nszrujvyg7hfsrc3ztfnww3ndnmyrt9zl,luna-ust,97368938,97368000,938
terra1x263ejl99hv4sctnecnx04fj6qqqf928dv6xf4,loop-ust,2137156,0,2137156
terra13j0jyfvtl0ja8f9xnp5nedkdg35mw39p087j5d,loop-ust,25954598,0,25954598
terra1e88ts267mexv87sfpfa67qnq893dgfvdepp93u,loop-ust,26591015,0,26591015
terra1cg77hqnngy269ju5ktaj27vmapay6gmgvzllmn,loop-ust,16882790,0,16882790
terra1gdwzz9dmh7zqs7n6tqe9qpk9eewn4dsrj2cef8,loop-ust,7147436,0,7147436
terra1pdwswkshs3f8tn0pl5tx2dr2g6q3zxqu9atggy,anc-aust,28517154,0,28517154
terra19frxlznvy5zs3hsmm6hdy3tchsyasnngwypr8u,loop-ust,581147404,0,581147404
terra1rfwjsr6jfpluwke4u2yvptxkt58wk0ank7llqu,loop-luna,1124651,0,1124651
terra12hdw3zhlgvfjhwefwh6tfq2wu3vs66p62rf7ws,loop-loopr,317410992,0,317410992
terra1tuuhgqq7dlpxt29akm09xurtpma79m5uxz7cl6,aust-ust,41966330,0,41966330
terra1jah6g09kdg24xk067sdtpjcga0ll36emu9q5lz,loop-ust,13071159,0,13071159
terra1phy7z2kz907dgt7p3waq07cwjm5wnf5jsq72xh,loop-ust,198194998,0,198194998
terra190na8cyerkcjtdcvpvxvesl04zd4rj0720sl9t,loop-ust,5770843,0,5770843
terra1dlkcn7f6ru2avwuqqdkztajackt54rvdz03jhy,loop-ust,116945350,0,116945350
terra1t2vpkn3v6en5vwqjp24p9lv6x0sylrfcs0z4s0,bluna-luna,137247112,0,137247112
terra1hr5u5ztfc4y905vxa9p3pn0amyjeuywnln3tq9,aust-ust,16335332,0,16335332
terra1qralek3jw9yktsjfzpnrqj4av6f3wtzaq5uef3,loopr-ust,13157026,0,13157026
terra1lep0zkcdp26dy4pj8fxlkgreehn3zllt0rnv3n,loop-ust,16514704,0,16514704
terra159yvw0u4muwpc6a4ys804yxzdp8ztew9uvhfk0,loop-ust,4586120,0,4586120
terra1wnspfxz6ul2pqm2ww3xwl4d7unshv9y7fjr55j,loop-loopr,69382662,0,69382662
terra1jj06w9mq53jxfjycrzvprqyxgzgvrx0u5nt0qw,luna-ust,35104942,0,35104942
terra1w40u2pm0y4daa7lgzpssk3vf3cywg4l3aytt58,luna-aust,77166824,0,77166824
terra13gt2k98pq5sue8kvcmdu66497fewkm0xmkn34m,loopr-ust,55320313,0,55320313
terra1az8em8qg5z7yvkdz7l45q0wlc6awnwjk7grg2k,luna-aust,5408217,0,5408217
terra15pga5k7e9uvulnnjwd9rlusj7c72uv7jvugnac,loop-ust,132547188,0,132547188
terra1avg9uft02scurxffnwwcgy8syqdcly3gaz4gy9,loop-ust,27498985,0,27498985
terra1gyan7jwf22lk2yjv5qasdzpsuss6rfdrelyqlh,loop-ust,1193147,0,1193147
terra1xw72zetw8hx8jgckghn07yk4f86szjhqyaul96,loop-ust,44093325,0,44093325
terra1w3t5drffdnhtgkcw2hvru2fmurafxpy73ysqpq,loop-ust,8432163,0,8432163
terra1yydf8vsdjgjuhcjrwv2h7p8g9gds4n6dmevrzu,loop-ust,892933,0,892933
terra16ztpyxfsf676crgucghluhjx687l2k73qa0pkc,loop-ust,93554,0,93554
terra1qs5ha38g7udyxl3v7jyaxwcyas5ytdh7fga2xr,loop-ust,950463,0,950463
terra18wh50kpew8jlwf7trzwpkmyu8jk9j446wlpu5e,loop-loopr,3980046298,0,3980046298
terra1jjmjv2nkkx3uxzyp467a0c4r0sw3u5uqkappcz,loop-ust,29224133,0,29224133
terra1ltfhcfa87mu0vv9z92gx96vj7850mqhpse6y4l,loopr-ust,12149871,0,12149871
terra1eev728tkehuywsnfg6kdepnlnv0pqshwkkequg,loop-ust,2387293,0,2387293
terra1kmzjegtvyvwdggsj9any94jz8tthn340mzjw95,loop-ust,16078154,0,16078154
terra1q4pjsl4kmw3yhwl45tl8h4ktv5vdc8397m8r7j,loop-ust,14551102,0,14551102
terra10sn42qstxutm4hu56dat5u2gdgu67g32w4gxrw,loop-ust,303313551,0,303313551
terra12ydkrh0mk6t6wzy70vzj6qcldp7qles3rc8kkx,mir-ust,220422667,0,220422667
terra1540l8qzs27a0ymh3pl7qyxm7tsgv327lmkuf83,loop-loopr,3185903188,0,3185903188
terra1s9edzxhepvmcquk4h3s06y82gx65f8ljukug6e,mir-ust,136265677,0,136265677
terra1d86zf9zd433xz6yjd3gymlujwxcjl93z098emc,loop-ust,10884092,0,10884092
terra1sda82ecvzhjjf3vj7j9p3ae289z87zaen63guy,aust-ust,383860800,0,383860800
terra1h4a7zk5mmzla2y52ntt8uu2gu5l3je2judu322,loop-ust,50723609,0,50723609
terra1y5tyqlsm38gs7w8gnc6jr8204rzmg0qf0lxu8v,loop-luna,30876524,0,30876524
terra13ldjvh8tk4vk0agkcnv6dv0zg5p37ga7jpe527,luna-aust,12667400,0,12667400
terra1kdhnsnkegz44pydcyzrhxzavcmnk4a4faz0t7k,loop-ust,92607296,0,92607296
terra1zh7lqmdr29ce9wnutpp2590hezjj6c49y9f6qy,loop-ust,11004012,0,11004012
terra1lx56ta74v36wxwjjzjuteqfzhvypkxyfce6qsr,aust-ust,439926483,0,439926483
terra1gmut0xx3cm7hcdr4ar2m30axde7e5srxf7mxp9,loop-ust,1017692,0,1017692
terra1k49kvz9f0a5uueu9dwx7jagtkq3ttkgc6pjrf2,loop-ust,8373761,0,8373761
terra1xqzyll87ty5pe5ph3h4mmch87tz8xfvm2fa666,loop-ust,28039132,0,28039132
terra1cp2md8fdf45spjc5aetllhwgktu9sc5sqd4x5q,loop-mine,21351415,0,21351415
terra1yc4h67xl7catzhk3mcq78cclnu63wdkxkytcwz,aust-ust,875533092,0,875533092
terra15wydxhpn4rn3u6y3nyye2yd5n8xpa280f3ugn6,loop-ust,5878151,0,5878151
terra1srh3yv9f0ljlq2gdxgzdzrqx2nmhwhzmvd2wyd,bluna-luna,5417799,0,5417799
terra19ny22tgl85yft3qtqzk5xeffr6ewxhf97r873l,loop-loopr,684671075,0,684671075
terra1uuve9gulk76n0zu28rqjwr42n6nnfl07g6vvl3,loop-ust,15166021,0,15166021
terra1rqrgyy9sj228n2vzencj9rmw65sa49czxzmn7y,loop-ust,56373889,0,56373889
terra1c73df3vph0nnd5fndr4h6q03wgvptxdxknfzda,loop-ust,3063485,0,3063485
terra1c6hfjeqz6832ygk5wqawlqnpvpnmnr9eznmhjq,loopr-ust,72684054,0,72684054
terra1g84me6ynkutmm0n5xm7paa5shl2u2v2rgeu3zw,loop-ust,1051949,0,1051949
terra12scyuvnvarklpx8pxdfjm2h5k2yuy92da5a6h6,loop-ust,2732422,0,2732422
terra18ng0nv3tdtr5kgjlwhtpntcwae4fskgj37gyra,anc-aust,1233029026,0,1233029026
terra1dwpnlxwyeeqrlk54prtw6y4aekr0tltp92dz93,loop-ust,1775355,0,1775355
terra167d69atdud4pghdd2djt7r7dujghzynlxx8ct4,loop-loopr,676239057,0,676239057
terra18fcfnpgf7cw7gklz30qyuj7hreekychuap3tl4,lota-ust,1436995,0,1436995
terra1xk8apgtsmcw6yg4fpmhaj4vgv22xz0czqngex3,loop-ust,24905114,0,24905114
terra1zg3u2wyys28kzyn5y83z3rts85j8threfp044f,loop-ust,859578,0,859578
terra1uhedrp6frklnwghkwwfqnlmgpmxm8cythzjww2,loop-ust,160176715,0,160176715
terra1pdm49z6rw7fddutaustqtm8k6ukj6wf9jeec08,luna-ust,10381554,0,10381554
terra1q2tngx85emw0rtvwl5k5su97usqs6qsuxjelre,loop-anc,24687346,0,24687346
terra1h2mqp5kt9cf9zgwl9gk3t4qc0ps9aaxmhjyryr,loop-ust,889101,0,889101
terra1fe5j7utw4hapzd0ymrttpqcw3xmprwuytlwqwh,loop-ust,194713680,0,194713680
terra17a38px9h9we6n6q9e6dku3sydf02g6jvqsg5yu,loop-ust,804302,0,804302
terra1klx2x54hj6rhvdcp57mz6jagf8mkmgr4dshcdc,loopr-ust,7706294794,0,7706294794
terra1l6vtqu4zxvjx4dlmacjauwkh33m67qszep0euv,loop-ust,1962757,0,1962757
terra1wgnr8hngc734een6cqr72xae6jn7v5j9djlvk4,loop-ust,919276,0,919276
terra10e9gvyh2m362gj4kk4k4azq06wfeuksgzva8rf,loop-ust,1103313,0,1103313
terra1kgzpnnsfw0tplvkrfk3pnnd2l3tgmu98yyvdfd,luna-aust,134907627,0,134907627
terra14ur6qrhetjmyg7hwzlhkunwfmv6x7wpgz8cnay,loop-ust,928565,0,928565
terra1w54s37dq7fhhj5am8735ty8ccwj8nvtapdu7wc,loop-loopr,2000560416,0,2000560416
terra1ullj2g9my9h04euxav9z879djz9csvm6ltr672,loop-ust,6428567,0,6428567
terra169ggeh0zgez9y43qu5gnkkf335h8mcp8zykmn2,loop-loopr,109024304,0,109024304
terra1kxputjeucs6yhu0n8pyqzlac5cz8g8fqyv8szg,loop-ust,298456125,0,298456125
terra1f0us0uf5xm88nuhyq62nxpyzgpl0awtwgf2eqx,loop-ust,13035896,0,13035896
terra1898h44avhv30s3h3fv3hry8dr8wthnzzpqc3xg,mir-ust,244899817,0,244899817
terra17073y2s78w9s8s02jccn5730hxgqgk8umyptyf,mir-ust,11375311935,0,11375311935
terra1r4c0wezrcdaskg6y3w3c6t7h6hw5500m7jyvew,luna-ust,7535876,0,7535876
terra1hxg8mzy5z2zcnz30rlpt6pxdm5d4mkfva0km0p,loop-ust,10212931,0,10212931
terra1clcggd90d7mdtqxam4semk30lsy7g3uzl8y9zv,loop-ust,9271591,0,9271591
terra1gmyhzvn93ytm47zzzxdghnc09305llsj2ftjdy,loop-ust,229447149,0,229447149
terra1g29zuggyy7fmr3vtv4l6yltvc4jurlsrylzcxq,loop-ust,4241257,0,4241257
terra1dzdf4lvxlzmvta2qm7kht6r4maml45kjrqe3s8,luna-ust,657849984,0,657849984
terra1zqwxwl2sm8xlt88pwwj7gvc20df400d9t2lxyl,mir-ust,47309974,0,47309974
terra1fzl4cfaznhj8rpdlqdzn3dx3ds6yx3dy79j9q8,loop-ust,1089420,0,1089420
terra1k6e7vvffeu0nytem7ajlxmz7n7qmzzf4crqecy,loop-ust,462024,0,462024
terra139645x7kry55ac6jwfntar07v0a24h037699sl,loop-kuji,152102409,0,152102409
terra1q5lm0luwzez87xa30834mdalvrrfsk9yuxtelg,loop-luna,334930082,0,334930082
terra1mnsur7g96gx40dfc3lpj3t2jystj4c2lmqtse2,loop-ust,10691392,0,10691392
terra15vlmhc7pfmrw3757tsadgk2tgwf373ee0hav4m,loop-ust,436847753,0,436847753
terra1azhm9utnmyqp0d388q60zpznmd9s2fvmyz83gw,loop-ust,972663,0,972663
terra1a692yxw069lfx5keax6w66kyywejm90pazr7ff,loop-loopr,707569587,0,707569587
terra185tx6j64qhu6tmmyw5rs45g7eqvh2za6hck77y,loop-loopr,11100112072,0,11100112072
terra15jqkqcg7unnmgv48cmj6rzjfm4f4mjc0pckvxu,loop-loopr,152954146,0,152954146
terra1t06x3exlkm2ety8xuvk6sz48kyfkktyl8ad9sz,loop-ust,10943289,0,10943289
terra1qrhfr6telqs2fajqnysukkyzahrya8ntd5g03d,loop-ust,2982013,0,2982013
terra1ac2z9cjywkgxxfqp4scqdyhc5xejqgwxngxxjn,loop-ust,24801847,0,24801847
terra1fpzaes3qwp2n6jaljlzpu3wlkr6xgtrwslt2um,loop-loopr,6085497410,0,6085497410
terra1ynzeucewl875kzjdhlc8majlhdtc5rlylhya2w,loop-loopr,2006099679,0,2006099679
terra1q2d35azylak7pkx8yywktvede4awwsanetqxre,luna-ust,15741206,0,15741206
terra1wfzwmzan6z3at0lss9ayg3lm3up52yq8zqfc7g,bluna-luna,5981066,0,5981066
terra12uzsa9qp5axdhp2cg4j3ny2tt5plu2cgnvve7d,loop-ust,18367742,0,18367742
terra1rg56u7snzel6dcsd0g79h8th2e5tnpl37yvf93,loopr-ust,24288378285,0,24288378285
terra126knu5xy630kyuellgec5hg7xa3a85zgwa4jya,aust-ust,45707874493,0,45707874493
terra17kuqx7zyq7w3w7s6syj4txczjseqzgqrpdlger,loopr-ust,94594643,0,94594643
terra1dxkde9cxuhjnavgqdz055d9t7z7x47n4w6r40w,loop-ust,209104329,0,209104329
terra1pz6ak0pmndmy855jn6dt5qgue6neqlu3ma9df5,loop-ust,1923979,0,1923979
terra1sqqz737py0nl6fecs0k7unh8wvw9c88jzs78z9,anc-aust,45931301,0,45931301
terra1deqp3msjnc4z606h9sqj49vac2fa4nkc5aquhr,loop-anc,122964793,0,122964793
terra1q3dh7falsh2v4l0v4h736uzq5cgladww808sw4,loop-ust,11636970,0,11636970
terra1mmvaxr78894uarpee4p7myzq9367h0ukzhc4jv,loopr-ust,345402388,0,345402388
terra1j3tu0g7dms2z6mnx8nwwyeak5c7d3zwwsnkuyn,loop-ust,7969276,0,7969276
terra13fzzxr0zaagnhtlle5kef7nmwlnt8hksvwfx6a,loop-loopr,562996590,0,562996590
terra18geekuge7lmyp9lnecpyxsju9p606nuyhvkhmz,loop-aust,230206818,0,230206818
terra1clpmafqjrker4v8zm569y972f7v2av8u9s4hdl,anc-ust,39124364,0,39124364
terra1986pxg4k570xtc68n07567mfkvjh42zsvmejyr,loop-ust,450169334,0,450169334
terra19levskn86hdqvhtlq0v8welmvv0rnew4g2yavv,loopr-ust,2461539,0,2461539
terra1evx3zt839n5as3feqt6qv7rek526vdj3tusf8u,loop-ust,6237082,0,6237082
terra188u3jdy0u4dtqkq82232dd4dpx6l7mah3z7jkr,loop-loopr,3579836282,0,3579836282
terra1dudc792h4wwtfzn3vfk084vc2l8ekxlz359edy,loop-ust,16007411,0,16007411
terra12ee7gs9fm5r5cu2dlnlyh3jhyfykns9pdf7w9q,loop-ust,5087201,0,5087201
terra1ywu72aanp0h8zlfc7r2xjs3shmkxxswl6zruwy,loopr-ust,121416306080,0,121416306080
terra1k74mne3q2whs59kp2xct32mg3l80q59lg0hh8w,loop-ust,445250,0,445250
terra1sp5xxctx40ajqgykcrlqeau57dmkwhaah2nm4z,loop-luna,1006852315,0,1006852315
terra15v5vzn489p9eqyymjwlvpxp5suh2xf3p4cafll,loop-ust,909142,0,909142
terra1d3703gxyfj3h24fwelmwtrdtm6f565dqjw2m4z,loop-ust,1963755,0,1963755
terra1p84x4hztds3l9vupvmzhgcvdec9d9qxh3qhlwz,aust-ust,89880557,0,89880557
terra1vhgmgr0xhffjjg2mk9p444tsjvhrqzqddmhfsp,luna-aust,873252623,0,873252623
terra1xx8g0vnmgvkpfkp8th2ge90jj87dsg9mdzdsam,loop-ust,11124432,0,11124432
terra1vczy892p02yswsgs6yvtqd7ewunz4j937g73pd,loop-ust,2468250,0,2468250
terra1865zu49yu8yny34p32ncsm6f66n4pmm7d3w5e5,loop-ust,1370635,0,1370635
terra15ysl8ealrxx7evf8xa9j4yan3ff9myw073zk8u,loop-aust,18745320869,0,18745320869
terra1hj648d90ckxagxyz3rc7z29zts33v05426wgrw,loop-ust,14785091,0,14785091
terra1zrmlwv7n54ppacg8nmta79tx3vgne0qf57vj2s,loop-ust,472023959,0,472023959
terra1k5rwktjwht8czrx5kma6997qpylztcds2g3hul,loop-ust,2208821,0,2208821
terra1tejzywy8wm4gelmw2nhue2cfdxcaka3tpmz3gl,loop-ust,12816264,0,12816264
terra1e49g0vj2fcwzn2f2sptpsauf227s3jz3g0mx8d,loop-ust,1061615,0,1061615
terra1p0s3mw9wkelsepn4rc9y39jplt0rj290twk469,loop-ust,4551193,0,4551193
terra1wmz08m66haml7a2umkl9pzwxteggpfple9kcqt,loop-ust,4598138,0,4598138
terra16vfd0n0gqf8yjnej6g7qq4vrqza450vuhszgdw,aust-ust,4490683516,0,4490683516
terra1jx3erg8yjf9hy4hf0fxvv3vxxpljme0tjpvn9c,bluna-luna,5960769,0,5960769
terra1ngcgmr8vk97hx5fzk0c6q02jfujjncdjqm8qqx,mir-ust,17049580,0,17049580
terra1qe7f6hg7k82nx7rs7v79dhl239ug20aqnk6a25,mine-ust,147135391,0,147135391
terra1gatat6xpyketzmx08e8f2m6lhtvjdxw9pvxvpu,loop-halo,3040879955,0,3040879955
terra1uuazkk5na0pr0v95vlfm8cwcha28le53kdp8tv,loop-loopr,10258120292,0,10258120292
terra1rrsl54k0jnpqrm8u5q593tjk6c8f630g03uh7z,loop-ust,29399048,0,29399048
terra1ex5lngd03fh477efcr3wa424vhqlnxgqfjlgwf,loop-ust,986330,0,986330
terra163mhq40rsu2wxrcp2mwa7ks72xj0695vqs3lfp,loop-ust,20644694,0,20644694
terra19n4n2kuu0pu69np3sfrzpkrm57n45vsyxp4gya,bluna-luna,58994525,0,58994525
terra1z2uvnt7szzj2fjsh7qgapap62e2gxfhhu373dh,luna-aust,8091126081,0,8091126081
terra1347mdaf2l9zrm7800pelx5weqwluu7fcc6tgqp,loopr-ust,193876470,0,193876470
terra1c9e2m08hweehrxxetulyla7dmurge3sl2ed04u,loop-ust,22407974,0,22407974
terra1tanagg9ksxagv6ck6sctddl92lt5wsl00eeszd,loop-loopr,2706535228,0,2706535228
terra16urmzg8tenn36ytnt9pp7cazad9xwy03279e2y,loop-ust,36057167,0,36057167
terra10nepshp26wtm30zpgmv9axlj5pun3v2cy0a8ex,loop-ust,8709481,0,8709481
terra1jzgyj9jsxnc343alxn2arx4p72dffpf6vvfe28,loop-ust,4810214,0,4810214
terra1uz6d0430tp28djln7fldrzyk44hadf5du0s590,loop-ust,1087564,0,1087564
terra1xqvspgcwfcjvl97l6j6an63j0dy8eg2rd3gktt,anc-aust,3028790970,0,3028790970
terra16fjd7tlaxkstfs53sx9hsurxhlv84ssmmcx3uy,loop-loopr,94378295,0,94378295
terra13zxh59w60tu8qj2e3u9cdyrgghz3u9ew4hv7nv,kuji-aust,605878908,0,605878908
terra1yg3p4tcfyg8mgctahnqk5j3rgv8d9j5es7jmfe,loop-ust,5503195,0,5503195
terra1crmxwfa4wplcfshcnvzm4pdp66plcegy5kck5n,loop-ust,42978080,0,42978080
terra1eahaxenujjzzx3kx8zc6qw332j352axt4f7lun,mine-ust,48003776884,0,48003776884
terra1wjlr955yewjzyxa5qnq3g3cztex2ql337t259g,loop-ust,88585058,0,88585058
terra1gfj0vtme3dwlcuswnthr2k8sacwehz9uvrf2dr,loop-ust,399829318,0,399829318
terra18qyhvaluzlyhfag00p4zuywkww5evt4k7c4v8d,loop-ust,10369423,0,10369423
terra1ny6npvk8ysc4d5wapvegqx4q0d4zyjj0acwl8v,loop-loopr,1108180857,0,1108180857
terra1yssg9kfkqegthcy0x9hw57vax7dxz3wg2nal8v,loop-loopr,5095111596,0,5095111596
terra1pqpyd3qnzgacd2hecn9p6wfdypcf9k2qwwajpj,aust-ust,895208074,0,895208074
terra1skunekr5505gk9egt8vzgyzagd93f4lafarj8l,loop-ust,5952146,0,5952146
terra1vh499dvejxp4yfecsw9358r50hljgex706zlnw,loop-ust,182054,0,182054
terra1cmxkzcmdrkshsm5rspxe3zlxyp5q8n5vew9vk4,loop-luna,4142914,0,4142914
terra14fxar744m7lwkzg6vkr458tum7av9zv88hgat0,loop-luna,594185899,0,594185899
terra1eh8emkas3yy5tjca48v8x6a575dzmk0847j38f,loop-ust,5797283,0,5797283
terra1gduzw6ygv77a29uqd84aqrttkkgt3z9jaj7u90,loop-ust,9044813,0,9044813
terra154k0ng9ruewl5zrhy2dtnl55l2pncjutm7eud2,bluna-luna,70851152,0,70851152
terra1lnf7qytuqky84hz6tncde2jm7yqru60g77rln4,loop-anc,3181080497,0,3181080497
terra1zrqtuje7qp8nkac0sx5kay06weuvkj8r0khrw0,aust-ust,894570782,0,894570782
terra1pg7l646c7rt2f082e6ngy30r50lxm4fuxft0l7,loop-ust,802095,0,802095
terra1e8ckkqaww8a58vlrqzmwmg6atd5dy97fd6fe2t,loop-ust,5480179,0,5480179
terra1mate7m58w7p8vwf3ldzhjlv0vzcduu6s73nrp8,stt-ust,163087043,0,163087043
terra1dww00mzd39zdtdxdc4vw4xg8r9gqz73x8plflv,aust-ust,4917102238,0,4917102238
terra1rq32a7yh5n7cznyrcduv2sk0tmn5eutz96l8l7,loop-ust,6188875,0,6188875
terra1yddteaevg09deh3xyq9x2cz266ux83q4cpartr,loop-ust,48484249,0,48484249
terra1meuyx0t8aelql99frfew60d2a4lmq0xrhllxmr,bluna-luna,49648,0,49648
terra1u75d92xsvmzvzcyr5hs363l4rpfh054h4xqjyp,twd-ust,3476246,0,3476246
terra1n9wd4zekq27vn8mz2fnxxn2szfwz7s9tan7mgg,loop-ust,963886,0,963886
terra14tygn2k2gn24jr73pxq5h3vc59ymyt2yvmwf8c,loopr-ust,23871955,0,23871955
terra1ak0uh2arylv0tfpql4wxt7qc4vmrklxyprnalx,loop-ust,2867525,0,2867525
terra1vrqevl34d9wqx3vzllnzn2e6ym5trrpsdqjtmq,loop-ust,37157207,0,37157207
terra1uvhfc4jqw5q30a4yk3xf6ppc2aeyl76tvswe8m,loop-ust,111178510,0,111178510
terra12xf3ylk7k6ca4s7eveug9x9nwlvchp3hf4wr4c,bluna-luna,26247225,0,26247225
terra1k7kanjva4mka04fd3msdqruclv484kkf85n0s0,loop-ust,1073,0,1073
terra1puqfczj5743k97zxrtlteax4ml05tx0k3eff8j,loop-loopr,13594129,0,13594129
terra1y04m7saav6zey54zd337ymx3e6jjfyj96trw0z,loop-ust,1021029,0,1021029
terra1ck992qeuepzn5ynwt0fxyfdtwj5d8pu6ys6czz,loop-ust,469675800,0,469675800
terra1jmzpxd8y3cv0kau83grwgzrlde77uyygv9f8tg,spec-ust,385354726,0,385354726
terra1uqp85xd6kkkl0apyhmd28ft04p25pf0dv82jmn,aust-ust,2125857319,0,2125857319
terra1t6sdpqxwpczfn2t6rphxp3k3y3tcuu562yganq,loop-ust,17019329,0,17019329
terra1pud8ldxjzxdenkt0g57qfwkf8n9r4x59grq2zm,loop-ust,3902356,0,3902356
terra1gje0e8eun8mc0n6evkjuv6g2l0ttpml2gfh2q8,loop-ust,23326605,0,23326605
terra1y39llhw8mkgj8k5mr8ls2cc7fgalsw0kx39n4j,bluna-luna,12683271,0,12683271
terra1qctu86tw8wyvtylpdmd5nz6c5xgdyhpjmcxpqp,loop-ust,5455311,0,5455311
terra1m2nmplxc5q8u5en9cypvdw247m7eqj0pessg05,bluna-luna,8623155,0,8623155
terra1ml4aph9qhk0alkmeg9zuv7v4nsh3lw3asr2dzq,loop-ust,19785579,0,19785579
terra15tzjydk09ma6f99kar68yaurs6u5ggcj4h76v6,bluna-luna,7020718963,0,7020718963
terra1qzc4efn6e4p7z0hxuvgs2am7zlxm4aad0zs5ag,loop-loopr,105754463600,0,105754463600
terra1lgfsgf027wd3zx4r26eqrusl9pm8f0rpyn23xu,aust-ust,11272495199,0,11272495199
terra1zqjcf4z70zh0xf23d0d9jmm8u2eu0yd0qclcu8,loop-ust,409966,0,409966
terra1u6y8dxxd0kpj4pzumyh3c2x7pqe57q64msmac4,bluna-luna,95744887,0,95744887
terra1su6qtssgk2h0y4w4skgvk5qgcy02dsrrg9a88z,loop-ust,1071484,0,1071484
terra19sssj0ax4wyxnsxwsqve3xgchp0wq6a69m3x6e,loop-ust,2120375,0,2120375
terra1dfqhmfke3qcseaeh9c79pwqang4zlxefgnj37d,loop-ust,1370420,0,1370420
terra1paj8ushd5ey07xwth7y6dd0m6pdt2pl8tqqyyf,luna-ust,3069136,0,3069136
terra1wdnqkdygzxmrxwxe4qgc8f20y68pjrx49vjdsh,bluna-luna,55220424,0,55220424
terra1kmufelelms3y9zelsp5zfn7gykygsh9g2gjr0g,loop-ust,93358771,0,93358771
terra10h3qltfuqsvcdaap9rks7wpufhk5ahscadzf0j,loop-ust,1627420,0,1627420
terra1eehfq5mnw2w409pgxz5xtzyj04pscjj7cffdqj,loop-ust,71562720,0,71562720
terra185rgkcta46yyyae69hl8kw0dll5wrlyrt48mgu,loop-ust,47510529,0,47510529
terra1x3zqmq8ff3yf5zy9m6y3x0wpavk4er4anu0l3r,loop-loopr,1202795229,0,1202795229
terra1qkpasuwh5qgl6z0u9hmcpqw672u0u77mr9gf8t,loop-mine,23480649,0,23480649
terra1nmq72mmzfqmevz9zs8g3erhndmvmff95nn9pw4,loop-ust,31834594,0,31834594
terra142d6g8t8vvykkay8yed3duw0zhxsskcmhfk6y5,loop-ust,2121087,0,2121087
terra1smanevavnxh7pmu49psj30vcl8p4g2rj6c5pae,loopr-ust,12761971,0,12761971
terra1qdrkp0v62edkmz6a9l7annxjjf5gnl222v7sj0,loop-ust,6828671,0,6828671
terra1wnw9qwa6uewumdzcz4qkhj3zqcm7xrepddmtf9,loop-kuji,359619389,0,359619389
terra1y5mk4c3aceyd6995wqw93prn4qsjkge7y29gpk,loop-ust,121682,0,121682
terra1mn0zdm3epfcw22zjyzxqgrjkgepdql4gl5ugx2,loop-loopr,3705949009,0,3705949009
terra1ka6409lvepgvfmu3aw3ztqa303x4wq2cnkeyzv,anc-ust,27887703,0,27887703
terra16t8caffsktatmgwkf2nhvkd3u0aau0w9hsw6mz,alte-ust,13397624,0,13397624
terra1edpwxy6462evuczynyztjpdl26fvfr8rtc3nhu,loop-ust,12386732,0,12386732
terra13945p3jepq8sxqegyyzuctqjs9tktrudrg3zcu,loop-ust,1089662,0,1089662
terra1h20htyqvmzl0w9q5xq8cyq4m3ff5ef9vyqr4k3,loop-ust,25713880,0,25713880
terra1fskd75k4rufc6x0ng4f9eeccx6mthwckuj9pyf,loop-lota,360022683,0,360022683
terra1ty7n4auj66ku78dcgrr43600h0ccc92eyfw4f0,loop-loopr,907115614,0,907115614
terra1377d0skv9s5z6gyw73a2yxaxlruzcszg82rrcd,loop-ust,94056,0,94056
terra1zsazmep70p9aja7jec3y7mgwrxnzjljl6tq6fh,loop-ust,889368,0,889368
terra1wlvwxkdk80swqpkte764hkdl9atm7w7cmkd5fk,loop-loopr,222071517,0,222071517
terra1erv0kf758pahm8vgvg4rthp3x49j8rwmecy7mw,loop-ust,992597,0,992597
terra1cd0pnkfxvqlpz00jsnm40r8cwmt0nxvu0exvc2,loop-luna,51958039,0,51958039
terra1d9ghpl4mtwhp3pz47j8e2lkrpm2krsk2t7vmz5,mir-ust,38254280,0,38254280
terra1zlcwfg798vrcxylm82qxqt0q80w59p6lylc9r9,loop-ust,3037837,0,3037837
terra1nleadkwxzwp65w9s2jc8skg9xs7cclmf6u7sj3,loop-ust,22314928,0,22314928
terra1l3xqdfkkkh2x3znwggq3m83yttvdh8kkm2l30j,loop-ust,67372987,0,67372987
terra1arzme5dgjyrjxlrdnr2puf04q45u8lyn3e6kwe,loop-ust,10035021,0,10035021
terra1zrpvtq4sruztxs927suc4yjv49caj39r83436w,bluna-luna,7498653,0,7498653
terra1zr8uvny0q8nfdstmrmhcjq0vne0m6rmufug5vf,loop-ust,14013714,0,14013714
terra1vrgcc9498wddsj8jv824wl2xsu6xazepu3u6a5,loop-ust,1966589,0,1966589
terra1d6gd436ug6u9qdwxngduqkvqgulph8zv7fnkwn,loop-loopr,28972348956,0,28972348956
terra13alvjhlpxp9fq54sj0g34j6mqf75zp7g97yw8d,loop-ust,15431624,0,15431624
terra1ck3fuacu9p6m5df6gvpygzzzuxn2rmrg7m266k,loop-ust,153029571,0,153029571
terra1uv44d8uxkfr6n8tcxkun75695chyvltl5aj3p5,loop-ust,24869992,0,24869992
terra1jyed64qh9c3tdfu3430z4czdq0pte8sp2f5ctj,loop-ust,480348185,0,480348185
terra1zna27ksgzlju9y54z748jfm4e2th77fduvaq0s,loop-ust,1351229,0,1351229
terra12q0x8ylzjzfgz80065ew2wxdzc7rrjuyta84m6,loop-ust,554657419,0,554657419
terra19546h08r7yklgcy7nrlrl6ghg96sk948hlmwqr,mir-ust,104860105,0,104860105
terra1yzdj2f63vsfjtervyft9uxpwz7nntluftfp6l5,loop-ust,199536507,0,199536507
terra1jsul9qz2y8sxnzhkgaufv0cc8mhv822t5nvtl5,loop-ust,72656074,0,72656074
terra16kwl0evwz5t7f9gcke80fn3xetmxlcgeuq2wju,loop-ust,763923,0,763923
terra1ug3uec5t9ucs4flx4l6774l9gt0lucc6398qch,aust-ust,438245712,0,438245712
terra13hmcxy55v6wr7qns3yjz0y5zkx8a8p8k4xwkel,loop-ust,856049,0,856049
terra1rm9crml9n58ex2eyuxx9wlnep8jgynnw38tptt,loop-kuji,624017046,0,624017046
terra1986gczp06fgvvndzjugvf3hd9udkf8wcphk3xx,anc-aust,68020925,0,68020925
terra15gxm4sc4w5azuxlcrydxujgc3y256kc726g79w,loop-ust,963457,0,963457
terra1uk6ha3fqz0867suv925hvr3wlhsyw300ytqcq5,mir-ust,53077103,0,53077103
terra159ukulr088fpw4llq9vs0r5qnll9uqkwzxglhf,loop-ust,690557,0,690557
terra1ras9pd6ryxl5meeh9w2g0xk4pl660vd06z5ckp,bluna-luna,1138396,0,1138396
terra1g3cw545x30js4gam0kfcec9l8djphqy2esz52v,anc-ust,25515578,0,25515578
terra12ary6wfqz5j8czt4dvx3ex45puxtqv2z0ryng7,loop-luna,865546,0,865546
terra158vrp9z7a9exettzc6d78nt8kedr3f0vv20rge,loop-loopr,25970415608,0,25970415608
terra1sxakt2tw56j4hawhcq4s7p2zse9e5pua0zf9p7,loop-ust,21027770,0,21027770
terra13t29dre8mq4lhxyx0gkak4eaclj7an06elraet,loop-ust,8955142,0,8955142
terra1d9r076nzpn9q6r65qwvrp4yvjmn4h6hrkjmev0,loop-ust,4777528,0,4777528
terra15eje7hxad0ac02dwpfqp64t5lz7g87maamdyxl,loop-ust,12755524,0,12755524
terra1lz36h3fzpkucn4uq6vqdnln72e0dp69jtwak4g,loop-ust,5040503,0,5040503
terra10zz997xna0zhegdlf0g9nd2t3x74p6c2g3jkkx,aust-ust,3146781411,0,3146781411
terra1a9nnlxzg2lpg98gafn0mcwwx5f8t2tsrnwjfxr,loop-ust,10682096,0,10682096
terra1wdq3583hd63aff56ufx3zt0m8e90rs9gzum5hh,aust-ust,6751338482,0,6751338482
terra18kcjzv3xegg9xgs9xnwx76agcu2xvdzecpz05m,loop-ust,9514437,0,9514437
terra1d4lmf5qdpaencmhuaxnrs8x7wwml3znzr99d6y,loop-ust,193322339,0,193322339
terra1qdrflwe3hw0t79knq94nm86pxfa8xef0ucnnax,loop-ust,15620532,0,15620532
terra1f6fhj9p7pwqkmxegg8zq8ywcna4eyfq0eut26w,loop-ust,2920454,0,2920454
terra17v09ddk9vytd3pfry6yvs06up9ug620ff6xec4,loop-ust,25245506,0,25245506
terra1pj35lvq9wts3sqv68eavgn9qfvufc8s22x5sdf,loop-loopr,1333339267,0,1333339267
terra1khcc8j2lzzz5z462qzu4cmsl7kdd8v0jhd6v0m,loop-loopr,1260471050,0,1260471050
terra1m7lj92zsahdhc966k5cqsh7l8mh9s70ra84ay9,loop-ust,41093174,0,41093174
terra1js52c5hvpss7e66szp2d50a6gq72c4xqlf5pql,loop-loopr,242666385,0,242666385
terra1g04dyaq6y3w6gepjx0xngpk4juz6v62ec96jmx,loopr-ust,13803682,0,13803682
terra19e8g7qs06py3z2qyhzfq5vq24mtrtlrtgxjh00,loop-ust,2918630,0,2918630
terra1p4xgdcas8r2d9qsw67katc0c2hswedm3sct9dn,loop-ust,4456564,0,4456564
terra1zy6d8eutkgfjtdnvc7yfghzn46t6gl2wv6n5jx,bluna-luna,14979027,0,14979027
terra192phk2l7zsl4n9kx6v6s8a0qmfqt5prdrzv2qw,loop-ust,834925,0,834925
terra1gztfhk99sjfxmxqq3uflj94c5maff2tg5erhws,aust-ust,7176476,0,7176476
terra105exs6zce300l24ajqn79q5j7fwp6dvfzjd59r,loop-loopr,113637384,0,113637384
terra1gd9s6366cgkr3qp6xjuwtmj3w3tgukaz553h28,aust-ust,224100139,0,224100139
terra1eq50xp3dqrk8jnm6gk9nyscqce6qwstkz2wkdk,loop-loopr,20848752,0,20848752
terra1w0m3ar55jtecva67vgvk3h7d376fh25c0pk3rg,loop-ust,44465695,0,44465695
terra18wtkhlh0y7ksd0uqt5m9nqfd02qxr66zeyke73,loop-ust,4127377,0,4127377
terra1p5d9hlqq287a96e4pjs7fsmh94uc49zxvnulqx,anc-ust,35229647,0,35229647
terra1f6qmth8x9tygupfshsdajegsvc8k6sq2vrz446,loop-anc,5791300283,0,5791300283
terra1wk9m9937r3c9rc38t869x5tkp6mvum9vzzte0k,loop-ust,444710141,0,444710141
terra19uhdenwalvr55p4404g55tmd9ahk8jxvkzmqy0,loop-ust,80873188,0,80873188
terra1hf7e87tplf3ypad9zzqxguanjhrku4mk7ne423,loop-mir,3188570,0,3188570
terra17hmcauxsqusyzv7gfh3xaqdld0ateqxt5zut3v,loop-anc,2165632,0,2165632
terra1u8rleslsmq0zcjsnj5yqtzeldfks7hvfjk3zjp,aust-ust,893651494,0,893651494
terra1x9htnd9y863jjlf42rhzwsaq9e44s08f3tlkjg,loop-ust,82637920,0,82637920
terra1s4kg2xcfc3hqytestz69s3ppt736refm386g50,loop-ust,5290949,0,5290949
terra16mc4zm9k6vphkz7acv0x9xdhxl4q05cz8kt8ae,anc-ust,462674687,0,462674687
terra1m6tv89fzuxruetwchqy870tukghzfh83lxz96u,loopr-ust,43571341,0,43571341
terra1c3930kfnc6ex80pk2nqj3qq2n2dletrmd86n2u,loopr-ust,433860759,0,433860759
terra1g83g8lgzgg6vad6gv5c7ep2emwurmaq883tc2c,loop-loopr,255791430,0,255791430
terra1m6g0khyxcqyca92tlm3tgv23gucpsq5j6e9mxs,aust-ust,3131583975,0,3131583975
terra1hmglalv6seeh2tfjnhxydpfjmj6ftd95qerv0x,loop-luna,108773300,0,108773300
terra1ctm9trz0q8we2lffxpen2a6mu0c6tkp4mhzeqq,loop-lota,178231310,0,178231310
terra1x7s77swg5nr8fxqz4gsgr42rp82m5p5ylcyry4,loop-loopr,40853884739,0,40853884739
terra1q2gwg4wtzv7xzylrseuxcv7pujq7f2yj9v42c2,loop-ust,9017802,0,9017802
terra1mprk40lryeldzwxg580x4xl8yjhzu32wlgjhmf,loop-ust,18683810,0,18683810
terra1pz798vlnxl5y8gv3dyfz5gdt2smkud0dp62snz,twd-ust,159610394,0,159610394
terra12krzjr37dprgdnw34zjvhcg698c2khvamlx29m,loop-loopr,144563531,0,144563531
terra18q8c58aunw528chtvt3g02kss5rdwy8jxshnxd,mir-ust,1534644422,0,1534644422
terra1j2t4pc57mgjk2xp3tjruszzv8jmjrfq0t0uy3u,aust-ust,45913803,0,45913803
terra1utdeapanx9r0qu3h6x9v57jzh504faf5p0whkd,loop-ust,758094593,0,758094593
terra1ul975dfvgt2x3wv3y4p00kr42ecmapqtxers6u,loop-ust,8445089,0,8445089
terra189ld86ej024g2l3yls5kahxjpx6e32da3a3ns7,bluna-luna,535699394,0,535699394
terra1pmnyeu7pc63nc3rtn5x5yf2wxn83xjzn43w8qk,mine-ust,7511378,0,7511378
terra1zff49lpxgxlnjxvxcgz422nuqa5u488ytrw6t5,loop-ust,1339184,0,1339184
terra1t40pv3qw9n7zk6r528502y5hjp04gwkt8h7mh9,loop-ust,4192312,0,4192312
terra1felswz3quya97ekqh06yy0dngj5gvwwwzpkp33,aust-ust,627282427,0,627282427
terra18c8rn98jq4gtutrp3kkhvpkzpngs6zw5t05xmx,mine-ust,5035665,0,5035665
terra15nw4yev0zlull8jrj5p9xxu30hvcqz99g4sqyc,loopr-ust,462144743,0,462144743
terra1xpjh0r5w03c54vms4sfh42y69cyv5py9qqgzxf,loop-ust,7752353,0,7752353
terra1exed3trc93vq9umfttln8cky09a3rppzfrjw9j,loop-kuji,26294952,0,26294952
terra1n75apcsmzejuwu6qn2zath5maaw83d0s4gmx4j,aust-ust,1345177046,0,1345177046
terra1xjed0pz4mqe6t4s36w46mv6nnjtwhkcl7mr94r,loop-luna,449417057,0,449417057
terra1g698f7g36hy794cmnlu5yj9kj4ef2xx2x4kjx6,loop-loopr,737930002,0,737930002
terra1vzjgpu0klwg6hullu7h3z2h58hpygkdm0wmwks,bluna-luna,6355176,0,6355176
terra182wkxjtj94h3405lqhgq7xh3sltypnu3ryde4e,loop-ust,1403179,0,1403179
terra1rucqqfe9clquwy6awxw8c8w6z0mk3vac2twdl6,loop-ust,5412745,0,5412745
terra1y50nxn9trklzdzq00uf0545jfk6l4vpvgm7jmu,loop-ust,478762763,0,478762763
terra18jcs0mtlznw4kcg8kks28endl7uvfvmsuug5ru,loop-mir,271040331,0,271040331
terra1pa3fsqna0rrhlmljrz4y64uz4h9tr5nqg7j8qx,loop-aust,110682727,0,110682727
terra1cra3lj8zu3xtkyt2z6jh4njt5rftr9ujt6vj3e,loop-ust,47727468,0,47727468
terra1kvm7r7usk7y48gauwk2tsxhxy6v6f9szwvu6pr,loop-ust,48727914,0,48727914
terra1929zpuflzgwfv3m094h5qstd2227p37f8asnnc,luna-aust,12283948,0,12283948
terra14kewa6kaddg6ck0llkgdjasxyjrkwgk6f4h273,loop-ust,1625854,0,1625854
terra1aurnw4p7dyjx707h6ka8jx7x5fy5ya3cap3z06,bluna-luna,1769984,0,1769984
terra10yuph4gg9uvlcqn6lt553pl87vf5c08lmnqjz7,mir-ust,5253879593,0,5253879593
terra1vk8fmtumnmfqudln3tq0kkr3ce6725y2q7cyd3,loop-ust,935442,0,935442
terra13ndlnkylx827x0gpxxfnqseqn69pjutaka6p2v,loop-ust,802416046,0,802416046
terra1cu5zvzz6gs75y55sna9z2r7gws0ae62qsa3f9q,aust-ust,687406157,0,687406157
terra18g3hm9rw364nukzwgydwvcvtzam6k7rffug6sr,loop-ust,11860072,0,11860072
terra1vfp2tgc7nqppufgnachx6ua5eeeczza9svyra8,loop-ust,1640249,0,1640249
terra1fkue76f8t74lq266suvhzex8ga3hn9reqdeygx,loop-mine,17363751,0,17363751
terra1u84m000q88cr98netlxhaeumdxvdpgjh0h94qt,loopr-ust,35305337,0,35305337
terra1yj3v2dnqzgttsmwn7eha38aah9rq9ndkmxsawm,bluna-luna,16957762,0,16957762
terra1y8c2qzxstd28ty8urzrnwt9km3crd6k6txk2l7,loop-ust,11155291,0,11155291
terra1skeej3p2x2pcexdcvxyy47tdkz6gfrhcku26hq,loop-loopr,10313216580,0,10313216580
terra1hnps70d4zh629t6g39emh4m44zktzryp8dpcfu,loopr-ust,6878517,0,6878517
terra1xyunvvae6vmrs0vdvj8jas0slwd5g4e5qne8mz,loop-ust,9125072,0,9125072
terra1v7xf0swmuhy0rs0c55n9ru5cg8gg84caglzc0l,loop-ust,5678665,0,5678665
terra1n4ucnwn3kdq08lu344mzk7fzaxm0lqrmxdjd66,loop-ust,9340479,0,9340479
terra1l0yc8y6hsv2nnmxztvyls3x0cthr9w8kp4xxs6,loop-ust,20942465,0,20942465
terra1xh7rm3kz69wexpu5pdw2k8f47h2we37fdzr46t,loop-ust,105691967,0,105691967
terra15wgg0fgweukzm6qvvtwfxetg309m43p489hfux,loop-ust,115068805,0,115068805
terra18c8rn98jq4gtutrp3kkhvpkzpngs6zw5t05xmx,loop-aust,11329306,0,11329306
terra1qv6eu22avlpvn9m99y8ggtgk0qwteus3983wql,loop-loopr,1280732141,0,1280732141
terra1wmhjtgxc2umj5hmqrqp3knuhq7gerxzh5xrdv4,loop-ust,2347704,0,2347704
terra1g6atppk9ypkh7pl5dph7gg05a3dlrp70e9jc4k,anc-ust,417462339,0,417462339
terra1f6qmth8x9tygupfshsdajegsvc8k6sq2vrz446,loop-loopr,73838826156,0,73838826156
terra10f37d06qaf5gvul268z8aqpzwgdn2h4znpsjt9,loop-anc,2525356128,0,2525356128
terra1lxve37rgqcckn4cr588fjktq0kytxecdfzdlqa,loop-ust,802431,0,802431
terra1u3reff95vla2pqtjm7020tek0skwyp5h53wsnp,anc-aust,98083472,0,98083472
terra1wswr226wdgfan4274w5f5ffg54r5lwkhrqklgj,loop-ust,1493544,0,1493544
terra1zteq5j0pmuywz8sfm7jmfedkerpr4h5j7jgc72,aust-ust,1328174905,0,1328174905
terra18jezezjm6unrsezuyvj4nzwl98c6tha9juqwkw,bluna-luna,148396812,0,148396812
terra1wspjtr69x6qy94usfzk6hmsc9kzmdwtmmq72fn,aust-ust,894720448,0,894720448
terra1zpucw4wgs086f7qtv8ky95u3a7kh0jnuxa7z7f,twd-ust,5174510,0,5174510
terra1cr963unkc2j5vqfevrgaznyq9stefguk2a0g2e,loop-ust,11180400,0,11180400
terra1807e8m7r5m4czv56szrqyfly05a6ewgtm3mccj,loop-ust,11157771,0,11157771
terra1f0m3rl50ftjym5kus77lzv8mug3yy9xmc5r2a3,bluna-luna,2423005,0,2423005
terra1x4nn09galeskz0yg7ytrpzctw0c9a203p6yapn,loopr-ust,313632212,0,313632212
terra10y5977plzzuc403jyu8r63245jcdrzprhz38e9,bluna-luna,4388477,0,4388477
terra14z6desp46lwpespp648k448ysay9nkmj6m56cj,aust-ust,17096600928,0,17096600928
terra1pzx4g7ngmk5dwj4tve8wd7l5qcdfn7j8vf2xym,loop-ust,1277946282,0,1277946282
terra17259vp3qp73dpdnd2mrspme36axqu2pzcqmjka,aust-ust,384368126,0,384368126
terra17a3vhkse8splmljl4pk5uuvj2vy26zrhh9mvyv,loop-luna,22034422,0,22034422
terra1rh8ar8zy526cpv5a64ah4uad5v232ze6yr5678,loop-ust,2055778,0,2055778
terra1jdxeavf4r7jtg4nhxrdmccx8zkp30el3kazzv4,loopr-ust,11097119,0,11097119
terra1htjalltuw5k065eh7w0rrfwk7fajk7en02nsac,loop-ust,6063209,0,6063209
terra18q6kw6rqlw94lyvqkttpxsqn3cpchvf4hxaa80,aust-ust,9942683916,0,9942683916
terra1rjppycjrqd3zs94x83klymu7f9qewj5w6s0dvv,aust-ust,212094879,0,212094879
terra1xw9f9kf644a5w8evqcf3ea20j3n3zkh9nrfwna,loop-ust,1143297,0,1143297
terra13uaydh696wf7m4gf82dqtgdckew4ettk9lv680,loop-ust,752252561,0,752252561
terra1lefkgtnphkahsfjjjhwm3efwu4xfejc9eda9av,loop-ust,70009262,0,70009262
terra1urh5dhda7vy2l6z2fwehaj6wd7pe9q34akqyw0,loop-ust,4527567,0,4527567
terra1ve9vzkf48ul3pmted0mfzzvaaclazm505w5s6k,aust-ust,111892074,0,111892074
terra1uw8xtkeh529thsc4jncyz7zg403xaas2kyeuwl,bluna-luna,1997554,0,1997554
terra1390229tqzlcmnlx9emsk9dr242jr2p5k83da9y,loop-ust,4290194,0,4290194
terra1apeke0msmmn4jkt3rjgdyr28khsm5d8m6er89a,bluna-luna,29831405,0,29831405
terra1tlxxdgn4mq73mmfneejgeuu4e0ap2ql9yzxyy0,loop-ust,7609446,0,7609446
terra1ej8qc9kw2sx35amyakz468s3zcycz3uewsdq6w,loop-loopr,709462973,0,709462973
terra1cvqcmtfwek7jl509q5acdjq60sjyfcjkl2vwxs,loop-ust,5405556,0,5405556
terra1k7z26c2k8j60dlx95pv0yaaxw438ve0rzpj9qs,loop-ust,445001819,0,445001819
terra1mmkk4m73gvpueek2hhtqxv8a7ap4ypdz6vpdhr,loop-mine,293716,0,293716
terra1u65n8ygavjwq8j9ryyclz4azz8fn0936vdjmu4,loop-ust,485468,0,485468
terra16h6h2myxpgpk6a7mvwqmajhpkp9g9465wxzny5,loop-ust,120807014,0,120807014
terra122d03v729s83m6wazye5mm5q934nsj9rcfw2g9,luna-ust,21185833,0,21185833
terra1r9d7fua9qvxuhjj9aznu2eeatd8f3uectprffr,bluna-luna,4172809983,0,4172809983
terra1pnz6s27ga2uu7dak7l7g4m9hyeqlhhnm4rtpgx,loop-ust,15786065,0,15786065
terra1y6nsgxp4uwxarm2mqvuyg9v0xp32vr3wtwc23g,loopr-ust,17846671,0,17846671
terra1yqvhfwp6f6ft8z8hy4kj3kmvfpmypkrczp8ekn,luna-aust,106802373,0,106802373
terra18lwx7r6ffwxy6dgj9ycytluffg6jjv7s9ag7ay,loop-ust,37387831,0,37387831
terra1ta9qt8zrl8vcl0k58pkhs2jhxgfmzup0qwq057,loop-loopr,51822518,0,51822518
terra1ctqkvgg62t7jea7nm0pj9tre8ul0gw8qvsp0kk,loop-loopr,6030203177,0,6030203177
terra1d5yfgrzewutafer4xq5dhjl2f8mu2vcl0pw5ph,loop-ust,13688569,0,13688569
terra1y0ef2qj0e0pyyn5htdk8s8tntne6wj5xylyhrs,aust-ust,892292643,0,892292643
terra1j94ekqjj6gwuw7khtvcq3m0mccngtjcsk02nte,anc-aust,5057998121,0,5057998121
terra1myre3xy5vgvr474vycg400hf36aep9f5eae56h,loop-loopr,9120742988,0,9120742988
terra1qwmfnhf8ccxu5al7q2nkzp79rrjyhxmr6e3lad,loopr-ust,62125,0,62125
terra17na2mw3htsqz8hkumf30m5weux5h75qck2cppe,loopr-ust,7685982,0,7685982
terra1crxpmmqqhql5urfh3ehzru5etnq7p806haqs60,loop-ust,37393534,0,37393534
terra16pxxr52seyhf3y98a28g6t8ggtsrd56uyxkrtl,loop-mir,3430704,0,3430704
terra1a9ekjvs3pmqtrzryxls27gp3ecg4usaan5cnzx,loop-ust,1077267,0,1077267
terra1utsglcxn6sauf0tl5ag25k0gykslqd3583jqqr,loopr-ust,28296220,0,28296220
terra1jrfqd99wy2hmutu88p5sny4csqj6xrpmrj09ln,loop-loopr,1025284637,0,1025284637
terra1fsfvmh4uu7z9g6jns528nftf50svlhg6lznmhf,loop-ust,22347733,0,22347733
terra1lls8sqpc0a3g9afx8k7hw6tx73y0nl67mz55ge,loop-ust,2943364,0,2943364
terra1etsyuklk90rd0sha24tz9dl20cfrvn2q9gatfs,luna-aust,4366996091,0,4366996091
terra1e3es6z6kkyxqmmakxsur8d9w55ej73547nlec7,loop-loopr,1658844036,0,1658844036
terra1u8j37e8l82ucthx574njxmuyqane2y9h0ewwxf,loop-halo,31038594590,0,31038594590
terra1updvkjfvr3esyn30kkd7gfylh9hnvrn95647ej,loop-ust,968702,0,968702
terra10zgdqa2ss949laak924vjf3getc79yaty70aac,loop-ust,9160116,0,9160116
terra1zcze3qmwa2p4jhstrnrkzaxqrpa5gjlwug8q8h,anc-ust,121557096,0,121557096
terra1a3a0ahewutjz8a5ttg2q6sd28zq7u7c3mk02r9,spec-ust,264973856,0,264973856
terra1n7sppveq4xt5zljv7keys0s58vmj96vekt0rsw,loop-ust,3161729,0,3161729
terra1q69q3h5uzeh0lmre8pzxhxgu0k0x74h5tyn46u,loop-ust,2379250,0,2379250
terra123gwrv0kk6y0emcx6mv4te7l6zcjstaueqphax,loopr-ust,46745837512,0,46745837512
terra1m7v78x87rurn8u0hsavc88alpu3490s3x6qzed,loop-ust,1702204,0,1702204
terra1pvxkpt09p3yt4aajhq8kxvhlkzsdympucm7e84,loop-ust,1027898,0,1027898
terra1twunl0586lvqyh627lcz60xa3trx2vua4rq4wd,mine-ust,8587010,0,8587010
terra1qxan8264j5gr8lt5d6le908yxeg0zscne00f63,loop-ust,111765408,0,111765408
terra1wvfly44myylp2v8vff2ruzfad9ukrjfwppghaa,loop-ust,892813,0,892813
terra1sk9cfxsl7meuw9h9c7607ws7vgc5q4vqk62yra,anc-ust,31392743,0,31392743
terra170hfecg96hct5qauucrk55um0k529n93aljtan,loop-ust,488074,0,488074
terra1h5gfs3j34dx544wc62tdt6cxrpas7va6w8wthg,loop-ust,27223464,0,27223464
terra196mj3dpq6umxspd5529wyfq3g58nwg74vgjs96,loop-ust,14099786,0,14099786
terra17c9ajw042v4kn5dzrw8x0ua75ytqaytr4r3ygy,loop-luna,39777704,0,39777704
terra1zsr5cmk9q775u7qw7ja0zazq94uqu3cf3nudkg,loop-ust,3082978,0,3082978
terra18c8rn98jq4gtutrp3kkhvpkzpngs6zw5t05xmx,loop-mine,21921758,0,21921758
terra1kt8dgwz34sgnd7g86fe9wzdy9zggwgyvu3l3ak,loopr-ust,71399542,0,71399542
terra1p39e2w5chqkskgxpfk874tvxrm9shrglajzw89,loop-ust,1072069,0,1072069
terra1wtkdnwz22ymx045p9y4j0y6jtt382yhc0w0wmw,loop-luna,37040253,0,37040253
terra1uf4jalzpqd6s63rfkh60ywrswzd2lpxttv44ed,loop-ust,8579968,0,8579968
terra1pv3twfln2cw8h8gnrw9f3uvtej0hr034sx65jp,loop-mir,8770778,0,8770778
terra1vypf2q2x4vg2rj72wdd7j75gnjygfk0qaa3p9z,loop-ust,49198408,0,49198408
terra1p5lfdfgqqchdu0tgxq6cxy8cc3jyap2nqcdc5x,loop-ust,14278927,0,14278927
terra107lm9kq6204hvsyh40mlxetk8v8a4guhp2dkw9,loopr-ust,136248105,0,136248105
terra1egc9fcc8dg28tf5976wh8vsrcs3ptwmpcnlly3,loopr-ust,4494990,0,4494990
terra178g6y555der2aspn7ry2yyhgvux2ws47wexzs4,loop-ust,1885796,0,1885796
terra1hs73kuhlgh596u2ghsmn9rr9xa4hgfh8cvjn2y,aust-ust,823339671,0,823339671
terra1nttdq2deq0ygg6tdzhph4h5r4hpn6jpj2k4u5c,aust-ust,3934115,0,3934115
terra1tahs8nwczgyl6hunlxfsl5z3gt3h9f9qmmlx34,loopr-ust,102701451,0,102701451
terra1qen3qjv5knms9uus96yj5gw5khkt34j8nt8s7w,loop-ust,1761929086,0,1761929086
terra14ncvxzmf2e6cz8lrecnsl5e5dfw7e97fyp5f27,luna-aust,17318434,0,17318434
terra1ncspseuqpgt5vajv73hagmxl2cxv7qvh05gn0n,loop-loopr,1043397425,0,1043397425
terra1p2s8a9vykc4ghwfg2kg7ajxnaxq6hqj4ly8q9v,loop-ust,19900906,0,19900906
terra1nttdq2deq0ygg6tdzhph4h5r4hpn6jpj2k4u5c,loopr-ust,704127,0,704127
terra18r3du00lxkpkfaexm2gswlv0r6szpyfqe0ufzz,aust-ust,2688353263,0,2688353263
terra1ls2eahr6eplertf3wgt9hfpyn8zy4u00jk57gf,aust-ust,669461078,0,669461078
terra1yfrajng7yegugk73qkpre59kfu08r935f83nqw,loop-ust,1368798,0,1368798
terra1gj99aylgqnh4dr4dvplmhcxayqgmfkjvjevm0q,loop-ust,9321796,0,9321796
terra1dk8pmyrdvk02nvwg6az45n9zlvv4rgpu2ckgzy,luna-ust,80588163,0,80588163
terra1h9g3ltjdazvj40ljhhw6mrveqegskg7qphpeh3,bluna-luna,15008431,0,15008431
terra1hq5dq0vy34y44z7hmq4sdc8dawn5vc88dyjf3y,loop-ust,50879528,0,50879528
terra1lx9kzkylc8nxcq3d3qraqhvuylq805yj27klw3,loopr-ust,90959154,0,90959154
terra1kvy26896fp0espr5nv3nenl7muhtz6dlxtpjm6,loop-ust,268313396,0,268313396
terra1nk0eqmv5nduejsvsa28z26lx6zmg7rgyljvwcw,loop-ust,4921595,0,4921595
terra1j4lg2vctvkmljl5k93q5krn5x9fd2pkcxpzync,bluna-luna,15462344,0,15462344
terra1rj2flxjkylcgtj6yecyxczh43qj6kj8g2wm8y0,luna-ust,324867624,0,324867624
terra1d6wcjx87x4vvnl08p3n3l524f668zen5tm66m9,loop-ust,45197312,0,45197312
terra1ek3euwh6qdpfk9aypz9y84mpywefnuqutvn9y4,loop-ust,6908147,0,6908147
terra1yneql9lf569xw68qxufl4pajyylp2ac80sh20c,loop-ust,1174579,0,1174579
terra1f0k7jpfkecnjtjq0ly8qvp7045cdr2cy0x6y6j,loop-ust,942916,0,942916
terra1xlh3l7equtdq330xven9xvlzl80x5xq2sh683l,loop-ust,8320420,0,8320420
terra1svjld3t7y8vfwc6vamte92l87sw663zq6v0u86,loop-ust,2950263,0,2950263
terra1p7quczl4y92qujz6lxvee4t6dcd4gyrekqgxfs,loop-ust,21337256,0,21337256
terra19nlzpyg3dsy83gkcu9t8pzgvhqu9a0kzqmzeyf,loop-ust,18001191,0,18001191
terra1ld6606ggwy9yssjd9vl7tdjqhg4pgxp7kwtzvc,loopr-ust,524260349,0,524260349
terra15jze5708s6c5umneyfsqz4ye827hrjr60ah3r3,loopr-ust,115127961,0,115127961
terra1t7cgctgrxe2kgluyuj50djwmpfekpmpv8whwjv,loop-anc,75672022,0,75672022
terra1l3d8r46cqf23zwy64s8zfyfvggl2eknzf2kr62,loopr-ust,14424633,0,14424633
terra1zpaf4z4lcwak497due5l44vc505acjqgnm6t94,bluna-luna,2376073,0,2376073
terra1zfhgfzyds6g49lygvf808zw6l3hxgfhp2dvsyz,loop-ust,13688288,0,13688288
terra1ut8vdwqxetasdj90ggjpzrut2wzrfwtkzk2c2p,loop-aust,70073234,0,70073234
terra13znmn4p7tmgxrp4j4dwrdr28hdej2t6scwhq2c,luna-ust,13317426,0,13317426
terra19qt077xwlwcmdksn405m7k4eszrjdlkf2dfcwe,loop-ust,11686882,0,11686882
terra1ut4wj4t0x7zlz9ryejj5m9ddpj9a3xusuxdwuh,aust-ust,1209482448,0,1209482448
terra1msgghw5yzl9kucuvru3d53jjfad200dykaz8xw,loop-luna,61798035,0,61798035
terra185tx6j64qhu6tmmyw5rs45g7eqvh2za6hck77y,loop-ust,334077521,0,334077521
terra16e6k4ydrd2w2n5vjqulf23xsjkrwaulzxp85ed,loop-ust,207196683,0,207196683
terra1ff4az60v6h2j4rtgvfuc476d8jjlgvxduzaelp,aust-ust,5472580994,0,5472580994
terra1xsckypjeu7xc5s4375zc2f36hmxnyrkme793jc,loop-loopr,8959624,0,8959624
terra16ypcvz7333cat4rrhxqetz0n6k9tlmqrlw4j4x,loop-ust,325764,0,325764
terra1leknz7azle7xppylxecruktr3dj00hdqwq3tg8,loop-ust,2679735,0,2679735
terra1cv7h8q5t43rscey4lm0z7f8ypjstu2nj4pjt9d,loop-loopr,958452140,0,958452140
terra1cq5qgrqaft3067f66cppxaahsz2yyz6rkf4aef,loop-ust,15691394,0,15691394
terra1glk697hpjmejh2rcs5lk3c9hl889uafdsk9rdr,loop-ust,692558,0,692558
terra1yqchl5pj5nthd46znfzt6kwdvh56tqc03xwdfx,loop-ust,46359076,0,46359076
terra1k8gemc3f4886g4lltuy9qf5ul3j9zmj9ekyvs9,dph-ust,32375416,0,32375416
terra1gl97azssenpq6ctl9r2s9duxfgsvsyheka4m88,loop-luna,315029519,0,315029519
terra19wurz4r4v0vchjtek2wmkelypad65gfmt549gn,loop-loopr,4429627,0,4429627
terra10aj09lwkspjq6kwdscuc3477pqrhvlcscptwv0,loop-ust,16102081,0,16102081
terra19n6m5jj9hnrxagn79usldceedwvaatxngmgpf7,bluna-luna,859598106,0,859598106
terra1qy23uar8v59fpzl08h5pqkc9huywyg24cw86p4,loop-loopr,795289271,0,795289271
terra1wut59cpa5ne3xyp59qwfwrpympzj45hqzcpdsp,bluna-luna,199315,0,199315
terra1feqtlvaru4lszqnpjesgfw8splrg7u27wwwqac,loop-halo,18384657311,0,18384657311
terra1jpgw4794tgnapesmuefx423dnwa43qmp55sf0u,loop-ust,9739213,0,9739213
terra1kptzqu0wq3psrte2752wqntczymc60sm7aq7sd,loop-ust,2013200,0,2013200
terra1fdzv295ragmdw3v0aej072mu2hfsqksg762d9j,loop-ust,2203626,0,2203626
terra1qsk0hpuce4js8csz45q795xre6wre6ffj4evrh,loop-ust,9205902,0,9205902
terra12r6hsn9fa5x9zzx3quw5zvlqt3kqenj9907lkz,luna-aust,15914169,0,15914169
terra15yqxg4akvnqarn7fe5dnt4487tcsfa4zvzccn9,bluna-luna,74846234,0,74846234
terra16up2atlyy5lhfejhn68fecwgfyrsylrryevmum,loop-ust,2714959,0,2714959
terra12pf2zgr3pkjt8geec56g8wpqdx5uw29eym4ymh,loop-loopr,11932630,0,11932630
terra1q52hfajytumzy834fr9s9h6lmxnxhrwg5kj09s,loop-luna,3813988123,0,3813988123
terra14c56vccl8t8ztt4smns6n8ynj4jn8atw89yj3e,bluna-luna,1038830,0,1038830
terra1683mdrc0qp6hajj5vzkcd6dhq6jcvtsqecwpzz,loop-ust,3007317,0,3007317
terra1qe6fq5h2t4y6307k22ujzlz2c2xr30plll2yc5,loop-ust,1003844,0,1003844
terra17uhd2hrx3en4v7q3k44378pecs7mufww90a5j0,loop-ust,22552840,0,22552840
terra1vgmq5t2mhyt9vr2j5sj6ycqylsj7khqm4fwamp,spec-ust,44983092,0,44983092
terra175rr84pce5k809n4asncx99rr5dc7lwtd05j8u,loop-anc,29115526,0,29115526
terra1p9xvmymvmk3rw942cnk4wvaep8s6x6mecpvrn5,loop-ust,4913365,0,4913365
terra1dlmqzqmnwtzt7zqt90hzlctw2m56rgud6zpyde,aust-ust,10227226903,0,10227226903
terra1gqufaj3agq8628tdy8ahgkyl2hl95u7qzn79k5,aust-ust,20606886890,0,20606886890
terra1j2zaf6scgyz95u7lr7nx95hfwc3kygu8etnxqv,bluna-luna,97684655,0,97684655
terra190y6w6qjmrykh2nhc95j43avt6fu0sg8x905k3,loop-ust,1934605,0,1934605
terra130t9tcungs07kddzwtcse327fxtfnfjqknq9aj,aust-ust,10011064735,0,10011064735
terra1j0wg6749r52yzthgend3jwkt866kl0qzy9zl59,loop-anc,263502341,0,263502341
terra14565jg3377w9v6f5zgv52zt334w5zwn87d70wc,luna-aust,7082749,0,7082749
terra13h73l7enk6wmtnuctedr2gs9m6g7azl7fpg4ep,aust-ust,492148662,0,492148662
terra1llkp9za03cpn9s7t7ej9tpzp97hsfnuvkgfwcm,loop-loopr,53040830,0,53040830
terra142hnt6w0marvwhqqtlpqqhjcpaz4aprqyluqqd,loop-loopr,1398361047,0,1398361047
terra1d32ur49s9yxvu342n6ul7z55l3wh9gnjq5d36k,loop-ust,235462729,0,235462729
terra1t99v5zqkvpvs8vqg0nr0axrfahz24r9nwt5lhw,bluna-luna,1694795,0,1694795
terra1dycptt6k9p0gd3etylreqstj6cgw0s9x8un4rj,bluna-luna,8272138,0,8272138
terra1qrdyyzj0tvy28kc2s8r5vy286n44fx4r70mqc8,loop-mir,4575587,0,4575587
terra1x7fpj82h8j5r037ev6swuujg6597wf53yumrw0,lota-ust,2694611,0,2694611
terra1amaaqpl4yd8h4q7lcgwp9lccxdtqt6uhz2c6t8,loop-ust,5471471,0,5471471
terra1nqtr2elcp5xsrr7e9g9uhzxd44uc884jn8qud8,mir-ust,295976053,0,295976053
terra1z8jrq0sthq5n7qd0ug997td672tapjvdh4eu7k,loopr-ust,30769500,0,30769500
terra1dyyqzxgwnuye2ryac3lf4cp39pfkthvef6jsq0,loopr-ust,37008414,0,37008414
terra10lyqn869ehc2ftl9m7zgerf85te4j6l23pktft,loop-ust,68091029,0,68091029
terra1uxcyahgtclqn8vj5dser25dgk7zecmnmhlup8u,loop-luna,1422341,0,1422341
terra1c8nlj2x42qx7y5xnaz28nw0gwxt35j3l0ute07,loop-ust,22374274,0,22374274
terra1tk7av0wp07am34d2wranqsaxcg7h5klt8ym5p5,loopr-ust,138964288,0,138964288
terra1msgghw5yzl9kucuvru3d53jjfad200dykaz8xw,loop-loopr,7745099344,0,7745099344
terra1gcjmf57kgf3635vguszvqhy83r49gkdkmdtnpv,loop-loopr,109631932194,0,109631932194
terra1l67fwcng0addwpjefztavz4zjc29t83u45gxtn,loop-ust,12942837,0,12942837
terra1ph8z893znjc9gw607ff4mgndmzlsclzwdyv74k,luna-ust,270656289,0,270656289
terra1hgx0uk6acg38r3kdptkwkekx783ml7uught69x,aust-ust,2242648705,0,2242648705
terra189h7nzhkx8kfxswuyvv3wqhrzdfffylxczy8tz,loop-ust,8103553,0,8103553
terra1uelpn07zamqxc969s5j2qsgfrsawjt2l6jtk7p,loop-ust,421563,0,421563
terra1pt2mejpsh9xhmd30gzulxwygsulnmzjl48jxga,bluna-luna,4980827,0,4980827
terra1t5ysjvlf9yzuem9rnp3j077x2t0rep8ln38jvy,aust-ust,4528322967,0,4528322967
terra1m4vlfv4zn4fqs578fvq5jdfrx839yjn47u020d,loop-ust,5503100,0,5503100
terra1t36n5y3pfkkh8kekwyslhea3n00a8g2c9zcaxp,loopr-ust,13789663,0,13789663
terra1a629am26j9385ucyul878q60nqfcnq6yqts0wj,loop-loopr,37824423895,0,37824423895
terra1t5gqdwytu45jyf2cumyh8xx22cflafmj4rmmcl,loop-ust,8356810,0,8356810
terra1vlsv8hhlz7wnp3jp6nc5eqtpl46r4a33fc2r6q,loop-loopr,3219591799,0,3219591799
terra1xdkxejgkd5k6zf2lfdw7m5c3qepedl2ddu88zp,loop-anc,296260803,0,296260803
terra1u9q8zw3c9ffcgdqx2aa926sznvrqffrgn4625p,aust-ust,14774705091,0,14774705091
terra14ulrre5v9se373nukjkr4xxr0ek4aly44nwxtv,loop-ust,56346267,0,56346267
terra18sfsjmeu02gth2ekq0f6360auxqaaqwlulnt0x,loop-ust,9096307,0,9096307
terra1vmy7j7wx6c8k20a94lefqh63rew3s7uy7s4dkf,loop-ust,509628934,0,509628934
terra1vc9vg2eqd5zgnwvfztv4q68mn4gqufvf6jr5ql,bluna-luna,1891587,0,1891587
terra1sa9vhlfdh5hzry2q2m9as9m2hwnr722ew040ws,loop-loopr,2121302390,0,2121302390
terra155dk7e9sckgzcttvzqfk93hrjehrzgdm0l85xa,aust-ust,26853911,0,26853911
terra127nfwg6rayftswl3shw6jufj5wm4wgujtg9zu8,loop-ust,4376061,0,4376061
terra12t4sd4v8r4wnvuprxqdeyjj4k55ezr47kesuc4,anc-ust,77347961,0,77347961
terra1wxmy0v0llnskuswvrue8dpd88x2r89e5vwdcpm,loop-ust,395952286,0,395952286
terra13gky23ql66c0seaw855t3cxh5f8gdxprveejw9,mir-ust,1166753057,0,1166753057
terra1drg0w8len8vwrd30luwsp6rld8wcpk8cjsshm8,loop-ust,196202425,0,196202425
terra1fq20an3h9wt7e4hqkxq22tcuvudxgkp4mc84wq,loop-ust,1092938,0,1092938
terra1e5thk9xx862ts5am2tpjhze7dtkyyacdcldsv2,loop-ust,4714970,0,4714970
terra1m6lrdlj5ch835ju926r6ec7fux9p0efuwk7u5z,loop-ust,726071,0,726071
terra1zzdptramkyvu0rhndrzqq3x94y7939srxu3efa,loop-ust,128688890,0,128688890
terra1ypavxmtq3ckrz25k94cynflx5k2vafewddtprc,bluna-luna,917074518,0,917074518
terra1tvjltmhepwg33rsle3m0dx2dcf7kcrqg44rggf,loop-ust,165386112,0,165386112
terra1rn3729m2ghctm24dg7uxwjcnsv9vgnt8c5r9el,loop-mine,28052608,0,28052608
terra1rjetaseqwuhcd9s3c2s5zgp8kcr6u4zcj603as,loop-ust,197318271,0,197318271
terra1q5v38rn9qznxmxn75khw9rjl0h3dkfmeegsxfe,loop-loopr,184152951,0,184152951
terra1y8jc3a7asxfdj90znyjmzswqhczr3qfl85va5w,loop-ust,5196613,0,5196613
terra1r5m4zh4743hhsat8mff5pcrhqpwhgp4tgw4z03,loop-ust,232071,0,232071
terra1tpg22tjsrf7lgdxup55ufu2caj3v8grk492a9t,aust-ust,21156621688,0,21156621688
terra1mvztjn4drq0mpw3h5p5d78r4wjflqjhurwyvps,anc-ust,331691232,0,331691232
terra1pf7rgkc0efm4xk7ynxgxklkufavcth675uy5e5,loopr-ust,12272666,0,12272666
terra183qrflcmtmx3x9n6ls6e2sq2jhlfexcz4f9kfh,mine-ust,9103643,0,9103643
terra15rpaemjq5rhqxjnzph7493fk2a3llzcct7n6k8,loop-loopr,1087602713,0,1087602713
terra1wc3watuh3em2zzgn5txkejqsvs86ghdn7jpafn,loop-ust,1596963,0,1596963
terra1me08jr0thtmqq3phaqfw526nhzrmwkaja9jpt9,loop-ust,57854331,0,57854331
terra15qptp67tmch5k98vv8kwqtthtry8eu4ngt8zr8,loop-ust,63960040,0,63960040
terra1pwjf94z4swqk6lkqs75gmpujlcvhmu20g8ac5p,loop-aust,1581479837,0,1581479837
terra124lz6rwxe79sjyphj32f3k8tqcvgz0zef2mu0v,loopr-ust,23872133,0,23872133
terra1zw6yznqlajrvmt529c40lqp3n6y9hjkcfgdj26,loop-ust,1093401,0,1093401
terra1llnfem2fhgt4zp4qssjml8w25v6jpfx80hl38h,loop-ust,440985,0,440985
terra1mj3tun28ypqssfdzz74frhwjuzchv97520vc78,loop-ust,2331816,0,2331816
terra1e7549wlryjzn656kvmujhmzlxf5l0ag2dkw3pn,luna-ust,383666782,0,383666782
terra1thx3926sfh8v4c53586t0w9n96vkvp96r6pjkk,loop-ust,214158569,0,214158569
terra1d6lnsdk7u2he4uw7g4jafsn5v0wggq8a50c4uw,loop-anc,14932974,0,14932974
terra1uwrxuvhd2w0hnwv7auuwns8ntpxat5j4hqj0la,loop-ust,2403493,0,2403493
terra18yk3k5ef2sm0mws89m3gpv6vev5dmc36v7s57c,loop-ust,4240983,0,4240983
terra1mglhkv8urt7wlh7g99h4ntgv98w6f9rtfwh7wm,mir-ust,29494341,0,29494341
terra1xdgujrnlctvvphp3ag3pe994pde5rn7c63335x,loop-ust,539262,0,539262
terra14uev8puq5e3r706h08qwq8anpnppruaedp5hdz,loop-ust,15626407,0,15626407
terra1qmsf4dqmcyac5tfqpfpqehucmw72vlny2q3qwk,loop-ust,123553289,0,123553289
terra1ymfy6428yyrlqzsggqk9c9nx52p3epvhu3un0e,loop-ust,71004369,0,71004369
terra1d823ejd3h8frmtcw0p57dl4dy9dy7g8y5jyack,loopr-ust,9161648,0,9161648
terra1m9mcxex8w77vrvzry988ssj8yh3ynla09njc5s,loop-ust,32577904,0,32577904
terra168g5eagy3vkzwn6demmfvw0fchaqhc593uq77q,loop-ust,7082476,0,7082476
terra18fnzchegr8lnt9ldt62qvm3p9mcaprqcampes5,bluna-luna,8689577,0,8689577
terra1ek0wkvss28p2n699vg3jvgmuucdvhg9uh7cpf3,loop-ust,215381912,0,215381912
terra1tusvkzvl7aa2a86hrs88r5fwdq533jqyxrvn96,bluna-luna,2993183,0,2993183
terra1qx50u2qm75c5es8k2pxunx48949s8d2uc7gtjz,loop-ust,2961328,0,2961328
terra10auk5yc7fygueq3nr7jfnugwyngt0m9mrwp08e,bluna-luna,64873035,0,64873035
terra1v6sc2cnmtmcrluvwmvzw8sy93zygc9xkw8msv4,loop-ust,1823050,0,1823050
terra1kz8q7amzcj9e74rgh5567fnp392uqs9540n9ca,loop-ust,63864866,0,63864866
terra1dxcqjakqslfddvh900pndr5jvjlnasrl2hxd06,loop-ust,10855385,0,10855385
terra1jrzwgc7lg9s7r5fwq4rs3yvjjnshj33dkdkyxf,loop-ust,730326197,0,730326197
terra10facy7vmjc64uf5gqfvxzwgj5knvylw5k9uv7g,loopr-ust,7640904384,0,7640904384
terra1ul9sc3nutd655y32dcqnnlq5tes2a8acs9j4rk,luna-aust,31388122,0,31388122
terra1rt4tuw8s7qxg24c2e00z8m8lpygeszpn5n8sch,luna-ust,75030871552,0,75030871552
terra1rsyn72gd2dtncz3axztmmf28phrndyjjyu986k,loopr-ust,501004958,0,501004958
terra17yl9v7a8n5dsxjf30jn638ngzk5heyrjvr763d,loop-ust,50448435,0,50448435
terra1f3sfcd3mnp6gu339e9jfyqv93fr035pw3dr4hv,loop-loopr,105429846664,0,105429846664
terra1nsl9skk9tg27du6qq2970w3k5rh7zg4kk3lj7c,loop-ust,962196,0,962196
terra1klx2x54hj6rhvdcp57mz6jagf8mkmgr4dshcdc,loop-loopr,44070179356,0,44070179356
terra1g32vqkrs0rcfvae08g4yynlzew4wzklw9p3exs,loop-ust,86068072,0,86068072
terra1ccmg282t3sp6znwhytzzgkaz5x2d7rgakhgkzg,bluna-luna,3877361,0,3877361
terra1vvutcud9q8uf32w05q4nd996d3tyzwrkchl9cm,loop-ust,31904762,0,31904762
terra140um009t5my80e75rxwvg5sc0qpv3wcv34dvge,aust-ust,2769823424,0,2769823424
terra1pm3w6trqnw9249kjevl2zfmcwetwncwd4gr7h9,loop-ust,7827812,0,7827812
terra1rj7zl9yrr5cyefmm5ek06sp9xu6vucdxvjgcay,loop-ust,36177583,0,36177583
terra1zcg5qv5r5eqqlupv8cdapwrzm26vxaj8mcunqf,loop-ust,163844286,0,163844286
terra1xan8j5u42lawvq9y02ryz08vq4wg9zgaprv9ml,loop-loopr,1577964751,0,1577964751
terra188dq3urv4mxdqyc3vfl67w5s2e5nv84j30p5rm,loop-ust,25999639,0,25999639
terra1e9zqndtalkvda5qvjtwx7z85ulhanlr8yz4a4s,loop-ust,3421568221,0,3421568221
terra1r2zwes5e5w6xr5h3wj6lk53slrv0c5e9ahp4hm,loopr-ust,8563499256,0,8563499256
terra16hg52ylzyz795fj5v4ks03tvvu6fgrk78zlxlf,loop-luna,3242477,0,3242477
terra1ek00ey6praq3970kejymp3346em0fxhjjk9fk5,loopr-ust,7045543045,0,7045543045
terra1mcdlt8vcfv78j7ee5rkyfd0235kcc0rj83urzr,loop-ust,65837750,0,65837750
terra1hh2ug9m8cf3vmx7f22ncugcj2d3gwg394ak0f8,dph-ust,754197191,0,754197191
terra10lalxtsx4v30wg7rh0696qa9yjyffguquxqcj9,loop-ust,4303124,0,4303124
terra1ljwgdr5he4gsjrjmdtj7herpj6nt56ghv3mmkp,loop-loopr,2426269832,0,2426269832
terra1q7wc5d3jh625eg53pjn7x4mw6fgwu2yqsz9gg5,loop-ust,1060170,0,1060170
terra1yjrd7nrpe8zxfxz982csgyv8hw572gdck2tc6f,loop-luna,106008177,0,106008177
terra12ct4p9c6u6ejl5qeqcyhqr9af7vmt3hv39q5t7,aust-ust,5550102295,0,5550102295
terra1wz5p92j247e0sv9hfdfutkr6q6mrf4mkrtcyun,loop-ust,5194923,0,5194923
terra14vzmjsxxewus7qcfvmu5cx2qgsczawngdzntg0,loop-ust,1596644,0,1596644
terra1r7j82y8z839krn7gztk8m6jw3gzuf6gq7hlxdv,anc-ust,2594780,0,2594780
terra17swhhr33l333pucm8vw9lmwp234rl0zaencxjw,loop-ust,74657452,0,74657452
terra1ym35apk436pf9kmdu9rs2v09aja7le4fgssx0c,luna-aust,77947895,0,77947895
terra169765e6e622y6fndeupcm7uw9hy5e20l0km8ux,loop-ust,2611015,0,2611015
terra1uew75yvf2fs7mhafynt8kryktfuz3vjt740al7,loop-ust,1911312,0,1911312
terra15uwhqq2xnjt03ehwempsexvsxxn0jwkp85xm4c,loop-ust,1368962,0,1368962
terra1ky7xarqx5t30hqhts6w670hsyd3hu469llrc7v,loop-mir,434837283,0,434837283
terra1dvx0975zvxyvq94guq84actssr7gaz35cx0kt9,loop-ust,5652624395,0,5652624395
terra17plta0kvdmxq040dwkerdhzyxt9k0tdg3u3sez,loopr-ust,28239218,0,28239218
terra1s6pm8zr0253gqflpkla5w9sxdpz8j5dtxh5270,loop-mine,19037957,0,19037957
terra1lzrtrhxevh8wj49s70tvw4hjtcnnx8tdtwzfxr,loop-loopr,3538162001,0,3538162001
terra1eaf8fru5k5cqxdnd9ugp8zvexxpzm0ulc7fsgn,loop-ust,928845,0,928845
terra1c5n9hwjdfanlsvzj4uey753re85spnn74eudw7,loop-loopr,44289805,0,44289805
terra1ncrsu34jzkzsqugpep5fumyxp9lmd927tgr9f6,loop-ust,7234816,0,7234816
terra1pdx947sjkpq4dmedr42ceknqzlj38vjdydc6dw,loop-loopr,24916879,0,24916879
terra14pa2elrwh63waqnaxeec5hmdfcle82la2nk9yg,loop-ust,59755856,0,59755856
terra1gtywgk6pf4xfz0mh0zd2jx80gjmf0f4g7eh8av,anc-ust,2780589631,0,2780589631
terra189p7ywwgtac6dwst5eaagn67hthfp4q9fcu4m6,loop-ust,9167800,0,9167800
terra1jszmtjdl4f6suzrk7np0mank93k6gezwe3gwvf,loop-ust,302684954,0,302684954
terra17d4k29qat2vgy9vcnnel4ucztda5z2r32vuc5a,loop-ust,26424093,0,26424093
terra124pgjghlpzze3t6mh7hsywl0apff40w650qhsy,anc-aust,75295665,0,75295665
terra1u75d92xsvmzvzcyr5hs363l4rpfh054h4xqjyp,loop-ust,22433665,0,22433665
terra1hcxqaw8rjpy2ys3dehnnlkrq6mwhfyhvmqpzss,loop-loopr,1667948559,0,1667948559
terra1s607mca838fcut3amhxlryvx0wkdpsvpv9w6p7,loop-ust,7754751,0,7754751
terra16pwh2rzc3ljkaas04ewtgt47vvze00l6yt87x0,aust-ust,8107095769,0,8107095769
terra15smqghaau5r7hd7tc82vgsmwk7as90exlvqqa9,loop-loopr,4421559174,0,4421559174
terra1jhlee2kjny6ezrkyqpvu6xqjj6scdfuet38u0k,loopr-ust,915613130,0,915613130
terra1w7avp9ua6hwrl7tync7p8xdd6artwwcgshhhvh,loop-ust,892592,0,892592
terra1tet5gg98zxucfm7gfpv8rym6ue57lurq8qgtyl,loop-anc,112140269,0,112140269
terra1qes946mzzv5ysp77smzpzy8z36jyy6y30eym7n,loop-ust,1075643,0,1075643
terra1e594vly6kxvqejhs9gzyx3adfd2f80e4v05hrr,bluna-luna,220803189,0,220803189
terra1g7l6ahv04u45dhhgsph8gcr0gfteaj9qdylt5l,loop-ust,1010881,0,1010881
terra1hwy6l8pezae7jqhzqypnylz03q6p5gg37qdpcz,loop-loopr,520279212,0,520279212
terra10ew0t3m2mv8nzq40gnffu44c6tm0kp3zsqn9x7,loop-ust,8826336,0,8826336
terra157n9pmcek8v3xtpuk8l99rv2n5rky5pmd8vaj0,loop-ust,1075559,0,1075559
terra1lgux6n3lestk8r2erapl84eq4lmkuqklt3w837,loop-ust,2011992,0,2011992
terra1kj5rkde0lf9088svtdre2a940xm8sl0cyntjuw,loop-aust,2849635672,0,2849635672
terra1cxqh750sa0uztgw7mrzn88quq5zk82kupagcgc,loop-aust,3230346694,0,3230346694
terra128nh8u5vnf3refhadgj5lsuyhrgfrygm432u2r,bluna-luna,11340685,0,11340685
terra1eklvz8zp52rygj5x5d6pj0fgr0a9uucv68mlrm,loop-ust,465865966,0,465865966
terra152j5tuhc5nrzypz0ahf4nf4ce7x04gtujq5npc,aust-ust,4523990864,0,4523990864
terra18mmpth0gx4gluv3pl2x5xkjlxq840ev84zsdpg,loop-ust,197704317,0,197704317
terra10qzdz8y8usjr02ahckctf45rqf53aua64e6hzd,loop-ust,1335293,0,1335293
terra1sndf0had7gwemzxpsdkguck45vvr43pkj283cf,loop-loopr,646991608,0,646991608
terra1ddqksuhk9wetlr5tpmrcjafns3yryfc49qmnmn,loop-ust,35707153,0,35707153
terra1ax0mr30fwzn8nypq8090cuvljmv0vjql5vujcj,loop-luna,19587678,0,19587678
terra1zcgn8df040auht6yxd85nm7schq2jt49qjzlmw,loop-loopr,8129780997,0,8129780997
terra1htm56kmxk7s3yyxm0vta8w4eqkmzrhe7ul0s0l,loop-loopr,13306029,0,13306029
terra1va2mt34ykkuh36959kfuv55l7v7jrdmu7pjd62,loop-loopr,161927518,0,161927518
terra18mmeq2s5m8dxemn7z40ugrt2ruvn6d49wvneem,mir-ust,16227368,0,16227368
terra1huvyqxukrxhr6dzrald3h8fhgu4f8vywj0e6z4,loop-loopr,37273687,0,37273687
terra1hfswfratyzq99084rt425ghrc2j6hjkmlms4x5,loop-ust,6505217,0,6505217
terra1tpeeknqes48pat3s5g8csf956u6wgaz5c3n8rv,loop-ust,10041789,0,10041789
terra1pmp5pn4jdaew0e2tryz373e8whac40esazmcma,loop-lota,10693696,0,10693696
terra1eqevxetk86ne8k8c892ln4r74ujdzspx9yvw3g,loop-ust,18732802,0,18732802
terra1s3t3pr4y4q3wf27dzg3xns5shwsn9v57jt46e7,loop-ust,17229178,0,17229178
terra1tc73t0gkqztglsrmd84qzf3n9lrcagg0lfppk5,loop-loopr,64274404,0,64274404
terra1vvlj6kzc5f97nf2ue2uje6pkxznn8z8f8ga68p,loop-ust,71873321,0,71873321
terra1x5pwqh5awpjmur6u5heda2sg62fvr2n0xaygv9,loop-loopr,3748416031,0,3748416031
terra16x5nhmpglcsfurf2fv8qy8m3xfc8e3p6fe4h6p,loop-ust,6914306,0,6914306
terra1vmtsjvfjl595ktkeke2hvnmpnchsk4xtwg8zwx,loop-ust,20224352,0,20224352
terra1ahg20frtp4rndxsl9fkxz3y6nj36u4teqsmxwk,luna-ust,1208287208,0,1208287208
terra1g2qj6f6frxnmflqnlum4jeu70e0uhrczk45vc9,loop-ust,21181217,0,21181217
terra1a9nnlxzg2lpg98gafn0mcwwx5f8t2tsrnwjfxr,loop-aust,11936432,0,11936432
terra1v9jsh3gj5z3tq70pdr3gtkhedylx0463ldamxr,loop-loopr,1442208434,0,1442208434
terra1jqk38g0zwr8922dt4ax0hd4th86k40s88z7cw8,loop-ust,1087801,0,1087801
terra1csfamtq9rce7y85m4e5r7gzg6xyfhglxphl7zf,loop-loopr,1268955563,0,1268955563
terra1tejq3t7x3sjayy454vtdxa2xts8tkmtpsncfaj,loop-ust,2728143,0,2728143
terra19v353cjc2wpqkfpdzz3kn9ucsuqjete97car99,loop-ust,3367196,0,3367196
terra1suqewlsehhqhxssf7slfkew3lw3hrq6xjt0xe5,loop-ust,89678,0,89678
terra1msjd4hcge3lwualqejekf089dgyfx38jnm8n8n,loop-loopr,162706331,0,162706331
terra18m7qpxp5z8f6pg2zs86nyanxmtwdpp92l47gk8,loop-ust,79952337,0,79952337
terra15ke6flzdw08n5cjrgdaaj9tryt0xs3e70l8ynx,loop-ust,7931666,0,7931666
terra1plq8jnuj0n9hm95fq6p972zt35xezh8kxjl7kg,loop-loopr,22667368552,0,22667368552
terra19y0q4qje9807nlpypemucls2vxd2jtl8n5wpz5,loop-ust,1041821883,0,1041821883
terra1jq9gawu7jtdtuedq47aqt4eal35ulng7ftxch7,loop-ust,8288569,0,8288569
terra1as0zhkhcfjhrrvc6szmyug295da4mswq7q92mt,loop-ust,924331456,0,924331456
terra18gsgfhfjjpk8dkx9s9tyg8qv543569v4mv7npd,loop-loopr,901205105,0,901205105
terra1exj58mtcp6npgdjsecn5d6dtst2utfqkfjacmk,luna-ust,1298147443,0,1298147443
terra1d52vyvq5dncyfjqv3avpqngqz47gg6stftn9u6,loop-loopr,65014892,0,65014892
terra1lrlgnkcghzenkufsec7jhwu8kkvlwyp707aucu,loop-ust,8925644,0,8925644
terra1ytw9j6azslamczwqw5ax2z65wwuymh5lkudz3f,loop-ust,991077,0,991077
terra1pd2w9ux6dssps33qqf45kmjz6egnta05s6ah4k,spec-ust,3321485,0,3321485
terra19ct3p0e795cse954jcu9vy6zu5lcnpwcdvcqve,loop-ust,6066866,0,6066866
terra1e3jghr3nuqcc5n5nn9gr4wp8mvegej7j4tg06e,luna-ust,11265587,0,11265587
terra1z9n58xutl7gke0rn7m63kj3czwj32rdd0uxx79,loop-ust,3395450,0,3395450
terra1w6jzzfy3ptn35nczcymrxgn9qeqdanej9pjgpz,luna-ust,176159370,0,176159370
terra1det5ese7jmhwh6s3vuuuxtf9ezmkamhs5qr5j4,loop-ust,14833097,0,14833097
terra135862798sayvgw4rev20qe9990ldu5wkg2s5p7,loopr-ust,22670917,0,22670917
terra1e04vk9s0feyhfw9sp94e3huf2qptm6twqhe4qk,loop-mir,129915839,0,129915839
terra17rz0c7heawgvsvsa9u5t72sgmqf5h6ffw390e0,loop-ust,4677760,0,4677760
terra1swqkxhl789nlqm7z2azs5xl9mza3f4qagpx47g,loop-ust,11874743,0,11874743
terra1zunardnt676cdu70xxp5wsjqyp3svaqvawv6w4,loop-ust,2120284,0,2120284
terra1apenzq3z74sn9ehv4nxs6dkwkp8qrdd4d8xvg6,twd-ust,33253525,0,33253525
terra1px3lk56fq3jamj6p6rw6yhkfljf7dgzrh2nnud,bluna-luna,219452640,0,219452640
terra1aahm2pw6p4s9m9tgghzcrnsu5hxvsl6xqvhqmt,loop-ust,3751290,0,3751290
terra1ppegqwc00yucnhggkfnae0zugek4a4sgxn0xzd,loopr-ust,3469422776,0,3469422776
terra16afhnvlskj8rswurk3u9yv30fkmxse0tkh9gaa,loop-ust,2639653,0,2639653
terra1w6m8a6zynpv47rrzmvjejnueu4nevy8aat4n72,loop-ust,929114,0,929114
terra18vrl3ewcwpgp7jv2hycwapsqsysmx8y5jx8059,loop-ust,9720965,0,9720965
terra13s6mhmeftujsex54ernfr8z8y4dkeuatnkervq,loop-ust,586284,0,586284
terra154j7wup4rn4lv0zpsdzdgd5nkg4umm5724k70t,aust-ust,889697870,0,889697870
terra1qwmfnhf8ccxu5al7q2nkzp79rrjyhxmr6e3lad,loop-ust,1086768,0,1086768
terra1fq2y0juwvrypkxqn9tnvuxcnvaqzeuqkpmqplg,loop-loopr,81459311857,0,81459311857
terra1lqcv7ud6gfh3vpsre6tqta3aep5n9h4vnmk4e3,loop-ust,1715800,0,1715800
terra1nlk6w9n48j99agz8f9aj9pa5tw86led3ylz5z0,loop-ust,1015286,0,1015286
terra1h7wkcamefwzrzxccjgn7mfkjj5dyju4wyjg5sw,luna-ust,240959,0,240959
terra1p5m75h933y22mnty9ws88qnxrgcqry070lyldm,loop-ust,395740820,0,395740820
terra1a9e0av0l5jyd2uztzwvukwmdwq0e420h49uk39,loop-loopr,281886228,0,281886228
terra1alle3vmx4g3nqgpjm8damhz6plmfhm94dwawmq,mir-ust,398030,0,398030
terra1kujp3yyryncl93kn5drmlgqq0wtdrky2kufwdf,loopr-ust,22763852,0,22763852
terra1pydpjljpvvdftznu5729n3st3kdjjtmjmf5eta,loop-ust,11571710,0,11571710
terra175vu6y627v6vm2ty3q3lwue75hcmv46p3vnsty,aust-ust,17417384,0,17417384
terra1303l3g0kem3wecrrwkrjpn8dt98487cwzzrdw9,loop-ust,107766207,0,107766207
terra1mq9h462ppqdzqh0du6a3srpc4a7u992vty3630,loop-ust,6181182,0,6181182
terra13qpzsugafrhq90txm32undmlyafzr9rmx8uch9,loop-ust,144323110,0,144323110
terra1wjt4f2xkfl4l2fhphys839x400nc0v823ufjzl,loop-ust,1088429,0,1088429
terra14xkt7xlwwft5w9yjfuvffk7fsyln70udf3e4n3,loop-ust,32294254,0,32294254
terra1z2dud2wpfzd3nsv2jsgwuszxcr23j0wz3jksjc,loop-ust,433947,0,433947
terra14v8eu3r8l8mjz2a644f076hxrwwrmfuv0pygp2,luna-ust,144790005,0,144790005
terra1lcnlpdsdc76k0knxke490pnpncg8qe5chaqucl,loop-ust,7588011,0,7588011
terra1kww4wsxgz7jj62k6uq3qdarnmduuavuhwcrsy0,bluna-luna,1512353,0,1512353
terra12fnsj4zsf8t072vwcx5e3q2qra6vpmx6wtg3ns,loop-loopr,1276920061,0,1276920061
terra1sdgq8uw25lyz9radfhzgv48sumyad6svk4r7ta,loop-ust,10029260,0,10029260
terra12m4jcwvxh0q62cckjtsky7uuq0w9edd74sthxl,aust-ust,21709748026,0,21709748026
terra1v8h0tt6wtsssejue3uswh86m8n0zluwa79dwdw,loop-ust,5085753,0,5085753
terra1vwpvre4ztsy66nlukhupevq60p49262ynxeak7,loop-ust,10175018,0,10175018
terra1vvz8mpzlj3mwg8c72eakvps3cyqyr3vete3vat,loop-ust,17536707,0,17536707
terra1nhhcejv722v4cskgqunjkj3ukzzjfhdhwxegkr,loop-ust,29621378,0,29621378
terra15pka89ck0wd7jn2n68lhqq9je2vrlrjxxjfr3m,loop-ust,38089553,0,38089553
terra10rdyv05smyjhhul664kcpcj34trjarf7fpxlx0,luna-aust,11478661,0,11478661
terra1mexufxs8l0kslyhtxmfgusqw4fxtn5c0xy5mr9,loop-kuji,608501135,0,608501135
terra1yhc46m5gpc6840gsp6d3ephyuhwdfzqpmpcx6s,loop-ust,1616756,0,1616756
terra1p36nxk0n7ze2na24d43fksn8wvfgd2vrkd33gv,loopr-ust,20327625,0,20327625
terra1alpwqnntrljvslcprr8drrww2yekp77n7hncwz,loop-loopr,79474080,0,79474080
terra1n8lae9ucjmcjx8ygmmsn7x3ee9x2d0wk4j0nr8,loop-ust,11932886,0,11932886
terra12mpelhpjarymyur0rlpztstdq2fp4pz3egdjd7,loop-loopr,1024227372,0,1024227372
terra1tguvf05qspwcg2sq2eg57eph42en5swxcnqtgl,loop-loopr,1133386277,0,1133386277
terra1acydq8h497l5sn3mghrhgxw5xd5tl9pdtyly5j,luna-ust,40633357,0,40633357
terra1klqssa9mged7ctv8dha08c67uxp2qyurnfyp7g,loop-luna,1925301374,0,1925301374
terra1s26r7t03067jd6ejg75zdqgsgv3m2g2k4q9zsj,loop-ust,70228,0,70228
terra1pjgdm6aspqqgsww2hsqy3tq3dft4ntn3f9dmmn,loop-ust,1428043721,0,1428043721
terra1vccpg8fg3r4fkf4xkxycglscuxszytdwhxmzfv,loop-luna,206656,0,206656
terra15jzyh9lwlswahmdcauvd4ag244cg2prr9cu6s4,loop-ust,9617493,0,9617493
terra1f4l60d8rz5kcu7pl7e7scsawrz0l33u602x6l5,loop-ust,2004763,0,2004763
terra1wtj85d87m86qpvuyq0zqy6z85djarqqxx5xeqh,bluna-luna,5995244,0,5995244
terra1d3xremqe0pqpg8295pk9w0nql7l54ttnf4jsc2,loop-ust,651620020,0,651620020
terra18n8ld0xtdnh2tzf4fzys0k6npgn7we9ddlmkmg,loop-ust,3585513,0,3585513
terra1h3llnppmt4ptan6yf4yjruv7kt2hhlm4krkjg0,loop-loopr,2951935759,0,2951935759
terra17x4afvctx4k9v5pms9flyn4msk5sspqr3wtesn,luna-ust,106430969,0,106430969
terra1y9fvunap9pr8xr0kkjk58leh9gsjapr3wtjcup,loop-ust,863364,0,863364
terra154sdf3g5amfxta7xxhh6pkh7ussh90lyj3a70r,loop-ust,4167272,0,4167272
terra1x60r2n0wzad3g4k8s9thqdsjk7kcj6kuq404lx,loop-ust,180144465,0,180144465
terra1cs92k5plv09g82clcn246dr3xr8lsncez92z30,bluna-luna,699393,0,699393
terra1rdqe5sr70jce64ytknpq8qp2l97kl54gfv3dh4,aust-ust,224340655,0,224340655
terra10ce3664e52thvut6ytd0ctma59v0t9yfjtwyfz,loop-mine,41846924,0,41846924
terra13evlyvgzxsp6z29wtqc2qflmky2vg6z9q2r0ux,loop-ust,17206731,0,17206731
terra1e4vqxuz54c0pv333zjzuje82jerzcdxdksu885,loop-ust,5237911,0,5237911
terra1g5xt2av7hynt58dtd3swr0vtvyre3s2xy7nh5r,loop-ust,26667732,0,26667732
terra1mdes72a92vj9ywm0myv9j2jw5d4qhn4p86jk0m,loop-ust,1760862,0,1760862
terra1ejg5g69htn2lyar7wfv2tgmm33v5728twnhgnd,loop-loopr,15710770546,0,15710770546
terra1vpepww5k0f7t8fgsv7f9lvx5sg06mqs39hftyd,loop-ust,7796999,0,7796999
terra1da7m4fzm8vsmyvlnslwveyjg6a4tul4dauucyg,loop-ust,15591129,0,15591129
terra143hklcdeelt0kalr5zvnulkkxphz6fzqjut769,loop-ust,3702842,0,3702842
terra1vs2803jmgl0tl5q2saug0xfq780tvdn9rgyddr,loopr-ust,24593770,0,24593770
terra136wthgpjekzgefnkpw3qleh6jljn2f89gttcyx,luna-ust,112828410,0,112828410
terra1g332jj0urv0ph5h230gggspnhjt0guv0wnephz,dph-ust,9585730,0,9585730
terra133urd2hpwf974dd2m57snz5n88cqmcfy5djul0,bluna-luna,1639,0,1639
terra12zwvj7hhpt2fxstnmc9wtehpwlung6vhj5tejq,loop-ust,944056,0,944056
terra1xjpfprzsr028y3uz46qmswft8d6hxtz2sl5kjp,bluna-luna,161899867,0,161899867
terra1hzn0g3twzgexczevlxnq5nd55ug53tl0pvhwjj,loopr-ust,106266971,0,106266971
terra13slrju7dn9ugw8zvhms5q83lyj5p3wrn4jf727,aust-ust,1840289301,0,1840289301
terra1yrkmumevu7nyet3e3culwv23flqeq02q2wyp9x,bluna-luna,169548133,0,169548133
terra1p33kx3uwhfrxupr0fnfvxc7qd8mc6pcxq8hhxe,loop-ust,7951869,0,7951869
terra1802eu3p2v9m0latnnapdzz5x87dwxhrfzzztw3,loop-ust,242460593,0,242460593
terra169hpn0fr2tf5un4rknndttncveshqkkq3yp6x8,loop-luna,911292467,0,911292467
terra163xfa85hv0fffmaz3nmdtn0gh3dcx58c4cajxy,bluna-luna,8624290,0,8624290
terra182cfdj2dgla97dqx2mkp7rxlya74jmfgr76cr7,anc-ust,1728238,0,1728238
terra1y6v2alnjqmjwn9250lfd35dzaajq72s3suurxc,loop-ust,53525090,0,53525090
terra1urnwzmvu0uk9vx4pr8hm8ls9h7hvgvcd8n7lgw,loop-loopr,7295418268,0,7295418268
terra158jppzkkgul95596hmtvt6d6tvpaczkl2k5nyw,aust-ust,806534635,0,806534635
terra1wd2evvdxwncx37e8uc48hn9yyehcmmheuett66,loop-ust,430876,0,430876
terra1w3v476l4vtzz8gvqtlj6mtlwflu5n2cgjtwqr7,loop-loopr,96300893518,0,96300893518
terra12avfrla0k0cfw4ygamvzktxs0ls2zxuljkk299,loop-loopr,1336200539,0,1336200539
terra1xm9w4zdwuvd77jd58j0h9a8mcku740xgv3nh45,loop-mine,40201565,0,40201565
terra1zdyq78e3z5dm7tckzzgqwukafajj3axrvz5cc4,loop-ust,5574920,0,5574920
terra1e9337h6utq5luzwp70qw4r74pdksx5d5m7f3ee,loop-luna,28735885,0,28735885
terra1x6eg5ndgd5jjjk4j4n2lz0f8c2zdcng2m8chwu,spec-ust,19393324,0,19393324
terra1amv0xg6s4cy4887n33p7r3ntrrcnvczug9seu2,loop-ust,264942023,0,264942023
terra1qmrzf2hzytf6fpuppl4qjs79mev92c5ecch2j2,loop-aust,4938969025,0,4938969025
terra1986gczp06fgvvndzjugvf3hd9udkf8wcphk3xx,luna-aust,3680402205,0,3680402205
terra1js5pefask5q9t6e8ve8sqhwjtrhedxu85l2vjs,bluna-luna,19640505,0,19640505
terra1umsa6nhzqq9vzcnya8yv4vsxhv32qzw7c6wrj6,loop-ust,1064,0,1064
terra1qc6vq29r4gvz4y4q05u6ev4e5crlmz885hwzkr,loop-ust,827174,0,827174
terra1jxvkvtqkrhxkm5jyrveuz9uflw59jz8my5pm0m,loop-aust,3252803600,0,3252803600
terra1kwk6pnfsh36qgrju802dl89tsy2cugkk2kkp6c,anc-aust,1665791665,0,1665791665
terra1lqa0sjdktyacw82xx07y2j5gd5majl7evrshez,loopr-ust,69215657,0,69215657
terra1ydzuzzc8azdz4yy0dje3v35vnujyvdw59zrwx5,loop-ust,1415537,0,1415537
terra18x8up270eey72lxpjhqw8szrq66v48a6pjxs4k,loop-loopr,1944135832,0,1944135832
terra10wvzv6rejazwg62ahcsrp92x84j7wg78saq2m2,dph-ust,5923932,0,5923932
terra168wnrh0v29a5v6s6pnkg6lenu5hv2gtrcdwee8,loop-ust,8481541,0,8481541
terra1t2dt2znwu6ml9uq24umyalfh4emx343s68g92x,luna-aust,10022277,0,10022277
terra1dlzlhaeh7pakpszxqtqr035trrhcw05j3gfeh5,loop-luna,1408619,0,1408619
terra1z7g9c9qpxyk098s05t5gkc0ffajzr3azltff8r,luna-aust,108331850,0,108331850
terra122a04zdfkz678as76zr203ht8hd9t859ufx30q,loop-ust,8411139,0,8411139
terra13y2kearqkekrryqa5felvepfvq8ajjn7f4a7x4,loop-ust,3080664,0,3080664
terra1n7qz8ttvxeptdeqh5cchgnlz3ew2uvndc99l2g,aust-ust,199589506,0,199589506
terra1gpunlwdsx8cpmpgjvfs8fxs62xvffejxgjju5r,bluna-luna,6684738,0,6684738
terra1ftytqlsc4mzfc3fgvssw9y3k6e2pha86s56vma,loop-ust,544851335,0,544851335
terra1sgn2s36mppnlsxvmkastrxs26cpnthw4l68njw,loop-ust,7089273,0,7089273
terra1l0de96xqyzkcfj3nhmr2v56euxgckdm6auz9u2,loop-ust,9185343,0,9185343
terra12xf3ylk7k6ca4s7eveug9x9nwlvchp3hf4wr4c,loop-anc,905849566,0,905849566
terra1txjdlel7uqrk4w7m769s0wymjsl2h62f0u2pvx,loop-loopr,278323843,0,278323843
terra1jxrn4mczl4eyu09ph6tgr72n993n60pkrlrfdg,loop-ust,1682831,0,1682831
terra177943g9828alwqxayghj3vvwvqxpng7zf7tasj,loop-loopr,1592397996,0,1592397996
terra1npkzm08p8f32eqvgfey6nlmkqnxv3jzvwlddnu,aust-ust,224297184,0,224297184
terra1wx9lumtww7ue8zhcr04es35pwmdhs7scuxme4m,loop-loopr,1179122234,0,1179122234
terra1s0azsl22q0u7qcfy37dzajmm6u56s27pngtju2,loop-ust,21000164,0,21000164
terra1h9xltn9cdh25m2duejra9d6q6gn3qh2qafrudd,loop-ust,17096250,0,17096250
terra16zz5j0l332tlfu2amdwlas83zylq6w9gt4v8ft,loop-ust,12025446,0,12025446
terra1q3rz3wraw4j34066zmx70r0s8k5r8fvvqf8m4m,loop-ust,42994843,0,42994843
terra1zjz92kcr2u6xevvc76vc3rlpr5pdl7xvyls97x,loopr-ust,19840321,0,19840321
terra1g3cw545x30js4gam0kfcec9l8djphqy2esz52v,mine-ust,98990283,0,98990283
terra1a720ccp339pk9uwgd3wmxemknydtn37uk2gnv9,loop-ust,2538459,0,2538459
terra1mh7vugnua6e0m7js2htfvtxt6e6sn5jn8tulmn,loop-ust,4423771,0,4423771
terra1ywn6a70vay9x89zxc7wq9yf3tfvheurwnqwn3q,bluna-luna,39297117,0,39297117
terra19knljg7p8jtnkskw2pujj92exmu2fgf5kasdqg,loop-loopr,12590581614,0,12590581614
terra165guaq9qnveq5ear6a430cqk222qtq8dkrxlpc,loopr-ust,627524,0,627524
terra1v2a59ah9ftd5mp0l56ge8jal3t45x0gmz0u0sn,luna-aust,74738378,0,74738378
terra1zsqu60y738u0jgk36sdrptq44ejke6a7e392sd,loop-ust,2185191924,0,2185191924
terra1qwzccacpwrmmtdzfwl8kczzdnm9n5f388a9ekg,loop-ust,236904611,0,236904611
terra15j296rlyyp40dtk5p8a358p008pnvu0wt0vmc6,loop-anc,5299304,0,5299304
terra14crsxcn08ayapauqd923muwq5c8fvlxcrj9gaq,loop-ust,182133537,0,182133537
terra1pr2v7qvac0jjcj230z0cfnj8k78a03wvf9lcdd,alte-ust,5162167,0,5162167
terra1x5pwqh5awpjmur6u5heda2sg62fvr2n0xaygv9,loop-ust,135688378,0,135688378
terra10gyw3wws45ra2np4kgvc7jp2d88x4tlnxdaqhg,anc-ust,60732994,0,60732994
terra1s8s334shaau4q96agr0e3nxs2yt6x7q894ga03,loop-ust,10318110,0,10318110
terra1vg2p0sn3etx0rhhwv6z04kju473ze4e49dx6jh,loop-loopr,14606524999,0,14606524999
terra143na7yvzkmp4dlrefr9pmjnr45u5x4t7yqwp82,loop-mine,50809129,0,50809129
terra1swgngtkmnp4pplzp4xh6mjc2yd902kyem885v2,loop-ust,22899139,0,22899139
terra15vq7x5m78tg40s3yxkmgjkewr9d6j4g3fm6swl,aust-ust,2675983071,0,2675983071
terra10nwer94e5mqx6zqjhgpuk00r63q9cyc45e4x09,mine-ust,26457,0,26457
terra1vk4pmqf0jjpjlswn0zyy4nd29pcc5f6fl0qslv,loop-loopr,2584624864,0,2584624864
terra1wcrupfwzf0nkevkz4fz3m706y3c6scjmka85rx,loop-ust,799323,0,799323
terra1w43merts6dvuaxu3xhyzy04tn4qwwuqkkggyxt,luna-aust,103387521,0,103387521
terra1ulkcy4tsjpqk2spfu23jm6rtyw7gwjvke2823j,loop-ust,18265007,0,18265007
terra1w2m3gaj93qu8emlg8hkplew5stzaklyy7678x7,loop-loopr,3156471413,0,3156471413
terra1hyvg3cezp6lxhpww7l07lrmj0m8hzu9t2n78gr,loop-ust,983023,0,983023
terra1vztallwvxzrk0fgnuypwxn565j25tja7q8ypxl,spec-ust,52899840,0,52899840
terra1plt494kaeaq0ctkhh87xz0gjp5h2u28md2lcx3,loop-anc,14623808,0,14623808
terra1wmy3epfjuq62evf3s8cu38tqvaeve6y8tq4nvj,loop-ust,14946932,0,14946932
terra1f5sfurnswlx3xeacqyrajuxatzfy3pg3t2x29m,dph-ust,315283756,0,315283756
terra12ur9wkkkrm8tynj76mnsjawdw5zyv5ph6fyuw6,loop-ust,993911218,0,993911218
terra1n2t2veyqr72fefe4x38zzz30en40frgzvq2zml,loop-ust,4906208,0,4906208
terra1nad3cdka7592mmdgsq90plgk8l4rngslu7ln8j,loop-ust,31815571,0,31815571
terra1pgqyw580sxyl8drh6m56ehmeylaselgfelmq0z,loop-halo,2349437755,0,2349437755
terra1jx34m702y0g5ghm6fw7yh38dhkslnvrujqpvdy,loop-ust,83410463,0,83410463
terra1hge0pcncx4gwgtu68hcd89frma6ugahjcvluew,aust-ust,446038907,0,446038907
terra1k6vh0nd0ufgqy5kta8a2reclkhy4g5hr7zyx3j,loop-loopr,46545752,0,46545752
terra1ehw0j6ejjy06vv86ek8aqqm3tjcm59zuj3r7h6,bluna-luna,43907771,0,43907771
terra1cuz3au5dqn64q5zhrsf9cvg43t93ma88qy2qe0,loop-ust,19499926,0,19499926
terra1lpk7549ggq6ewkvghjzrzw5vjdgjhk2ljljw87,mine-ust,121082473,0,121082473
terra1ksprsaref59jky7kp85wjk75zxck8gmk2sxpy9,loop-ust,1018028,0,1018028
terra1hh2ug9m8cf3vmx7f22ncugcj2d3gwg394ak0f8,anc-aust,84881490,0,84881490
terra16n3s9257ahjrw3t9q8gzfnnwxahw3k240r3cv2,loop-ust,49341169,0,49341169
terra1lydvtcd6px5f593rm9xkxgy3y7xrrr7d0j8x0r,loop-ust,2147288,0,2147288
terra1uu7e9k45edcghz2m3tljzwpq92ef5rwmg0gc23,loop-luna,29032929,0,29032929
terra145qfffg5n3fnyyaxvn046396vac92qhhn22vct,luna-ust,16697710,0,16697710
terra1jz5jf54qutk8pt4a0xw28xt9338fzhnwz7z5n0,loop-ust,29857415,0,29857415
terra1htdr6eveskcjlsry5qnlmp0pt3f0zw84caymu5,loop-ust,392850124,0,392850124
terra1wwjuarcnlve70rua9a7w9e93m8tt2t5dxwl5p0,bluna-luna,14783116,0,14783116
terra1k5thgf7589pw2ggtwyqh7y7n0zczllq3yhfrd7,dph-ust,171752501,0,171752501
terra1elkv78w6nzkhyksrqfjd7fwx2ds5x04nmkqlkf,aust-ust,8981366,0,8981366
terra1uu59vn2xm28xrs38gaqnlvwqrkf5qd98fzfwfu,loop-luna,10976990,0,10976990
terra10facy7vmjc64uf5gqfvxzwgj5knvylw5k9uv7g,loop-loopr,2372881499,0,2372881499
terra10d5dk54vxqk7698unwmp5dsukeu07hyjlat9my,loop-anc,92144002,0,92144002
terra1kpf2a33kct344v0e004r4dlmcpclxn82vvm6yf,loop-loopr,373169513,0,373169513
terra1umn0gmsejjal9p4t3swz58twgdtlvrjh95mswz,aust-ust,116064581,0,116064581
terra1hvldy7fnp4yhwalenraxty2mdkrqpanuhmqjcv,loop-ust,7872198,0,7872198
terra1z7g9c9qpxyk098s05t5gkc0ffajzr3azltff8r,bluna-luna,30044335,0,30044335
terra1lzqt0navn0r93ewd05nep2qp7e46fggk7j92gn,loop-ust,8485512,0,8485512
terra1wkmxd4s63l9nveu4cz4tlw2ftrn8ff098zukmf,bluna-luna,148289031,0,148289031
terra1fkhxsdllqc57lh2lgtsr4x8h7srpe07cr305gw,loop-kuji,3261894633,0,3261894633
terra158yz4tja2k34f226ahstpqfpfvsdrprcn7mr9t,loop-ust,21008529,0,21008529
terra1g90rhge9ugyzvsa57wyfhpyjpkpf74a8h5hmt7,anc-ust,1416835907,0,1416835907
terra1g4xnrkkuccfw0e2rx8xk4vq0lg7a72v4yhl3d3,loop-luna,101244457,0,101244457
terra1ucpt2855yaplwhdn2eu5fju44nm5chy2p0gh0p,loop-anc,20611185,0,20611185
terra1pvqx57ml567ku5lkft705wdds0l2evafsthhkc,loop-ust,99173063,0,99173063
terra1pdx947sjkpq4dmedr42ceknqzlj38vjdydc6dw,loopr-ust,36089888,0,36089888
terra1vfwahjffkx36g8aa4hcjqtsw9qnfd48gkgmzy2,anc-ust,99878160,0,99878160
terra15gs5hwdcqnn5pzvzc6j3uex0s658jm3h85q7fv,loop-ust,1073682,0,1073682
terra12ydkrh0mk6t6wzy70vzj6qcldp7qles3rc8kkx,loop-mir,14797344,0,14797344
terra1sm8clja36gm7nprwk7eewyehf0fhgpgg0g5nd7,loop-loopr,12400303798,0,12400303798
terra149eezp29dmysnuz2233pusxp895mcjq9waq8kh,loop-ust,2919496,0,2919496
terra1f7qvj0gkheakrk5hcd79ltq6cwlf2nyk4ndhg0,loop-ust,2780100,0,2780100
terra1pm2rp8vc8pwlqzshfdfxqpqdnr5he5f06jksl7,luna-aust,609375597,0,609375597
terra1exhun4eef7u3wwhww7qdcydw7rlp97zdym9puc,loop-lota,79178144,0,79178144
terra17w68u9tsvzxg8jpn6qqeampt79gt2c9dquxjs8,loop-ust,26672913,0,26672913
terra1mwh8mq3ryruftm5z56p0rkddawu0w4jsgp4tpf,loop-ust,7215673,0,7215673
terra1v994v5z5zx9yl47jst5ukut0hs9svv7ykdtscv,loop-ust,2848551,0,2848551
terra1gnltf0aafh0njsqtjfglmpd7wuwrag0kttc4cx,loop-ust,4295085,0,4295085
terra1ncusnks2kll2ekdakaxvqep2m6tv8k4kmxt3lt,loop-ust,7396608,0,7396608
terra1afs4rn4f2430a3asn24qnyu0ulh6lc4r0xc50a,loopr-ust,645164,0,645164
terra1vhwdrv3d4htjhneqqc388wpm0x634xkj8k0h4v,loop-ust,142675409,0,142675409
terra1klxazgs7kmvsu8l0qzqzh9fhpfcqh9u34fmaqx,loop-aust,2858212539,0,2858212539
terra1zc8ak55k7l0ppr89wdnd0846xcy6npmsxx9s9n,loop-loopr,504945480,0,504945480
terra1mydtm6n4y27hdgwtfxjn0stl0ffs75m6sw20ml,aust-ust,766095835,0,766095835
terra1paetxgszz48vmksdly6cqy9yd7s04z7mlw2uev,loop-ust,578905792,0,578905792
terra1werq4dqfhcy7c60qvgjjz69n429v87kt8qgcju,loop-ust,9891803,0,9891803
terra180478vczlw6062vs96zd20z5y8jtcsm2cyg8ge,luna-ust,9102104,0,9102104
terra1jjh8er7z7ernwtkt2aqdhkzl52lcrhuzssctfl,loop-ust,645539,0,645539
terra1dgq67c737qtlrfc7jvkw44cs9tmpt92xxetsx5,loop-ust,16052446,0,16052446
terra14ft66ua5phrum7gaykehg0ph9mfg7ftfunzedh,loop-ust,71990,0,71990
terra164pfzv42hdcuct08879v9djw2kv9p6eukc9zur,loop-ust,97469147,0,97469147
terra1qlagl3qnacfc8cumq7xntw0mtfxtqx0rvwxelv,loop-ust,2230601,0,2230601
terra1ae7emenqxxtqm2x6vn3auln67zgrghky3ryhtr,loop-ust,2426521,0,2426521
terra19czc8zumg5ztgs5x3qld9umymxcsvpy7al29jf,loop-ust,139051505,0,139051505
terra1chcxqf0e9gyqyyzl3peksldswr3a4r3quczeur,loop-ust,2542816,0,2542816
terra1h3vmjh6jj3zlhujjkayn5ml44h7ez2yvwdulgg,loop-ust,425841,0,425841
terra1dzx2yjakcsg5zulcr5vgpfewnknc298hfe8ndm,loop-ust,23779156,0,23779156
terra1d8zd4k6fc9wfl64fcplvfw3xd4u7ykkgphh32e,aust-ust,521269815,0,521269815
terra198xlc2sawgufdmeqvt2pwqjydeseh52ragfwu4,aust-ust,1324068138,0,1324068138
terra1e6durqy2y773hy7zygzfy0zpz4g9atzptyuece,loop-ust,46598246,0,46598246
terra1nggd8a62nafuvp0wjenmmee2rv7z6g4vm6f68v,loop-ust,9813864,0,9813864
terra1nfay0j5pkvkt0xvqrq9pl0x0lfc22mefkwfv93,loop-ust,23209398,0,23209398
terra197q7vy6jcx5gqj43n2kv9t7zgl3lys5542gjed,loop-ust,59442554,0,59442554
terra1kq9862a7qqxwswwy7gseg3j5zqzn0xqlknltlg,anc-ust,1208810036,0,1208810036
terra1t0mhqn7nyu9pcguf0fayt6q7g5jhx925ep2paz,loop-mir,43180224,0,43180224
terra1skk3cy0eq6fgls7wu8n7yvsl4q23qazv3a48vq,loop-ust,171352939,0,171352939
terra1sxu4xu9rc5psjuequ75wsrwdwuk9kfltw8vzm4,loopr-ust,444790854,0,444790854
terra1uug7qhva5vlsa0lsx0v7wxhvvps9p47dcl5ul6,loop-ust,2013960,0,2013960
terra1k4kd5fhlt2pphrt2uulsru3up03vy7524g9yd6,loop-ust,446477165,0,446477165
terra1555c8mpauq6d2nw59hhranp4xc9n09sdcjdcs3,loop-ust,829849,0,829849
terra1wh2ujt28v82q2rv0yscxuagclapt3yx463c5j8,loop-ust,1599415,0,1599415
terra1a6dwe33zz5az6qmk5aqrhl07rnngh6xllszldj,aust-ust,20984642,0,20984642
terra1773dhetrzx7l5srxvaa3vh4jfzjk9u6h70yrlh,luna-aust,83424938,0,83424938
terra1a8fjhfxf29w3sz9pvdfthvs96u4m5r0knlumaf,bluna-luna,57092663,0,57092663
terra1wulcfgcgls0nkeapfkm93m9ryhg3jks5rtga46,loop-ust,902419,0,902419
terra125yv7wn9gz4d6n553278542qf4r3xm4wtmn0yg,loop-ust,10362528,0,10362528
terra1dtlde2sym3nvdxhca7u3haltx054vkr93ga2d2,loop-ust,23962221,0,23962221
terra1qf92ey3d7wqtem7l8jx7vuxp22v4svxr2w6k48,luna-aust,675158900,0,675158900
terra14am9hwkvcfw7lj80ec2x4ap33xfr57m8656k67,loop-ust,9302185,0,9302185
terra1pz8xqgaut4dlg9z2pfcr4dqmsq2gwuyxuk07hf,loop-loopr,89248145,0,89248145
terra1hqu7ggs43dj3v8ykn5dq2agfz474meye9yugen,loop-ust,9402341,0,9402341
terra1vfyjug93g568uvqh9zvn8e8u22k7a57fcsr9tn,loop-loopr,1366262357,0,1366262357
terra1zcg9yznnuv67xg37gq5k9hxg9vpyeqwdy2sk6c,loopr-ust,3102155,0,3102155
terra1h6wrl938ssmj4vcsdx3tvh6m67vqa4p6n5hl02,loop-ust,8788285,0,8788285
terra17phf4z6rq5ytf5q052kwcn347cxh4sxz2n04n2,loop-ust,89301,0,89301
terra1r7rue9ea8hs448mahyt0sgdrse3dr3ht829dwz,loop-ust,115049055,0,115049055
terra155vtqugnauw0k7sufglj6scl76s8a0vct6rqqk,loop-ust,3635828,0,3635828
terra1e39dqlm757nvx8j9f0ez2fpz52p6pv5xugjaun,loop-ust,3943004,0,3943004
terra14n926teedzujawjy7l9ef6v42wygcmtlu8m8yy,loop-ust,478087258,0,478087258
terra1e7t5hjjzujf5xpcm93zjug6g0ce03zt65ysp8f,loopr-ust,12117503,0,12117503
terra1nlk547fsqfqc9f0xjdc3exnqvttjdu2sfcgegf,bluna-luna,149929066,0,149929066
terra1aq7wfxhhrnyfmd9l99aeg9hk720z4q9zk7qsy2,loopr-ust,482479524,0,482479524
terra1a5vxtg2pghaagklm5q26lhlvyrt8salsgk7a4m,luna-aust,53015279,0,53015279
terra1eajylxqu7qcfr46s7tdwu0ypuj0dfc6zjpjpc3,luna-aust,1566272606,0,1566272606
terra124nj53xk2r5084tdgp60m9j8seerec9wm05ear,luna-ust,72705239,0,72705239
terra1pud2pzmvgusqe663g69kfamkrhtz9hnupdr665,aust-ust,9374196,0,9374196
terra1ygmyw9f2wwm48nxm9kffluut6j97p7hflmr60x,loop-ust,1191091,0,1191091
terra1qza05sgsvcxgeskjkpxarjuyqtkc99qhl3atdq,loop-ust,22706828,0,22706828
terra18tmt0tp7hacen6w8jksq2e0wzytkgdtcdm9ugq,loop-ust,28685578,0,28685578
terra129r8r9hkv4aqtdggndejqjzc7chzszvas09fx6,loop-ust,940916,0,940916
terra1qn4gvln7qlz4egwkmy4shg6mxrgnudkv789dem,loop-anc,21596347,0,21596347
terra1myws5amdd0va5zmg4pknmeetcvlegy78kx3juu,kuji-aust,405807397,0,405807397
terra1mv3ep09akc5ppl55jg88xxmt5wkdq7j6etkrk0,loopr-ust,18798576,0,18798576
terra1p7p9md7gy66hex3vamc6d24vgrt3s7wr95sx9m,loop-ust,128877806,0,128877806
terra12a4udz6rfzmfza0zk9m67vxsn9kvvujs6q9ag7,loop-ust,469775447,0,469775447
terra1gwtwkfr6kd2gu4dd87hc90fut3savmvj2q9fvl,loop-anc,47554780076,0,47554780076
terra12qk0vfnygnwz644jl0zq0z5ygeh4nu60qjtwye,loop-ust,1183248,0,1183248
terra1dwld9rw50vjgkxpga2ha38ey2fxya07lw6rxm6,loop-ust,3246232,0,3246232
terra14run40exzxnu0gmqmquffvzelsdmajgr32kjue,luna-ust,579954552,0,579954552
terra1p9kuhadwu9hm98usjnkhj7nrm3yxha9euztfqs,aust-ust,46109871,0,46109871
terra15vzxrnmu5wjamd9jayez2axwkx93casuacvz04,loop-ust,3944919668,0,3944919668
terra1qzjgn5m3lagfngl06zjwh8s5y7nx03rla6qfed,loop-ust,8571198,0,8571198
terra190hekqxvw325ptnzgqj5ukawt8hgtewel5hk6u,loop-ust,4675350,0,4675350
terra17cm9dhkl4t7kwzcku7gwu2ne0025af66edhmmx,loop-ust,448809183,0,448809183
terra1sp00alt2f258ary9jm0p5cysguaqtqc4ntyvnm,loop-ust,4470979,0,4470979
terra1dlujenkc9xk0k27qeq7y7fl0dc8hefftlmrpuu,loop-ust,328163039,0,328163039
terra1f44m6ylrufl3k0ge8txrzjxnmwg9dv4sw52ynt,bluna-luna,63710393,0,63710393
terra194axjzq0jdw6hcxrlr7dw5lelad2377g97cc8e,luna-ust,44371252,0,44371252
terra18867qvyl3hlrphxqv7ecpt8qe5vlyn0fhnpvwt,loopr-ust,14977105,0,14977105
terra177u5x342vnx68d09w8wz9qvyv3uhd9utttlqsu,loop-ust,6100270,0,6100270
terra1fmarfw39j5fl52l5dfrrwg6rr2mstkks8mkcet,bluna-luna,962777,0,962777
terra1pyccpymg9zc0mcmtej2235c03j24u4nu2rjumw,loop-loopr,4416582610,0,4416582610
terra1twxwclykrannmcz3hwrq9fm8ykwsn6wfaycdq6,bluna-luna,41851112,0,41851112
terra1mdek4nvg8whtvs32vn3m2hma6gzpmhr449n4qv,loop-ust,133390999,0,133390999
terra1tfhycp9c48c46whvvj9uc0vvc8vl7y80jqccw0,aust-ust,478113305,0,478113305
terra144wv3hj0jp3wlj0w44lkjrvmptl2p9pf3jkpcd,aust-ust,2957294,0,2957294
terra1zs9y5u0de9lawchsxrlc0ts6fa206cudy9xvah,anc-ust,23876834027,0,23876834027
terra13a876yv50prfej6cayw6xy40p9vrhlyqwfg8j9,loop-ust,24937325,0,24937325
terra1pud2pzmvgusqe663g69kfamkrhtz9hnupdr665,luna-ust,3291873,0,3291873
terra1zdh2ljfjugn8kt540z80r30nqxmmddwcqtsy28,anc-ust,22006934,0,22006934
terra1cczzd3j0t9ex54kc9wpae5tqtudhs0w38rme2r,loop-ust,33288229,0,33288229
terra1d8za0244urd9htmr90ye72ky83rfz9twccm4a6,loop-ust,5223410,0,5223410
terra1lmkuemnd8dsh78sallyw0vg5ldn4mlkjg2yfw3,loop-ust,24049063,0,24049063
terra1rej94k80wp0fcakag87kcagpapc6datm2re8hj,loop-loopr,707998978,0,707998978
terra1an84yzu8cju3vzqnfmyn6u997ctsc833ykcpa9,loop-ust,106923788,0,106923788
terra12lm0jv3n5klltwlyxx5zj74ked566r4crdt3z7,aust-ust,887313514,0,887313514
terra1kdktat23qx9rxv0xctjqfymg9cclcfy6fy73rf,bluna-luna,85882066,0,85882066
terra1gmk6587tk9apqrrfrdrya4rjs636rcmkzuhrpl,loop-lota,17405682,0,17405682
terra1vghla9unksldpynht3fpkgvwdzjxyad4s7m2hw,loopr-ust,48355112,0,48355112
terra1szh7tsasucaneu5cwrup65gfnvlm0g6f2hv0xz,loopr-ust,60291449,0,60291449
terra136nj6z586kttr2a4p9whn4e5hh7n8h2skdv2al,loop-ust,5990107,0,5990107
terra1q7u6r2uhga46w9wen99uyrtns7v360xjds2fu4,loop-ust,3036999,0,3036999
terra1a0dy0x4tkuaeqvkvts0ehukfjcclxl8j9zz28w,loop-ust,4909512,0,4909512
terra1ew8tm6wwyk2y6a9nz0kpmd2gny08jsean4gsh8,loop-ust,14645981,0,14645981
terra1v5dqd8fdck68tlqveulqwctdctrcl59ydyrem2,loop-loopr,2411963171,0,2411963171
terra1a92l20hrsthmhztzjk24em4zva7z23cqdtwt3d,mir-ust,2977676969,0,2977676969
terra1ru0g7kxl2ezx40rx3y0fae9wrayachw509ru9s,luna-aust,58456018,0,58456018
terra1l0rsv5zfg6z3a7uv9mcw3auvs2f8rgh7ezfwx5,loop-ust,17888002,0,17888002
terra18c8rn98jq4gtutrp3kkhvpkzpngs6zw5t05xmx,lota-ust,3407888,0,3407888
terra1vr6fslg7fh340yr0u3n7ag9369ferxdq6y7ycr,bluna-luna,1648033,0,1648033
terra1y7s8y8gvdssdrqntjh3rdczkctg75s2f6c5w8p,loop-ust,439646,0,439646
terra1vwu0h8tw062e8ncepmvm3zuanf25r6rhhlaumg,loop-ust,17983368,0,17983368
terra1cefp9qhv5nf8lqqr9g8tz58u5g8hpzhxfrnyje,loop-ust,3558023,0,3558023
terra1wf5vmm05tnj737t6ppch6uu2wek8z4ugffkjyw,loop-ust,242092789,0,242092789
terra1kw2t02vw2wkxhyw958sdk7evc3xh7wxh9ezlr7,loop-ust,572183808,0,572183808
terra1mlf63ns0x4gp6v7d5tlaynp8d58zqwrm3cy2kk,loop-ust,984240,0,984240
terra10t7dm64ylv5vnkrjz6rwp52uju2y36qstapf4a,luna-ust,4718210471,0,4718210471
terra17ghq6wut8my69hglyucr52kvu6m7qnrl22et6m,loop-loopr,4166799510,0,4166799510
terra13zzkvysgpex6hfqtrjesjentned3pz27r6c2zd,anc-ust,485475231,0,485475231
terra173fzhlv5tmshf3qh5ur2demaktpzqremuf6k42,loop-ust,893556,0,893556
terra1255etglnpu0ul3jpr4wx3uuakep0cqh97gaxxz,loop-kuji,66031889,0,66031889
terra1lz2hph5eyavup4dhtgdh69g7gf6ess3wqteewp,loopr-ust,14446073,0,14446073
terra1d7v5ht0w6yweu2rg2vmex3u9zqzk7n388tlk7w,luna-ust,12104684,0,12104684
terra16uyz3g9vfppfatlfylrh36esue568fqr25xgfv,loopr-ust,14407665,0,14407665
terra1feup3syyh4f82t5q59mvvsphywn7h47tejjap2,loop-mine,57154573,0,57154573
terra16jvy7qyuc4y0h7cad4292k7jxuru4xeq25wt9v,loop-anc,53783483,0,53783483
terra12uf3n8zp6w0uywh88npwxx0sk7j49eka3nrwel,loop-ust,8823176,0,8823176
terra1k9d06p2me6wqw96etgjwjk9f94mdgktd2mzfg9,loop-ust,682428,0,682428
terra1h03ywgnd87rgay2urz7e43u8cff9cu3l626gnu,luna-aust,245172709,0,245172709
terra1gup7ja74lm7hqzx0u6u83vxnyq9ycnea603xlq,aust-ust,2357620257,0,2357620257
terra10a8wryl83cctyvsy9w5lszl70wsz0kmhggcqw0,loop-ust,3871765,0,3871765
terra1lgremxa67lt8g6e3g0ty0z0d9tq9mh0u96kv80,loop-ust,9244310,0,9244310
terra1wkaspw4j6k7ux26wt0ksqfmaz9mwu6squqwdt3,anc-ust,104170283,0,104170283
terra13pywmj3wuca8tsl6e4nc55ann94jmda72j20gk,loop-loopr,396890118,0,396890118
terra17g25wxps8q856039g0agkccsushj2z4rqpnf7k,loop-ust,537558510,0,537558510
terra1kgzpnnsfw0tplvkrfk3pnnd2l3tgmu98yyvdfd,bluna-luna,25414307,0,25414307
terra1erty35nhq0vwzcry4vrysd3dstflurdtkvcu8n,alte-ust,8906037,0,8906037
terra1mw6u99vqf4p6rvjsfsuy2sphgmsrt6qrw6czu4,loop-ust,1613443,0,1613443
terra1vpy6v9ha87d4zt0h3ucycfe37c3jeeu2pkdzrk,bluna-luna,15944620,0,15944620
terra1wkaspw4j6k7ux26wt0ksqfmaz9mwu6squqwdt3,bluna-luna,54784476,0,54784476
terra1l8e2hzhrh0kym2xanrw6fmlgfs09zxvunw353z,loop-mine,2819129108,0,2819129108
terra1l46kx5nfyg5hrcxkvd6s94pvt99y4vg7r96cve,loop-loopr,607029800,0,607029800
terra14yag9wzxfu7qz4jggver3cmtp7tk6anls68g5s,loop-ust,1722737,0,1722737
terra1vpn0u3fls3ct84skd34ehc6ulyg8r4888p5vkh,loop-loopr,484799729,0,484799729
terra1pl8z5n3yjcs8kplervdkq2qjqwx9gt60rj628z,bluna-luna,3291256,0,3291256
terra1szv5esesv97myaprt3vd8pka7kpgsp2s304xq4,loop-loopr,324836369,0,324836369
terra17yullckr8uejfn4a39n87mufvlrjevfq46wh0u,loop-kuji,7875078783,0,7875078783
terra1gdq248v2lw8glzpag7puv9xfe4725jhw7hcpuy,loop-loopr,248258545,0,248258545
terra1aqwvv6zzhl6nhqry4rjtph8lmjl8qpefhahgtv,loop-ust,796127,0,796127
terra1d9873p9x08zvh4m2q4vtmcmq7stqjnscd3dsfh,loop-ust,30376843,0,30376843
terra19yn56wuq8ka8j0hnfx8fgpakdvnn80xfcunr6r,loopr-ust,18211139,0,18211139
terra1gn7mygefnuussd748mfa39vylsa5h47pzggez0,aust-ust,3684886752,0,3684886752
terra1mlz3h2gw5vrggpddm90k0yed9jptlazr4k9xf0,loop-ust,1033742,0,1033742
terra163xtd59kmm0uylxgaeny77h0r90sm092wsw44g,loop-loopr,75892782,0,75892782
terra1cery3hph9nzukj8l4ehny3whjvektlg9pufj07,loop-ust,278476764,0,278476764
terra1x526n6d8wxhrv7kx3fpzz4anklauagcrfrwddw,loop-ust,1467423,0,1467423
terra1zztegfq6cne8ytfnrp4dvmtv9ch66lekaw23ad,bluna-luna,1197901,0,1197901
terra1md0wh5m629d4pd5gmnzqrm4kde6p3dh265eh9p,anc-ust,1284732,0,1284732
terra1xzq27wkp9t99lyd4e67mw3hgy7vq6vmdqyvm6z,anc-ust,2181697328,0,2181697328
terra1veuer6nhtapqwu54ksn4qmngaysfg0r92aexhg,loop-ust,1856459,0,1856459
terra1nu4enyycwfpr5vaxl0rvx8npm8gz6ul3hg8mkm,loopr-ust,44545747,0,44545747
terra1yxsus7qzr8ax3ld6d6ud86eqgsjn5cz9wh2jdf,loop-ust,5480795,0,5480795
terra18nlgt72d4znk0lmdgq35r9q4knc2g8ha5a4h4r,loopr-ust,27707966,0,27707966
terra1ep3880p3xs0q7kja9cyf9k82jjnzjvjppexzpf,loop-loopr,15902922,0,15902922
terra14r9pj9eh4kkqm5n90yz7c9sdc9n6wsn8ws292f,loop-ust,927142,0,927142
terra1pyx86tl20d8chyr83zswph5tk3mmhwalrsdyp4,loop-ust,1201404,0,1201404
terra1fukk206dut4lc28x5ndyx7fdtd95cv0zyyzk6q,loop-ust,453779,0,453779
terra1dat8n4fq7nsuzhhea2wxwsmvq9v3hj9y8hxlkw,loop-ust,284560,0,284560
terra17ydz6gckrxmx5ecglcz876pmuz9gsm8h4au7wy,loop-loopr,4818289619,0,4818289619
terra1urv9kgrfqclpent3lglm3l43uvva2evluc9tpr,loop-ust,1926800,0,1926800
terra1gpsmt2wkdagxg9hv5qz9gjzc9gstc5lh3ggvew,loop-loopr,2294824968,0,2294824968
terra16427k48qw7uqkeyufprwkt5asf9qhgc8cs4s90,luna-ust,1630464,0,1630464
terra1esxshzjaktwkkj0j3vng73q7zl0sqjw5eaa383,loop-ust,1910624,0,1910624
terra1wxsnm5vpsr03mw8j8476745rs0lhj055v24axy,loop-ust,197992,0,197992
terra1k5puzsa66zzmfja638ldmgj2vydttupxj6em96,bluna-luna,502760971,0,502760971
terra1yu4jq7zvm5g67g5ctganjy0xttxemj9lkucjy9,loop-ust,37649489,0,37649489
terra1vg9eydwyskhzmuae8kvjlu8q7d4ptenlgwaq2y,loop-ust,8058152,0,8058152
terra174dq6qdans2t2lulgqnkuqp0ke47jn826chtt9,loopr-ust,3086384,0,3086384
terra1dr609a42x8vs6m3ncvw0w03cr5xccqd6drr2mm,luna-aust,207780112,0,207780112
terra1wy7rs9x67kues3mpmau7x2e5tlcu7e0gk85zya,loop-ust,2122337,0,2122337
terra1y8yhpvkp646d24gkv2hwkwj93ys00qyf35jnev,bluna-luna,492825,0,492825
terra187saksm4y7hcwtquamje0r9rrwxu38usjyqq6p,loop-ust,16825608,0,16825608
terra1e46jca8v7ssd7wm54uplv2mq0hcltpqjxqnw08,luna-ust,53789684,0,53789684
terra1gfeem3fjzlr6f4xr7s3uyqhjhhztqe7ppa8ys7,loop-ust,9079615,0,9079615
terra12dr4zc8dc7ag745xrv7xuxgy32rzuvaac4le7g,loopr-ust,24843894,0,24843894
terra14407uks38qr3xyye7ltymhg5l6rke40rk5k806,luna-ust,62358765,0,62358765
terra1fcpmg5f5cud3ked8gfqsnqfxc96q5v5dpwjzda,loop-ust,13299717,0,13299717
terra1fs05qx03sdt7x3258hf5p80xweu84j4e9dqfwe,loop-ust,4098191,0,4098191
terra1wf5vmm05tnj737t6ppch6uu2wek8z4ugffkjyw,luna-ust,13908301,0,13908301
terra1p7sm7qg7ee76j0ywzcny6e7n684rqm6zjvr8d9,loop-ust,11953642,0,11953642
terra1357nxw4qujeyxqw8kzaecza55ucrdtzn073680,loopr-ust,1484195,0,1484195
terra1k73xdcn3ckuxsyw9g74xheuwq79h8w3qddcand,loop-ust,3466030,0,3466030
terra1vgxjyzp4mjl4v82t78x4s9evhpdnm2qfgqmvet,aust-ust,144862947,0,144862947
terra1da0lyjwlfp4655ky7zwu6r6783p8x3sdex0kdp,loop-lota,5143303,0,5143303
terra1mg90y64fkut3xkp3np0w64ngpma0xuzw06pgca,bluna-luna,5281159,0,5281159
terra105fz9r4nly9v02uvtew8x92qhf0p8d8ttz2jjt,loop-ust,3759655,0,3759655
terra1deqp3msjnc4z606h9sqj49vac2fa4nkc5aquhr,lota-ust,46610138,0,46610138
terra1qrnwa552mzf5e4fxqh40x0v7yyzf3jx5jfp6qp,loop-ust,293571842,0,293571842
terra1mugaud6ucn74fenjcne6jxhdtkf3428pfhu7xn,loop-anc,1281860453,0,1281860453
terra1vuz0cks2n3v0yejty7ng6tftyplyr9t7wk9lwq,loop-mine,53456918,0,53456918
terra1cdsgym78y6kf23cwdkmgsuamyekjkh3avp5q8y,loopr-ust,14782828,0,14782828
terra1n2waylv4t7mu3m82mh4dy6jpe69z3sat5vv7yg,loop-ust,4908846,0,4908846
terra1p9gk722zvqn4dvzqz36dq8a8qe0shaf523dvam,loopr-ust,21715500238,0,21715500238
terra1namtfd849chx5nyv3dfquvfhmrcjk5hv84dz37,loopr-ust,21747579,0,21747579
terra15gzq5gaw79v527mcwc5fy5e6n4r4p6dhunlvy8,loop-mine,118312165,0,118312165
terra10hap3thww7wcuanufsuute5aa9qte2jac05833,loop-loopr,202720945,0,202720945
terra1z6jedjwdm9yp2nhyz2pq38z4xfcqp2p74zk520,loop-ust,1018224,0,1018224
terra1zdakq55k2vs065qgfru3pn8gtxkt6w6w8d4xhz,loop-ust,9703148,0,9703148
terra1flgu588trpyvn3tkw70mv4sk8n4zmzevdsq2wf,luna-aust,19489704,0,19489704
terra16kdet69dkjgyeap23kpa5tnjp26tau42a5uam3,loopr-ust,14403748,0,14403748
terra1pnej0z22w2hkf82as4h42ncpztr9ynepp80krr,loop-ust,47793594,0,47793594
terra14kzeys90v45njf90ywaawkc76mwlrrsa8s0uxv,loop-loopr,1273868145,0,1273868145
terra163dukqmx6nl0q3n2q47xennv32d0ufcdh86kpr,twd-ust,27492560,0,27492560
terra1rv4f3ttpy3l5ygj4k0768ca3fu8vvnexmfj0zg,aust-ust,184108352,0,184108352
terra15term2u5jxrphz2zedl2v85c32szedu62xsrqy,bluna-luna,67374071,0,67374071
terra1z5ncgalvy3sxkuak09vpqpmkrh3y42naaafzwd,loop-ust,18971631,0,18971631
terra1madruer5vgvgef47ymdzz7l5uql8chmurwz0c5,bluna-luna,11122177,0,11122177
terra1qqspxl0as2ctgjkj6x8hpa3h6jujfefweg48tm,loop-ust,508250903,0,508250903
terra1zh7lqmdr29ce9wnutpp2590hezjj6c49y9f6qy,loopr-ust,24922432,0,24922432
terra19khgkewsnhktmfwaez6cm7z9znmgkelmdf6rtx,loop-ust,156472317,0,156472317
terra10aq62s6m8vty05g2sev9ey8n26g4vc5h8jarwv,loop-ust,1092541,0,1092541
terra12440pud8fjlc99nh2rtsrvgpej4w0ncapxjucp,anc-aust,377958863,0,377958863
terra1yuqtz4sxedpw4n9undn30g5gwxvh7jy6cmajrq,aust-ust,89628639,0,89628639
terra1syrgm2jlwx34qh8wxef6n2rxc6c55zh9mcjrm6,loop-ust,19978846,0,19978846
terra19k59kz07jzeft7ex54j7qarhav6q4ta53x2v3z,aust-ust,18355783,0,18355783
terra1a236ek60g00z6sqd4ukjf2azscyaqxnpzct25n,anc-ust,1123664590,0,1123664590
terra1ncrsu34jzkzsqugpep5fumyxp9lmd927tgr9f6,aust-ust,179409963,0,179409963
terra16kdet69dkjgyeap23kpa5tnjp26tau42a5uam3,loop-ust,1904881,0,1904881
terra1d0lhx20dl5gm2r287mw9vsht75c2p2ztcu5u4t,bluna-luna,496171,0,496171
terra12f2cvn945c0r2jeksllfa8v68aqty59akjn8kj,bluna-luna,13390672,0,13390672
terra1p3n0v4ye0spetw9uv76czv49383myllr84dmgc,loop-ust,29612141,0,29612141
terra1t43s9wfqhfyl4kgee6ludekl9k2k04crd8sk03,loop-ust,8090041,0,8090041
terra1tng88e7g2zvuhd65zqrj7cxjgjgzr6kpmd9ff6,loop-ust,9419982,0,9419982
terra12qfdc76cyrklwdfh4jev0u3djnrl0dsmkx58zm,loop-ust,952777,0,952777
terra1dpjs4692vza8xyhvluwst5d6pk4vezhh7ypskk,loop-ust,980175,0,980175
terra12qqln6sl8r9whf6dcr8h0hlskfessrwsgmkl0n,loop-ust,16402049,0,16402049
terra16427k48qw7uqkeyufprwkt5asf9qhgc8cs4s90,loop-ust,13905252,0,13905252
terra1ax6u7ehclx2t99md0tjmakzv334jyy9wjuezrk,loop-ust,2690472,0,2690472
terra1ewjuhz8c0a285frxf034qcmljlam9eg7s9q9g4,loop-loopr,7081318036,0,7081318036
terra1424pg757dlrjtn2w273j7wa40nd6uh0xhjtcva,loop-ust,3226946,0,3226946
terra1sfxrmz9qukzf7vk7z89uyrwfds44wwmrz9438j,loop-ust,78832459,0,78832459
terra1gntzalzsgvrf8fsv8dg5qr7lsayaqy6xu49sep,mir-ust,3688838158,0,3688838158
terra1ddvf67h8ur2s8c3vzksnvmplfhjc72ydq2yp9y,loop-ust,2339895,0,2339895
terra1g9k6nms8w4dc4yukdy57gpyykw8ed9ujc6er0a,loop-ust,976368,0,976368
terra1yjsgq7p88s99dcajp3affvv8y23rpry4hj0ats,loop-ust,14492430,0,14492430
terra1adrh4cl0cw02c6n0ual379gf3z4fars22fx87q,loop-ust,78188263,0,78188263
terra1tjggfnrxfklzd3q7j8tra7wc497ae2g0lt8s8f,loop-ust,14496653,0,14496653
terra1clp0wlrxjpxjs960yz4ep0h433zckdjtcpjgpt,loop-mir,1263374934,0,1263374934
terra124pgjghlpzze3t6mh7hsywl0apff40w650qhsy,loop-aust,97462260,0,97462260
terra143e7ucj4w67zujfqy7zkdunlejps7wr5vhs3ad,loop-ust,16016779,0,16016779
terra1f9x0dcmkswdmzg5wtfunw7w3d6hmq4wfjejjqd,loop-ust,23381205,0,23381205
terra1qrdyyzj0tvy28kc2s8r5vy286n44fx4r70mqc8,loop-anc,16821212,0,16821212
terra1m9t3h4dz8kq8xc2gtd48npmcn46p4ljg22attd,aust-ust,4471934891,0,4471934891
terra1mnc5dejrvcjz8a2n9vcnn8066jrk46pmjdla8a,anc-aust,116432551,0,116432551
terra1htamz5c3jyrvkydq6dxpd6vgfucd4lyqfr8an8,loop-ust,83487941,0,83487941
terra1f3p78sarhnaylgw0wl6l9uss03lnwl2832yn3s,loop-ust,20210721,0,20210721
terra1j6d3aw7xmdtc55c8gymljxanhdlhqn45z564qy,loop-ust,222501669,0,222501669
terra166xpacvnec0zptzfcgsdzswx0y6jqrx0xesdk7,loop-ust,2430016,0,2430016
terra1mrk0apkqmklxnxkqt0srhj9elh004q4tkacp8d,loop-ust,35245,0,35245
terra19zc9zgn3yzqqn6s7wefkym8hc4y7ve5nztxhag,loop-loopr,45796935,0,45796935
terra19t0lvfy7yllzv2fwxz7agt87w620wcklsh3u9j,aust-ust,10494135,0,10494135
terra1qnz7wjzw5d3t7mu043252krfv4m7fv0guak630,luna-ust,8338733,0,8338733
terra1wmnz3lynwylrpzr6r0max7l74m7qqe36mfzczy,loop-ust,4252250,0,4252250
terra1yl0c2jy5a4lxgfmxcu2k4d7unl3duyz3lruf75,loop-ust,955500,0,955500
terra1dt3n4x7pc4xjugnxu38mzgyduvr8cxfdzqkwuu,loop-ust,969566,0,969566
terra1wp8a2y27nkqen0tkrxq8vds5mnl4yfykpy7d43,loopr-ust,123948672,0,123948672
terra1fgvcutm6z5uaeys62mpmzu9wj7hlpqhgyxe0t2,loop-ust,5077941,0,5077941
terra156lcuw6t45mcf3utf9ay8ey0hkxmqqr7fnuprf,loop-anc,39853757,0,39853757
terra1txh3pama4hssn90wy0uxuntg6q95sn5hv36cjd,loop-ust,9960928,0,9960928
terra1tqqv2x8vdy4n0fdka3837jew84ehnzncrr9w9v,loop-loopr,137933643,0,137933643
terra1h2u6ah0e85xgpvzx0uyhms4jqs3e2t8ljq54d2,loop-ust,300270727,0,300270727
terra1eqdkuaw2dywtllueh882hyxs9xqcurffka8ftp,loopr-ust,20517369,0,20517369
terra12p6unmyndk454k2zwz2wxendeufkjpp373w8az,loop-loopr,196381225,0,196381225
terra1ltvtphzmqkhuurc09n4s0a4teaujkyyfeyz60j,bluna-luna,19885601,0,19885601
terra1kggvn0cnzjj6slqe4k4dmeljtl7xs8yr5agcs8,bluna-luna,179090094,0,179090094
terra1xcktmf67ru5uhs5wgpjmdr0genj0sg56asrcd6,loop-ust,2055672,0,2055672
terra1m0vzqpxk6cjvszc3au3z40k0q8zjmd3mwps8s7,loop-ust,37122649,0,37122649
terra1pa3wzhfwsc7rdj4pj3vj5g799ffaxnfsp6w8lc,loop-ust,4613051284,0,4613051284
terra15vhrkcg9qqnw7f7fj96sxy4245682czgmmaq7r,loop-loopr,586817469,0,586817469
terra1mtkqadel3sx03af5l0j32kjwfhfjz6w5gs8cfe,loop-ust,1522246692,0,1522246692
terra1g9srkhvmfrnsly2p66ycgwulvz24rqhwwxaug3,spec-ust,6004116,0,6004116
terra1kf65ezda6n8qnk7j8v0d3gxkp4eyvrhtcwwzmw,luna-aust,33374355,0,33374355
terra1ysjf4tkky47hpk6c5ax6dj52mkhealyhm0kfjt,loop-ust,17013689,0,17013689
terra133vqn63c7k3mapasttqt63k50asc2gzlq3rwsp,loop-ust,7997600,0,7997600
terra175pfhlr9lpmq0d643wrcrnkkmewgfdwndzmfnm,aust-ust,358664939,0,358664939
terra1f8yxkhe85jzzm7cha3kxuttfluk04wzr3eyu38,dph-ust,837874903,0,837874903
terra1easc978e66kgflpnxp38pcetkcww8xxe9g0en8,loop-ust,946575,0,946575
terra14w3sn5e07rzt6hvnfp2t7kuxe74l0e32jj3dfk,loop-aust,379282079,0,379282079
terra1cs9e0vq8pc26v8shvsn3hhwlwfuv22ff7k86d9,aust-ust,1091909,0,1091909
terra1g42fxqrlyvq2kf9drz4clgh5j0cxcw468emhvm,loop-loopr,4874217954,0,4874217954
terra1utsglcxn6sauf0tl5ag25k0gykslqd3583jqqr,loop-ust,1613245,0,1613245
terra126ayztxlvrzkazahxegm666f7eruu73e54kr9y,loop-ust,1048862,0,1048862
terra17uvh0fkahw8hvr6n7ewu9gpc4exenslmjn4yve,loop-ust,2393673,0,2393673
terra1cwce9wzacmnxf688j3zfjnpxu8h4kxsw9s8e0n,loop-ust,30791914,0,30791914
terra1llcj7n7zdvvpltly220p9grtfvu5m0j4hx4s6c,anc-ust,7640649,0,7640649
terra1ucpt2855yaplwhdn2eu5fju44nm5chy2p0gh0p,anc-aust,8292436494,0,8292436494
terra1qnh29el3gwp7hada085pyyjuvxfjnzuhknwtam,loop-loopr,2821238621,0,2821238621
terra16uphmf2fv3yq5krflqa7jtrdqpx5lzzpkwf4lm,loop-ust,8323015,0,8323015
terra1gpzukdm7jhfpepevyz6zh74avxtqpg82ycm8pd,loop-loopr,327250879,0,327250879
terra1792r8ftvw0gxqm7vucx4dfv4sccltr6lhr2wkw,loop-loopr,686466366,0,686466366
terra1kshz70y45ms9e6a24dlykexqv3aqt6vlsu57x9,loop-ust,4006437,0,4006437
terra1sux4ne5728h42c5d046nnkfea0a02vq9s0ccqc,loop-ust,1895347,0,1895347
terra1wuf9vj3vfv8vmmpk3fjurkgty08s9fp7r4d0lc,loop-mir,100221459,0,100221459
terra1cwuftla5qhs5xv0v5x6glga53vrnd5qqu0whf3,loop-ust,10080552,0,10080552
terra1kpvrnl8jqgp2fdz8ns4axz8x0xmymw6duaslkg,loop-ust,56761,0,56761
terra1n54g8d83vvnj7x234w8ml3g2mq39ltwtqklmff,loop-ust,883306,0,883306
terra1mr25vcvrm7265w7gz8s46tlujd59wpdwd3705e,loop-ust,403371,0,403371
terra1reuetpkcpvv8v70m4e948unzwsu0sl5ck0ecxn,bluna-luna,1403407,0,1403407
terra1qauz26drsp3zsrmhrpyjk752jl0c9tc888l9gq,aust-ust,3043046,0,3043046
terra1k6gtgjjvmchdt2jnjwq9c5vddesjthdvd0nanc,aust-ust,89505073,0,89505073
terra1aa4p0auyegcn95h5p4a0z53dzd9u55zpxtq8se,loop-loopr,6146087666,0,6146087666
terra1lep0zkcdp26dy4pj8fxlkgreehn3zllt0rnv3n,loopr-ust,147048691,0,147048691
terra1vlsjankk62msgaeajz3mq7slnynsfyvfrwe3gu,loop-ust,2839381,0,2839381
terra179lkh57ajysmmvldel6dj6fdf4hme3r6cmdxl9,loopr-ust,12709176,0,12709176
terra1e55zpdgsm527sslrwjdalcu4h0p5t6mahv4e8h,aust-ust,107154242,0,107154242
terra1wdvxghtpvaknak8dgjvstwed0u92fcmfvl3phd,aust-ust,896838688,0,896838688
terra190e3vyhemf9qm8rkd0jjmfgkduxulrcfhscrh0,loop-loopr,9576632,0,9576632
terra1t9qvce8lt7rcw98d88fxptnsxfx0axhsjd75ad,loop-ust,579083,0,579083
terra1a963jrk4g56r09p355t5cudhz2duxumt45ydfn,loop-ust,982978,0,982978
terra1l5zdya4vmklzfa4jzrzlpve533w83utuun4enf,bluna-luna,16150634,0,16150634
terra1e5pqx84vfk7a52d4lrdvm0cknhj8mukz40x3ne,loopr-ust,96660607,0,96660607
terra1yemvhshh9vx0zu78p0p2uk6npnxsfsfaqlj9gh,loop-ust,1069,0,1069
terra19983fyn6dafaep38en3xxj7kpzjj7lm74z655j,loop-loopr,1333323528,0,1333323528
terra1a2pe59s8amqyynj64qf2x0cq5s627c2c04rvvj,loopr-ust,34173541,0,34173541
terra1kmcp4xxj6uy6mrlqcfy4pezkl2v8vuvk0vu33a,loop-ust,2446074,0,2446074
terra1ynj88h5suwu6u3ztpje2u6wejup6d77v7l5r0d,loop-loopr,5842911842,0,5842911842
terra1cfkn3xyt7np3k8g2mgz5szmr9gscatv72cl7yc,loop-luna,54517293,0,54517293
terra1xpc84uv64ndledgcld32w9qev9hzjfn0afz0gp,bluna-luna,6963669,0,6963669
terra1wkr20zr6530sfqaqncygc9vn2tamhgd7c43hhy,luna-aust,33712150,0,33712150
terra1gx9mqmrgww9qry329rymkfazzcwv65epqkr9n5,loop-ust,919376,0,919376
terra1ufrg0attpp3pu9wjvu84zejxjanyzf63v90kpf,twd-ust,3772729630,0,3772729630
terra1nxt85xhwmn3xg0750zjfeav3733lcv65tsudcy,loop-ust,23196582,0,23196582
terra10gd60hv9wtu9pl5x78psme804zazzmsckknwuq,loop-ust,140897580,0,140897580
terra1c0x8s8zmjlgelvdwjsvye20ltczmcr2wht4mkm,loopr-ust,24231703,0,24231703
terra13vagc9zllsc9uxdk66ezzdj46gpcsz3npvfkps,loop-ust,19161501,0,19161501
terra1ufu8dmm8sxlr5py40389dfvd5pvsheqpnhanw7,loopr-ust,68803289,0,68803289
terra1c67gvvhkgmrk6e2ktzwg6wr48xncf26d2s685a,luna-ust,902201,0,902201
terra1xcpsy749ge0ssfemz7sephjymxm67cydyw9kcg,stt-ust,109177,0,109177
terra18z4jf67hwzveszpjftx4gkg9m3zv7ug50kygsz,bluna-luna,995557,0,995557
terra1l8d83eehczyrueuhzqkfaz92hhndznxswzpm5u,loop-ust,2714512,0,2714512
terra10tw536w3sa47xn93ygftfrnzp7yqk4vvmyy5ga,loopr-ust,28198096,0,28198096
terra1ur7umhjjux4ppp9fe6ax3hvsxu3d225hn0rs9j,loop-ust,1617807,0,1617807
terra1rw85fvj2rct9mx3ydw0dvfp4pttckufne2vnlc,anc-ust,210274101,0,210274101
terra1uumt4fxy2a979mwehtg3m4308fvkh2v84d7ud4,loop-mine,173061624,0,173061624
terra1z8uspsll8c7rd05da9nxa45nxt0pmdxcyzycj7,loopr-ust,1444997910,0,1444997910
terra130s4tvju7enp986a6s0gl33lngknh3pewk6rlk,kuji-aust,112354443,0,112354443
terra19yp98c8kqs4xt3l0kmzysfm6ck80n66ed7z7ly,loop-ust,384855,0,384855
terra1hpwg4xsae7tycd52s357pv27jf9quwdlg3vfh3,loop-ust,134215897,0,134215897
terra1s35rj27cu9947ns3kawkm9nxzcsv2cf9zy9a50,loop-ust,440811,0,440811
terra1sw8a9lffhkxg8gj3ue49cfpcx0lp5m7nwpgz5f,luna-ust,967129,0,967129
terra1cfevsu5sdppwp7cfaz8vk5weuad3lxy92dtc55,luna-aust,1790671277,0,1790671277
terra1qpk6sw348w9as8zqzyu4u46v2jaht3e5cl6h2k,loop-ust,1420087843,0,1420087843
terra1ht5ejfa7u5mq7mz08a2jnz8vk0dwrcsx7kqn3y,loop-ust,1599551773,0,1599551773
terra1zl9hrnj04jwpyftmlcdkz5vkhp98ljk8cu2cph,loop-ust,32286013,0,32286013
terra1cd0pnkfxvqlpz00jsnm40r8cwmt0nxvu0exvc2,loop-ust,473447775,0,473447775
terra10w4kw3h0xxsjxttct9t355s3v2fpf4la05p4dg,loop-ust,65404994,0,65404994
terra18vl77v2ezasn9p72ccsrxy8zml0f6nep0t4nfd,loop-ust,4193022,0,4193022
terra1vjfr6lfkqg6qmz6hpc64jyrdnd30kgf2l460ml,loop-ust,4643193,0,4643193
terra1w4tuxsqqn4sc85w32wjnpqcgqh86psmv26qxgm,loopr-ust,34872119,0,34872119
terra1a6ql65e7zprpnehtncrcn958qmuc939hxt28v4,luna-ust,41699962,0,41699962
terra1tge9xw2lrhr8hrcg4as3h0xdgaemt3dhfasvxc,loop-ust,1841524,0,1841524
terra14cuea47r4n2x9y5t9ce2pfcacy737fw334xend,loop-ust,143388,0,143388
terra1zpvpjn3tuqmnzaf3430hk682j0nsqc4zh94x5d,aust-ust,333811398,0,333811398
terra15ruz3y7xhl25dyskp3wag98qaevszwn68ueavy,loop-ust,465574,0,465574
terra132rpqfxwnhafswjht646hcpwdj56snnv7dtk68,loop-loopr,83640698,0,83640698
terra1jse8nzxu5uf9tq5m4rw9v0hhqcfutahay6zj74,loop-ust,4761801,0,4761801
terra12g3ztywduudsa9efk28eh5u7g6ls5f736gnlqn,loop-ust,82932661,0,82932661
terra1d4pt44ttqck5tmucgqcca5uj44cnlgyfmpxlmg,loop-ust,1094526,0,1094526
terra1qdz4tmtv8smu6hey8nesyg2lachvzmjmepw2x7,mine-ust,75127727,0,75127727
terra1k795ujk89qnc9sa2axrvxqv4uuzfj05mch8hp0,loop-loopr,661946505,0,661946505
terra1cedd6mja6zcz46mrtdtzrcq72znu58jgnjvf6r,loop-ust,8296683,0,8296683
terra1dl7wlhq5s0hv70a0t47fjcnssq9vxuqhzc68yl,aust-ust,1433417,0,1433417
terra1gxv7ajptsj0auwdcszuc3tpyylt3xaj7lq0che,loop-loopr,431318461,0,431318461
terra1efg9hrsu7dxnp20j5cux4sm28r4avaqvy5t332,loop-ust,36734569,0,36734569
terra1qyg0ns3zhg28jc3g7atuckytnn5ndd83c486lv,kuji-aust,110762106,0,110762106
terra18euh7l54a7stuqzrpm8h2vn02le5r63s94slgf,loop-ust,3739298,0,3739298
terra15nzlm63v7js58xqthp0rejjxn6tqmvhrrhkdf3,loop-ust,8640601,0,8640601
terra1ez72em9xdayt9czgp75n42r60x7q5wm5y7sgaz,loop-ust,510683,0,510683
terra1w03e34tu4a37nkfcet0g0h7qu95kvtstqwt94f,loop-ust,1617425,0,1617425
terra1hac9kp23pa5ft5828l6t5gmy6wg3n3d72p4kcu,loop-ust,1863507,0,1863507
terra122427epfa9jvutansew4rkv05jsz6jqqhy7x0e,aust-ust,446246040,0,446246040
terra156d3tcfwnezpyqvwlv8d3l2qn5p4v4w5ltjdja,loop-ust,3224267,0,3224267
terra173s2fmvhurg2cne2t0nfjpjqa3m7p0rft3n5vn,loop-ust,403216,0,403216
terra167xfhvfdp5uekr7t2qr40e2zsgf6x7w0tntq56,loop-ust,10205760,0,10205760
terra1pwxxacr994cjljc0hpknvq9sgd7gvd22qsagec,loop-mir,76312285,0,76312285
terra15hldjphjmsjxaxwekjs2fzf3mx4hlv2cc94ecn,luna-ust,429261,0,429261
terra1sz6aeah99u4awlwyyrxnq0etp6r3lzeyj7u2ey,loop-luna,63574938,0,63574938
terra1k4ehumk3hmfjxnghan56jy3wqyhtnwywupfd77,bluna-luna,80119507,0,80119507
terra1k2qypqen3xtg20sqwzhsqq6p3tsup54r86xh5k,loop-ust,119903849,0,119903849
terra1hy69907e4w9cjfcqe2sk3wdvllg7recktgq2cg,loop-ust,19015518,0,19015518
terra1k5dzacyzv5llyevnq6shqc7xnepx3dgaqm0ga4,loop-ust,1429869,0,1429869
terra1sgx8456ry2vtjeqx0gdkl3fnqj8dqh5rr3w2sf,aust-ust,4125877470,0,4125877470
terra1dhgj5jzsvcw20p968t4xg5xmqduy6g22t080yt,luna-ust,8669901,0,8669901
terra1gcgljevys379r8u85usmk7pr9xvzu6kqrxa7rn,loop-ust,931819,0,931819
terra102g8ksj2m86eg3jt9sdq0khw9wkdpvdr44c9jm,loop-ust,88536485,0,88536485
terra1q0e44nhnx77zrvsytmv2309kyc78nm392ln9eq,bluna-luna,12541005,0,12541005
terra1ckysuzytcqc9lphgecdtj4wj66r3zsp6pr7xwy,loop-ust,5155726,0,5155726
terra1yzl8udp66yxejkmnm50v2ngdpun3pjfmq4gzma,loop-ust,104003745,0,104003745
terra1j5hymatxrkel52h6kfhfgr849ukapm9jgtmyn8,bluna-luna,996059,0,996059
terra16qhxk4pr4xuy3xrqhtp7j3cqqwp34rtezjz992,loop-ust,109705753,0,109705753
terra1d3p0qt3nzfz52mx3kx3aecjt2kay4enr993tk6,loop-ust,7805231,0,7805231
terra1pk8awct9kzpjmysstp2rfrvhmw2tyy4m7elw3c,loop-ust,41892439,0,41892439
terra1swldgfxvzufa0x3q7uc8kynwssdq2vfjnj6ych,loop-ust,27793129,0,27793129
terra1lhkkvylccvmcs0z3d5tphpx903f0vmp2mgfs4n,stt-ust,4421933,0,4421933
terra18cpehtntr6kawy63ju8v0nhphmxv66m6y3splu,loop-ust,36639856,0,36639856
terra1l0gt8a6834f8qps576gp3p3k6xd8nl89ayyusp,loop-ust,12301184,0,12301184
terra1ueg33u8fxkmfuey3e4hjhg09e25kffrc869lr3,loop-ust,521470,0,521470
terra1a73assclss9vj7sgx0ql6pg3v698ktn4gm0wva,loop-ust,1072062,0,1072062
terra197n5hy6vf4nmzrq4h42jrhgfsj70ldtn62c5tf,loop-ust,18570524,0,18570524
terra15ptvz3knhd8ypsg7ucjkz0zcexyvxkrnaae06h,loop-loopr,348836310,0,348836310
terra1zqg3plvcyhfvlcspse5hhs0ltp2st3lpk0ngah,aust-ust,314696993,0,314696993
terra1xheutmf5v4j74sankp8pl3xycwc07eq6jsreaw,loop-loopr,3579336683,0,3579336683
terra1vqkt3xnsdwqk3vwwdd30s29yan9w8y8s5l37f4,loop-loopr,2728823661,0,2728823661
terra103zlaat0ktykqa783nsk0cfzy5q0ql5zc9jejz,loop-ust,5057365,0,5057365
terra1yhngv9zu9cf6fplxd7e5djlpgm5zgm3za8r5y5,mine-ust,36490089,0,36490089
terra1fvd662zryldmt02naylzepdwysmr3uk2y73m38,loop-ust,45572715,0,45572715
terra120e40ppaq06tzcz87a4w83g9y7mcr7ms0zyeax,aust-ust,1529305852,0,1529305852
terra166ha76r7rxvwnvtq4c9qcwzd9vzwg7eqxvklc8,anc-ust,59574723,0,59574723
terra14rtwtk2e8g7usghafs9p6lzxmzxqe9wp4akqdj,loop-ust,1959408,0,1959408
terra1gghp4pmqv22r0fjlracnuxz69qe5yaeujuytp6,twd-ust,11288186,0,11288186
terra1ktvtsv45q9juwhn820wejd9ul8uzjrhrq56483,bluna-luna,49950277,0,49950277
terra19fwd2tllnth9yp7nf2y6cxvppewfhujcd3d080,loopr-ust,273997384,0,273997384
terra1yksk6tkcvge749jyxylfk8ete4h3tu4trhdcx2,loop-ust,40492860,0,40492860
terra1u0l39hjuax2yj73r4d5uzdqz4xznwy5l5wnm6m,loop-ust,1368797,0,1368797
terra12eu4as0z09erkf98hj0m5p50dpkwrnqadm7ha8,loop-ust,71161487,0,71161487
terra1utfvlcyplgsy7npaww0tzlnk54s7s2klf759g8,aust-ust,885989741,0,885989741
terra1en38szns75afed7h92gljyle9cn5jxtudwzqf0,loop-ust,233237398,0,233237398
terra13h373lr87jv3myr4jgjhscf0ssggpx8v2a3ler,loop-ust,2376321,0,2376321
terra1naqn8tkhd9k9h24l6lt7udmeyu9h82t4a4842p,loop-ust,1645863,0,1645863
terra1dddr66ayagv568zc0gp63ryypavhe8radnlkhx,loop-ust,22871944,0,22871944
terra1ren9fw0lrmasv7cck0kkcqwn39femwcvkfhkcy,bluna-luna,171717702,0,171717702
terra1ut2a9qed7mzsf7wqzwakew9tjnm6xggsqg0rrw,loop-loopr,1042103512,0,1042103512
terra16mtxhhq9pntu9ehy60vksa6ya6xjsln78t8303,loop-ust,4881612,0,4881612
terra1m82s06qg6gszg966pluavkuf3c5e4uh3j0g33y,loop-ust,34467540,0,34467540
terra1c07d59jze4qw4ltmudul7dthdyt4txzr8pdxk3,loop-loopr,103654960,0,103654960
terra1jexr8ggh07cxz3q3jqvnw4vc2q39cc0dd46kux,loop-ust,19069348,0,19069348
terra1nzfsl8zza4n546gkn52fchmr4tl8wdnxjrce5z,luna-ust,4105687,0,4105687
terra1zm2m6ta2uzt8d3x2wqcuwhuvy8lp2pp6r9pw0d,bluna-luna,1055197,0,1055197
terra1gd367rqst7wav8xcnznp6cjpg3vps53p5e7m8x,aust-ust,500134872,0,500134872
terra1mgl6hvywazgynzu72el8vnat8408d3le8napav,loop-ust,8916906,0,8916906
terra1vskw9rkgd64689yh73sna22pz9jeuagskwsur6,aust-ust,67864350031,0,67864350031
terra19kml5kl8u0u7gksf4ld77zx5arrq0gels9456t,loop-ust,9110407,0,9110407
terra1dtgt43u8jg9zrqzd4elzln7t4n9ws9hu3d6v26,loop-ust,14299085,0,14299085
terra19yge2fzukrpkpydru7s7jqe44lya2mluh0k409,loop-ust,23923728,0,23923728
terra1p8s7cucxuf8t40vvdt57pjx8a4pgdrzmk40lv9,loopr-ust,26978103,0,26978103
terra1hcksmvlcux0wy2rm29ca6udkgk9d8af07vxew9,loop-ust,243024,0,243024
terra136npg7jl356u09dulg3mx9e39369cc5n7ff35e,loop-ust,50041227,0,50041227
terra1wehws4x5xjlcw65gtnwwr0z4t6d0tpus5wnhnv,aust-ust,12061573196,0,12061573196
terra13r2fy0hfs44xyhfn7yy2fmwwd3uq93l6t8t3d7,aust-ust,2544970208,0,2544970208
terra1eqd5g2r9nhx3lztgtdapzp4h6q9x98uk2hv46r,bluna-luna,24898861,0,24898861
terra1v3rven9mzzcdw3cura94dqzam870kp4rxqscpa,loop-ust,317363,0,317363
terra1vndtf85kx434w60t9dsq3w8qdsaelljjywujkj,loop-ust,157324827,0,157324827
terra1v0lhg0j9gny852awv3v7fzcvp4f0tzm5sz8faz,aust-ust,810697601,0,810697601
terra15hzzxu52vv3htlr8ww0jvugpxthwv57dt07v0d,loop-ust,34376190,0,34376190
terra19jk2m3qqkf84fvwuwhpuzeegfuk3uajyjdxpr3,loop-ust,9581316,0,9581316
terra13n7s2wpajshaza3mhzpf8t640fmw3ylx65n4x4,loop-ust,2942050,0,2942050
terra13qgveatdwtfhpts4ptx07qdzfnqqy9k8uegk4g,loop-anc,127407318,0,127407318
terra1w8rftx996wkw8p6exgxha7k9wm7adr0857hcq6,loop-ust,916307,0,916307
terra1d0jmuu9zzcw65cm78jf0yvvhk9jl3v6lvkwqx6,aust-ust,126120315,0,126120315
terra1er3pnf389c0xn83sj6p2gyg9up3ddn88jursuf,aust-ust,80570758,0,80570758
terra1szc986crtz5e9xm6a6ed96h2jpejv6ee9aw7he,loop-loopr,3078225152,0,3078225152
terra15term2u5jxrphz2zedl2v85c32szedu62xsrqy,luna-ust,296527960,0,296527960
terra1jfgmgnjju9s6dygzqpx8qt7g6h3jwnw0glcljy,mine-ust,1088537001,0,1088537001
terra1ychcv20nq9rq9r09xmql82yttgvk49lalxeep3,loop-loopr,64055378,0,64055378
terra1xfppkzuat7jd6la2hyyngq7n0qemr6suwq7kdy,loop-ust,44279139,0,44279139
terra1l8w6wmlm50a492u20utm499f0zww9ek3jx0rsq,loop-ust,92386469,0,92386469
terra18g5mdy8yguyssdl9phjtxqf4qpyqwh22kycrt6,luna-ust,20366762,0,20366762
terra1eesauddg24tslaz2qmns726dvrvuv9h9prh2cv,loop-aust,15775140,0,15775140
terra1plsyem3pe9k5azc48kupmugne8pfq6tuahszcr,loop-mir,6006772872,0,6006772872
terra1w9yxhl26xnukkwfwkttvgjef9j6wpejzchxzqd,loop-ust,2393545,0,2393545
terra15qq6qa09frxqpq7xh2klkk5fz66we0cv0mhh09,loop-ust,3317613,0,3317613
terra1p9rjst2nxcwxydlfyrw9m7wgqx3phgydfhdfp5,loop-ust,2323336,0,2323336
terra12pk97qtjf0l5rarxlj6dys99wkurhx0x53jdqr,loop-ust,7667981,0,7667981
terra1ferstaeh5l3sgzcnur7fvucxx4zdw5ckldv9s2,loop-ust,11774710,0,11774710
terra1n5vaqyuj8uzz7twsf4fxufx636tnfqhuhd8xu3,loop-ust,223699725,0,223699725
terra15gx2pvnjhhldlkzv5ah9zu23wcjk4t4xagptez,loop-ust,24381052,0,24381052
terra13dk58gpkdk5sy5uvfdeuexf0dddqch9c2gxh3y,loop-loopr,157438130,0,157438130
terra1ff3vuwrvk56hznat046r3r3kaylt8fw6n4altt,loop-ust,11403939,0,11403939
terra1sez2glkvs3kujnj7rjggulsww9k66308cz4c7n,loop-ust,567748,0,567748
terra12yfl86lsuf3h7750dpswkdch2dswcve0z0p8x2,aust-ust,2101562696,0,2101562696
terra18vgkelcvp8a9z5g37r9enqh2q2fgsdqwsmvk5j,anc-aust,703342146,0,703342146
terra1wax0qaldf06zfgr9zsljheztnyxn28kuekp2xd,loop-ust,3171419,0,3171419
terra1l8nkfmyyef8ne5xdtzsw0hplule3u505dynhwa,loop-ust,9950944,0,9950944
terra1pns78fsrf86w2ncu7j4skufqsjqdqe2mlq0lh8,luna-ust,3207050,0,3207050
terra1d960ss47vnm3m9ayzkz5whdxveuufc8hkx6kzs,loop-ust,91152799,0,91152799
terra1qphs77h2l3pplnysn8lqzp38ndr68u7vxhdles,loop-ust,5136126,0,5136126
terra13dphyq9xed55268lzspn2pu4dcgqgyf50rksms,loop-loopr,277582744,0,277582744
terra1e0ayyqmdj53jvwnq6k32q4q24rd762uyygg6e7,loop-luna,65448516,0,65448516
terra1mhqkugg9k35urvt28zv9g54t0ec90zkgcqdl3k,loop-loopr,2120794051,0,2120794051
terra130ukvmkuvh98wutqnynhcuyrqtlj53wm3wyw9l,mir-ust,2135267,0,2135267
terra1st0a0msvn6fzkzx7a9u6g02paannaw5g26j0k7,loop-ust,10248239,0,10248239
terra1e685khr0cga7l84gdnn4k0elyzwmn4httq2uwu,loop-ust,980098,0,980098
terra17hju7yz5acrjlq52l26n7ppdw8e0u4j00j3ufh,loop-loopr,322242547,0,322242547
terra1yn3vsz7uf0rgqg8d6nhh6p55stk2xz6kxqwe8k,luna-aust,9513350,0,9513350
terra1w6le2xndkd9srn05z60uc7vt9svkksgjf4ujtj,loopr-ust,56802209,0,56802209
terra1sshuszhtd6act8elf9xfrhu9zrlcstery9ejc7,loop-luna,5266213,0,5266213
terra1dghj4cdk5z49805xyac0k4e2v8vqjwkja7qvuf,loop-ust,420468,0,420468
terra1hzyzys3s7s7xsls5gvsta3z3ylcy7fjcnpgmas,loop-loopr,3145425024,0,3145425024
terra19prg80lt5h4936mklcu06hn3qc4zddyz5s9fdp,loop-ust,126929778,0,126929778
terra15p3dutwfkpnm40ggkjjqz7uxjfcd2c5d2gnvaj,loop-aust,53288430,0,53288430
terra1hvxn60a3wdj8ns8a37euvq5uyeqqytxj5kqvpu,bluna-luna,22882390,0,22882390
terra1k5xpsqyt0g6t9etynw6agnp387weekgpuldxg2,loop-ust,951762,0,951762
terra1z0k2teexcdfv7vcc98gk0kd6uj7t8hlmtgx57x,loop-ust,8595637,0,8595637
terra1787jdyn9tkxwuj2hezttukz6raxy4hxx40nuuh,loop-ust,25143628,0,25143628
terra147yj20ke6k4y9xxwpglqarnwpzq58yfc8pt3j9,aust-ust,118278003,0,118278003
terra1lvdjq7qxfd7v9lvs8g4jcnt7z568dgd9074l9f,luna-aust,39103666,0,39103666
terra1rc5fv6u3pn8gtytva289ka2tv9ppaj28vz35qx,loop-ust,95054352,0,95054352
terra1sxduk5x7a5k4fqq7fdt5tq5adj2ch583m3md78,loop-ust,3130153,0,3130153
terra1ghtw7sxshradhk67ftesyks93zywkcf8stf7gm,loop-ust,4621867,0,4621867
terra1eyagta9vy3tvzlyhnpqpjydxj3h7k5r3zxx9v3,loop-loopr,1337229820,0,1337229820
terra17hdxqwhfjpg2hvuc3nme7xp3sljrk7cwq588nk,loop-ust,764305180,0,764305180
terra1temmefecv3206eqacv5rtqwjtrdnz646e2kcap,loop-ust,13110118,0,13110118
terra1mthqgdgvxptgre86ljsm2rpsz28w67ru84rs5c,loop-ust,23658287,0,23658287
terra1khxsftp64ygjeqd5tn2hjake996d7y0myxrpml,loop-anc,97131864,0,97131864
terra1ljkh3wt8h30a0upc2gllzy2x4q3metdh2quhhz,loop-ust,4449600,0,4449600
terra1lzxmd48pqzvkqkst207tg4m967wsry233nr2d3,anc-aust,114983627,0,114983627
terra1z97tpzwfagnqu3crlj90pyutlrdrq0d0fags2a,loop-loopr,90031689,0,90031689
terra1nhtne0r8uyw6j60w64lgl24fpaht76xd9memz3,anc-ust,1713919,0,1713919
terra1ggv8ujcvwmq4vl33vxqw8gpe5eadcl3gl7005x,loop-ust,16190060,0,16190060
terra125zlt43rc7qk2dhdtanyqk3t6dkcru2fdvlrh7,aust-ust,13423589690,0,13423589690
terra1vu36066fh4xh8uglrvws6ufj635r4qnz5pzchf,loop-ust,2066069,0,2066069
terra1ry8c784ufqk9a85radjy87a8qh7g54xpdtsam2,loop-ust,2068424,0,2068424
terra1e6uypd2fx7yg70h52qp8v69xnf8lm4up5ckj6k,loopr-ust,10506071044,0,10506071044
terra1z5yd64lw6zgsenxenklnh7n6qfe4d308hgjyy2,loop-ust,926409,0,926409
terra1kfa5japyvf408z87g0mkg2gm9ar6tafzrf7zvj,loop-ust,4104424,0,4104424
terra1fc0s0knre7auc7xh4cxrrznlllmwdal3l3usjf,loop-ust,29741262,0,29741262
terra1r7pf6dx7uzsgd4mvc2zc8mg00pe2uyf3p787c4,loop-ust,1075570,0,1075570
terra10cfjpuqhev430apkyvr9nuv7anlqnu88cf8wdz,loop-ust,121416036,0,121416036
terra1azcax7p0qfz25dqnwsha426w56wxfvkfll4rgs,loop-ust,4043448,0,4043448
terra1keyp8kzaa3elh8x3h8m0h6pdc5zw2mm67xnmf2,loop-ust,4274562,0,4274562
terra12fparll59dtv98pdznfdxvs06ctnw5rtkv785g,loop-ust,93989,0,93989
terra16u6k5m4nf06fuvqhme2yg4d7wmwq2fu6q7xh55,mir-ust,62841013,0,62841013
terra1xer2t7hrdahemymp4rllkpsu57k9a2qcehznev,loop-luna,62831021,0,62831021
terra1qrnzv08uqgcs532dyd99yn8uw95cqy2keeuzhf,loop-aust,8352776139,0,8352776139
terra1ep5kg8x7smr86z4n3gv68akqe7kh9zaxs4j6sw,anc-aust,759373895,0,759373895
terra17hqllfkxgwrzp6rh0mdkax6tvzlzz7lhfs4qh4,loop-ust,2647392,0,2647392
terra1wfh3txp0m5cqdfj4ap446xawp6sht4kwnp4zda,mine-ust,1919131531,0,1919131531
terra13ax77fyp2tzk9f8j7300m0wq2jnqcj7g6hg2ty,loop-halo,1270431763,0,1270431763
terra1k98uunhlf5d350km8eflzvhncc32pmfwd6j8sr,anc-ust,203845488,0,203845488
terra1exm6tyfqdluqz09cuk3yxty5gmrrghu24fclr3,loop-ust,78428673,0,78428673
terra1cwrd4au06hvetwmfxkd4hf8twpkcge4l3p8e7k,loop-ust,22445877,0,22445877
terra1zsm0y87gz8r25rkem23jwcxwxuk4ke28j4m66l,aust-ust,367310837,0,367310837
terra13us3th46333klfw35zmjzgnkr2vk0nurmdacy6,loop-ust,3044087,0,3044087
terra1u6d5p3l8gmtdyrwgrcqmds24avpwlpfrfqwcem,mine-ust,6267964,0,6267964
terra1uh400p06kztk0mv8nj25e98nquez486zpet257,anc-ust,34062432,0,34062432
terra1tas2n6prrvcsd890hxp6f2untpcyd6ywfheanm,aust-ust,26857070958,0,26857070958
terra1cyylucja0hsl3yj9jhpt5a8c4zvdqs93sual3x,loop-ust,5148147,0,5148147
terra1h3asetuvrpwcnlhct3nvuh8qn0gft7zzt44rrz,loop-ust,650212,0,650212
terra1l6slvhazexknfdqppw24uzpwhdpsqdn6h3wegr,aust-ust,3583652915,0,3583652915
terra12xv0rmyn4uajxnm24vernayan4nqmf8c6jsshj,loop-aust,1053581999,0,1053581999
terra17rmw8lrzh6n6fp3qrsgsj9qftwtxcfzazzzjp8,loop-ust,35972732,0,35972732
terra192jfna3w7k4gagmktz6qmj49cev5hgscpgkjev,loop-ust,3036627,0,3036627
terra19d0q6ryd8quqspshlvk8zqsvc7l2p60a88pxtt,loop-ust,1313219,0,1313219
terra1m659txkt2vt0gsfapr583qpkdmvy0sw5gh32an,loop-kuji,451526150,0,451526150
terra1s3hr7ayug5lr02lthhs644f5agd0wac72kqg6m,loop-loopr,14018066,0,14018066
terra1cuy3r9j8vyskhr3mnylsaq809sqxpcyt7zen54,bluna-luna,27663608,0,27663608
terra1mhlvehxwdqrgzgc2xsue2lngfq3qt2n7rpw390,loop-ust,846323,0,846323
terra1rycmepl7d0k6qtksfu87k46kqp4f04pxgjyxdl,loop-ust,10096614,0,10096614
terra1929ex2cnh5lnyja93mmh3veadwfuf33d0km67n,weweth-ust,384133646,0,384133646
terra1nueam2w8z2a0ys4eqx4mg7kckc0pu04zwfj8u2,loop-ust,23624442,0,23624442
terra1ea9d5zdglwl45apmftj8rknktmmfk39r6tn3q6,dph-ust,3577250227,0,3577250227
terra1gqd3xl534m0ntctjhkh5v4rccc8rv5g0wzqz65,mine-ust,19272760,0,19272760
terra1ph6eqdgu5uvaqmnalf36fcwtp2q23krs6cyck7,loop-ust,47232848,0,47232848
terra1js00xxm0y65wr9qxayk6ffdyweex2nqscquyuy,loop-ust,684718,0,684718
terra1duk3t77txa57kqemndwwq7rx00w79mjszsvs3m,loop-ust,44308404,0,44308404
terra10puch4xawtzqgvja36zxlve8qukfrlkkm8vkxj,loopr-ust,25582905,0,25582905
terra1t6zxwg4j34jfnk3w3cswgdmadyu9ej53qxw3pf,loop-luna,7323894,0,7323894
terra1vfukasuycvh3zhaudd364v8extwpunrchysgw8,loopr-ust,1210360587,0,1210360587
terra1dfrsjy0pnxfyk0rqzu0smaq5yqcek6v8r56u2u,aust-ust,4300737783,0,4300737783
terra1e0fscsjfrjycljze259u24m2wqc3cgv505302t,loop-ust,12992668,0,12992668
terra1mrkhwcqvss327j8up94kjdyy7tv2rcerx60lm4,loopr-ust,22272045,0,22272045
terra1nlnzlq5xslwf9xfaj2q0kf8p48xksrdch6pg27,loop-ust,84475031,0,84475031
terra1qnmwcgwe7u6clrwnv7mkrpwvrtrvex9qm4cm97,loop-ust,1358772,0,1358772
terra1347mdaf2l9zrm7800pelx5weqwluu7fcc6tgqp,loop-loopr,773680879,0,773680879
terra1d0j95x3kuwsqy8rzp5xd3j6enu3lw50e69xd2r,loop-ust,436784370,0,436784370
terra1v50567rhraer59ap6mzhc9ktahydp54zc8fdw7,loop-ust,18361619,0,18361619
terra1xex4muvpszttpdc8ws2wvpj028ltlh3tauj8rl,anc-aust,27360191,0,27360191
terra17fe98l9pk9042e42t8junwlrkwm0allum0g452,mir-ust,1776441165,0,1776441165
terra1n9jpatjusprl45hz04sly8gvpr2ue6uqjza5rj,loop-ust,1553434,0,1553434
terra1memsw52x7rargfdlyktuvthf8ar08deprhvjhk,loop-ust,1072245,0,1072245
terra1z8awg5s06shghc255d0p9a5adefxzdgx08wz0l,loop-loopr,10684009016,0,10684009016
terra1cck0g6dmq7vatdqmg4jfj4ra4mhffhklm4ma56,bluna-luna,17334953,0,17334953
terra1cykmupnc9zzj69rhhc3sxjrtr87cdc0gvwyxat,loop-ust,53042462,0,53042462
terra1anymen76l66wfd45ppytz39xwmfytt4yt330xw,loop-ust,39206144,0,39206144
terra1cgvvr7jz4af4k7h4v9gtdq7kpkkpdnscr4p5vx,loop-ust,24353025,0,24353025
terra1d2g63twvec4hrh0zppt3k34wfxpnrdpjps7n6l,luna-ust,102971264,0,102971264
terra1s9edzxhepvmcquk4h3s06y82gx65f8ljukug6e,luna-ust,51679531,0,51679531
terra13wdgx3xkhffryfmjy8vs649zwq00wt5kdnuuxn,loop-ust,98141777,0,98141777
terra1u4eptgaw9xgm04ykn7d7gapmjavtdyvks2vjwn,loop-ust,36121807,0,36121807
terra14xrpe9j8lp8uw5cmtgdy9qg5vp93d9x8jhckp9,loop-ust,529192348,0,529192348
terra12c6kkw8hyqdsphrraj9jkxkwca59fycfre6t74,loop-ust,21894175,0,21894175
terra17vuvmarz78lkskj4zk5v04yp2wxl35tfvm7jz6,loop-ust,14959406,0,14959406
terra1lnyw03x0h0wlz6xjyh5awze3dslpt7pdu0lp5r,loop-ust,865597,0,865597
terra18lqnnj5k0dxpvcgmxldaz2nzvqsas8fhm05gje,loop-ust,1032129,0,1032129
terra1s9edzxhepvmcquk4h3s06y82gx65f8ljukug6e,spec-ust,34329277,0,34329277
terra1hy5wegs0htgcc0pg6zppf2kfuhpa5h4hmftcr9,bluna-luna,1104907832,0,1104907832
terra1ljhyy88c7epkz33mpq6s5msze7ts0js5nqzt4p,loopr-ust,865335103,0,865335103
terra1g3n9ll26llektwx94ajym3m9n9htured8vx5lt,bluna-luna,4282907,0,4282907
terra1kpknm829puhf58xq9dxr8myft908xlulu4xfxf,loop-ust,29519555,0,29519555
terra17gc9xpc9jaajyd3qdpheheqrs38gn529x7nz9r,loop-ust,7806432,0,7806432
terra1am52wxummxtzhncv3llgxwgky58s2mafujvnd8,loopr-ust,731471123,0,731471123
terra1yhad3ga5yh0fj9n5s5mw2kv7la08jwrrjnlx87,loop-loopr,2019054187,0,2019054187
terra1rwamch3gd3urvmd88n77zw6q6wcp5dev3r6khp,aust-ust,2233272025,0,2233272025
terra1ersc76egy5taq9wfwc4nrjfu0phujefadmn3xr,loop-ust,78476902,0,78476902
terra16dzuh6mtpycsfhpskf4nd8nrszm6ln0emay9ys,loopr-ust,61463,0,61463
terra1l7ypunne7l75axw5yumua90mzf85jladtgvasj,loop-ust,37158880,0,37158880
terra1ulrqqqxf24nwcmsvcmpyp4v9l766rtwd5x309c,loop-ust,62483610,0,62483610
terra16j7k0vf7ddxqt78pkswq258crpqyuzgnhhkypl,loop-ust,1642953306,0,1642953306
terra1q84rhcevpcu0a9craz97hedtn9dqw3lfalnsk2,loop-ust,43163934,0,43163934
terra1u75d92xsvmzvzcyr5hs363l4rpfh054h4xqjyp,mir-ust,12644848,0,12644848
terra1ltw3defvtvvwg3f4utq7w9qtytyde2c74dznkl,loop-ust,24024583,0,24024583
terra1vc23erxaj3v7m7ktm8j8nfk4lfvqkqmkgtke79,mir-ust,17135282,0,17135282
terra1884rlhj0vxd7lgwls09afw39jn5pp7qpegye5n,aust-ust,53066111881,0,53066111881
terra19vkdmk03xnu9lwpguhplmwuu2jtuxy2tud5lmz,loop-ust,797498,0,797498
terra1czka2eycealr9dnnwp8mdzevgj5v5xnseh4fu0,loop-loopr,1012067932,0,1012067932
terra1g9gmsjq89mc7hk9qz35d334m6a9rdywdf2gep7,loop-ust,4626518,0,4626518
terra13pmyl6vj5pf24akqwnwlut7eemhqgh39hflxgm,loop-ust,18959679,0,18959679
terra1ew60gj0ayfaut34p957le8nwdg7l5ck7a7vuah,loopr-ust,5960559681,0,5960559681
terra1g9srkhvmfrnsly2p66ycgwulvz24rqhwwxaug3,loopr-ust,86522027,0,86522027
terra107sjh77fwzsvch4ra9c7fhlgrvgsz5hvnpqwvs,loop-loopr,1186853057,0,1186853057
terra1x69axkxv4usv4wyju5fdg7937kqztk2ff5e678,luna-aust,74048973,0,74048973
terra1d0sg9xvmypt23xevufpwz9fmmfxq4rw2prqe2s,loop-ust,2651571,0,2651571
terra175fy84m9g6fs63supwae8tvrla7ms99pm6audr,loop-ust,1848541,0,1848541
terra1wxk5nuxh4fkh9jzj6ankft7kcnnpzkc5ph2c3y,loop-ust,24044541,0,24044541
terra1fmqnmtc3p4attjn7rpk6gl8paa772kx6hdh2nn,loop-ust,262345,0,262345
terra106sc9s9apnnmrxr0e6ef7wr0ce6uuegf0p26cz,loop-ust,3670294,0,3670294
terra1lpk7549ggq6ewkvghjzrzw5vjdgjhk2ljljw87,anc-ust,18840649,0,18840649
terra1z8g89hr5c78aekj9mz5lmyjwuzuhzzzcykt6mv,loop-ust,309400308,0,309400308
terra1mu6gx7ct654a37zyeyf4ks5lwl0czl4k9jzc5k,loop-loopr,72125282794,0,72125282794
terra1nech6j8xv237ne9hya4t4fhvl3cx59faujfff0,luna-ust,1541498416,0,1541498416
terra1569t3ky4n03y3crrcdxtx2mxgc8mlsk0e2wx2v,loop-ust,240976809,0,240976809
terra18k2xu69pv2fvalulzdmlzp02xaca4yuz3cd4jv,loop-ust,3770681,0,3770681
terra154wq8dkfhy58asfk7wv2etnqp7jv6pt7yvgwdv,mir-ust,1513335613,0,1513335613
terra18y2cc93dfg2vvftl4fvn3k5vs2szlnemrwwqxh,anc-ust,34810545,0,34810545
terra197k9hzgs8nupeqn4y7x7c9vshq8f69sue9w5dp,loop-ust,25767427,0,25767427
terra1muph9jstqzs683k0fnr9zf8xsh0fww6587p4hm,loop-ust,16335236,0,16335236
terra156w6rpyje56ghrw8xc3u3faguchcyegyrxgyea,loop-ust,18832650,0,18832650
terra17r8ah45879dl6vqp2ph74jg2fakpkx6tksyyks,loop-kuji,726477126,0,726477126
terra1kld4dwvcwvney70c2z5vewzh8fcf24776jtmjl,loop-anc,1069655,0,1069655
terra1d03ppywn369qzajeuqs0dge29rchxteaqasn75,loop-loopr,3617145378,0,3617145378
terra1j8gzur4cwqfuka5wuk9kt3cypu7llgqyx5rs8y,mine-ust,113662667,0,113662667
terra1u0vsw0mffayscjlszdl7jct5apnja9stztrxdy,loop-ust,4423534,0,4423534
terra1vg49hvf5xjrlskwlpfn9r0rwhh3cv0lta6zce9,loop-ust,21845727,0,21845727
terra163xfa85hv0fffmaz3nmdtn0gh3dcx58c4cajxy,loopr-ust,636198667,0,636198667
terra15v00p0sgyd8v0mw2605yekxuy4577phl38pw88,loop-ust,4106235,0,4106235
terra1mvztjn4drq0mpw3h5p5d78r4wjflqjhurwyvps,loop-weweth,36184284,0,36184284
terra16wcju9guectdyq2w58uhjccjsmxdwvw30yzvkr,loopr-ust,14444689,0,14444689
terra1zypk64nk8nqug2nv37wyps086yv2mr4d0mhjhd,bluna-luna,17881985,0,17881985
terra1vhym00cpemdnc664ffqejddsxvgvhwjfml763p,loop-ust,615960,0,615960
terra105rdz0efmr6j4qrscad7z28gh90gye0g0wnl88,loop-ust,9065268,0,9065268
terra1t36n5y3pfkkh8kekwyslhea3n00a8g2c9zcaxp,loop-ust,5272472,0,5272472
terra1euyy77s0mr9ayyelv2pmdtus7lqpex9qutnza4,loop-ust,61251155,0,61251155
terra1k4h58uj6adtud5m22f9v8ecsjfkqc3mqsm8hx7,loop-ust,25001877,0,25001877
terra1swsu2ycv990s60p7re7apl3tc34cc7j9nnlgm2,bluna-luna,6128240,0,6128240
terra1kg50an8ure78k8pwt67n29sa0r6hc2pszew390,loop-ust,681410,0,681410
terra1tpj3m0y8f0hwgs3clqux7tzsus7jdj9dmd9psv,aust-ust,4564840233,0,4564840233
terra1a3njthnz5t7an3amrupqtrk8a3wdqt4yccgk3t,loop-ust,150707533,0,150707533
terra1wnh075fkj0vxfx9jq5nkc7f6dpxwa29yljmx8v,loop-loopr,2658625248,0,2658625248
terra1snex82m5vc5yks8a2ad6k745p45enayrc7hupd,loop-ust,9436475,0,9436475
terra1fk6c6sewcd8eppk7xdn8ahlwhptw03pa5mugj8,loop-ust,8770659,0,8770659
terra1snj5ml30jnlgpzkvsapm7vqql7m5u3828pvst5,loop-ust,496530083,0,496530083
terra15tgmwmjaw8adgq5kdl0zyhvdpxsau646lpnkyj,bluna-luna,66682224,0,66682224
terra14xzuwyaye8hcu32n9yxs5rdenrhud6pdvtddqk,anc-ust,5684654,0,5684654
terra1rjdmymc6jqkdqprlejm8pyadxjg79q73dlfkxp,bluna-luna,9959321,0,9959321
terra13dulxwyakzzeyxh65u7sz3n4vcjxuzp9n69a06,aust-ust,189958218,0,189958218
terra13m6y4vtkrdwfxewrrd8eg7wsl0k83urnqsrrzu,loop-ust,13690926,0,13690926
terra15emz8ytnx5hwphztlyxl0p9ecezhj86xvgzmly,anc-aust,49875808,0,49875808
terra17u2wgzu6zhglw50vslu4lx6wctqhmg7nqff2s3,loop-ust,5448296,0,5448296
terra1kczpqyf6cjjxk326zvsxd3m2sv00l59a52w5la,loop-ust,4560928,0,4560928
terra1jcypmhu0sv4lkv3hlwulsehwxf55qhly6jfvtn,loop-ust,8524825,0,8524825
terra1q5szxdfk4j26e35tyr0k2f26hs6u0jy8yj8s42,aust-ust,205681844,0,205681844
terra10t4gm3fp8esy35pwwpnx0m79etm9p2zxey7e2j,loop-loopr,721787221,0,721787221
terra1w3jfu56pel3t2k2l5jmdfq7elvcm2h3upau668,bluna-luna,2503800,0,2503800
terra1rzaa0qyxyl7vpv36sc0ynaf7k0quc0duyqz50x,loop-ust,8274669,0,8274669
terra1vgvmtzpuzgxu5xcf2qqsl7h9de5fm07ckh4q3t,loop-luna,439481,0,439481
terra14x82vv2lr0udkcn26tr379p88t0c228x37j2d9,loop-ust,12187252,0,12187252
terra1mhqjqqqa6dtu0lezz8udu4kg2vx6lxtyz5xpep,loop-luna,1281540046,0,1281540046
terra17cf3ftylj399p9axgxj0xjsft6gzwl4memge4p,loopr-ust,19136,0,19136
terra14um9jxeqnuvz6lmd4whn8desmezxja5xxeplx6,loop-ust,1924231,0,1924231
terra12dwagjjtsg3gvnpqcxm4fdwl60g6xmly7g574t,loopr-ust,250496303,0,250496303
terra1rvv8278ntaahm2hzs7yvxdw9s8rg5za0tu06am,loop-ust,1077798,0,1077798
terra10w7vaxalckweltpk2252namslddearjl3azu9c,bluna-luna,6690440,0,6690440
terra1h4t7ypxmrw4rg7g3kjcm669ph7flp7mm6g3e47,loop-ust,4127078,0,4127078
terra1rxlh62rjcy9cdn8962ak5336y9lvn3zdau2gvk,loop-ust,834051,0,834051
terra1unsvmk7u9qekx24z23wdk2xumran99g90k4x2u,loop-luna,900995805,0,900995805
terra1lw23pmrrpx49dnmnq5jq6nhmhmh4vtl86zqvce,loop-ust,1932819,0,1932819
terra17gvzfxeumre0rx06mwv4qtypzd3c7tac52n72h,loop-ust,413410027,0,413410027
terra1lzjmjq2kc4jgeeery6ul6qlqd2gh3ucqvdypf0,loop-ust,1524357,0,1524357
terra12gw38ycmnr6fek3az598ggcgn2y78lhhgu4yw0,loop-mine,1635756744,0,1635756744
terra1q8u65rt3sa8a3fk5eepf2fmemt4m002pte2ecr,loop-ust,5271439,0,5271439
terra18jk69h4zxryjdg48uvylxfxad0vrprh3a0utuh,loop-ust,29163534,0,29163534
terra1py7pwpez9uwr2kudh0yccgm9y06wrqyfevfj0n,loop-ust,455119,0,455119
terra15h2q686s4ejc8gy645vrfa6vv4x48c0zyghwxp,loop-loopr,10980331932,0,10980331932
terra1pdc5vt6sjskf6af3dcz8g6cmqtgs5g6a2njrnd,bluna-luna,14746352,0,14746352
terra100ucng5j2gslu52udkrvq8gey6hpggydjs4svk,loop-ust,1783684,0,1783684
terra1cuvclc2x4e3t5ht9cunvhy4hsdy06dxpz204me,aust-ust,23216260766,0,23216260766
terra1724cvah3thn2jt6m56x2tpsjcs3hpz897mtvj7,loop-ust,70964299,0,70964299
terra1pjx8h973tu0flwatm5h2a8ze90fye0sarw0jzj,loop-ust,1313522,0,1313522
terra1a7cms6445c3a04pyle4j30tecmv99253z2n0sp,loop-ust,449878,0,449878
terra19umenajz8q8q7wwcp2r7ta3txygz89y4uankff,stt-ust,2514565,0,2514565
terra1z4g0fzzxweedt46fcmdvcvws3chr7k2zpps99t,loop-mine,205881961,0,205881961
terra10wk53tn6s22ct3kznpflfe8qljvraf82v5jlx4,loop-ust,3698290,0,3698290
terra1yf0a2f0wankd2ef94pu4ane2uqu89kqkkd9l2l,loop-ust,11057011,0,11057011
terra1va7yy777lkx5wwj3kp6vq2mf7yce8cpx2yhdq9,loop-loopr,5060376063,0,5060376063
terra162gtgqtz9m8gtqrzjx5rc393apmqff238ltstv,anc-ust,5936420,0,5936420
terra1tuu8ytrk8kzee2el9729j7ffq9xrk2u5ktzh86,loop-ust,1082499,0,1082499
terra1r6xtxzfgv220vt8g374s8lu9k7qvmcfg9mwq33,loop-ust,10382380,0,10382380
terra16jytu0a65rgy2ry7w3vvjarsrgarvqce0rjdgh,loopr-ust,23855095,0,23855095
terra1fzuuh4g0vhvks9ndj0xxzeck2zdqnc838zcm9t,loop-loopr,3420291351,0,3420291351
terra17e8uwufsxq996amttl3yvtrx63yxgml9gh38h3,loop-mir,212264176,0,212264176
terra1juv0u7dw29ws2dnr5skk4ta2j88qm469gcas73,aust-ust,1147410954,0,1147410954
terra164893rxg0d6y99ylce7gxnc4c77x038ufvs2ce,loop-ust,14318530,0,14318530
terra1rzp7ugjc4hkqyyklcdvnwcmxnasrp3c9c9dhf9,loop-ust,25060531,0,25060531
terra1h5gqfyh8kr4cwhvqcrhr9546xlc923cu8hg6gf,loop-ust,167722108,0,167722108
terra1tavwwnqe9qyp5te3epwfwvafyh0ms7qgdlcgqt,loop-ust,12139740,0,12139740
terra12t4sd4v8r4wnvuprxqdeyjj4k55ezr47kesuc4,loop-ust,60389283,0,60389283
terra1nhemepkn7xakus8ujk4nf4xeu0vpegfhfas2dy,loop-ust,11712027,0,11712027
terra1grayvst482u0cshg95g05w5zl0x9ksul9meljk,loop-ust,4110479,0,4110479
terra1ycjqjx4wzqg4a230p7has9wzvrrfgjfxhxrv6f,loop-loopr,5072990064,0,5072990064
terra1wfjlywhfa43qsdwpuuh8lgsejk2kkytfdwtwts,loop-ust,15474338,0,15474338
terra1zxynuysl0maequfnq60z4c66df5qp906vnjxwl,loopr-ust,32388445,0,32388445
terra14e2k9ekd46l96rsrqkyd0epu43arph6nx6hlvv,loop-loopr,5808206,0,5808206
terra1u8n59xksf0k63fcs8lvrzjm22due3r6wh7g9t7,anc-ust,3785206,0,3785206
terra1zj3pse7dez305qmvdnfjkwtm9glh9n8lvrg9qm,loop-ust,8890290,0,8890290
terra1986gczp06fgvvndzjugvf3hd9udkf8wcphk3xx,aust-ust,9829156589,0,9829156589
terra1a9r87cgvul6c7vdc35gvslqmnfsc3dcsa8h3ms,loop-luna,3719435323,0,3719435323
terra1hx6ea4yxz7lhex5xv329475zlrzxvx57qmjylm,mine-ust,675465,0,675465
terra1pa4gmyl9ajwnrzr0753ex83cgwed7pul5tvldy,loop-ust,948585387,0,948585387
terra1drf6hjr7qrjx642m0us6xhxfevkj8r5g8z9gsl,loop-ust,951127,0,951127
terra1zvdnzqj6x0xkusdks09j2zl3yzhjc65xyuk3s8,loop-ust,106730720,0,106730720
terra1tr2yzcwwlsrq3skzwwdx34jq4c4csq8u27t393,loopr-ust,2521134,0,2521134
terra17lyg89g2qgtnjq4jaf7maag6lz9692sgdhufcc,loop-loopr,293161898,0,293161898
terra15jdkw8us360klspq8rqla9aw670cwqqguear3w,loop-ust,3285371791,0,3285371791
terra1vcwpljp627xnjxky0djjfc7g6dg8szd0ltggpy,loop-ust,45402702,0,45402702
terra1nh2f30jg2pu6tjx0l6n6ayec56wvm9lfvmsghp,loop-ust,1072142,0,1072142
terra1dhhtcywyl25up3fx9gpfhukzkvw0ezmq65vagk,aust-ust,9813624241,0,9813624241
terra1rmlvw34zgnqm6lk0xj20lt2vzrmd0jglruyalu,aust-ust,9140082855,0,9140082855
terra18hf446g5dc6rwj2qn4h4gdryuc0vkpzvyzs2ml,loop-ust,886851,0,886851
terra10ygfsxp33gcj89qg36vvfp8r64qvjkjp96a7sp,loop-ust,931828716,0,931828716
terra1stv7ysmc38f9nrmntdy3y45drvzfn2w9wvfg95,aust-ust,16063337,0,16063337
terra1hn3gd4wa2aatfckn92s92kr4ucn06zhc8r3845,loop-ust,488233,0,488233
terra1678vz6p03tr97xqv2h95t6hnhvgmmykddld8h3,loop-ust,1465778,0,1465778
terra1wnsfawcz2y0nrk9emxt8q8gl5ttp74j7vpkke9,loop-anc,1167221616,0,1167221616
terra19fx4hpgfftvgeh5x4lumm2p60kxkgajj4l4huk,aust-ust,85836253,0,85836253
terra1jk2dpesnqnc9zq4yj87wjhyauyjegmmes3de6m,loop-ust,576571,0,576571
terra1kfkg069fsjyg3flpzru0hn6qcfg50feherpjng,loop-ust,97976323,0,97976323
terra1at0hsv8ga64fcpxkkmx4c46emeraapxykeh2zp,loop-ust,105831782,0,105831782
terra1tvah73ljvxyr3f8exc552uuxrssyh2yatvnwg3,mir-ust,8619498995,0,8619498995
terra1amnglwhnlp6hl3xv8w49qnvuv0kktnsep8vlwu,loop-ust,94842,0,94842
terra1k9qr98aepp80eplhmpxt7y707ha5jwt2nndpfx,loop-ust,445063069,0,445063069
terra1q4kr8l379tg4agtszp9gwvlamlm4ld5kyls7jd,loop-ust,82041085,0,82041085
terra17fp6g983twudzp0t04wn6dufeh5m353jtxukfr,luna-aust,16758009,0,16758009
terra1xpllf0luut5rqwqzqxlersrqda2yr8gcm42z4m,bluna-luna,60905136,0,60905136
terra1fh45r5h24apa37hjlg3tq4gf3l7uye40htz2d3,loop-loopr,1677745162,0,1677745162
terra1kdht63p5wasgrh0ja3vuz6ym03kxlnrjaa5dj7,loopr-ust,18741901,0,18741901
terra1078cxparj9qtha7q5800cfekxhyd9qvkfujzn3,loop-ust,7345129,0,7345129
terra1r4cj5h8mh8xt9plm7ts6xl4vvrlq53z938aj7y,loop-loopr,14534331,0,14534331
terra13ws0t7jl2swdvlerur9kcz6xlxrghdj0xm6xe2,loop-luna,140094018,0,140094018
terra104lqk6q9d5u6whlx2xspvpqapkq006lfh4m889,loop-loopr,6678217818,0,6678217818
terra1pwwaq6ffrmy0hzz89693am0p403s0cckcw4xgn,loop-mir,2216339,0,2216339
terra1ldvtnv53pd8uuszqg7zpm8quxjmtyn4g5f7e5a,loop-ust,118921284,0,118921284
terra1ja0dp5pvm52630ngygt2y3428dks42q26xtr8m,bluna-luna,1989532,0,1989532
terra1ns2an8vvjdzjkejrmsh35e5x2p9au6tk7zylmq,loop-ust,510425300,0,510425300
terra13tjze0x0vh3rzvza85f40gjrjdtjtutggx7v9y,loop-anc,716173528,0,716173528
terra1affy4sqkezl4hm624p0v46tc2ww9c2f2falyrg,loop-ust,1464947,0,1464947
terra1y7y7e4f3kn0r2q4p0xh8h3knupedpggrw2v96m,loop-ust,909126,0,909126
terra1una03wcx8v4eannc2gphpfc3aps723jv6tlqxk,loop-lota,242705674,0,242705674
terra1aatjhsatetyex07funggkxqftcmvgdzkmlj6cy,aust-ust,30384884,0,30384884
terra16psstxs2q05rwrskv07p8z0aqaxlq7zc23slg6,loop-ust,46472713,0,46472713
terra1zjz92kcr2u6xevvc76vc3rlpr5pdl7xvyls97x,loop-loopr,7624625,0,7624625
terra1m83s4wzgvstsqt2hrchrp4q6qw3e35fljanyv4,loopr-ust,14025864,0,14025864
terra1ycjqjx4wzqg4a230p7has9wzvrrfgjfxhxrv6f,luna-ust,9002124,0,9002124
terra197dtwrm05p3f5r0fq65gf9cufcc3u00ggrd40y,loop-ust,893016,0,893016
terra1ew60gj0ayfaut34p957le8nwdg7l5ck7a7vuah,anc-ust,387990065,0,387990065
terra10qj333vj56fdl6favvae4sy5869fvha5amtltg,luna-ust,4445030,0,4445030
terra1p7rcd4nm9m5lemwszuke25avh4lagggemgmest,loop-loopr,18112171502,0,18112171502
terra1pjthnd7wk38j9rfj42urnd5x6u4d9cjetmcy4h,loop-ust,1113690,0,1113690
terra18ackrp6hkjhwwrgqdmx40gkr982edpnr04uspz,bluna-luna,2494768,0,2494768
terra1r56emzl4cgkrz6x5h54j52jruprstuc09tl2sy,mine-ust,5006162,0,5006162
terra1gx8ex8qjylgl6zx02l60vgt736u3mq4ny6j2tm,loop-ust,18128709,0,18128709
terra1gehk8kejk508al97zrhs534nes5xk9nl33uls0,bluna-luna,2987993,0,2987993
terra1grgnnu8lxp6m89dq2wp454hj0hgahm0dl085y4,anc-ust,689411029,0,689411029
terra1r7l6nr0j2er57v949pgz3kuma8l6m39e7a38a7,aust-ust,888446969,0,888446969
terra1wungehwcex0kut372g3kjvjerk8030d52zhq67,luna-aust,741900376,0,741900376
terra1ktxd0v706geuxz8p5d5pqs3n5t70v2svrq5te3,loopr-ust,15494612,0,15494612
terra1r5sr4yw3wtn7nw3ehgtmj28v9gkne4f5gxnuyt,loop-loopr,731653956,0,731653956
terra1dyx343g0vfze5pcmcudwwe3k0983ww4crpsejl,loop-loopr,467542079,0,467542079
terra1jcynszum2wh3q258grw2qsk2jd8qyk5wpcnkq7,aust-ust,448347099,0,448347099
terra13yr2055zc8vtp36alrzp6h726dt6uj0q4wcd2p,mir-ust,470356644,0,470356644
terra14rths7ld8564mnxjkk7999h0cu796tsgn4npnl,loop-ust,8089269,0,8089269
terra19qp3fpweskehcu43fqfyhkjxphw994rc6zwqem,loop-ust,3927649,0,3927649
terra1vazftqkqv4zuzp5a2g8lk7g3tppkjlxmjtu5gl,stt-ust,57871230,0,57871230
terra1gtgyvqwneycefu53dk3euqwm2n06ehkldduu0h,loop-ust,5709004,0,5709004
terra1gmpyfuzaz2de06rleclpjkypwt2gnrjcdedpwz,loop-ust,25640971,0,25640971
terra1upevdde6nmsw80jqzml4jm7kcdn7c5jazzr6xv,aust-ust,16616210,0,16616210
terra1km92ne3nehdkwxet4cgdfxkvwwj4w5d4xsyr52,loop-ust,718350139,0,718350139
terra1n3k9455fxvt8m8hcad2j0jz7eev735jgc70cut,loopr-ust,3126940344,0,3126940344
terra1k9nz6v6ymzeax9warugkyd9xm57ayshf22zq5h,loop-ust,4591544,0,4591544
terra1tgrshn9a9vull99d22gwmvk2vzrtj000rem3j2,loop-ust,3279570,0,3279570
terra1jpm5xfu7epz0s2ad083mj8qx5eneny5l0v7ydj,loop-ust,16549786,0,16549786
terra1dus4f96wm24qgegs8rdvgwy5q4l3xc3lyhrt43,loop-ust,83784328,0,83784328
terra1hmgy6jrnahyhn02xhdhj8dewrlg7v7u4fygwac,loop-loopr,188198058,0,188198058
terra1mzdruhfcmkalrumf6dwdngmu4cjp3q3xlt5s6m,loop-ust,5301246,0,5301246
terra1sg7ssl6emntn95jdugmrhmzfeq8ejw3tdlryd7,loop-loopr,8206541097,0,8206541097
terra1pew53stca906crf34e64xd4tgx5rv5ftxg0xzc,loop-loopr,38438819,0,38438819
terra166k0x78l2rkgafx50pv50lzum2zp9edur37e4q,loop-ust,10499333,0,10499333
terra1jawg9qawz7qhkr8t24qrr6tdzfesx2sc3euwuq,loop-ust,69232260,0,69232260
terra1ds3z4qpwg6g9yuzazl36xvd2uvugev9qyh3nv5,loop-luna,2581845,0,2581845
terra19r7av79dzfm42r8rxnn756l524sf4us78452fr,loop-ust,9194140,0,9194140
terra1jll6vjr4s6ckp38h8pna33cgtgu67ez7l6kl5n,bluna-luna,32852891,0,32852891
terra14pmnal92nxr5w0yhd2acmew3aquk5ctv8eezj7,loop-ust,57648861,0,57648861
terra1jpdtzhykan7ryk3az3h2348ypxhmx98hm79tzj,bluna-luna,22069784,0,22069784
terra1cpj5wudknh78lfkw3lv896zqs3ktw5scjgujf9,loop-loopr,43146811,0,43146811
terra1vucn7a9c8hwmh0q8hntr9h5vclecj7a3qxn3pg,twd-ust,9348836,0,9348836
terra1627h359us8u6f82apdzvlk4z60nnjet5ddu8cr,loop-ust,6381409,0,6381409
terra1zj930yu4w3hqsrc52gltyswvnlce8q8vdccdhl,luna-ust,6496353,0,6496353
terra1k4kd5fhlt2pphrt2uulsru3up03vy7524g9yd6,luna-aust,134678297,0,134678297
terra1lr9h6nqk3e5hasr0v0w90rcnjq2qaqy9vul4hs,bluna-luna,205406611,0,205406611
terra13qgj7peja32a7ck2y5vjvywynh8eu9helthkgd,bluna-luna,1396220,0,1396220
terra1skm0g67yykc08ga398vdtpmednvf7pvcvh8a0u,loop-ust,182035301,0,182035301
terra16tgms2xecp3shfftf45l49ehsw9y3vtq7t6wsg,anc-aust,257813729,0,257813729
terra1geajvjweyq6wug6mwhpyr0wh4xze7uvqvvnvsp,loop-loopr,1489550391,0,1489550391
terra1hwauzkuyzszk5exj9rvm5vvhhz2pjugzvdf5xk,loop-loopr,1445467310,0,1445467310
terra1smdjy5tcwmgrgyjj6vfjfd98xzqdj4qfed08f7,loop-ust,2619724,0,2619724
terra15pfcmjcsl28tw8z28k5dsh0z8fvm7lf7cmt7wc,loop-ust,33622041,0,33622041
terra1469dxra49z80tnsnasqqxhqpv776evdx9683rc,loop-ust,6491755,0,6491755
terra1clqgzk9u7e3ccax38xd62affv3lzvz5630ycdw,loop-ust,656577,0,656577
terra19w30w7z8meygtz2zfpn6cgqx3f333pwg4kd7gf,loop-ust,59704779,0,59704779
terra12egptcvet68v566h46y09wg9dcatmqkqdctgxj,bluna-luna,29944114,0,29944114
terra1hlgce80ndqkl55n4ntkdrhydkxxjgn9x8m7tyj,loop-ust,6387924,0,6387924
terra1pnpp49fp8tdj983u8sfxlyu0urd3ngjky2ld2l,loop-ust,2150770,0,2150770
terra1n4t2q99dql0k36sg88xxmj97a3dgtkc7457zv6,luna-ust,6867029,0,6867029
terra1cu44vdn32e5vv3lf0zqrnvmeva9nrt2nxhdrzj,loop-lota,244973174,0,244973174
terra19flkz7vdhtuyhm6lurqv70csmw7z0tvz3uzqxx,loopr-ust,102847817,0,102847817
terra1909nzzg42zdlh2ev2ynsptqg7um6k8eazzg0dx,loopr-ust,1068329011,0,1068329011
terra16kahzh8jh0nzll4py6nlta04edh74lsupkd8lx,loop-ust,2579013,0,2579013
terra1xtdpnp9m77mkfv6yd72uthsu0tfan7646e4ucd,luna-ust,32232473250,0,32232473250
terra1h94sz84dp5g52mtxacf39fyk0xmw3v6dj3nmcg,aust-ust,169013245,0,169013245
terra176aray05ds5tg5w258gp338uc9vew4k3635g83,loop-luna,5633088,0,5633088
terra10p7jm5aaew52zmkaktnyn2f6yxlkd8nqxnq4cc,aust-ust,4836323192,0,4836323192
terra1lx4sh5mlpv2dxzk6z0t2rwn9lh2xm760csh22s,loop-ust,2002514,0,2002514
terra16xh43yfn8r0peq22pd5f0g68espn7wu5lq99uj,loop-ust,16516266,0,16516266
terra1j6jpfadtztkr0g4dga5yj8v80jf3qhxzqt542t,loop-ust,1772868,0,1772868
terra17t6v83ll32wqf6uahpfzlpz7pceannfweslw22,loop-ust,154118934,0,154118934
terra1m3qq33qeumux7mptshsj7ujzvrjpnq5h8ms87q,loop-ust,9800353,0,9800353
terra1y50kwql6hewlvvllrscwuv6h9jlqr0ru52vt92,anc-ust,1809254779,0,1809254779
terra12ehsyqapvk9cvtee874nause684t076ueusrnr,loop-ust,1791654,0,1791654
terra1zpzrmcpmaaeepq87xa93fhehs5uwdf2280aku0,loopr-ust,27291693,0,27291693
terra1yhmh0aru4r944rjp0wt2fku343fvae067gw0jl,loopr-ust,18191570,0,18191570
terra10adg8dcu8svflz8c6kyxzq3mvecgu5t6mwta4c,loop-anc,1972491,0,1972491
terra1rsyn72gd2dtncz3axztmmf28phrndyjjyu986k,loop-loopr,1550118196,0,1550118196
terra19yj6aatshhwakrekrqjc2e62429wwn34fy407d,loop-loopr,890548757,0,890548757
terra1lrjddqlz56t5spfpptv8cxma944yd268dy7ewa,loop-loopr,273556851,0,273556851
terra1ylm40zj0l662n45uq3fgr4675kaq8c4ctnux8j,loop-ust,2603750,0,2603750
terra1jdsw0unfevy0m08fyx5ey6c0szp22qd2f78u96,loop-ust,497630,0,497630
terra167d69atdud4pghdd2djt7r7dujghzynlxx8ct4,loop-anc,42457116,0,42457116
terra1z7790ty2pwd5e2hpwpcyyvlwqjel0ynanex5xh,loop-ust,98732311,0,98732311
terra12nycv98cf2fzngyhm8qs6g9luhghdsh8xlqpmm,loop-ust,4121860074,0,4121860074
terra18ma7xr0zhqxejtdrxffktan0ct3gujyzat4nnu,loop-ust,81065687,0,81065687
terra1rlny7ccwc86zheg2zne8x67dkfryhmh6hkq707,loop-ust,582041,0,582041
terra1e0psvv70x2ejfqlya04rekx5v498upju8gjek7,loop-ust,5827930,0,5827930
terra19nwmkjrhyzf4qhj0qcs89laaq6wtfypptsrapw,loop-ust,5397511,0,5397511
terra1lm2va20k83ewnye9ca6g6qamptammnkkqste6z,loop-ust,8610030,0,8610030
terra1d56p4jv73nnkch8xx0rdjg2hsu0k8gl9dhlu9u,loop-anc,188090537,0,188090537
terra1anfhrzn3uhprgjqncl2l6fjujkm7pkp3nkznlz,loop-ust,1655422477,0,1655422477
terra1mvztjn4drq0mpw3h5p5d78r4wjflqjhurwyvps,bluna-luna,1009967,0,1009967
terra1evazvgwgytf9hlq5mzjx807wv5hvc6gpfps99x,kuji-aust,1281337578,0,1281337578
terra1ktxd0v706geuxz8p5d5pqs3n5t70v2svrq5te3,loop-ust,1278151,0,1278151
terra1aap2m92rgv4j7ekrd6jxdawmjdcyc9x5qhec98,loop-lota,265005238,0,265005238
terra1pmp5pn4jdaew0e2tryz373e8whac40esazmcma,alte-ust,5775508,0,5775508
terra1skxzqavfnqrazcd2lqa4kphmuqjyaa3cxmgder,loop-ust,11351844,0,11351844
terra1w2kue4xduz308grttwsx9wwnmksj86p90m8kgm,loop-ust,1048451,0,1048451
terra12xf3ylk7k6ca4s7eveug9x9nwlvchp3hf4wr4c,aust-ust,238801090,0,238801090
terra1mheeey8mf9hdfq0qfulwyzs6ls06sj8atxul92,loop-ust,6772164,0,6772164
terra17l88cv6jezmty2jr3kcv5fsgkwu4s59fgwtwuj,loop-ust,263473847,0,263473847
terra1c9hs668ee4rk5nacx2tygd3tgv0a9ph28zt4w0,mir-ust,52431392167,0,52431392167
terra13vqlfe0lf6wukt0nxy49548af8eqxf02d3htap,loopr-ust,296751,0,296751
terra1a3h8jk5j3zakhfrp84x0560ct6fuh63sawy5le,loop-loopr,341015261,0,341015261
terra125fy6gxcrhhceaafhrdqd4uppmu3wukvcmrw0m,loop-luna,15880351,0,15880351
terra10ux0wjecv6najlvge9yg2q7nh5erjgln6sq9dm,loop-loopr,555243317,0,555243317
terra1v0awrpvg2qtwjquh9fl6yszryl29gvmuksj79p,loop-loopr,46570237,0,46570237
terra1xzualhgf8n9645pca0qsmhy609wdpt67aprzwu,loop-ust,1080895107,0,1080895107
terra1aarw5aqwlrjtmktg2ytn6zx3tfyh9rplek6haz,loop-ust,1804534,0,1804534
terra1qwwn278x528jewvhlmujmdt0la8q2ekw5laswy,loop-mir,19583262,0,19583262
terra1cl4qale7gh588dddq7s699ss7wjncm5xlzhdd0,loop-ust,10476946,0,10476946
terra1dz6fztsttyvunlhr6p42msm0z4lcm64z4pe658,loop-ust,9231813,0,9231813
terra12fku4fsayachwcd73ar57qdttm9xt0flvjs2pt,loop-ust,3503636,0,3503636
terra1a53lcrunnvna337pdppayxthxhe49taulpfa0q,loop-loopr,163042277,0,163042277
terra1mhuehrs6tv6pefggghssgk7x6twxzwj9ypt4ds,loop-ust,649727,0,649727
terra1epvrd3nfuvhmd8jszwmztsxck2exq4ue0xxa95,bluna-luna,99923900,0,99923900
terra1kr0yx4v069gfjzcvayc4cznf4zugx4ejjman43,loop-aust,12554855671,0,12554855671
terra13fvp83xw3qmgy3vc8eehx5h0rzt2tls8lqcl42,bluna-luna,19089388,0,19089388
terra1fkvg0yuf5cyvy6pknpt96ns9rtjdmury34a5mu,loopr-ust,2862096,0,2862096
terra1q2ln8ujhdx359wc7kapn8hqnew60udwxxplp9g,loop-aust,80312497,0,80312497
terra1t4xvzmwnh3nskcrmawnu6hlgndh6plyrrfv450,loop-loopr,12082008102,0,12082008102
terra19a7az5dxre9nmzuwvgrrh5qf8l3d4x8xuv8u0a,loop-ust,7992353,0,7992353
terra1gdlu44lavyjsgfms9c305xltlxr8z7f440exhq,loopr-ust,25000074,0,25000074
terra1n5hkakj94uh8pl5a3szpy9xtcmg906ah2t9vye,loop-ust,1653331,0,1653331
terra14407uks38qr3xyye7ltymhg5l6rke40rk5k806,loop-ust,188870833,0,188870833
terra1d3tc20d0luu77yshdn4vejnpfmkgk37px5y722,mir-ust,88802003,0,88802003
terra1zf6uv09yg9uw5tst87ntkvxpua2uhtm72dfay6,loopr-ust,74220243,0,74220243
terra1ug6x245wv0ntm8k2zmdrq60j6zedqqd5mfjn5u,loop-ust,26567162,0,26567162
terra1fy99t7ke2qkkdkwv822df9mjyna2umhx2v70nd,anc-ust,1375951883,0,1375951883
terra1xgnkmd6765a5lvmeesfd6zym6a80s2q6lpfz7l,loopr-ust,21689357,0,21689357
terra12ak0avz5gruke4sc93c9rpkags70f9saszjshf,anc-aust,607523147,0,607523147
terra19wxy02agk52gnqkquldj2xuvy3nlnjmas4vzue,loop-ust,10212158,0,10212158
terra1yhrujcuzrsf5v4jtf27h49knz2ccwes9v0u7g9,alte-ust,86567403,0,86567403
terra1g7f03ygtm5fgnxp6yudk5u8fnxs606kvjf4svl,loop-loopr,1774210708,0,1774210708
terra1r82k6aupxw4n7km9yfan0sev668q37hwcuh4fy,loop-ust,1760976,0,1760976
terra1hxqnzsj2l050w98knfjv79tevqdxca4lts83s0,bluna-luna,15114483,0,15114483
terra1436w3hauz566ka3t046z4jystupp5m5yk2vg66,spec-ust,198300034,0,198300034
terra1dfgpcdyyez9sfx7n5mmfzyq0d24vy8j3w85tfh,loop-ust,516167574,0,516167574
terra18c8rn98jq4gtutrp3kkhvpkzpngs6zw5t05xmx,mir-ust,3019494,0,3019494
terra17ergpqfr4u4dumjyjdqehywpy2wggfsjuvjkrv,aust-ust,1781509003,0,1781509003
terra1cddhqhxrta9fakgl07nv0nsxzvcpfs635wzulv,loop-luna,50750271,0,50750271
terra12rcwwqqwu8dtywge5k76my3l4klmr6jh7fnqp6,loop-loopr,11684508,0,11684508
terra1ppegqwc00yucnhggkfnae0zugek4a4sgxn0xzd,mine-ust,3533537755,0,3533537755
terra1p8ae20qfx75drspkkfn04q0qd57qsfqeck2n2l,loop-ust,2246704532,0,2246704532
terra12qlcq4q9mtqz6nw6ld2n54fvx6fxtagvncf4fh,loop-ust,478825081,0,478825081
terra1xy675akgk0egve63k7kt55ad2n5mhv6z3ngpp3,loop-ust,4037575,0,4037575
terra1jl0jcndm55qmyhsc8euplat5kektjkv0fm6930,lota-ust,17013436,0,17013436
terra1czr3jryxg0ut0hzpqmk5q35uyhhv2mk3wmkfvr,loop-ust,66617769,0,66617769
terra1dhrtzfmjzcx5cwk8a9pjcza4cd7dzx575mp79t,loop-loopr,57021163,0,57021163
terra1vv28y3yrw72kwlwdjlhhq5mt5x8a9gwqzqvuvj,loop-ust,9531447,0,9531447
terra19hhp5zcqr2dncg4rp7tg43et0n0x45892pzlq8,bluna-luna,1390827,0,1390827
terra1uy64xnxvc6v7eq7w4spp3eef3z63fe6j75suax,loop-ust,9402026,0,9402026
terra1svs3dn22gh6vaxlm9yck0gke2wecnyrdhu5t8z,loop-ust,7290413,0,7290413
terra1hygvg354ts2clrp0pm7eytzgz3k9kehe7wucgl,bluna-luna,19925937,0,19925937
terra1ffeaknqlfuspgwkvzrrt492tgqetrdpvteh0wx,loop-ust,2140270,0,2140270
terra1dcwl0z058fcxgzk4q2rrvnpg4ah83yn49r8jht,loop-ust,80426486,0,80426486
terra1exl2kr47mgjctcfl5sp3703v8jcpe3yv2m4g28,loop-ust,1009453,0,1009453
terra1c08kyjvmw2mykdd5hv00e7fde54t7sdq94446n,anc-ust,1470622702,0,1470622702
terra1pt9w2ymrfn66rthfp3eqz6mtujsq30y4kfmn3n,luna-aust,296000286,0,296000286
terra1kucm6my2cejdennq0c6x8zksncvvkf8zz77tmz,dph-ust,2423214006,0,2423214006
terra1tczmz6y6805azrnyehh4y6y4gpq8zza9vfwxz9,loop-luna,45361038,0,45361038
terra1yhngv9zu9cf6fplxd7e5djlpgm5zgm3za8r5y5,loop-ust,16712246,0,16712246
terra1rxdrer5lvtqrnz0x0pmpmr5wffxwfmn5h6zkfl,loop-luna,2788086,0,2788086
terra1kmx732g5seepjzek9q8w2fkgvssaltqndstsjc,loop-ust,445017,0,445017
terra1ln7msxcw72ydvdeys0fngzkmx2yvchx5qkpjg4,loop-ust,1901627,0,1901627
terra1muvvcra9yntwce0mkek96ukr7l3r576lqdp9az,loop-luna,107279423,0,107279423
terra1jdnaus0sstg0qgmgrp58tm4arprlhc29z5qk5a,loop-anc,151382208,0,151382208
terra1wvwgrpmmc5kcqqgr5ajz2z5v73rtp085vj2c2h,loop-ust,4424049,0,4424049
terra1nj0cuv8zg7kej7l4vpsya6fzc0mdnx9pjeyqze,loop-ust,9448014,0,9448014
terra1lnm4u54t8s9wrf9vm3lv5pmr7d0g3uxj8cjmjz,loop-loopr,86630447,0,86630447
terra1juucum535uqr6cwupzf33gj6hqdtgglnkv2wqa,loop-ust,6496398,0,6496398
terra1tke69la2eeme3ec8sq9awvc28qhtwwn2nxaa9f,loop-mine,122887783,0,122887783
terra1cwa2mm9tmmm3uxkqqa50lfmzmeap9a24j30nml,loop-loopr,12851143579,0,12851143579
terra1rjp3fzkz5kyyv80ggdc3t2rxlu3vr5f5za9l80,loop-ust,1007464,0,1007464
terra1w08ttf0u3zrgf0fs3u8uuzkcrg3umys404sgtc,loop-ust,1245868,0,1245868
terra10ksg8am2xu8mzuk530r67ywsfnvzghgkwlpr28,loop-loopr,7628088,0,7628088
terra1ucpt2855yaplwhdn2eu5fju44nm5chy2p0gh0p,loop-aust,37187304,0,37187304
terra1dgr3jnk3eas08q0kmspm85s7kcazekgn9kz3xg,loop-ust,4898322,0,4898322
terra1zrtuc6486ujez7pthwemhp5f72f7wt7g72mmtd,loop-ust,15569165,0,15569165
terra1ttwxn7fdns3hujyr2j30m49czfhwes3y3jfvn9,loop-ust,908765013,0,908765013
terra1l3e2g4l790dnlc29w98md45dmklf8gp5tzjwsz,loop-ust,93987,0,93987
terra1skjc30ht0j9zjhlj3z870888qxtdvj9d5ajyfr,loop-ust,18123963,0,18123963
terra1wtcwmtf7h95t9t7nfyl3pgeg7fu7zyaevpcry3,loop-ust,7581229,0,7581229
terra1x5l538x5lld3rdg2gh8dsue4xm08nghs0k8xzf,loop-ust,4657812,0,4657812
terra13nx7lar5sn2f92r5gxzklw8kjkky58rwaa3j4s,loop-aust,23329257195,0,23329257195
terra1lf067v9z2vvpqes6emgqg9rglcq0r84tj0vy6n,loop-ust,12049695,0,12049695
terra1nn35rjxtun8lc8n7qm6f490dln49hl5yme42ua,loop-anc,170820165,0,170820165
terra135y874d4gp3q7ql5zz29wuvw60p3m5f59vzqvj,loop-ust,69805359,0,69805359
terra1w5enhfpd5tjgmnz66m3n4ukxwjc99prdey9e5q,loop-ust,16468368,0,16468368
terra1p93fv7vmq3ut5epk3at9djlrecdwhw90fwzyzr,loop-luna,26485053,0,26485053
terra1gegpuzxj4wlef9mvt6xypmvp0td9qv2lpdrxsg,loop-ust,4150732,0,4150732
terra1wef5hkwnuuzawycw4yq57lnpjw4j256pcjnxkg,loopr-ust,90823446099,0,90823446099
terra1x9nyghl6un02nzau55s76ncphxau6hfekjqgf9,loop-ust,1479596,0,1479596
terra149xww4tse6386phdr2h4m8n93al54exy8twjtp,loop-ust,30280716,0,30280716
terra1gqv62xttwlq3d55l673rjd9ntsum7jtqmntvtn,loop-ust,2860347,0,2860347
terra1y6wuzu7qcdu3g99c7uq6whhs5vxpmhd7ywnd7c,loop-anc,4012507,0,4012507
terra1gukw2cz5vdrl9yqugxwfv8vjpymffy6sp4qd8y,bluna-luna,128220907,0,128220907
terra1t29a7ry08lrf4l6s87dzcmq2k685w48lf3qd5d,loop-aust,412865164,0,412865164
terra1dfxghedkdcrjuqlte2r3wfsvua26mdwvrj9kva,loop-ust,715301957,0,715301957
terra1xd49yl2x0zw3xs29sl5hzru2992mmms79jx9eq,loop-ust,38946013,0,38946013
terra15sh9crangavjegjhd7yjfwmuf39v9cj98upvjp,loop-ust,16460465,0,16460465
terra1gm8hc5j7jvts2ghc5xp9wsaq6v77k6ha50shae,aust-ust,447834775,0,447834775
terra170yuks3hqn77929y7yrrtc296tzj6tdrrustha,bluna-luna,10552323,0,10552323
terra1x9xawhkfuua9cdvrz4r93fppuphr8kwevecd7s,anc-ust,6308581155,0,6308581155
terra1m55ecm8q65yh2ze7xzqyuzkfac3l6kfa2xx0sj,loop-ust,7414041,0,7414041
terra1n0qz2wrelcsv8ljpuprapmzhy4pudm76mn3g7x,loop-loopr,421426957,0,421426957
terra1uaxwcjuswy60cvr2lknks2j6kpwpqqhnuxlvu3,loop-loopr,9818877378,0,9818877378
terra1g95kmpt303vgum2ekyyu2d376tmjn0e27v3cv6,loop-ust,76164057,0,76164057
terra17httz9p0m5zxvtfczvprd5nwfm6ggh0ld94ag8,loop-ust,1001479,0,1001479
terra1zlgxxcys5peq8wm45k8mk2qw9jpp4hxxaws9v3,bluna-luna,1973397,0,1973397
terra1cn70sru5ut70rgr8trq9q7kjqtkcuefsgfzg36,loop-loopr,9756747721,0,9756747721
terra18unaz48gqlr6suqq0k3xm9tj9ej63sw038pcxm,bluna-luna,4217156,0,4217156
terra1s6rfxpp5qtc6lldnpfp07uruvp7ewyk0pwzrf2,loop-ust,8620367,0,8620367
terra12wa7nu7pg86evgusv6kh3jf9yhcfwyytf3akmk,stt-ust,22279231,0,22279231
terra1zr8e9rt0zvg494mzck98f3jt957y5axkxfx8gl,loop-ust,12541493,0,12541493
terra1gwxp735lzn9953uehv2kluu7hxdrzs6zjfalhw,loop-ust,1745235,0,1745235
terra16urwrtunrw7zd2hg8jxtzsyaq6ddazg2f7m29v,loop-ust,1614134,0,1614134
terra1cz4a0nc6xe6u8z0gcnkkrc3yv0v7cc5cy3j45h,loop-loopr,4095413422,0,4095413422
terra1pqwt92auzpskr38anqp6mh07jzr6z6kvskz9tt,loop-loopr,30121925,0,30121925
terra1fz8s4kzdgz6mpc5f6yp0nxhrw60c2elw9k5w5r,loop-ust,13219162,0,13219162
terra1pfjkxytcrdp3sqtk58twv9pmqppzthgc6udtf4,loop-ust,8622,0,8622
terra1za4ee4swe3wdheau3u73vn6srsgp6elvmvjvfq,loop-ust,72022,0,72022
terra1x2fpl2g2jvsahrp28hk2hzztqm8pada8a5dzah,luna-ust,50169077,0,50169077
terra1n22vsrp6n8822gjjfy7zf0x26sfwkpg6j3qul0,loop-ust,4428070,0,4428070
terra1ukl2qne4xm4vjcnp8jpzd44x2zkwfms5wd6shx,loop-ust,4009772,0,4009772
terra12afj5a4s8enycn5vayv9a7marh8y9jjj8yy89j,loop-ust,915040746,0,915040746
terra160y6t9gkxxygsk5v4ycms8tecpcftf4s9rwwmy,loop-ust,430360,0,430360
terra1x6ujeazvc6gcstf6zka2lte66uxhnwzz6w8v4z,loop-ust,635739,0,635739
terra193dd2wgc4h6feyt8pxy7wntak3wq6rva2sp8sx,loop-ust,952,0,952
terra1pzwwy5x2z9rn869309ljqh03f007gmr22h52za,loop-loopr,57177732,0,57177732
terra1jz905fenv6tu2gykjaf0nu7uy6zfnr3ntmglap,loop-ust,10112585,0,10112585
terra1mrkhwcqvss327j8up94kjdyy7tv2rcerx60lm4,loop-ust,1540534,0,1540534
terra1pq8jqjtar0eeylzdpxkl48e9768fjwvjavh8v3,loop-ust,4541587,0,4541587
terra1puzwdrpe53xezyz2g0y350xcsgx32nck944rfw,loop-luna,40986346,0,40986346
terra19zyrzkdm707y4a9urkqtqru6ctnqv68a3xt73n,loop-ust,90355,0,90355
terra1sctqzdhxhuhqnmzhdumru5sk3tfe0tnhgxkk5h,stt-ust,87655779,0,87655779
terra1usvx0jc4sqlcnfjpw9894x6mndgyk06sk8a9zt,loop-ust,18999837,0,18999837
terra173zagk2a2nq70cvn3d3wluscnul4gyf2nrtwsv,loop-ust,44421185,0,44421185
terra1jq58vqxzqw6zz2wcvl2etxawzwneu8re8pwh3y,loop-loopr,1541866435,0,1541866435
terra1rwpqt4phfudka3xw65z8y2h284y9apejrfwhlw,bluna-luna,5256639,0,5256639
terra1lm4sekm0jzzz45v5t09paxjsmy43ftmy5nxc0v,luna-ust,104222734,0,104222734
terra1l8m9a740wsm5ky9nxt64wdmwc2va4ewxkry8mx,loop-ust,1796296,0,1796296
terra102y2mp74pfsg4el0etfntz3rp2qzhylwd7976h,bluna-luna,747734940,0,747734940
terra1lkysv8mns8krtrqapxugnf28euzmjcs25u455w,aust-ust,252013962,0,252013962
terra1v4ucrkzle980683u969m72nqwlcm79xlfhxjn2,bluna-luna,1990021,0,1990021
terra1h576fvegzg7sn8gvhapngspcxqlw4js63whywn,bluna-luna,4189568,0,4189568
terra1pcheqrr47auhdkm50kg8p9ww73vepcvh53gm0e,loopr-ust,178897498,0,178897498
terra18mmeq2s5m8dxemn7z40ugrt2ruvn6d49wvneem,anc-aust,40047712,0,40047712
terra1gqs40nrc8wmlraqjkldnm52akyjsa2u5umpjj6,loop-ust,840114,0,840114
terra1pxehshgrlg3ulus2n5qex8222psnukp6fw6u9s,loopr-ust,21907753,0,21907753
terra1gzpehz5gvr8jxj67s0e860zmjx5rslp0a6r40x,loop-ust,2399119,0,2399119
terra14nvkqks3lnvvdj4u25469c2tawwkmphx4j9tgu,loopr-ust,13656759,0,13656759
terra1pnlwy0hyljyu67saf72pxywpycl49c7mqmc7f5,loopr-ust,14862747,0,14862747
terra1gz6s2309yz0rw345m0a3z9xf7yghd4cr3u6m25,loop-loopr,3465643050,0,3465643050
terra1669s3r39f99ulzsde45vq0heydezgnupjngkpe,loop-loopr,4125446778,0,4125446778
terra1kk0h5dkjq7nzf2ukttza4xs3eckpn3gcy5ef9p,bluna-luna,99604431,0,99604431
terra1r4he2ynwtkhm83aqc7lej0s2mtuy392960dthn,mir-ust,12762535,0,12762535
terra1s4n5a43px8urq0w05acm97sgja8xdwp7xyrgkp,loop-ust,122808471,0,122808471
terra1uew6czvw0azw2kksx7fdn7vqpmjwhl47ujayfh,loop-ust,2044530921,0,2044530921
terra1zypk64nk8nqug2nv37wyps086yv2mr4d0mhjhd,loop-loopr,27761156564,0,27761156564
terra124f02mf6uc8rhytnypa2w5unk6q0zt6qqe8sdl,loop-aust,1818125498,0,1818125498
terra1fdx9y7d42xfdzjhqagdchd253kgh8zcykfu55e,loop-ust,12081541,0,12081541
terra1cgugf76ulc9rft8a67aas0h47e57wd50lu8gf5,aust-ust,8653190508,0,8653190508
terra1cav02k4549nsfqpt479dqd9nddf334df43da6z,loop-ust,2277225,0,2277225
terra1u0xj5amzsef2x20m6d7c0yk3y9u7yrqd9ks3nw,loopr-ust,43722757,0,43722757
terra1hlkuhwmhqvrw3fq8aw3u692a6nxxqlu9r32rkd,loop-ust,954588,0,954588
terra1j94ekqjj6gwuw7khtvcq3m0mccngtjcsk02nte,luna-aust,665921510,0,665921510
terra18nrqmthy2r5kf0kdegw598sq8mg3x8346fmzd7,loop-luna,1024741,0,1024741
terra1u26wds708zduuv8kk5elg5gzvcjgqp2kl9p49f,loop-ust,40456727,0,40456727
terra1jhf2mkfec867x7d80auwjv5rshs8p6rlp0cytn,aust-ust,18052206152,0,18052206152
terra1mdul6lndpchx0mpa2k3vgkw8vlkdlwpmdxdy96,loop-ust,4638862,0,4638862
terra13gqhltqk7prrp7nzdxtadn8mu0y8k43yfwra6z,loop-anc,367931998,0,367931998
terra1flp6p3an0d5d9cs05z0upkh3aw786vgsulh2pt,loop-ust,477398974,0,477398974
terra183vrls5dnlygvcawmur4tx6v3sz29cuk7jgye9,loop-ust,46666281,0,46666281
terra1j3cey53jp63gvz4kqv782cn29tpet4frapstuq,loop-ust,1332166,0,1332166
terra1hnxu22s5yfxcsawqjr3ztpw3p5h06hyrx6defd,loop-ust,5897463,0,5897463
terra1mvr0tt47an8man3mzn8400hk7qmwu0hel84hwp,loop-ust,12132016,0,12132016
terra1t9pf3h3h2edk20cg3nu6yfusr7gzveyyfkleda,loop-ust,8097672,0,8097672
terra12440pud8fjlc99nh2rtsrvgpej4w0ncapxjucp,luna-aust,62089872,0,62089872
terra1xdmmd9794teqrqt0lkh209r4dnlm674a0z2lr9,loop-ust,2254763,0,2254763
terra134yyh2ledl3vt827a6ccc7eqy8g9p0752783rz,aust-ust,1785910608,0,1785910608
terra16vyq50e37gchexe4z6penrr9rkdzwny5j33wmg,loop-ust,22938391,0,22938391
terra1nrkeh30t3795wkwargdcelyvkv87pr4hz0ev0s,loop-ust,12848876,0,12848876
terra1eyu5hmavm88mevtph3jun2nw66ph0klupvrc0k,loop-ust,4079233,0,4079233
terra14t7rw20t57mv5qsv6uh409m39j5wq46qs0088c,aust-ust,1339338909,0,1339338909
terra1fhyvwh6s6kpqzpvzd4dq9gkhdz7638phdh0vwm,loop-loopr,2710792352,0,2710792352
terra1va2mt34ykkuh36959kfuv55l7v7jrdmu7pjd62,loop-anc,45649451,0,45649451
terra1ywcj0qmuvfv6v97esqd6qyptsw2cqzya8fx4kf,alte-ust,447956500,0,447956500
terra1vczkagypxasm0uva35xrrfyhaummg55f0mpuzl,loop-loopr,1173703178,0,1173703178
terra1jhkhkmt3pf5tkqmxzlq28p98kpkd750xzg6gwz,loop-ust,8475428,0,8475428
terra1wdks8d8dfvc8spnk6484ug4qu0ymysputavznp,loop-mir,18428117,0,18428117
terra1x0lpv47unj79ugf0gpl0p3yfjpky9d9puqgel5,loop-ust,1070,0,1070
terra1c22pn4ftjdajrflqdm9max4uydr5ltsq0khpn6,loop-ust,1897404,0,1897404
terra17kpsesnjkdsr9kwjgmc4t53cu5hl9cvslt0xh0,luna-aust,18180844,0,18180844
terra168kxeq5vsumkwv8jk3ytpq3f72kddg7rtlft0k,loop-ust,8012108,0,8012108
terra1f9gu4sp3ed2ws4chkwxktv0avnzuydz5ddqfxn,loop-loopr,17368546519,0,17368546519
terra1gvj8nsw8udf3nmxynlxkltr286tl49ykde9ztu,aust-ust,4465553975,0,4465553975
terra18cwytg5anq5rw806dfp6m895n9pt6dmrexk5lt,bluna-luna,21682530,0,21682530
terra1wzkkp7lhvlpjmkv6s2w5s4f9arhad7qu2cvmw5,loop-ust,2139032,0,2139032
terra15lxrgwwcqajw9eqeklryvmmkml2kwafp80dj7m,loop-loopr,353893410,0,353893410
terra1nlppz7mqhvvpsks7z9u6md6gnek569t5lc9u9a,aust-ust,157573382,0,157573382
terra1wr0gdprk48l2wkyyeaqfmu2xj50jggdm0l3j35,loop-ust,993572,0,993572
terra1en2duwc86dx6q7cgm2jpql53qsfx64x0vj9taz,loop-ust,1952583,0,1952583
terra1plv8h7e83kduzw3mpq8frf5pems5ne2mf5lslr,loopr-ust,24096224,0,24096224
terra1lupr2vsc8990nk6w2qnajg8jwzfcgrjsf0pxc2,loop-ust,288146249,0,288146249
terra13j8ylmhdvzpxaykgsxz2f34yq7jgscvrz0kk04,loop-ust,17196857,0,17196857
terra1yrmftasfl2lvma76ur728xms5zjquwgmd38cum,loop-ust,88907777,0,88907777
terra1hl9dxuelsfu4qrawpalf3wjc40whm9zevajsfh,loop-loopr,534502056,0,534502056
terra1xpwya936yklsrsm02wwz7hg39lszhg3mp3589v,loop-ust,1334999,0,1334999
terra1acfv76jjtlssvwx0ugmx72w6pswszyzym8tudp,loop-ust,1601613,0,1601613
terra13tjze0x0vh3rzvza85f40gjrjdtjtutggx7v9y,bluna-luna,10078818,0,10078818
terra1mz2t0chn89un6msm2c6fsrx08rm63j6vz2l524,loop-lota,6950255,0,6950255
terra15mmp395m6tv8v0ytf38df2eh04gs4gtpv85k3y,loop-ust,3863779,0,3863779
terra1v2876gjpf629u88pjaqh2altaq93tpdhrezdtg,aust-ust,8947204485,0,8947204485
terra1uvuuyytgsg5vuj83y6s2wzwer5557fvx4rx0w9,loop-loopr,516818001,0,516818001
terra1g3cw545x30js4gam0kfcec9l8djphqy2esz52v,loop-lota,25712538,0,25712538
terra18r3rekdzlls708s9z9fmxyzr2l9zya8rfsm7mc,loop-ust,330413345,0,330413345
terra1s2argeh37guygv740yj8f5qw27qysnjm8me7cp,loop-ust,2167100394,0,2167100394
terra1mtjj6frn5tpezxeeqmuet3887wjaydp7n6ls6t,loop-ust,781867,0,781867
terra104hnqu22qy3xllzxxe0hcmgvdqehvd3kz4vqlg,loop-ust,1691131,0,1691131
terra1u9kjupn2949g94ajw8q5rukd8twr6ge07nm04n,loop-ust,328610704,0,328610704
terra19fsf4au693t0z5t5sl558ayxv9xseuzggwqth2,luna-ust,315078683,0,315078683
terra16gkxptmn8ln2ju5yqdl8mfcyf0h2kh4wkdfudy,mine-ust,241348394,0,241348394
terra1hpsy67z3vqf2aw2gz5yyxfjka23uef4kk9amx6,luna-ust,654244754,0,654244754
terra1k2hen7vu40cmjw269t0hptsam4630k50u8wmu0,loop-aust,236538975,0,236538975
terra153r5qmc04mur4l3394xpjerl478mulq9kwcmfp,loop-ust,13653923,0,13653923
terra17g0z3agwkhmr7m3pv9zx2shmtdscnnmywhkr0m,loop-ust,930839,0,930839
terra10h6qh5h6f5raz7hxzjykc2pcgmu29wkz4gnnex,mine-ust,674801832,0,674801832
terra1py20d7f28cwh4gxm7zmdy4ktvr7zr3kka8tfgv,loop-ust,5105026,0,5105026
terra1paj2e50c34vswetw70z7yckrzxskj72jjh8tsq,loop-ust,2532615,0,2532615
terra1sq5yq3t4v85z4mmp6gapfkurhxwxla5uf2u8zr,loop-ust,4656360,0,4656360
terra1we6me8zzqu0wxen9lc4rc87xfg230fh48uurlz,bluna-luna,20821520,0,20821520
terra124lpevnvm9l3zvmzlney23rhe283lcqme0fw8w,loop-ust,9121700,0,9121700
terra1zdu7rml94a5vf85vqkcgc6k0yyhzpp7kumgw7t,loop-ust,22494854,0,22494854
terra1n2cuqtld6h5kalatl83m703acn57le4smf75hz,loop-ust,347799790,0,347799790
terra13tvvhl20xayvjjn2pqvmy3kxxvekcwtxyx0est,loop-ust,1423787503,0,1423787503
terra1xhktz2ka6k94k5pjd7cs75twn0a6xcqkxc8d7n,loop-ust,940696,0,940696
terra1f5sepktxs0ux8uhzt8jgm5ak9ms0747dwt5sc7,loop-ust,68156391,0,68156391
terra1afkd9a7kudw57k77e0d5mjwze2cnfp0k7c2wju,loop-ust,26474468,0,26474468
terra12fh4gw265ez3z8vf58x54ga0x9h3dq5pl4mcnf,stt-ust,41230539,0,41230539
terra1zaa7w0flmh4jj9asz3lh577c0jjgk7p8y6ndtk,loop-ust,1062201,0,1062201
terra1a3hk5l9ls8cfwqaen5jha58rszsewqe899mcz2,loop-ust,476837,0,476837
terra1n682qg77uepjv93vmmypxrg588342sj2kvek39,alte-ust,92508922,0,92508922
terra1kdtrc5f4604dsr6yzgs9drnx8utt700rwk5gxm,loop-loopr,213949864,0,213949864
terra1hzyzys3s7s7xsls5gvsta3z3ylcy7fjcnpgmas,twd-ust,67198670,0,67198670
terra1w8um8fcnzmq2wkynp7543gvw2f99lytgxl5e7v,loop-ust,5308419,0,5308419
terra1rrhgummlu0nczx0vzh5wzpdzl5g2hp8dvee4ln,loop-loopr,460707169,0,460707169
terra1j06h4v9xpxzlj7h0pwh88fwkua6crrgx880gvn,loop-ust,481520304,0,481520304
terra15mskfcwhnkt5hkkf8fm35q9qpgt4l9e7pf2g33,aust-ust,141285098,0,141285098
terra1pz798vlnxl5y8gv3dyfz5gdt2smkud0dp62snz,loop-ust,145541817,0,145541817
terra1nywmytfhsmnjzp9rrclzk37em8ghvhmudf6nfs,bluna-luna,190298867,0,190298867
terra1w52c5t2lkzyq7s7xr0nqycwyqc20jwrhv9vrrq,loop-ust,841471,0,841471
terra1wwpddtxcg2rvqktg583f4ljmqy0dhsaa9a7s3s,loop-ust,975108,0,975108
terra1tp5ztur8lzu0ajzu8yflrhl4453dyhflrn0qqv,loop-ust,1901387,0,1901387
terra1gumzt9adq7y8ahwpuchfa3pmy33spralu2ckjr,anc-ust,13785309,0,13785309
terra1h965z0hx3r8w2sls66cgzlryuxxpz7v7rqqm65,loop-ust,461643118,0,461643118
terra13pw7wuq3m7tu9szty8f5z8ds48zc566jjyz6wp,loop-ust,1833028,0,1833028
terra10mqas80rnvgglqk686q2zmgpmpycvh0944pjhh,loop-ust,4805359,0,4805359
terra15yfuxx53yrc6n2uezkwu0f9ytk0n2ync56pd8j,loop-loopr,7509898738,0,7509898738
terra15tdt5vm0e30ul8xha3vjauqf3u96n4ea7vjlju,loop-ust,1109237,0,1109237
terra1qc9l2qn9p9mp9rqhgt7ywwehy6k8gtj46rjd9f,loop-loopr,89560601796,89560601000,796
terra1fpf378yk69x78we5048aw8y2lcqe0w9rq53ahk,loop-luna,12461653,12461000,653
terra1xqrvp86up9xkwxxkxvad4fxlka4r7rrjkj96az,loop-aust,598527576,598527000,576
terra16h50xh890cca3pn6p03zfz3pvccedzwwqj5h95,aust-ust,1348208360,1348208000,360
terra1ndh4tnu39hr4dqc4jl8excm7m4rsg83saqu6c8,loop-ust,20258565,20258000,565
terra1708e53sykccxx7d5jqszw9nglv84amnnds738p,loop-loopr,348037553,348037000,553
terra1radhtm389e2mhzr6lesslp33zm5zxly2fy48nf,loop-ust,223857099,223857000,99
terra12tdwqann76wcu73l0vascue6hxsws6x8trwq35,loop-ust,2001211,2001000,211
terra16pt0ep8jfnsu0y8aq6yw99wc3dh5s9nm3acypf,loop-ust,4318694839,4318694000,839
terra182s3rj7umf4amcq7k4e0gn9l0v4t9u2avrmc6j,anc-ust,316971755,316971000,755
terra1qf75z04pjwhe5wdfv66e5rwvgvuyj0q7whamm6,loop-loopr,39118793,39118000,793
terra10x905f2fz5hsackyut2sefwnea0jukwu2d6ql3,loop-loopr,239490264,106367000,133123264
terra1dmt4pmrxgn40fdkphp6evclzz5wwlaehaze5ma,luna-aust,402872759,402872000,759
terra1puqjcpyt7lhkdpekr9pkdvdz8dmuhvjgt65r3p,loop-ust,100171386,100171000,386
terra1r47ppfw7kppahkusg863qq2eqw2g776uz5r34n,luna-ust,336984,336000,984
terra1qlyxvt5glsltca59d26ddm0xns7de5jm36fgxx,loop-anc,3942932113,3942932000,113
terra1nqy753auvz7pum2svzk7f7v550jhhxw9eufj36,bluna-luna,15979152,7942000,8037152
terra1nur24wp5c5mpwg0uuzr9s84fu9dm0zfg5r4cgm,anc-aust,7501518316,7501518000,316
terra1y5ycm40367vxllwr36yx77mcd2rkraggj6agqx,spec-ust,9311961562,9311961000,562
terra1q8jqjcdnrd5hspeec2ahauunwwmrcc2h3z32xv,loop-ust,8813008,8813000,8
terra1x8xsm3xk39472r9vnjnn6dqjvr4t2nqatgkl44,mir-ust,12894413,12894000,413
terra1tyvlqhr0k8a39ppzajckxqmmnlvsmqlnvnhnpe,loop-mine,6654693,6654000,693
terra1xmqpryvf5jlljnh88294j555nkxn8dhhdt3hq0,loop-ust,4719676,4719000,676
terra199jkuyrvuaf7qtrtvnz2aty9068qrmx4kxyeml,loop-loopr,103188981830,60375664000,42813317830
terra1tluyekggnce4js7usrs0xk06528vg99ra09ae8,loop-loopr,8826855637,8826855000,637
terra1tluyekggnce4js7usrs0xk06528vg99ra09ae8,loop-ust,263016806,263016000,806
terra1mm8uc2a5s8q9z5n5pz2594g7m0rlczynv6vecr,stt-ust,36475801,36475000,801
terra1ug9lyk4evpvhx30ngxq8k00w9gpuln066wqv29,loop-luna,67331751,67331000,751
terra1nshulwtf05um3u9g8pln88t7wrx7rr8f3udzlv,loop-ust,24949839,24949000,839
terra1p47q7e3qup7hzeq9qzqaany9xuwpm8w4599x30,loop-luna,19226160,19226000,160
terra1dnzgjywlmcl9rdwywcrq4nd4rlcfdjtv7g0g84,loop-ust,334044661,334044000,661
terra16dp0yt6u08dqmx2v92g5v3qptwds2rml8cyxa0,loop-ust,101533829,101533000,829
terra18he79updz3st6qz3yl9d6pd0cjg8spgktp0whf,anc-ust,25988212,25988000,212
terra1ndushe8asddy34nl4adrwkjvx3fhmfqyykqg96,loop-ust,27137173,27137000,173
terra1kvpsgz8mew5g0y6d84l5qwjdn0wekpt0c2zswn,aust-ust,13293681395,13293681000,395
terra1mahc89evenuffdvtxxa8xc2g6sk777hhl0jytc,loop-ust,7478576,7478000,576
terra1gkkgel5zyn8dutehe08nsl4rsvyvy3f6r2z3z6,loop-ust,37283153,37283000,153
terra1kut2vh6t2afxwxkw0458rrzjfjsw0z2dwzg9qu,anc-ust,28553729,28553000,729
terra16qpv4ztus2y25x85ts8uvkmk4z3n55ny3z8cdv,loop-ust,1659371324,1659371000,324
terra1g3yqtfjjl9n29l64nekes90j5x6mqgc0cz3a6v,loop-ust,211533013,211533000,13
terra12jhtplmnpp0ezqk6v97zexkhmwlum69ryr0vz6,loop-ust,528547571,528547000,571
terra16r3cktzlvtkrnrpxap3tm6u4htql3sf6w445k6,loop-ust,60148987,60148000,987
terra1v78zhpq3taym6a54y7rlt9gjkkdk7txz8elrnm,loop-ust,4503444,4503000,444
terra1932c4a4ja0clzlsnaeaz2clx6jhs0fhqrgstml,loop-ust,13835474,13835000,474
terra1l8hc4u536glt6f8j3e5mx0gkzv4r9ay2pxvmt9,loop-ust,4086277,4086000,277
terra1dcdyqtxkyttk6y9x4vfte5wvgp5q05xpep3xlk,loop-ust,18448478,18448000,478
terra1yrk4kscp0uud2qvxpfktzrrvdd5crz6ek5tqyu,mir-ust,67290159,67290000,159
terra1z3pw8mw6glka8rpq6lxsjpmfuxhmsgr0x0vr6s,mir-ust,17515070268,17515070000,268
terra13j7kz8fuf7spuznrex3u5p6gmc6cdgkrusjtr5,loop-ust,1773134417,1273067000,500067417
terra152pd8lln3d4aunrhn5pnyqjt8yl8t0t7jd7j6l,aust-ust,3571226710,3571226000,710
terra1qw6f9z83zakd4wnfxgdydc2dfp659qjuq9qj47,mine-ust,129199053,129199000,53
terra1smg69mxmvsnx8yln63apg536rvtwkclphcgvyt,loop-lota,100897139,100897000,139
terra1tegxu47r96khnx36n7vfytjnrm6y4qht0pr9rg,lota-ust,362092860,362092000,860
terra1jz6tkkkjs7d37cvrwckqayzgk5495jxjgt6zf8,loop-ust,187431925,187431000,925
terra1k7av4k7llsydvswlrgm6ezrupe7dlnckp054ul,mir-ust,1098509235,1098000000,509235
terra1tfwft05asg3e2scz20crc52pqv9m6y4tjuammz,stt-ust,18225706,18225000,706
terra1rt6d67zpgpzrx9eur0j7p0gmkxzycqhrxyrl9g,loop-loopr,1744809768,859479000,885330768
terra1gs3vswpqmc2vg709slg9rqhdlnja5jmtajjp9z,aust-ust,13723720,13723000,720
terra1748usx00fnjy3zcx9gl2935ltrgwvvzvr2a3r4,bluna-luna,1985696,1985000,696
terra1sjqn3v2tqu5skjwh5yzuu6z65mq63j2c7s8al4,stt-ust,34560748,34560000,748
terra1vvam78cq34katcnvskydkvqfeyehznuhrvw8wm,loop-anc,26850169,26850000,169
terra1ah69mjgpm8mv9ny0vc6gluwugsgps2lvynae7c,anc-ust,2542438995,2542438000,995
terra1geplmyzdvj62ydh9exwenmt0yw5w7u7ynshz7y,loop-ust,13205596,13205000,596
terra1wl84mnd3e8438wq4849khcsrjmxq6qh2zzczhw,loop-anc,1178108249,589054000,589054249
terra1tadqzg742x8g825f8x6p54g3gn8k93q5yqn4x6,aust-ust,276283678,276283000,678
terra1a5e6vdt0keunry09plnjalqjzws80kvkytdf3n,loop-ust,6820435,6820000,435
terra1ryaat002q2zlcsu4d86tn3utdvd6dsff6gmt8h,loop-ust,79751210,40974000,38777210
terra15tjs5lys438cedguvrmfax4yxyzwukqc48zgcy,loop-anc,85963525,85963000,525
terra1ew44n28y6rxnfqvyza798rd6td6ylzuv2qn6xq,loop-ust,787881338,787881000,338
terra15eeave8j76msk73y2vhpqwv4kz8gqqur9v6gnl,mir-ust,41676010,41676000,10
terra1mnj02sxp24ta03259a3q9g5xl5jku3juge7u83,loop-ust,81860746,81860000,746
terra1em7v2ru7ayzdxkru6efxxxs6l3m9n0axlhs0ms,mir-ust,60774312,60774000,312
terra1ehhrdwq5m2r3wa5m69ajz5e2u7dcxsmx7ntmgp,loop-ust,9528840,9528000,840
terra19t7uhxz8k67r3enkr8uqg4vmg9txenhhtttdv5,loop-ust,29043544,29043000,544
terra1srelsrxyq3sk5v28chy3cldz5yyen26f9yc55l,bluna-luna,7536768,7536000,768
terra1mqtces3grnglrlmq9mc6y7q3y2xwl6vun6p7eq,loop-loopr,7456132,7456000,132
terra1lyx8ymj9sghx753e8h4aujld3yf7eywt4end0n,loop-ust,597490068,597490000,68
terra1kl44l032r2tzayecuj3qzz7sz5etw2hmzjkg5r,aust-ust,451217530,451217000,530
terra1hmzu3kf468yltaa6qac0gzkm9684wh4ym68jum,aust-ust,358410322,358410000,322
terra1ukx7uzllheewz6ek09n2k5hju9qlnyksgh2euh,loop-ust,16846249,16846000,249
terra1v5sfwf5zfh4qjhn02kurxu40pharvkpyzzjc48,loop-ust,18009938,18009000,938
terra1zhsvjgkpmcc2rn7dc0elmncsm979ncvzral0t2,mine-ust,46162510667,46162510000,667
terra1dkc3rymxlnhxfqyp7yrx7gxmnzcpfj4r0ea55y,twd-ust,258798532,258798000,532
terra1m705p8dkmjkeztgwgw5uzad6qztkz90c8rqehz,loop-ust,32319412,32319000,412
terra16e4564n3x4acwguhenpram0v4e4j7f23yxr2fx,loop-lota,3375863,3375000,863
terra1x35g75ypamwcweny675hlymj0ly4pgp52guwge,loop-loopr,68507129,68507000,129
terra1pfefh5mr04hrav9hd3pv5pmfhmvcmemycp65jd,loop-ust,8088052,8088000,52
terra1cmdhu6e4a55a3gkq56szqsa25pym9ve7gd5en9,spec-ust,1018683846,1018683000,846
terra1xnhxyhj2kdn2xfrtm3aqwyw79aus4695yu272q,loop-mine,119237476,119000000,237476
terra1zws8pqytw4zhyl93nxmpnn69n8ghxexczlema5,loop-ust,270162711,270162000,711
terra1dsz5zapvdzfuvj8qrj708kc3jkugxkjl5vg2yt,anc-ust,289608824,289608000,824
terra1hz8fzj55qdpa7y3u5890pzf06ekml6xudjmela,loop-loopr,187530587,187530000,587
terra13l7ymly4nx8vjy2na5nsuk8lp8vutnphfv0r5e,loop-lota,563941707,563941000,707
terra17qf4vzmcwtlaj3xg7h60r8zkzm9c45fqcrtvx9,loop-ust,39184065,39184000,65
terra1957ku9c878pyfcxxv4qmxugznsndk73ffarc7y,loop-ust,94396642,94396000,642
terra172y53vwy5y58hxgtuu5r20yths4zazyzanfmgc,bluna-luna,17521461,17521000,461
terra1vetsphh3znvyh6ws4m8ycv9ncj8npdwe7vmm42,aust-ust,4191590186,4191590000,186
terra16qr5h8gmj37jp337y8jeg6rv4vuqakp23mh4vc,loop-mir,2373629,2373000,629
terra10gg33gswshvkyp099fmaw0an35h9uzq7jn9dzq,loop-mine,451431604,451431000,604
terra15ycdsn55g2cal5pqwhwf55pw8y6pqqhq6xnjxu,mine-ust,63478871,63478000,871
terra1f0spjglwmqdc55dydvch3qgt4dkzt75a7t2ygt,anc-ust,672884108,672884000,108
terra16v46uggzs9hyy5hxqrdr3u6fku3lst8u5u080y,mine-ust,146866709414,146866709000,414
terra1plpvtccrufd73reau6csnzdenyghdhfv97zn7c,loop-halo,18577352691,18577352000,691
terra1eascq9ts82l9v8wwun5kzx03w2vuh3qlfcahrt,loop-ust,7082809,7082000,809
terra18ggcny3x2xuevg059flvarl8futm7x7tqc989y,loop-mine,10348748,10348000,748
terra19df0e7wzf6ddldmjghh7mn0zs36uga4cmcryjz,loop-ust,30651172,30651000,172
terra18wup0xwm5atth9leamw6fs6kxyeld54prh7e9m,loopr-ust,150538869,150538000,869
terra1hjt0xz2kld4w75cg7q6ccuyc4wzjznxkdc8c7t,loop-ust,499656287,499656000,287
terra1jf04h6fjz6z8r8plw2a6tn3th8n08whn342gmv,loop-ust,7582952,7582000,952
terra1h32rum2my8wqx6vdyue9nmh5l2t7v6nuaa7hyn,aust-ust,446855759,0,446855759
terra1gynn4s3k8cwny33xl4uhlqwsjpkrff2vrlft0l,loop-anc,109511286,0,109511286
terra17xupjlzjffx8zlr438j6y0gzugcmttpfxx2c22,loop-ust,1923576,0,1923576
terra1mda4q6hjtpee6ennfkmgrj0kvghlercvjk0hkj,loop-loopr,6569473005,0,6569473005
terra1fwjj6808r97mpsykv6j25jzslrgzl9t6ugckm6,loop-ust,1069,0,1069
terra1zxzfpnrxr0uqskn3yspaf7f7hhzve3603ju96m,bluna-ust,357629,0,357629
terra1jgy4vj3hn8jhac9l9gswkrvdmzk8w5lc8k7pur,loopr-ust,10655835,0,10655835
terra1ypfmj94w79et48g79gwav4w9x7hxakfzty9y3a,loop-anc,266334249,0,266334249
terra1y3nqmqrvefc85zlax26h9wr6mf5mxsx28gyp7l,loop-loopr,4023833006,0,4023833006
terra13yat26hwlh5fllvsn468e858nsqncmutpg8c77,loop-ust,56256685,0,56256685
terra1tcwjzm05rauqvu9z0wz9s5sqnf0pyle7uuckkc,loop-luna,12993401,0,12993401
terra1u0xj5amzsef2x20m6d7c0yk3y9u7yrqd9ks3nw,loop-loopr,124889426,0,124889426
terra1rhl3x8y43y6xgmphnczhsxfr8xr0uttlywx4xs,loopr-ust,50924844,0,50924844
terra1rpjq4r22wdaqjml2h0d0rfhxk2l6y0hh7kx2t0,loop-ust,4734732,0,4734732
terra1tpwyemm3yh6f2knml2jnqgr6kfl70hyqk5srcf,luna-ust,72601391,0,72601391
terra1rsuhf575fpufh6ldvz6ry3pkxy3qzhavecwdap,loop-ust,1089922,0,1089922
terra1kujp3yyryncl93kn5drmlgqq0wtdrky2kufwdf,loop-ust,20147300,0,20147300
terra165d3h492epmav2n3metggr4t55jdreeq6z8mlr,loop-ust,1072198,0,1072198
terra1u8yx4awwuwg9p3ffmcevxn00pu0t7dwckxzwx0,aust-ust,551096835,0,551096835
terra1uzc4upv8syden5tg0nn5ckxvsnuwg8mdmlw9d9,loop-ust,952,0,952
terra1eswxeaj78ldjf2qeflluxhgsexgnlagcrtaaj5,loop-ust,892301,0,892301
terra1vhd0q5a8qyt78cvwn40zfen3jkxwnempkdsskf,bluna-luna,217519620,0,217519620
terra15vuhfl0g6y5hvzg3ulg3h27sztn2chguhq3hxu,loop-ust,1058340,0,1058340
terra1zcca4zv78ermq7tp0nqgugf6xha6ht0cmf2gyv,bluna-luna,22496198,0,22496198
terra1unzqvar9p8d5ly6auweu6ea0r933x658y60t8g,loop-ust,47732959,0,47732959
terra166ky9qvr9m7jrfhkygqyd38g2am70g94taalug,loop-ust,9048428,0,9048428
terra19twfegmqq7r7vtcl92dqg4yn3yqy02uj68my32,loop-ust,94043,0,94043
terra10x5h98ukyg5tnjcknzwl0lhanyktgnn08nnsfm,loop-loopr,567758636,0,567758636
terra1ul03gwxwew5x6xnmht4aethym7fzyuzcvn3uce,loop-ust,196675811,0,196675811
terra1kxueyg30eddse4tdrvykzr858adfm9sjfghx89,luna-ust,760231,0,760231
terra1reafl4xhfskrygrx5w589ga2jlvs805dsdcp57,loop-ust,986806,0,986806
terra12afj5a4s8enycn5vayv9a7marh8y9jjj8yy89j,bluna-luna,7137655,0,7137655
terra15hpvw62sn3q5v7yzarrdy3p7wx780g4kjggk9f,anc-aust,5970483,0,5970483
terra15q09c3n3zagcu4ved76el0sglw7mafrgcldwm9,loop-ust,1617863,0,1617863
terra1g4cssz49svv3lqz3kx70ww2re68h6peyq2q5mw,loop-ust,2648641,0,2648641
terra1yq3emvhww5j3t3zmuynt0gx4959f2520qxknrq,bluna-luna,11500660,0,11500660
terra1gdkdf6xt573masfeqgtwhkn2kj4he0uax7t9z5,loopr-ust,25271882,0,25271882
terra18eanamd4lfzd79fmruz8l6d0qlaxy3cx7vzwg6,aust-ust,895033358,0,895033358
terra1rcedgh0kmd2pd6h9xepg2l6lrmlkxll0l43s6g,loop-ust,126857,0,126857
terra1v28p0lnzd2au8shrshkemgv929gq64nktpee24,loop-ust,13974163,0,13974163
terra165nvzqatr3c08jkww8epz7nwmatcj2w6lzge88,loop-ust,2084913,0,2084913
terra1xs43flg7x9u8093q2kjuz5vyeyl3lavg6ea0st,loop-loopr,3069419426,0,3069419426
terra15u6slggxpsyx6wzzvwlh7jdysng4yrazae20u7,loop-loopr,233549055,0,233549055
terra19qtteecvwsd5tuclny99tn3jflqfl6errtj62s,loop-loopr,666285963,0,666285963
terra187jzsfylxx66j9auh2sncx6hdeftfkgm42n9nj,aust-ust,68322801,0,68322801
terra132lzqpxw3ktcwz6sxn5zk02dnsrgmah646ff2y,luna-ust,4788521413,0,4788521413
terra13cvt2ulzdn03tg6dz9jlp3vnwlh2z3qa3c3skx,loop-loopr,1070653062,0,1070653062
terra14f3cyhdewzqrn9w6gwq06yl3kjdkvh44fcrqfk,loop-ust,4447923,0,4447923
terra12gw38ycmnr6fek3az598ggcgn2y78lhhgu4yw0,twd-ust,135750102,0,135750102
terra1mvztjn4drq0mpw3h5p5d78r4wjflqjhurwyvps,mine-ust,2096119279,0,2096119279
terra10np4z6klfvc9k5axgzrx6amytf7ed7c33jvp4a,loop-ust,3388094,0,3388094
terra1n7rsagg02l66up8gsgqzrk6enkp3pwsj8qqvnj,aust-ust,89278061,0,89278061
terra1fjlz8v7ptc2n6mpcv23sd3j3f2r3tfxxjqhjz9,loop-ust,9816196,0,9816196
terra196wgw8zyt8ux5g8asykd5x2et0kxzx0rj3fgna,loop-ust,1818966,0,1818966
terra1fujgt99kygqv6djl7gwyalkz295p0jug57scy8,loop-ust,25593625,0,25593625
terra1szx5plhh06wy4a74tslaf0vuy3vjgadgywyqlh,luna-aust,81118655,0,81118655
terra1m9m88qxttvxashvtcv3lz5ts7yu7r7gf73gtmw,loop-aust,226085215,0,226085215
terra1gatat6xpyketzmx08e8f2m6lhtvjdxw9pvxvpu,loopr-ust,2764917839,0,2764917839
terra1aqd8pyqhwksk05qvwug3846dztf2a826hjdjqm,loop-kuji,259637815,0,259637815
terra150lsv78wfypv2agc4qwxuycdch2x5hw4g06xf2,loopr-ust,1369426,0,1369426
terra1xul898t5kmx6wulagradrnakwx02ckt2tjw75g,loop-anc,4087711,0,4087711
terra1txmy69ddy8g97mluag6dw0msnejgp93ravctwu,loop-ust,504916099,0,504916099
terra16gezawcsskxflvctjfshtl6p6yafc2wsq7dtl2,aust-ust,357219646,0,357219646
terra14yenqsmj84xcqpg2m3hyth55tsyvxttcvnr60r,loop-ust,746483898,0,746483898
terra1mnzz3vvsuqajkl20gv0ks2mv7202c0a0wqtleh,loop-anc,53713205,0,53713205
terra1r2zwes5e5w6xr5h3wj6lk53slrv0c5e9ahp4hm,loop-ust,1036748093,0,1036748093
terra1rt9303jmg2wyrv0rty0v8d7ec7qq2k4vv86kmv,loop-loopr,56342701002,0,56342701002
terra1e84ruytsatsnh9n4m6rtdketzufclzy92a95ng,loop-loopr,5505167251,0,5505167251
terra1pk4w5dlfdywprdk287kcyf2rdcxw09lrmc2mvh,loop-ust,897849,0,897849
terra1l2gtyrer5jlwz78hxssgn6nry5cgtzyv44v5fa,loop-ust,928655,0,928655
terra1mgnxs83ntsuzy9z2c27rcdydg6jykkhjjc759q,loop-ust,2930547,0,2930547
terra180478vczlw6062vs96zd20z5y8jtcsm2cyg8ge,bluna-luna,998064,0,998064
terra1k6vqfhj5wqhtere2pgjv6d3gw4py3cky3zenj4,loop-ust,1881274,0,1881274
terra1jfa67kt75thxmyqfn8wdr3rcevpy7rkzg7waa3,loop-anc,3247126,0,3247126
terra15ua29j9eeahwzykyt25hs446k7cy4h66rzgc9l,loop-ust,404354,0,404354
terra1rjhwpwy3wclz26500qm380rtntpmwfgzfearpc,luna-aust,160522791,0,160522791
terra1qpneua7c9k4ylxlgmaeejvkx2w7g7ptmsw5mnk,loopr-ust,54941615,0,54941615
terra1f4rzqh7ex0wz534ck9kgc0ahfjrhgm5zkeu6qy,loopr-ust,14404390,0,14404390
terra1pw8th6c4ahh3nhlyu3k7z332ukwlr9g4j25ykl,loop-ust,1067702,0,1067702
terra17xzdwvv83kzjppju7c5qrafjzz8k5jxca3txr5,loop-loopr,12336229246,0,12336229246
terra18nc3jljzlgpvd8vns5vlmfh2fdmu5maqk4czu2,loop-ust,9536495,0,9536495
terra1fgu7amcxqn9nf2ncwjd7x9t4tkv86sfx4j7e8y,loop-ust,1013105,0,1013105
terra15yd5l78pvmhvyczay9s86v86k9gxw00yr4rx9j,loop-ust,42977344,0,42977344
terra1cyqwmm6m8vn9v0q42uhvd6aspqd7rpvxya7jt7,bluna-luna,4071069,0,4071069
terra1rxx99lke7m3j2mm6tqhcrz8xjt8alnmugychlu,loop-ust,18497817,0,18497817
terra1gd9s6366cgkr3qp6xjuwtmj3w3tgukaz553h28,loop-luna,12443024,0,12443024
terra1zvsmadkc553zw5d2y67l0j5fgyxc6pqesqaagh,bluna-luna,6984259,0,6984259
terra18gsgfhfjjpk8dkx9s9tyg8qv543569v4mv7npd,bluna-luna,2382418,0,2382418
terra1curjqpxp6rlfyvr0hypthe4dscux3mdw804kzc,dph-ust,47306404,0,47306404
terra1l5v6up9tdgdy3qja2pvwj86jzmxglsp9lnm38y,loop-ust,96914,0,96914
terra1d0857e5rskzr3cmvy2ghz7mxl626q86qxaze7q,loop-loopr,813140650,0,813140650
terra1afauk4xqu62r03zya8fra5yha0uqthnjthj9f9,loopr-ust,103783568,0,103783568
terra1277mxekndp454ap2hd59hlzjg3mrtgjq8tenpx,loop-ust,5316008,0,5316008
terra1rzugvwmstu46t834uz7fpnm7ywvyl9nznt5gg0,bluna-luna,5977785,0,5977785
terra1msa3dlu7ry8zud3z4alpf0q33vpfwyj2djs3af,loop-ust,4615920,0,4615920
terra17atv34nxhqezwkx2d0u2mgvd2ugts2th3a2ugx,loop-mir,24252103,0,24252103
terra15dv0gz6h57v2369a0nyrg2glaps5jvc2fv3tzr,loop-ust,8106394,0,8106394
terra1azpqmwsdg9wgsxprrgwfy9u3r4tecegppqd4zn,aust-ust,1795491,0,1795491
terra1f5q84sq64vrg0sg79acapzckz6qv4lqepv20ed,loop-ust,3296389,0,3296389
terra1vwnq2ru6vcet0n7k6j6k285ydyrtvac2rqtlc2,aust-ust,1331355756,0,1331355756
terra1mt2f9lkt9srsde53qhzk8hmwcundz8jald09c3,loop-anc,323450494,0,323450494
terra1nn35rjxtun8lc8n7qm6f490dln49hl5yme42ua,loopr-ust,3460161649,0,3460161649
terra1dasszcavrdh4nqdf94day7jj9k7fcs0l9d76t5,loop-aust,890174018,0,890174018
terra15qmmvxf2avmkfm5de3j6p8mcm0vxegq82as4ft,loop-ust,3188706,0,3188706
terra108umdvnwwsu5awp6yvcmrthudcqvrznyz7jf5p,loop-ust,1982116,0,1982116
terra1zdf5j0dkxmn2heg7ksvlkhyt5zyhfmhzslq30f,loop-loopr,3030904401,0,3030904401
terra1lp4afh70fkhx2veumfyhp49e0sjypwn8wn49xh,loop-ust,21571595,0,21571595
terra1nesgv8azlljegqlm92jvug58qrvzlf2400vhew,loop-ust,549824852,0,549824852
terra1g9srkhvmfrnsly2p66ycgwulvz24rqhwwxaug3,stt-ust,4097491,0,4097491
terra1h7c6kxys36e3lwfsgqh2wlmlxym3ldzpq44d0s,bluna-luna,26573862,0,26573862
terra19yqzjfagexlayf8xf4uem4zqxhnyfk586gfzlu,loop-ust,357906,0,357906
terra1plsyem3pe9k5azc48kupmugne8pfq6tuahszcr,loop-anc,4844023123,0,4844023123
terra1pu6xesyktq0he9jj6uyf7a2z7zj4quj2rln4c4,loop-ust,3292572,0,3292572
terra16l964n592zhwvw7u4nnzdh3sqyjmgr9acnm7c7,loop-ust,308794123,0,308794123
terra1ej8qc9kw2sx35amyakz468s3zcycz3uewsdq6w,luna-ust,8763156,0,8763156
terra1h6t2qequg0zt0gpmmux7zy2vwrjwr54s0uf82e,loop-ust,7175080,0,7175080
terra1wz04200mpxt9yuj892gf8shscjsygje0jya7zc,loop-ust,16053099,0,16053099
terra1r00xs6z9twj27w8mfx5lm7g07cafk9y6ujhcz5,loop-ust,237068821,0,237068821
terra1pm7tr83nj08vllmzzv3gt9pzxup2s9ypmmwf5q,luna-ust,1179695469,0,1179695469
terra1xhyzy23v3m3wcyq5sene0prg3fq3nrvlmc9skx,loopr-ust,14535924,0,14535924
terra1rtwlajewwvc2yp6zagdqlu9twgr43qjl6kxztz,aust-ust,87772266,0,87772266
terra1ale6hsfhsu55h7k689hdpq3nxsczen2w2g82gl,loop-ust,739949130,0,739949130
terra1z7kngad480kacv554quz509lr3el3te8ggupdw,bluna-luna,53039514,0,53039514
terra1957423mqzx5qa9ce5nt7dqhmn9r8wgqntsgly8,loop-ust,9039975,0,9039975
terra1y39llhw8mkgj8k5mr8ls2cc7fgalsw0kx39n4j,loopr-ust,1090928228,0,1090928228
terra1whxdprn53jfpzsg3k3sheh7u7chywuuat79p54,luna-ust,174347453,0,174347453
terra1ea9d5zdglwl45apmftj8rknktmmfk39r6tn3q6,loop-loopr,77323032280,0,77323032280
terra1s4a72j3etrdn9r9lumyq49j2z6p6g6c5xjd65g,loop-ust,5595925,0,5595925
terra1elrlavnuyvtevu7tl8gt6spakj5yrmuxn8cz9f,aust-ust,2124988554,0,2124988554
terra1v6ffte3t96hcqpyx5nqwp38k6cvvjz66fwkp9x,loop-ust,95899968,0,95899968
terra1zqazwcv38jjw6w73t5jcyhzdz386n6jawf9mke,loop-ust,90635,0,90635
terra1xxyzxltnkwnxvv9kzuah7t0mufyl5vepwfancn,loop-ust,9521249,0,9521249
terra1x3jea99wc2gn573khp6mhwwj5759qgv3xxjca2,loop-luna,9951034,0,9951034
terra1n4874rta79cgq58z874cmss6uhncp5305ujl9t,loop-ust,48142002,0,48142002
terra1s87rm8vx0urkcg6jxk8k4dsvwncy5av42jj47w,aust-ust,53590148,0,53590148
terra1s7nxlep2jyux6p7pcpwqhlem7g6guk99c5dyvz,luna-aust,1576844154,0,1576844154
terra1j2qyvjtveyy8pznvrzl7ee2d007vf4kaqechvy,loop-ust,1312771,0,1312771
terra1rmz22l4ng53mjx9jskhpayn3a3hsnavzsnvfc5,loop-mine,192089222,0,192089222
terra1jv2r2zqdq3flcj5pjvn4zhrgztqdls89plze88,loop-loopr,5199326308,0,5199326308
terra1zy6d8eutkgfjtdnvc7yfghzn46t6gl2wv6n5jx,aust-ust,258154913,0,258154913
terra1j5yu2shvtdkeyq26j7l6cknnkqdhcfdsc6y5qd,loop-ust,2859936,0,2859936
terra1mf5f2tfjd8zms235pn8nquxvgs76rfrkg2ycf2,loop-loopr,223118206,0,223118206
terra1vkdjeq984mr9u83g7585qtu2jzh6tt22ff8lqf,loop-ust,1493300212,0,1493300212
terra1sflkymnxaaana6g7r0xcmete97s404mqnxdqgk,loop-luna,60513993,0,60513993
terra15t6k4q7dmg2rcys7d0e7m4wvlycklkusukfcw8,loop-loopr,987534167,0,987534167
terra1vztallwvxzrk0fgnuypwxn565j25tja7q8ypxl,loop-loopr,466686502,0,466686502
terra1j6x37vsgml4gr07zfrut2a3s3s0d7xzanqkam5,loop-luna,21620507,0,21620507
terra1gxqsgs38dt2n6dn050k8pg4uey6fk7qllgg62e,loop-ust,14511133,0,14511133
terra1h0m9vlsravy7uguz9cpcpfjt4nc7rgrn7p55jx,loop-luna,14003064,0,14003064
terra1yf2k07df2ay3jwd6cux9ka5gm96xm26z0chmtj,loop-ust,8103746,0,8103746
terra17cyfd67kzxf5q653wmwajgumnkctfde8qua5z6,loop-ust,54913237,0,54913237
terra1g425zy2php9qycn84kf27qrwhk3wy9svsck6ph,loop-loopr,225725662,0,225725662
terra1kegpq49e9f9r3rccdmcjta0dsp2x3tz5vqutcj,bluna-luna,191400825,0,191400825
terra1d9f8w67jh9dd468s0ngdh0y6ctwqk8ll5fekjh,loop-ust,5362704,0,5362704
terra1krh9n03tdz6e2mxx77s2ffcjckaunrxqllz3mt,loop-ust,3213710,0,3213710
terra1zvz9gwg455630cwfr0mn4gdq4dvm4c4smrwe5e,loop-ust,437681349,0,437681349
terra1fr5d4n3c8wg6v0kvut8z2lsah6akh27amj464l,loop-ust,475160062,0,475160062
terra1ka3h8r9ahp95yp4hslgegzj476a2rvr68vmcsd,loop-ust,851071,0,851071
terra1pe3luet652xl7w6her9kxecjt0yj5vqfglnzsr,loop-ust,1060396,0,1060396
terra12sts35ekqw26tpaqh2xehuw6hjly2zuyfr03r3,loop-ust,400617892,0,400617892
terra1v9tq3c47e984htmt43n2mm7u7mgxvkf86fl473,loop-ust,3347859,0,3347859
terra1vfe22temxh5dpn9s0z5fzdhrtdz3nypx6a5ma0,loop-ust,319728,0,319728
terra1f0p979gm6evwkhz8ahw0vxvgsjs3gtf4ff0hhn,anc-aust,3371144120,0,3371144120
terra160lpkvyga2aq0whl632arjl3599pwy9v3ejpv6,loop-ust,52203639,0,52203639
terra1kskx3u70wwftt7hxsa286yakvtewhtenau6rq7,loop-loopr,1505740472,0,1505740472
terra17xzxx3qejvfx7vm94qdd604ntx2pzfa7cumlxq,bluna-luna,50383530,0,50383530
terra1nax0echvmyhkf0qta0csgpu45w9guz0f0r4ych,loop-ust,16238802,0,16238802
terra1k2ahdetwst6nksfy85pyu9c0z29xapx0acflkg,mir-ust,61837960,0,61837960
terra1qshr04hr42w6zpqj5qam9rl63gc5r30h5v4pr4,loopr-ust,89450506,0,89450506
terra10h3qltfuqsvcdaap9rks7wpufhk5ahscadzf0j,loopr-ust,117568879,0,117568879
terra1hf0zv0v6ggpa7fg3fgg93gk87a08rzlu3y4fzs,loop-ust,4278807,0,4278807
terra16aumslnfj64rthgzc6jweatdh2y0k26r8mnswd,luna-aust,770577933,0,770577933
terra16685g9cvupsjt0rja9t7dh774pg2ty6xrlx5vg,loopr-ust,1882275063,0,1882275063
terra1nn4y9ereuqt7svzrjnd8tt58asjary6krjjzfy,loop-mir,34854671,0,34854671
terra1jw4cxcvaf2drx3qr97tn258kx4hnhglff7qhcc,bluna-luna,503055162,0,503055162
terra1g2qvnz9ngvf08f6l5cvwl0xs4tdlhvjdwjxd2l,loop-ust,616369789,0,616369789
terra1nh482q2sju3fa6yqxmtsr7w9lx9yaw9739wppg,loop-ust,5468163,0,5468163
terra150dt7agpa8yxdlxz5x9auyd854n5x77ape46ll,loop-ust,90068816,0,90068816
terra1f34ejvetjk3hl55t7d3ak4w84em4xdndncun0w,loop-ust,111176225,0,111176225
terra1tet5gg98zxucfm7gfpv8rym6ue57lurq8qgtyl,mir-ust,84920110,0,84920110
terra1kut2vh6t2afxwxkw0458rrzjfjsw0z2dwzg9qu,dph-ust,817179751,0,817179751
terra1pa9hc5k2w2jtnjwzdeu93rpfa2hy65pfxmddzv,loopr-ust,21193919535,0,21193919535
terra1q49pyeuutdejykmrgp4u2lrr8rm42c3zf40rxs,loop-ust,930768,0,930768
terra1xx2gg05m94r3yu6kycxlhngs8d9xjdhsflmslm,loop-ust,12321821,0,12321821
terra1z97tpzwfagnqu3crlj90pyutlrdrq0d0fags2a,loop-ust,10175578,0,10175578
terra1qpjwq9zd595u35cyhmd8cns64xx72ut3wq4hvj,loop-ust,19469182,0,19469182
terra1c02p7xjunzmc0s3sq7uakfj5luh726d8n5yrzm,loop-ust,1489829037,0,1489829037
terra1m0q5nr3mu730fjt666vk7glwwmgfsgfllspswg,aust-ust,223517721,0,223517721
terra10h0cwe9apqrnjll0grud57zlz2l3va9cxrz4nx,loop-loopr,42279976151,0,42279976151
terra1zj930yu4w3hqsrc52gltyswvnlce8q8vdccdhl,loop-anc,43987314,0,43987314
terra1fjpemjm6cdwqhxfyw2dwu62pqhwh8077zahazr,loop-ust,8657690,0,8657690
terra1xgeyhs2xnvm6vn7903z2lz0k6c8suq2w280apq,loop-loopr,400462714,0,400462714
terra1flswlpflae4xnl6kd74nhe6lpzg2y387pralt0,anc-ust,262393640,0,262393640
terra1n6x2pe7encn7wf9h9hph6wp8yhtqdqk02fff2q,loop-ust,1085077,0,1085077
terra1lnzpntrdlekj0xgpjlvxkvq7lqrp4mryn49hgd,bluna-luna,499582,0,499582
terra1xgg4q45pxemgf34u97y9l5m52x9jvevfl0hqkn,loopr-ust,1132300872,0,1132300872
terra1yg6jn3hkhahsr0sr4cez5n9ns98vmpm366epe0,aust-ust,1069366913,0,1069366913
terra1nusvxy5g6vvghkyxwdq2nyuw5yh4a5dxmf2dzy,loop-ust,17446731,0,17446731
terra1uhcvj3ahpkv5wweh5hnaaz2h5h8u2cmwzdavda,loop-ust,444098815,0,444098815
terra1mahjzkcxhvlmhmey5vlka3hwvztau6njsr9fa6,bluna-luna,2988961,0,2988961
terra1p4vtu7ntvcpmmcxumu3z3grsy33p9ky50nzru7,luna-ust,7645741,0,7645741
terra14eq8df9qh6c30wj9v6wawttpq7vvlvr02derv7,loop-loopr,944380503,0,944380503
terra15pstkpvvruwy9fedcr6a5v2nhscz5vpjt245lc,loop-loopr,627174179,0,627174179
terra1u4knvx52wdpkyahdkvd8e4n4nvdenkheemctcx,loop-ust,3679072,0,3679072
terra1acycyy4mj560h7ff25qzq5p258ja450ru65k5x,loop-ust,2146923,0,2146923
terra1crtlg30wkvvc0z345pjrrftkv3memk3djk25l7,loop-ust,17040122,0,17040122
terra1skh0ff0aqcc6azc0f8v0ncr7s94yjkc25gddd6,loop-ust,12065999873,0,12065999873
terra12qazufy8k8hk4kzwvc8t42n02pslfxetyspg8v,aust-ust,89299200,0,89299200
terra1p2qnnpp79pkl4jcgratlnxa87z3zwsptk8sfuq,loop-loopr,832914207,0,832914207
terra1xlswcsla20hdsmgd824a0aspsfa3uadvh9cd2f,loop-ust,4464055,0,4464055
terra1mtfr2263d3n5qaw5kex2yzxasxr63kl4yw07r0,loop-loopr,52815513,0,52815513
terra1h3s4armdu4nfwvynftwd9uq8p6tcu6mwmvlqgf,mir-ust,1362739,0,1362739
terra1jml0x086dxzhrcsca5yzpch4y3rqsmajy8ypes,loop-ust,16491330,0,16491330
terra1s8028ay9j2ax3k9w73h308djruw47aqlynxedw,luna-ust,20283758,0,20283758
terra1wpnn8jh75sznktu4nm374lvp3dpp492ad7uvka,loop-anc,70866536,0,70866536
terra15nw4yev0zlull8jrj5p9xxu30hvcqz99g4sqyc,dph-ust,191605963,0,191605963
terra1nwwpkrc0fm3c2c4n07z9cz74ttcjavq7wej2hr,loop-ust,9786199,0,9786199
terra1ns8ga5ny5l3ltrm8mewck7j0ns08h6lck2eczu,anc-ust,552542114,0,552542114
terra1t0gxm5ye0sl0vpmx7hkjyq0u4eq5qxp6mgzqxp,loop-ust,536555,0,536555
terra1006t9r0wsrzpn95u3v3a7au3590mfz549hrqz8,bluna-luna,1341503,0,1341503
terra15p3dutwfkpnm40ggkjjqz7uxjfcd2c5d2gnvaj,aust-ust,152118727,0,152118727
terra1r23hzxh3jwlmdwwgea9u0j3x5s27a6v3evrjja,loop-ust,797538,0,797538
terra1j3zgncrdrecnd6fazjhdf2u3xv5j9x8plagff7,loop-ust,2838372,0,2838372
terra1a50ry9ujvvr0a5dzqmgdqpjqndxk0hpdq7vl6e,loop-ust,122249340,0,122249340
terra1fwvpwm6rt70jv43ma39kglscnry8g0zpys8v7y,loopr-ust,708646777,0,708646777
terra1cn2p66f2vwf47ecmva4wdf3dr0pfdmccxmc5f2,loopr-ust,254637073,0,254637073
terra135w8wecpmh9x55t5nn000srm09y2tkyvmfghe9,loop-ust,20975669,0,20975669
terra1peanvwrezjlx2d0muc6wns2u7jktq7lx7466kj,bluna-luna,5180620,0,5180620
terra1hzlrmcmeq95ngfad5z95kdlr7rc9sg3w306nh8,loop-loopr,6293030,0,6293030
terra1wvsugzhszkstexl0v6fv86c9ryjy8xm6u9t2fk,luna-aust,1916745234,0,1916745234
terra140qkucsqxx4z2psgr63rnqx0trh92uljar836q,loop-ust,1037150,0,1037150
terra1srj2fh6w5qjxpjsrv8rndxrvx3jgu0h84huh2p,loop-anc,2607125328,0,2607125328
terra1k890j6jhsu6vya3zg366rz0zv580eqhhnc0nnx,loop-ust,2476393,0,2476393
terra1l9vfav69dauv3vlyhrnsgtl4sh7p2gmgg0m56d,loop-ust,1313366,0,1313366
terra1g03mr8209s3vw0zjqx07t7rt0jxxdwgufvwmnp,loop-ust,8615485,0,8615485
terra1va4zdpsrh7wt34gfa3ht9egjf0zf4f37xhphnm,aust-ust,8952432623,0,8952432623
terra1nftmg625vpc475ld93zt4xysrqmpenaa63yt3r,loop-ust,547484643,0,547484643
terra1lefk2esny5fl8ez8kz3rg9j8gkfuhqrzg26na8,loop-ust,433428,0,433428
terra1g85pqv8jwym2yj8exnzh8w5c8hzs0jd8cr2ds0,loop-ust,1422961,0,1422961
terra16dj27heujr24hneprcl5n3cml5rujvhajxtd2n,bluna-luna,9421477,0,9421477
terra14uq5d08hrpzqut29f0wrayt4jzpz55yzn30cqr,loop-ust,1756233,0,1756233
terra1ae0lvyhgcyarz2825gr7u6kegac2wfqm0qxksz,anc-ust,23226275,0,23226275
terra1qmqyrq3dry5k764ep2ymgysz629wze9eu967j5,loop-ust,928903,0,928903
terra10ngax5l2n86twzps663dce27ffhwa0em5svr9p,aust-ust,375100937,0,375100937
terra19tyj9y88mes8e6nkrc53vqr6ux7vac8k3mknye,loopr-ust,136183908,0,136183908
terra1g2cvdv2e3sfjwe7x6cxk9xvdvxd477j5u7wslc,loop-ust,1927633,0,1927633
terra1vjakau2uu70dgff85pc7pc7nrstre7l6alkrqy,loop-ust,135866107,0,135866107
terra1ultrg290ztxuydrenepcvy6n0r0q6hac39g4as,bluna-luna,9979865,0,9979865
terra12crt0tf28yf40p7y327j9kl970jxg83gega540,loop-ust,5904165,0,5904165
terra1564v5mz7spjyteggxgvq52yjv4gr4kd2cp0t6v,luna-ust,3480792,0,3480792
terra1nqtljcrfm8sxh89yrv53cqjmrnmv43dr328scx,loop-ust,49801797,0,49801797
terra19vyq0uwn0aur6pqrml8guv4lcw0rm9y843upg0,loop-ust,11673145,0,11673145
terra1l6mdc4vxkh6cwrjzxspyrsq3su7y3f7el88and,bluna-luna,4974559,0,4974559
terra16ezcsr5tv73wwj9nh63jwj56v6dzp0x8mz9v3s,anc-ust,88748918,0,88748918
terra1ld5h2308wkpj0ty7ewme3tqt6rew8v0673r54v,loop-ust,5598932,0,5598932
terra1lu69u7rra5kjamvl3jrqzfpvpet5ktphcw4tf0,loop-ust,60049512,0,60049512
terra1uz2s44dad3pa2td6jye4368ef769ee9fkauval,loop-ust,1878544,0,1878544
terra1xr38uepwny5szfwfdlpg8s5lezkwvc0ktw5hs9,loop-ust,2861191,0,2861191
terra1huvyqxukrxhr6dzrald3h8fhgu4f8vywj0e6z4,loop-ust,6331554,0,6331554
terra1qmn70nty8up08echrktf8l3frdt28vs6x9seuf,loop-ust,6306609,0,6306609
terra145sujdxd3nqadzfmmnkc9xzp9tsw6qhzlr9yj7,loopr-ust,2954445252,0,2954445252
terra1mkmmrdy49rgncmzkkcr9kan47dwk40hswa050f,loop-ust,65378586,0,65378586
terra1k6hvc0wpvk9jc0lg9mmc03pt9hsd36mjgphspq,loop-ust,807319,0,807319
terra1e4nrkhde6mzfag68ywwvwd7g4d4zxkv0n92gdr,loop-ust,13694498,0,13694498
terra1xu9dldn8uft3hu8apsqnvh2ckgtmkz3rfd6cx4,loop-ust,42125079,0,42125079
terra146y7skuw0uan47eupqc5jaa8c5rgept6d2e0k9,loop-ust,1091854,0,1091854
terra1zuvgm2xdem6g6vhhnrh3dg99mhq67kctyv20tq,bluna-luna,297078143,0,297078143
terra1llytx96vc64j6nkej0duxmgru25z6vnvdz09xu,loop-ust,2056875,0,2056875
terra1hegztwx5yzukslxkd7pv3eju5j9sz2nshyeyn6,loop-ust,11231373,0,11231373
terra12xxlcal5fh2kfmezr4xqd0hqwck63szzkvujrr,loop-ust,24225659,0,24225659
terra1qdzyh7sx6jg5xwgj34dwevgsgy2aqdxhv92f9s,loop-ust,2396639939,0,2396639939
terra1g53cvpv64sx64c69gy394nqy7vey2ec98a05wa,loop-loopr,224222998,0,224222998
terra1ww33smuphdtz890kedgw9d0wg988haelnjdpte,loop-ust,1597932,0,1597932
terra1636urn399hr9sx0pd2yaym6663g8zk8g9jwuge,loop-ust,44635897,0,44635897
terra1t4hmuvs4whh7ehf20g0072tejsqf86d6vxxdka,aust-ust,199190705,0,199190705
terra1tw2zmzhjwx5m6sttgrc8fdj0phkr9qc4hrqemj,loop-loopr,2365318084,0,2365318084
terra18c8rn98jq4gtutrp3kkhvpkzpngs6zw5t05xmx,bluna-luna,149842,0,149842
terra13lx4repdzlr8u8nl6ac9tv9l54tp0dq8kwp47a,loopr-ust,13980771,0,13980771
terra133pkwem3f3camgf47vq3ct40qy04vrldfl5f6v,aust-ust,89822132,0,89822132
terra123rcl8z9ekpnsx3vhhp3jarq7camn8jqu9zfvx,loop-ust,16437220,0,16437220
terra14nzrtdvda63trrtfj7yafrq53nfs4rf56txa5w,loop-ust,455054,0,455054
terra1z5xnc9m8emtv92fpekr2sp2k8sq8awj3w9x736,loop-ust,53905029,0,53905029
terra1w4y48djeckmzcrvf76jzu6mq3yga59fl47gd7m,loop-ust,6330253,0,6330253
terra1qtece43u36zvlspxdz9w0cdgz72ezq4n8jkedl,bluna-luna,180287156,0,180287156
terra180w7w6yr7c6vvah5eu2t6dxxnz9tmt9erwdxdg,loop-ust,8003444,0,8003444
terra13ayrgwfn4a2sl8e56f9mjl4m2tn8n6xhlz625u,loop-loopr,62400506,0,62400506
terra1vj44qsw79lwy9ayv2hckx02fw9ka677m9up49y,loopr-ust,16035841,0,16035841
terra1z83wx9r4vxgprxtfav3y3k6k2ag9pye4w3rux6,loop-loopr,205824783,0,205824783
terra1dxhv49z667ws34y9qlac2m3q0k0nh6fe4nveym,loop-loopr,23243983,0,23243983
terra1w7m98y6agg32q3gke8793d0lc2hf7r0qkj86mz,loop-loopr,1497289235,0,1497289235
terra15wxvmne4yt5kw6rdprt6fv34vpf44hz2hqfqpn,luna-ust,79135,0,79135
terra10ce3664e52thvut6ytd0ctma59v0t9yfjtwyfz,loop-anc,17650313,0,17650313
terra1x9yvywxrkz84y5dvhw7m8zmfz8el50zlz3hywm,bluna-luna,2700557,0,2700557
terra1vrg4ke7drr536sxn8eqa897j84myu566lwpy4f,loop-ust,980481,0,980481
terra1geplmyzdvj62ydh9exwenmt0yw5w7u7ynshz7y,loop-loopr,62409589,0,62409589
terra1x5dadyq8g75sketgtdjzr75fx92n6qr2sh8ttq,loop-ust,37133442,0,37133442
terra17lnx534gntkyzvd60d9w6vfk3nr03kg69kjt2l,loop-loopr,709183558,0,709183558
terra18c8rn98jq4gtutrp3kkhvpkzpngs6zw5t05xmx,anc-ust,1884899,0,1884899
terra1n30qtptg3ckvn3nurc0najmayxfayn39kk0jgs,loop-ust,8740818,0,8740818
terra1qc38fhf8yc573e9h5y45y5ewu7m9w2ln73uvss,loop-ust,4917073,0,4917073
terra1c3aw623rajh0cu9r4q8smwjn76sj4v446jawj9,loop-ust,900632586,0,900632586
terra1nllg3mp9pwj8ddlzhv9290hgff3tsnszv6h4kt,loopr-ust,65750315,0,65750315
terra1qgrm0lagxcz3zh0zswfcazpj07ey6ulp9ryqj5,anc-ust,2257398,0,2257398
terra1zhhx6zn37mu6glks3e2yeydfxqx8uueneyaycv,loop-ust,892801,0,892801
terra1ud4kpa9nzmylt6h8mc5ytnsydhm4mwpv8ht8k4,loop-ust,9782167,0,9782167
terra190jkpawqmgvp9j4yywmjruz63vdyuh5uzdpqan,loop-ust,79232425,0,79232425
terra18gfqw34w0fjgsdgykyd8g8jp5uz4a6m7hcyc56,luna-aust,8419839,0,8419839
terra125sj2fdf2qzqgmwymj6h7r09v2ct584etl9ql6,loop-ust,5508742,0,5508742
terra1ad2n3zxw7hcwd9n2dvsdedsadaw6yxcel4davz,loop-ust,7991477,0,7991477
terra1kz9m5dwkestavewg5u9v2f89p6u405reqkxgz2,loop-ust,9239238,0,9239238
terra17ak7peemczgxx2d36hmuz65eql7gc9hlvjntcj,loop-ust,1087811,0,1087811
terra1w78dsmxgud8npt8fj0adjcckjnwz87hsgsfal3,luna-ust,188076237,0,188076237
terra1v6ffte3t96hcqpyx5nqwp38k6cvvjz66fwkp9x,loop-loopr,2824924389,0,2824924389
terra1czka2eycealr9dnnwp8mdzevgj5v5xnseh4fu0,mir-ust,213440067,0,213440067
terra1qpsrppcrjdem6tgjq58z2xcwvrv6mv0kxm7ej2,loop-loopr,12178743,0,12178743
terra1aap2m92rgv4j7ekrd6jxdawmjdcyc9x5qhec98,mir-ust,57423385,0,57423385
terra1v7qvkgakw3gx8x0quepsrz29k327v5detw4khd,aust-ust,2100339505,0,2100339505
terra17x8k09epnw5t8j4rfaduwvxh8y32elm3ydktec,loop-loopr,18769828,0,18769828
terra1hsqfv9kkg9eep4nmvs7k0fslqj4ymxt58y2fxs,loop-ust,3880969,0,3880969
terra1h5lgekwlh92yp3f28fvwxkdlwap6vz2y8uyg56,luna-aust,3453425,0,3453425
terra1zs3k7czqe2xsq6vwrpvjx8macgd3ew5ddeuxfd,luna-ust,70789,0,70789
terra1c7pw9639xw9f4d9q3gmg0l8pdyz37zllxt426x,loop-ust,16257918,0,16257918
terra1nxjl5ylt6fgpm088q7d8r200ke56ta5eq7xd7w,loop-ust,867497,0,867497
terra1nmcz4x7he3t34hmarm9yz07khjpgrxnl6hn5ma,loopr-ust,11371483,0,11371483
terra1nuqu7rp7zne79p95ty8hsuj3pha4u25khc29ge,loop-ust,19771113,0,19771113
terra1d5ctqedr2u3n8arx9xe0v3dr849390xuz2umrg,loop-ust,3923748,0,3923748
terra138q2wmsllzgljahpdd7wztytukuxewgyq4aze7,loopr-ust,61375,0,61375
terra1vdkgvms9pzl2nt7ng4q5rkt74krugf7vvegcm2,loop-ust,1618376,0,1618376
terra19teu98000mhmj5hvyq20lsceqmfelg95y7wqmz,loop-ust,10051875,0,10051875
terra1nn2k7xtux9xqsnpankw2hwnudj3t2nk5m5tzfx,loopr-ust,709224956,0,709224956
terra1ltn4hsa6j8vgs0pres5up75h386m0drtunhygg,loop-ust,7357989,0,7357989
terra1jjv56zzsvz3kk09eve49cyx2gvrm2azpvjys44,loop-ust,9410580,0,9410580
terra1h99wqsqtmllmc84crqkgz2t2vh5z8dwt3yg99p,loop-ust,1644385,0,1644385
terra18g3xvtl36dq04kcp3fk6ydt8fl9wsts97f7a8g,loop-ust,4498268,0,4498268
terra1pz8xqgaut4dlg9z2pfcr4dqmsq2gwuyxuk07hf,aust-ust,4742351,0,4742351
terra1pagl4nfk05vmqxgyqfhxfqpvuxhev4c35l69er,loop-mine,9668125,0,9668125
terra1cjvhwj4dpanpk3faucmt6gakz3zmw3gzt3swgv,loop-ust,5402034,0,5402034
terra13sg69gk8yzgt9cekd6unnpau0j7tsdy80cyga5,luna-aust,2897791487,0,2897791487
terra1wcezfdapp0a3lszane03edjdztp5h7xr3wrffc,mine-ust,5640808,0,5640808
terra1d7rhx6uk0u8ynvc2sehz5rc9nlr39mvkxx4d6c,loopr-ust,3133298,0,3133298
terra1q8txzh94s0jc5klr2cj0d8g29m83e30t2qfppw,loop-loopr,3494746792,0,3494746792
terra14valxp38d0ma578rdcrqfyxake34ct6dr585sf,loop-loopr,9522731089,0,9522731089
terra17je6v7ynxvp6qa3ekxnezm9rqkcqf0d4kglkdd,loop-ust,637103,0,637103
terra1xjhepuqx5p0sjmmrfamm2g7fsalr6sr59nc42q,loop-luna,4784097,0,4784097
terra1pg4p9rd98nzt8a4f49zja90crf2twhadn65f8z,loop-ust,8666265,0,8666265
terra1hv8kvsk8s9233muymwtw8vnecsdumft888znwn,aust-ust,9920714003,0,9920714003
terra1aqgln3qc6r77h9fjzzlq8hl3zyfywa7gqv5zn7,loop-ust,3515489,0,3515489
terra1t8920n5ywt4mzgsnfddzsezvq5eqgdumcg9gv2,stt-ust,127322323,0,127322323
terra1ys9a2kt5asmmhgny2s4mdre83krmpmsnc47n4w,loop-ust,993889,0,993889
terra12rc3kaz5tn5wwvsscwdllv2k0ganslcjj8qz9d,loopr-ust,12670213,0,12670213
terra125hu2ltysvyp8q6hagm9u0wjhpmz2at6prr4t5,loop-ust,30726538,0,30726538
terra10tuc8xcgarqhvup5jsqjgetc6ljc9hu9p9l87w,aust-ust,223593399,0,223593399
terra1y9hansetddmxc7nsmtguvp826uj98rxfzvzkr9,loop-ust,634535,0,634535
terra1w2hyr9lrdxztyajsm8yj387easn92un2c7ulm7,loop-loopr,79209497,0,79209497
terra1wvygywdlg7z8ymusnt35dglpjza0epwex32akx,twd-ust,1375444031,0,1375444031
terra1z9ssuvuny7vlxdwema4uvx7zum0vq0t8xn0ncr,loopr-ust,29330478,0,29330478
terra13640022ph54jnnvtfh5yu5zh2cnq4ter3cexwu,loop-luna,806647,0,806647
terra17l5vz3adgumrpzfqejseygctpk6whqhc3z60up,loop-mine,894385,0,894385
terra10f9km4al59s53yr7fjsnvph5ggxfjuduge3a43,loop-loopr,514988082,0,514988082
terra17trjldc7r780sgxrdkmwr3lcxlj6uc7vsjz6w0,loop-ust,539916880,0,539916880
terra1neqxaguv3jqadhzr8guul5djwzxq3pxtx7002f,loop-ust,115055100,0,115055100
terra1vs5e76qxjtgz5fpug3vvxvl6pjvhjc0mp66293,loop-mine,30919899,0,30919899
terra19j27s475sdrdegwud59re05xnprlrgydwca269,loop-ust,5596566,0,5596566
terra13k3lvh2tj665la62w7s5ve0644m5suvp0nvfm9,loop-ust,214475,0,214475
terra1r6n0j2s7evemk6jepvyhal467dh0rvmq556nwa,loopr-ust,44533305,0,44533305
terra16ggzg9fwfsw0ydkjuv67wutpztf6zcym9xth3d,loop-ust,2547452,0,2547452
terra123pvnuplqmqrtkljq3k7zyq75mxm6zdhte96en,loop-ust,6511673,0,6511673
terra1qswqxdp3zgfgmx00mj43g867m9htaelwvx4g6g,loop-ust,9768122,0,9768122
terra1xflqgnlf3pjtgdad79zzgyzjx7lu57lc6pghum,dph-ust,4826092,0,4826092
terra19hhp5zcqr2dncg4rp7tg43et0n0x45892pzlq8,loop-kuji,70787181,0,70787181
terra13yx8f8whcn5gs66ydd3h9j6lpmwrdr0u64yfl0,loop-loopr,58770488,0,58770488
terra1gvt9l7cqylrmkarm5phu734rwk3509ten22ftq,luna-ust,9703086,0,9703086
terra153wtneg8q53wst4tmx3renzd72gl8jv8ts70sh,loop-ust,16338889,0,16338889
terra1tac4xhc8z3nm5x6luzp8hk4696a8z5l2gdtpd0,loop-ust,19725596,0,19725596
terra1ylaqvqasnyekwfssjr0sl4dud75z9x35cvgsk7,loop-loopr,2392264551,0,2392264551
terra10hx3yhmt3kdv4z3cz5znk9j2t8dy5gv2tgw9pp,loopr-ust,159690901,0,159690901
terra1nzd24e5r9sacvxjfcc4je5z4plmmxrd4xqfema,loop-loopr,4808864629,0,4808864629
terra19uxkpwu822ph4fgtuq905d602w783rwd5y7lnd,loop-ust,5144473,0,5144473
terra1ea0nl69qqewga9snqp5gnap9n6lzh7y2jg45z6,loop-ust,1096334,0,1096334
terra1umm0s9av9g0qnw25g9p99kmw8967dddztrrlth,loop-ust,35250534,0,35250534
terra1n6rd6n2mesnssg9y33jjwp27mu9khnwnecsxxh,loop-luna,27766605,0,27766605
terra1y36v3lu72h5ttftp2zfgc9pdumjjt4hvcjptzr,loop-ust,980126,0,980126
terra1gyscg4ksg7we37d23tvwg6my0r9vff5v36xzzm,loop-loopr,259135872,0,259135872
terra10plasy8hs7hdrl78mzcp5eenp5w7uvl0ker40a,aust-ust,114255383,0,114255383
terra125wtmwun8csta5kvhe2ddepnl3htrxl5h7fr60,loop-loopr,479685980,0,479685980
terra1ahgnr69z7awa7h36cdmq4c5dsr4qpg3jjy8s4x,aust-ust,8927352704,0,8927352704
terra1nmctxufhesx3fud0kms3w3asgcvj39n5jqxx62,loop-ust,1100452,0,1100452
terra1ngwjtvszepdugdrd6dsr5527762fvp4j5hav3r,bluna-luna,2030236,0,2030236
terra149cerd4e0z8fugj2h08480v2vdxppapxgy8smm,loop-ust,1470137,0,1470137
terra1uj0d5dectzhyw9z0ayqjwf5rwugjchfmnyz9m8,loop-ust,131107591,0,131107591
terra1hwmcfxzal7cgutmcm8kr056w3998ahk3a43jnh,aust-ust,1710093819,0,1710093819
terra10prjnq4k98mgn3nzcjmyjs4svtk6gpt9f9t9h3,luna-ust,464905585,0,464905585
terra1s6d3cewjc3ja8ys7pzgf4gehsdyyts4l6zn7ru,aust-ust,896274370,0,896274370
terra1vtsuupm03eq5sdr6w8jnmz56vrf88ejy46zc6j,loop-luna,6169430,0,6169430
terra1gkztnyhk2qpmgwyucpqwmc6tc4nrpec0z26au4,loop-ust,95786015,0,95786015
terra199j4jchsfs4hcwz3fu3x730cjwfw937hxydqa5,aust-ust,895581853,0,895581853
terra1feqtlvaru4lszqnpjesgfw8splrg7u27wwwqac,loop-loopr,88072497545,0,88072497545
terra10kz0aj32qa2uevswtgc4uscqems092cwpgl6gl,loop-loopr,2234334857,0,2234334857
terra1kwrhfap7f9xknft49atv24k30z2srrpse9tkla,loopr-ust,12576963,0,12576963
terra15apmxqtg2qr9rmp48k0hh575fg8rqpusfgkdxy,loop-ust,1120340,0,1120340
terra1zlhhq9qqcp6r5fl45hsk9fktdngmx602rheu8e,loopr-ust,78696798,0,78696798
terra1t0njq9ppeceyy7gyggw765nxv34fhv9vgrmrd2,loop-ust,271071641,0,271071641
terra1phs5rgw3ac59m8g7ungud0qc939zjyj2pl9vwg,loop-ust,14279207,0,14279207
terra1jewvsvzprurnjx7y2cl8u7mtmqrc7kkz0p7agq,loop-ust,15945343,0,15945343
terra1lpcukxapzxsp999vfvkjrsfy6ue3s4nehf2lwe,loop-anc,102278844,0,102278844
terra1u5uk8thlpfy8fz76ym80ls8qc2vv0fdg9ujwdr,loop-ust,94138,0,94138
terra1aw64kvga3us98d8qf8t0q0kc2rr4ryv42y9mmn,bluna-luna,14933728,0,14933728
terra1cjz68f5qhvghl8f5yhkuqlh25cyxa3tlwejr9t,loop-ust,4858036,0,4858036
terra1z5xg40ru2eegp7el8smttw4qxra48mwlrrpaaz,loop-ust,26555778,0,26555778
terra1p06g92px5d2gy69cgqph4qhl4ngvpy7ckuwhd3,loop-ust,889584,0,889584
terra15v3gps9q7sa37m7znggchhmf3qed3e298cyclk,loopr-ust,396443887,0,396443887
terra1hlpp3kl8yldr677gk8ht5r9kxj3yqwsjwm4xe6,loop-loopr,241456311,0,241456311
terra1jtut592n8c9n6z6cyhp57cywkkeh74pr26c6ce,loop-ust,1332965,0,1332965
terra1a8wna4qrvw0h8clq0rvvpdlf0x6casdxnm7ps4,loop-ust,106354,0,106354
terra1n5ggqhkfu8u2kc52kp68sqnxph73j2uqxu8rzn,loop-ust,923051,0,923051
terra17v6zyq6lfp92g8xg5fgn5yxfvf64e25sx36wze,loop-ust,11536604,0,11536604
terra1x0ncs8htmgljxam9r2pg5uex6f6pznddky7gr8,loop-ust,5305158,0,5305158
terra13njm7rvm5fdygwxcr5gs7zfcllfst4vmam369z,loop-ust,169125974,0,169125974
terra1ql5ghx4p32vnnu63fk0450tenwshhlsffxqtr2,loop-loopr,1244550294,0,1244550294
terra1kqq5tet3mnykf8fwuurrh3xly5dg8yvhyrn5ak,loop-ust,4084513,0,4084513
terra1pmp5pn4jdaew0e2tryz373e8whac40esazmcma,loopr-ust,214718309,0,214718309
terra1le9cgh79pp723996jrve82l2kuqymn7mxnjq50,loopr-ust,90858280,0,90858280
terra1507q74w99nvdrk8v77hfluejqqek3nrgfgxye2,aust-ust,1550390016,0,1550390016
terra1qplfchhsk7pa0jvyt5d8ujkfk7y68gatc2dcqu,loop-ust,4100846,0,4100846
terra1w49fvf48p5x9v70fkar7g4k5r5rxzyl980fvuz,loop-ust,20609941,0,20609941
terra1k93hh4t2qf8pc78huwlex5j5f8k3uq5u3lva6r,loop-ust,49182314,0,49182314
terra1q0wuqy59ee2lh6prwspzjrf7g8hhdvj0fzp6n7,loop-ust,295651590,0,295651590
terra1n2yxzluwyfv0u9wm8s4v39q7dtknpcvpjc2yj0,loop-ust,14398494,0,14398494
terra1ecu32a4nfkfm40a9fgca5v7eskpnkpv6zcl98a,loop-ust,1368965,0,1368965
terra1shgp8d72n8gnw4ajusnegax7lrtwsvsj8l3386,loop-loopr,4129260128,0,4129260128
terra1rtt23f3fwsle89aat9te85xexkw8lug5egd52x,loop-ust,3037101,0,3037101
terra17gn66n4jkn5a066n6sk7j3ccjvzjxc42r9fxar,aust-ust,4501079922,0,4501079922
terra1ydgcpzf5aurkw0vhyespkfj89p55lp90s9e0kl,luna-ust,10765164,0,10765164
terra1tvkamf8fhmujjs003j9nvhcre3y9hvq2dautt4,loop-ust,4874351,0,4874351
terra1ughmz6pq3c8ehsme29z7ewn72ccnrhdynzyypl,loop-ust,1609101,0,1609101
terra16vry83nvjengz0kr3szrxg4f029r4mr9yj963v,loop-luna,36487837,0,36487837
terra1rzkje6v6x8h0wm39y3h80mmt257jc47x48z8ef,loop-ust,21663429,0,21663429
terra19pkc3mujmsjae88fd36kj9u2y85g5v60qzjqec,loop-anc,10401206,0,10401206
terra1l5qz5sua6fnnfmmuu5gx0knhgp5n2ke2aamnlp,luna-ust,48471256,0,48471256
terra1zuvgm2xdem6g6vhhnrh3dg99mhq67kctyv20tq,anc-ust,881108098,0,881108098
terra1al4nshjr8u8mqzgk8kxnu3x4aufay5qdy57lsj,loop-ust,952967,0,952967
terra1l6mdc4vxkh6cwrjzxspyrsq3su7y3f7el88and,loop-luna,12926400,0,12926400
terra19qeesdegxh89lam830unn640wjttsykfuzpper,loop-mine,14591391,0,14591391
terra170epdp0nhn5q7xpn5tuhf04mqgrgrr7gjn7w06,loop-ust,25067950,0,25067950
terra102vqktp9p0dm4g0pq2e3lgxr46tqcs9nj6wzwp,loop-ust,4567771856,0,4567771856
terra1gz99et9cc22j8knmul6avq7nvtty89hye7rrrj,loop-ust,19123389,0,19123389
terra15lurkqwzs6ktk22999tvpqqsww40pvvsl37xyv,loop-loopr,2037710935,0,2037710935
terra14zehhpjnx2svqrllnlw3qvegm6e5h3pjuyajtl,mir-ust,479299920,0,479299920
terra133qwzx9wt2cj8rq8jxcgcl7zr5v6y3ea4c8805,loop-anc,11174053,0,11174053
terra1zh6j94xjrhnjzted4a2x993xeg02w4y87tm7re,aust-ust,1555827313,0,1555827313
terra1qnfmz45x8afgzjrrdpje5snph48ydvypmmvl7n,loop-ust,147741586,0,147741586
terra1x49x4hlq3ngusksy4v7lfqrc2thcvcujaa3evy,loop-ust,23280384,0,23280384
terra1uyg68v88539m7lx0dgqxehtwpw68yntxnwxtzd,loop-ust,10037402,0,10037402
terra17ssy30aw4284kj5s2v6sxw72u73rguwadajuqs,loop-ust,529516756,0,529516756
terra1ucj8wc9p52xmpmu9dxylz0gh4qr2uq63fmjnlv,loopr-ust,12235782,0,12235782
terra1vnk37xqe6pqx8gs42ha20jc34z82tzeymyx7vm,loop-loopr,371354789,0,371354789
terra15acnfy3tekuvu79u54j95ushrkhhkrrgejvqvq,loop-ust,3657345,0,3657345
terra1jhlee2kjny6ezrkyqpvu6xqjj6scdfuet38u0k,loop-ust,106571905,0,106571905
terra1fxa9y7exmz0fzcwzmr3p9jjsmnfmsxvgdepymk,loop-ust,9686705699,0,9686705699
terra13u4nkdgz4z2r3gzqcq4ue6sqaspczahxxs9csl,luna-ust,43365989,0,43365989
terra1676udw2q87zv5us7mn74rmj23pgx2sdvxf2uk7,bluna-luna,18424528,0,18424528
terra1gmk6587tk9apqrrfrdrya4rjs636rcmkzuhrpl,loop-loopr,1832463159,0,1832463159
terra1fcsqynp35v83rgh29p5n6cgf7gxr3ehrvassua,bluna-luna,1149463293,0,1149463293
terra15mk2yav8es4n7wzc305rxt7qdxdzsgx9jrn5qa,loop-ust,1075782,0,1075782
terra19knljg7p8jtnkskw2pujj92exmu2fgf5kasdqg,loop-ust,550849439,0,550849439
terra1txtmwuwmm6kkpvvf4jt4ermxxaxmxlfa4xrsdj,bluna-luna,47865352,0,47865352
terra1ah2d26z0kxgqskh7yzwv0k462yzjd0ujwzsuuy,loop-ust,876886,0,876886
terra15dn9n3ktw3766ks8zkuaxmk972kr333kznzc57,aust-ust,18863690,0,18863690
terra18eax6tkvtthm6awgrma634pde6r6tpq9ctqsvp,loop-ust,1994026,0,1994026
terra1fnn9yr8phwle87qa4fus4z4kfaa7xu5axd0syg,bluna-luna,31915277,0,31915277
terra1c8s79rj0cq7669q4tjvvkuuws8sf9hfh62qze8,loopr-ust,11950776,0,11950776
terra15623j4zye4spk42waz06jn5sm4fnr6dsdhne9s,loop-ust,51433667,0,51433667
terra1mqrda96ucfqtyydxd8ppxa57pqp4yuuux5gukv,loop-luna,2679220,0,2679220
terra18c8rn98jq4gtutrp3kkhvpkzpngs6zw5t05xmx,luna-ust,664743,0,664743
terra1ufrxz7hasvp08udcz9vxuk3395rvjuuzu938na,loop-ust,422028,0,422028
terra1ggk73d4w5zaz5ldmfwe5zqp0qn7h7s7uadhs2l,luna-aust,156356684,0,156356684
terra1mpm9pggh2hcq4077ct7aj9re9vhaq5c6nsxgck,loop-ust,969668,0,969668
terra1ltw0y5m2fp4fdsrzdc5eaduwwlujd3hmfax2zy,luna-ust,1976771,0,1976771
terra1jcauk20xcz2lxgp34nnjp6n6ec646zadw65hk6,luna-aust,140897167,0,140897167
terra1zt44m4sl3ldyfjmdxaf5urlv0jqv9j7acr60se,loop-ust,9381566,0,9381566
terra1x2vsepsrkn6y2alvppd8mgw09jeku3l9ye4w79,kuji-aust,40698078557,0,40698078557
terra188kcdgl9q8fghsqgu88tevs0h3mg3svdwqahwl,bluna-luna,676616467,0,676616467
terra144nvy3dygx5k3c7ze0mg9q4gm7k5lhtrmn6put,loop-ust,650062,0,650062
terra1lg24sfjgq0fhneevqx840h9k3cl9yh6xzzgt5n,loop-ust,6396398,0,6396398
terra1da2gdqcl0lys7489hqlayjjzlgv7ewrce4jaap,loop-luna,13100267,0,13100267
terra1undumv7207yptmhyu6amxr7mlqauqt2kxxukhs,bluna-luna,52744986,0,52744986
terra1kf0x5np2arfyrd3ec2r9jsvcjas8083e9yaadk,loop-ust,358053033,0,358053033
terra1u7r3wmtnwmjnf3x4ahmkep8gs2c4va8xnvzw55,loop-ust,1101304,0,1101304
terra186jv3e065q422y8m089f3gzugp9qkrvregclel,loop-ust,11264797,0,11264797
terra1xtqfvcy67ydqdgtca77wqx3t6mc68hdf7kcsnl,loop-ust,1841537,0,1841537
terra175363xlnpy59nsk2kqyuce4wkrr0xgq45t7r4c,loop-luna,84845154,0,84845154
terra1txl3asl3sawtuzuc88nwgfrqzgalr9xsepfl5c,loop-loopr,495474991,0,495474991
terra144k285hna6jnd27crwqyklnxg86370enskazp2,bluna-luna,496218,0,496218
terra1jx6ypz3nylwagczhp5dc73d3eslsecm8k40fr4,loop-loopr,5427417,0,5427417
terra18trcmxkjms6j5p0ejgme8rervxyn2230mlltq3,loop-ust,355199,0,355199
terra1gcdv6y0keqzcz7v2k76nvdplv7lftdh03uleqm,loop-anc,354080895,0,354080895
terra1779w265ap9rmc55c0ftula2g9e6u22a4ehzutm,loop-ust,3585681,0,3585681
terra1l8gd9vx0as04xt2lpg2cxqc3hu0kyzuyf5pvrq,loop-ust,4390237,0,4390237
terra159u8xspje03al8cn7n7xgx4qd5fyzjujhhthm0,luna-aust,56861589,0,56861589
terra1ydkquyrfz7ljzzm6yhd6y40vnnx0c7g073qedk,loop-luna,5693560,0,5693560
terra10vlr3gm9a7fyyq4y58m490yrdyljmuyz49ahaz,loopr-ust,20910989,0,20910989
terra14v8eu3r8l8mjz2a644f076hxrwwrmfuv0pygp2,bluna-luna,13157928,0,13157928
terra1xftp6r8a6dpm40vf2ypqe22azplcpxn6dqkqk8,loop-ust,2375959,0,2375959
terra1ce7haxum98re38yfku7zs88ka00fn75jzqassa,loop-ust,83022088,0,83022088
terra1svwkvx7ukzgr979yj2f8l34zs04sshhjd54s7a,loop-ust,29548629,0,29548629
terra1s59xawsehenj9mvgc3rwgm0atkfmk46hs42sps,loop-luna,52306929,0,52306929
terra1y04szdwnkusatrzcc9em9avc3q0y0eykd7pvqw,loop-ust,18956071,0,18956071
terra1h9gh2sv79dhft2ysvjtppcnnuguknczp09c3xu,loop-loopr,1270397117,0,1270397117
terra1x66k53sz5h6d4uu9tdvuygx6m8aqnewr3352rq,loop-luna,219895266,0,219895266
terra1uew6czvw0azw2kksx7fdn7vqpmjwhl47ujayfh,lota-ust,15807297,0,15807297
terra1crgmcqgfz44uzcg49amg0r2f3tdn0a8680hca9,loop-ust,2622045,0,2622045
terra10uj5k6xmx8aescerl284yzq9d9uzzskmw93c2f,mine-ust,34451336,0,34451336
terra1gpqalumaqz97h0nqyqtxf85cwte37l6hps03mt,loop-ust,11265798,0,11265798
terra1glthwyyj4zdu7hgqzr0fq6u2s62datcdwces3d,loopr-ust,12688471,0,12688471
terra1f92exa997qhemufrs9gdtfh0w66dd2yfvpkzw7,mir-ust,579904,0,579904
terra1yhrujcuzrsf5v4jtf27h49knz2ccwes9v0u7g9,loop-luna,3222332,0,3222332
terra16w43mhnsyhge85jn9e70ewywu7awcer4vkwdvs,loopr-ust,17973786,0,17973786
terra14tfxasl300wqgsvwxggrd0qt30ycg25e7k8n5k,loop-ust,258373,0,258373
terra16kgajrl0ul7mhqp8s2y2kd7xewclegjhweq3d2,bluna-luna,5171171,0,5171171
terra1nxg9g2tge8zdu0efev2m6kx36cr329ul3tm4xd,loop-ust,996955,0,996955
terra10cz60cq6kl5zr29qj9shlg7gnwzfumj2hd6p7a,loop-loopr,353819685,0,353819685
terra17n487q7usptn4c55pjzxauaqms64ljrsznqcwg,loop-ust,65676950,0,65676950
terra1z5wudmgkeqtc4stdf8jf7kmkem05wzqvlaxw6z,loop-ust,47397353,0,47397353
terra1x90twyrvyya7kx8gznqfududt0hk9n59jkw7er,bluna-luna,996708,0,996708
terra1fmg05kkyrfrt8ymxfcjrte3rpjrkkjd3fvlemm,loop-ust,2093969,0,2093969
terra1ywewfqsjnmz6gp00ec2c4wfugs7fspw20g3ajn,loop-loopr,153928290,0,153928290
terra1cu789esezf5xmn789cvdhkmr4jytn7hztu8cd6,anc-ust,30081900,0,30081900
terra19770p7rrnvxdpx02lcnqpmc4qexyr56ad5sr7u,bluna-luna,48374684,0,48374684
terra1k2t3y0sue7m0nk92m7sn629z69clwpey279rtu,aust-ust,8936263442,0,8936263442
terra1jl70a6eh7z4lj4pemacc27aqymmk5xt2jet8pp,loop-ust,90736,0,90736
terra12mk2x2j9dt9r4ytlzj85r92k55hymx5pcryr0g,loop-ust,205209713,0,205209713
terra1hr3nl0kat98scjxnuumxr3namutsr45fuzyjr4,loop-ust,2015733148,0,2015733148
terra14vdnjv69w04a45r2m42rfjdrnaxjf7s5p2d0ky,loop-luna,884951727,0,884951727
terra1kvwqh4c0hpjy3g4yfsmuaf0atcffntj53585ws,loop-loopr,294633315,0,294633315
terra1p0aes0g8hkgtx8v50jmt5hjns7aukjtjawll7z,loop-ust,3820861,0,3820861
terra1drrnerydr835md2rwazscjep9m885mxw8e4nre,bluna-luna,14960342,0,14960342
terra1gq462qgc4trmmg0acsgp5gz408qn5gg3sjyjfa,aust-ust,447727614,0,447727614
terra188f26ejasn6smz0uwg49tvfspnlq33xdx20k8x,loop-ust,27089199,0,27089199
terra1k54yrw3xcmlz69g9v7hct3cdye8l2rng8n87v0,loop-loopr,29523600,0,29523600
terra19rw2grdcwx77u07e4dd42v2a6p6j7xc6x57gpq,loop-ust,47857828,0,47857828
terra18c8rn98jq4gtutrp3kkhvpkzpngs6zw5t05xmx,luna-aust,577971,0,577971
terra1uhxfnqxkgar87wey68jqjtpwqemk0lrcpy2hyl,anc-ust,682006884,0,682006884
terra1ewczsx2pmt8pkzcsv6ts5nuzc6mpakern7gehz,loop-ust,2671731,0,2671731
terra1pyc0msqea78v0a2ntfv3qkx4aw777mwrryxlpr,aust-ust,1047056905,0,1047056905
terra158aqzkr0wtydwsakuu5x454cyrrnskadzlrrml,loop-ust,14633537,0,14633537
terra1r4hkdu2hhmr95snl8r5yqlp6x6ghef8vr30rpr,loop-loopr,14739174,0,14739174
terra1d2vxptga4yuxl0u329naqssywhmjn9m3z7f95f,loop-loopr,341748837,0,341748837
terra1c35tqw7gp42tdpqyg5uhgtapumxn0s4l5092ed,loop-ust,907078,0,907078
terra1lngptx4esu34y4e54k6j0g3kj2x2t624kz6xj7,loop-ust,1766724,0,1766724
terra1p2xpt784jn4598dkkee7v8gcnp25mmn7ghls9j,loop-ust,189098364,0,189098364
terra1unegznee9ltfrpluq2p7h4mlnw28vy99fdla9t,anc-ust,149945123,0,149945123
terra13lf4vy2j83kl244f8j796873mxwf4lc7prmzly,loop-ust,281437554,0,281437554
terra1ka6rv9tp56x397jwvc7wyyvwsg3ukw96yd6pu2,loop-ust,319572458,0,319572458
terra17g3t6xlsgumlrnay6mxyhkkzlygkrz0gekvmjr,loop-loopr,1364202767,0,1364202767
terra1ag4sd5aa3ral3d5r3jcsy55qga2duk2k5jrjdv,luna-ust,2547086,0,2547086
terra1x26qzptd5mf3x0w6vjfu2rf0jmvudexgpkejd0,loop-luna,442623096,0,442623096
terra1xzhvtp4p0s966wujcgr34h0dmxm5tygtzprm0e,bluna-luna,70087008,0,70087008
terra1hmmvfr8wkqyyvtu7ate6d63fjejekftf60kn4y,bluna-luna,754061489,0,754061489
terra18atx7j35ey6dpm3f990agrem6vewpt26gxwgwm,loop-loopr,612307110,0,612307110
terra184l96nczyw730vn56pyqs7qhn63we7s06e8vav,loopr-ust,29378028,0,29378028
terra10xftlyjnfw2uyuufdh3k42al3x7sps0x726kj0,loop-ust,8817128,0,8817128
terra1uv36c4rt88du45x0k2258wqydgn3e4jcfm4te3,loop-ust,24525230,0,24525230
terra15m7pusd5ewkh9ujclr28sfp9yr0y5mlqs4v6na,loop-ust,3338197,0,3338197
terra1qszfqc8r95xe84zm572t3e2krndxnge2svx4cw,loop-ust,2045570,0,2045570
terra1t8920n5ywt4mzgsnfddzsezvq5eqgdumcg9gv2,loop-ust,524408870,0,524408870
terra1qd0k3le6vhnguyqw5yhq7js6qxdf65m8hqx0m0,dph-ust,1458659196,0,1458659196
terra1mdwgjxe2mfvej890delz5ynl6jkgyal9xn3zq0,loop-ust,7616999,0,7616999
terra1qhc6as5gngth6lhmdzrm8ngnd6pgstkka0yvmr,loop-ust,2751630054,0,2751630054
terra10yczfahyqphs6xvs7fw0nukz92jfw80tf7la8w,loop-ust,59944699,0,59944699
terra1er3qnzcp42h04294z8qudanfkaezxuzrt6889l,loop-luna,20557373,0,20557373
terra1u75d92xsvmzvzcyr5hs363l4rpfh054h4xqjyp,anc-ust,17557703,0,17557703
terra1zh64aja03t7z6tl58kmukl4lu2y60adhzd77s7,loop-ust,3827226,0,3827226
terra133c9adn4sx578llfm06hfavd9gqtz5yh0hnf5s,loop-loopr,2213288457,0,2213288457
terra1436w3hauz566ka3t046z4jystupp5m5yk2vg66,bluna-luna,3113273,0,3113273
terra1mlgmvldxx2m4w6ek2k2fpjah44ashe6zv2zw9x,loop-ust,1835571,0,1835571
terra1mc6jfpwec593tcw4herhch4utvjzrh72gd6fa2,loop-ust,2851410,0,2851410
terra1wlvwxkdk80swqpkte764hkdl9atm7w7cmkd5fk,anc-ust,198369476,0,198369476
terra1essp6d20gr720v9m603dz67vhflca9a36fta8h,loop-ust,131590482,0,131590482
terra1klxazgs7kmvsu8l0qzqzh9fhpfcqh9u34fmaqx,loop-loopr,506729678254,0,506729678254
terra1ewjprnku7l0z9vg0g6ks34kg09a32ljtds67hk,bluna-luna,3416623,0,3416623
terra1t5kml8fg4gwkkgly95ycf6ql8hnr203f6jsn3k,luna-aust,95486540,0,95486540
terra1q7vm5jkmsp9f39924grygezhn6xdwejx2ksudn,loop-ust,456197,0,456197
terra18q780xlparsks38cnhs2vdv5ra4wmfwdl72pde,loop-loopr,18709444161,0,18709444161
terra1sqnq7kkkqgernglyhx6nr08qtx5wg7gucwpkr0,loop-ust,948934,0,948934
terra1axe0utyjc7puw5w6zuj4r6uyyfedat9pqklrks,loopr-ust,27991861,0,27991861
terra19sdhvg8ll5dn8juu45lfu48dzv76uz05anllz8,loop-loopr,165880199,0,165880199
terra1s4xh3tzrq9dvrv0cjnlxv9q05j4enazwk2pxnp,loop-loopr,271349632,0,271349632
terra1nm25fdgme7lga9vd9d88ycuaw00p93tg5s64lv,anc-aust,5359810,0,5359810
terra1lgzuaaufg26pevzhglqp98steq8la3kvgrvytr,loop-ust,1815721,0,1815721
terra1g42fxqrlyvq2kf9drz4clgh5j0cxcw468emhvm,luna-ust,307169633,0,307169633
terra1wjmydm9cqgudklej2dvscyt2tkncq3gfynkkl6,loop-ust,139212910,0,139212910
terra1w7r46pzpvw6wu7rvumjnpne3405azjrsh8rzva,loop-ust,19805479,0,19805479
terra1mdaf04xpq2ya8303en2r37qtv4mp9xuan2qnf5,loop-loopr,1262227664,0,1262227664
terra1gmryghne3refsya5f0sne9qzdp08xx8pnjh3c3,loop-loopr,1241767307,0,1241767307
terra1hhevxapkn54leracntmn0s2zejtrhh0ugeqkch,loopr-ust,9383586,0,9383586
terra1m24dvkrs6p643lf83lm2q868agdg6cqq0r7cjk,loop-ust,13322597,0,13322597
terra1k7a2y4vvzaf7cftk9hnmsanf3yq45lnqywc4g0,loop-ust,56619450,0,56619450
terra1lc030avdr307z4skd4rxe6wey4dh94hqfyqh20,loop-ust,9447351,0,9447351
terra17v66phkrsj40z0luznx08mp5kn4cw676r8yzz8,loop-ust,1008842,0,1008842
terra1az25yhfvhxnqz4pw36l54pylvgp9wusnqx8j6e,loop-mine,241042051,0,241042051
terra1hd7khruwm3kphy0xe92gp456j7pp2hvqh8us6l,loop-ust,90559528,0,90559528
terra107nv9ctle4tdtejz62qeyqw8dzhthh3mxepkjy,loop-ust,376842209,0,376842209
terra15djv5gga8utkt4cpa7eawszu9da5rlasr0fuwh,loop-ust,35070672,0,35070672
terra1gx8l8jv3uyjls80m55fv2amcw58crk9t0fuj7m,bluna-luna,6969141,0,6969141
terra1a50ry9ujvvr0a5dzqmgdqpjqndxk0hpdq7vl6e,bluna-luna,13966800,0,13966800
terra1hgapfml5venkjmg5wqjuaqzyh2rpeqgdc8e363,loop-ust,5300867,0,5300867
terra15zpetcnjmg5p53na6rvyp6vvm7gnf0qcfrn8p9,loop-loopr,10341366623,0,10341366623
terra1pkskmvnzkf7eq27z52zk7dgp2ayym67f4f3kc0,loop-ust,3327655,0,3327655
terra1tnut8y8sc695ssex2dy8kp36gwkrl2v0asjqd3,loop-loopr,2623833421,0,2623833421
terra1hyqaaylqfwds7uzmmf3q4tcmu84gals4mqad7n,loop-loopr,143436014,0,143436014
terra1nlnnyf20utw7f7ssqft4m495duc77wquqxzc0e,luna-ust,212595950,0,212595950
terra1n4q2wpl5ek74ah28uarn3tfddxnej5htqe5xlh,loop-ust,4421967766,0,4421967766
terra1k98uunhlf5d350km8eflzvhncc32pmfwd6j8sr,aust-ust,438947629,0,438947629
terra17nrp3ua4y74m0tv00ww7a5t7nwehcewlmjaypf,kuji-aust,158994805,0,158994805
terra149rzyhnxn2vysvey4zwzdwdgq6ts0k2q0cl873,loop-ust,941142,0,941142
terra1dpev3ve6383phvcdnrnmn5ghp4l3q8fwdppx63,loop-ust,3490801,0,3490801
terra1s0lnzpzg2924yrrqyf2vpehypa3tqjcemly9f7,anc-ust,1749245654,0,1749245654
terra1lv8qg3hqk69z6sfjv84jyjsrcfp22r473mtcfa,loop-ust,57306282,0,57306282
terra1hety6td9kgx94fr2zwt3k0g0tlnd224vqt0peh,loop-loopr,7725330425,0,7725330425
terra186p9aqxgk48nz995f3pzrq7xt7ht0y48qzca74,luna-ust,822739114,0,822739114
terra1tmsu2a7l4rfllnd4e5vwgnkug7ty3zvx2gtp3c,loopr-ust,67963043,0,67963043
terra1nremzyjv9uhq3ch0nwtchzedpfv3s8lh3g55jj,aust-ust,36505115,0,36505115
terra14uu5nc7xcpu8nk5y39cq9rewt6umh2kgpe844y,loop-ust,14775969,0,14775969
terra1a7pfsd9fu4u0ehue9hkxt20wungghtwh59dahk,loop-ust,4642143,0,4642143
terra1fzna0h5m32wes6xazn5h3kelvsm2n3kqjpsst9,loop-ust,2398860,0,2398860
terra1xca4vg6ggcdadx7cfukzp26qlmx3y3vqa87azm,bluna-luna,9955971,0,9955971
terra1343lp5nt4uj0e3zuldss4y7qpy9x86dhzmay36,aust-ust,1788752246,0,1788752246
terra1v7wecuhv9apkafe2e4l940khkczeq8t0w02h68,loop-loopr,4522690143,0,4522690143
terra1efdscyfm8j6c9jn6j4um84pw9llkvr2phukyg6,loop-loopr,258218244,0,258218244
terra164mqmqejd7uyg5exqh7ztxykc435ggdencwqx3,loop-ust,14352740,0,14352740
terra1e7549wlryjzn656kvmujhmzlxf5l0ag2dkw3pn,bluna-luna,44364348,0,44364348
terra1884yk7wc86amezwy8wu5gvm64f28492r07wlyh,aust-ust,9032042,0,9032042
terra1e8khjyya5akpxkr944w8cwqag0p0gzjp7g7s0u,loop-ust,1730712,0,1730712
terra19gnssul6c06vfcgegh6plr5w6cj6kmnrxvndmt,loop-ust,21881375,0,21881375
terra1ya2nudt98jl9rlydjlatckju5gewah20sfu7xy,loop-ust,1224717,0,1224717
terra1uq64u6yfrexnyu6tk7k2j2mmcd6d6tnts6c7zk,loop-ust,10038410,0,10038410
terra1f6p0lywzam3k42e5y0tzp82v2cn8327luevzqe,loopr-ust,10967835,0,10967835
terra13xnl06eewqfa9exkwwrk8q0g0m76j6n5eyaxft,anc-ust,41589368,0,41589368
terra17ct8exfzpulfwju2vygvgknzljc2jmcsurmlzu,loop-luna,28599679,0,28599679
terra1jwnyu7xewe7r9mgxwzpclr8szxr3fwrglc88ak,loop-ust,272232129,0,272232129
terra1gry644ykeh77ngxxwlagf6xdfv6te29nmyaec4,loop-loopr,122413834,0,122413834
terra1qvl6v0cynxt4j5ghlha505quqqhc50uqz8hu64,loop-ust,2112714,0,2112714
terra1zwh827sad4jgdf47yysh724xwql6xxmezhqz7z,aust-ust,1794848801,0,1794848801
terra15fjf9zp4v4usly7t68ttyzynrcfwemhqx5lzc5,luna-aust,624836779,0,624836779
terra10cpeejd9gkvtdqhj2lwjptk3wyj04yfjql9kqf,loop-luna,326941180,0,326941180
terra1am0qyg90v5vatn3792a0jyaqvcueuvtrtxmts3,loop-ust,951669,0,951669
terra1hx2wek2gjyk2rxw5r6xe47maz64jsjqvrhpsu7,aust-ust,448130952,0,448130952
terra1l5wun44dzpuew3fz6x4hpk5qachna88tz0vfmp,loop-ust,12218052,0,12218052
terra13mg2e2sjd8glgrnj543xc8g6p9dsuh53cugx9h,loop-loopr,164772027,0,164772027
terra1kgn7hathlhfnja2wfc349t4t7cxxv7yy4hn2yj,loop-aust,182051707,0,182051707
terra1twl25w0yec4xd890w0qatj2vvw9sn3q5eaqn9u,anc-ust,240543324,0,240543324
terra1llcj52a8uwe9e6enp9a7rmunhl4lhfxusmrr74,loop-ust,3640327,0,3640327
terra1c2qgghsakxp8ywc7dzhuyr674s8tlgyazx8jmp,loop-loopr,415935708,0,415935708
terra1wlvwxkdk80swqpkte764hkdl9atm7w7cmkd5fk,anc-aust,97594090,0,97594090
terra1w5ehnkezff95ql885u8vsalez3gnyg32ctmhy0,mine-ust,39715724,0,39715724
terra13yhjw5xh42rp959vpyc7mqaav02sqrq5txwh5t,loopr-ust,1117329158,0,1117329158
terra1xsemnv7p82k5xqjgj5aajy5ksy9k8udsnz3g68,spec-ust,3231610,0,3231610
terra1emfkvg0j9gday2kkaxheflka9798hn8zuq5zcr,loopr-ust,9074877,0,9074877
terra1glavqp8e68rhgxpezn3sxjmpudz620la5yjc52,loop-loopr,211047220,0,211047220
terra1d35dvzathmgu4uy0p572egf88vquxfnr62mrlg,bluna-luna,5823443,0,5823443
terra1wsf638huvvpy00txswmc7g0pd4jqnp6dk9l7vl,loopr-ust,4812944,0,4812944
terra1y2k3eeu34y9yw8chqh3padqljv3tqvp9pmnxra,luna-ust,5138744,0,5138744
terra1dz2ht5p7pycsswqj6jj9cktvpz9yu42pv0dy85,loop-anc,163169459,0,163169459
terra1422snweutakrgkgzz5xgvndn0yastsjsyjq0et,loop-ust,2426266,0,2426266
terra1msvctmex4y75n7m9m7wrnkswe5cgp6nfdlfqw2,loop-ust,1598081,0,1598081
terra1uc9t7hnmzxs3q53v375hvgfeymf8g9hax9kk50,loop-ust,1027863,0,1027863
terra1g40p2wtpvajf450c67sxn9st8rxk2vlqrv6k37,loop-ust,2941614,0,2941614
terra156rnms0k5v7h5dvntsug3fjgwf3zs9t42j8hew,loop-loopr,2252489842,0,2252489842
terra18phzfeng007yuqwsyzmrm96j0p3qx2lj6lmm5l,loopr-ust,129415211,0,129415211
terra1sqhgsp53mvwxzje7ktfk8kr0yhpqjt226yjynt,loop-loopr,20995384,0,20995384
terra1kz5e35272q9jefts2qz8p22kc89wgdp2m703xq,loop-ust,3034549,0,3034549
terra1xvfxf6598lnq83gy6m7qjrte6q767zsch8ytnf,loop-ust,5837044,0,5837044
terra1vfhyss2egfuj87a274xejkpnzd788kewsk2gtl,loop-ust,674295572,0,674295572
terra1d97sgqhtgjn8zrhnufv66ahf9vaz9vg6ggeld9,mine-ust,6082,0,6082
terra10tw536w3sa47xn93ygftfrnzp7yqk4vvmyy5ga,loop-ust,21288351,0,21288351
terra1s0hgk20nvdpk9e08hyrclvvwqrf295f99apmqc,bluna-luna,187921,0,187921
terra133usdwdke97dsfw9yxrwt46gj55306xlq8vd35,loopr-ust,26561373,0,26561373
terra1q4kr8l379tg4agtszp9gwvlamlm4ld5kyls7jd,loopr-ust,224204850,0,224204850
terra128d4tqg3k8f4uzzmyxzmu672772d7hmwew2xcs,loopr-ust,17796374,0,17796374
terra1pq8sgpyl0thaa5hfne0rhd6w3ge8sn6cgc69yw,loopr-ust,14825354,0,14825354
terra1szlnn9dgjtv4wt3thyf4nydal9kelhugg6dgcs,loop-ust,86599605,0,86599605
terra17uaff87s3x93q3343tqkettfe0cypj80jr4rjz,loop-ust,1490263,0,1490263
terra14fwaldsa57a6q2y7q4xvvaujdas9qh42hjhnjx,loop-ust,681894,0,681894
terra1jkhdzy3q542x6qp8jn8dqfj0phs2nrmfy6qsh8,loop-loopr,2407692943,0,2407692943
terra1vpxs6f39cr2rhpmmcv3fh750tdfwvpzt442pga,loopr-ust,5775739,0,5775739
terra1pune8k7xc7c8ch5rzqh2a9qltsdmq87mwjc6hc,loop-ust,1883085,0,1883085
terra1vfmata03798g85fph9alft5363ldcmsuvz6uhn,loop-ust,126882257,0,126882257
terra1vnu2utx8kqqcewg2mx39kh4nj9zz7umlkdf2mk,loop-ust,4173668,0,4173668
terra1jd5mptjt9j0m236a3rszk0qlyav3cwg9mj2e9g,loop-ust,10866196,0,10866196
terra18ctqky3wm9jq87wz86rwhx7gfwjgm9q4atpyy0,aust-ust,114969244,0,114969244
terra1n5tle3e93kdc307vlgguy8yyww794yy72xsxxj,luna-ust,15333814,0,15333814
terra1x73ffecnhkf90552fh4guhzdk3tvss7kqgysr4,loopr-ust,10594597,0,10594597
terra1k5thgf7589pw2ggtwyqh7y7n0zczllq3yhfrd7,loop-loopr,2888857638,0,2888857638
terra1slmqymnwx4csne6thldpky48hfhd6x80fkhz7x,loop-ust,1060902,0,1060902
terra16mvrn4at74pcv5sn5k3znhlp8d03cpplqgh5uh,bluna-luna,199099203,0,199099203
terra1az0cpv4a7lkwhysjdllpufgehwf58rjllswuge,loop-ust,1204337738,0,1204337738
terra1plaukv4z6z36l96ff83fjvpyv75dwdjnykeptr,loop-ust,1928924,0,1928924
terra1pn60rrk4r3ktgwqfcpy979z96h33f7gqucv6xy,loop-halo,70906870,0,70906870
terra19f4uf0ee3262lj238z2ufnwwueqlysdeynkrd2,luna-aust,994545949,0,994545949
terra1d8rejs0g0x52ykrfxpe8tv6qh3zg8tvpkqjz3m,loop-loopr,2612232206,0,2612232206
terra1kd3mk7nfxpd3a7yqcfypkn6vsc6nhaq6mkpx4r,loop-ust,194515482,0,194515482
terra1uxs6ea2aguvzqt6png3mdpvsq63n29wulp29sh,bluna-luna,3013529,0,3013529
terra18swg4sm80a4j4nsxc996yhfzlyh8r3cw4flqx3,loop-ust,14097394,0,14097394
terra14trxfd33s6egggyvvymqfssskxfzxdkcctq08s,aust-ust,721229346,0,721229346
terra1y39llhw8mkgj8k5mr8ls2cc7fgalsw0kx39n4j,loop-aust,144390597,0,144390597
terra1k3d2dpu5q7h2j38jekpv298khxucnyrlf6yltx,bluna-luna,1489780,0,1489780
terra1vazftqkqv4zuzp5a2g8lk7g3tppkjlxmjtu5gl,mir-ust,375688824,0,375688824
terra1dsy0frsrx7y8l8f90680azwnhxtm8dsy7pesfs,loop-ust,3451233,0,3451233
terra1fnn4ycx7m0qd83eyyj2nhanjkvr62959uj7zv9,luna-ust,48568,0,48568
terra1mfmg7nwdwf3p98ar974txafs3qyfudl6xwh6mp,loop-loopr,8703489826,0,8703489826
terra1agxfnygc0s0wr5a3rr9nq88gjjkymtn6cwcx23,aust-ust,20832994316,0,20832994316
terra1rrq6zqmpewmmnrmtvw5lfkhwt7ry94q8llchtd,loop-ust,11289091,0,11289091
terra1wwgv4kyf9xalcdx2y8xa39f4gzc4qhg94ffees,loopr-ust,5564115,0,5564115
terra1ckqcfeqx8qfjjcwwlvlr5pr4dcl02qm8wr0yp3,loop-ust,1352466,0,1352466
terra1zqphega73a8y5vey503lg2et5g9fcuapf300kp,loop-ust,475754,0,475754
terra1rzxuy6j44ukgz0smyml08z45wrkclhkdafmf4e,loop-ust,8795792,0,8795792
terra1rnqwgdnk9faalsfr2ze6492hjjx605mjz02acl,bluna-luna,448823,0,448823
terra1wu2c8nnvl3lrhtvgq5cxs85ds23u2ws8ka9t7k,luna-aust,533659424,0,533659424
terra1dj8t3808cwnc28ppfgpen4fjj5syral5gr0kl4,lota-ust,62577347,0,62577347
terra1pslstetfk825g5zvesluaq48390krk0zt8sd0c,loop-ust,21352707,0,21352707
terra14g3e2sgjztytlxa3gh6f9z529gu3x26xrwg9km,loop-ust,29377664,0,29377664
terra153r27f0s0dmt3v4u60u7sacz5q8u2xhdlu5ymf,loop-ust,15954996,0,15954996
terra1p9cwgtagwkcg4kwjsnuraec5tmyk03cyekxjtn,loop-ust,9196311,0,9196311
terra1de5pslnf6yktt68rp4mn7u4h55v0mhrf0v4y6h,loop-ust,760905,0,760905
terra1flw9k7zlkj3vprm8xk2p9rk04a3r3dux0rps0y,loop-ust,15961108,0,15961108
terra19p3wlf55se602q4cptgq7lqfeh3mtr0k6gxruj,loop-ust,100280799,0,100280799
terra10eh9hhj4jjqqv4fj8xtxkmm32f0esmjcl3hluj,loopr-ust,3242748,0,3242748
terra1jxrp9q03xcl729ym3nzeyh8lf3xa3g7t007x7f,loop-loopr,102675783779,0,102675783779
terra1wcezfdapp0a3lszane03edjdztp5h7xr3wrffc,loop-ust,21476199,0,21476199
terra1mna02g353h929g4yj5x8u5603427c562ues7xh,aust-ust,449068351,0,449068351
terra1vfv3y0r2dsfm0cfmnzlp88qc6wakxetknl2r8n,loop-ust,906874182,0,906874182
terra1vwkj08xppfu7lvvrm2t4ptel6srlr3cp4p9jxs,loop-ust,3369646,0,3369646
terra17n6pyrf9hn0p73h6l7a25sfvp37vws90zm4rn0,anc-ust,60263926,0,60263926
terra152gesdw4psymyg72em5eetdycu375z83apedrh,aust-ust,3666817930,0,3666817930
terra1w742kkp4p9d0mqfh2we60ekgdprj9ynrmtdg5a,luna-ust,8543686,0,8543686
terra1wfpe632yl3kghm6tzpfdhjwdgw7v94dsvv042x,loop-ust,2231578,0,2231578
terra1t6x7h6z0vpmk0t0mn8mar3q7z99qxczsmfwj98,bluna-luna,9902595,0,9902595
terra1ld3nkdackd6nhlr3s3mp45e5zh52yk2fytcy9t,loop-ust,52152583,0,52152583
terra16h7t0gaetaaz6gq0vplt6ejxy45n3fkszl0e8f,anc-aust,137070418,0,137070418
terra1y960uu0e997jk6hrlgz04072ufwq02s38ptp7h,loop-loopr,376862647,0,376862647
terra12ydkrh0mk6t6wzy70vzj6qcldp7qles3rc8kkx,loop-anc,51645668,0,51645668
terra1lt32yfdeht7y8jgj8dgnacx2x5wzcfnd2ct25y,loop-ust,3377010,0,3377010
terra1h52l0urmf3cgpe72azxf6x58pf7v7sxqa2k026,loop-ust,986529,0,986529
terra1fdwq9azkn3p07jf9jgj3rn9u7t07qtr2whkntt,loop-loopr,146980523,0,146980523
terra1jpdtzhykan7ryk3az3h2348ypxhmx98hm79tzj,aust-ust,4491106671,0,4491106671
terra1vvfn6s90fghtleng35dgm9kvgrusu6yep0q48d,loop-ust,4928568,0,4928568
terra18ggurl0xg6rspuu046qr0nsr0ddrlppgel0rpj,bluna-luna,4411994,0,4411994
terra1ykyh70jhdt954kw2xfds28kwpqz5zx2luk76tj,bluna-luna,49805930,0,49805930
terra1ttf443jcwwu4tgznaucznfgrdjf8prn07fq492,loopr-ust,33782658,0,33782658
terra1yz2tklejly64qjxmqc42lljhwry5e2h73a7f7r,loop-ust,4603542,0,4603542
terra1th82yvpcylsdpwhk8m3q3ut59ztz6m03krn0x8,loop-loopr,1302033674,0,1302033674
terra1cn70sru5ut70rgr8trq9q7kjqtkcuefsgfzg36,loop-halo,419923487,0,419923487
terra1ht5sjg0m43ge9hvtg00n3mpryeuxlleq4gwpt0,aust-ust,107360379,0,107360379
terra1zwvtt6m8f7gkxdaue9n6yzrkgyvfnv23grv3ae,loop-ust,982782,0,982782
terra1300anwm3cp9y0gpttu36gjaf9vetlrquexg8ru,loop-luna,2611703,0,2611703
terra198cdxsfz0twf7er79cuuwayl93gwugqkcler3g,loop-anc,7914309,0,7914309
terra17lapk5p993ugazmv2uuc2wdrn3qveqlh7hklpj,loopr-ust,8286538548,0,8286538548
terra17ptp967ym7fskz5w9z72lfut64vjdvuyvmen4r,aust-ust,4410965307,0,4410965307
terra18rt9m23778d5hahpkq3fqmk9yf8e6axpc5d0kn,loop-luna,44491376,0,44491376
terra1cqh4hyklqhaxsxy98wz2zd7qa7y4sdkmmmt48m,loop-mir,155315334,0,155315334
terra1wg7rdmlrxcwy90t0uv3v9xshukx9vp89qlzh6a,mine-ust,4847431,0,4847431
terra19hqm3fa09lfkg2urelzauqny4frzl20s9p29af,aust-ust,443861063,0,443861063
terra1406e4s8qa9rcpl4r7nu3029sh6hlhzge9avff2,loop-ust,1086781,0,1086781
terra1fke0r2zn0ln4umka899jl0wxtzl5a0dmeq2g9m,loop-ust,10660931,0,10660931
terra10rpgrf38d5fx4n9yjlpeu6msvd0a6w0svnmpvd,loop-loopr,121703832,0,121703832
terra1g2vznhwq9drvtlac7u0cc7e8747jn6jjq9tz53,loop-aust,901267031,0,901267031
terra12pnwj0xknw5qu8akyzfdnr0frpmqtqec3dgs58,loop-ust,4699831,0,4699831
terra1cu789esezf5xmn789cvdhkmr4jytn7hztu8cd6,loopr-ust,202142612,0,202142612
terra10cpeejd9gkvtdqhj2lwjptk3wyj04yfjql9kqf,loop-kuji,1573834850,0,1573834850
terra1zqapxztysv7pszkt2zhcmdrd6h25gr9xlk092k,loop-ust,4503049,0,4503049
terra1l7pa6lv2yf7yr0dkxgx7swch76hcarygdws4as,loop-ust,41721874,0,41721874
terra1404vrul7me6rc5fpjlf3e42gzq6uec9hgknjj0,loop-ust,12741980,0,12741980
terra1q2g4ql3gx34rps9q3m838q3skxyjds26ygklne,luna-ust,158650,0,158650
terra1y5u6v2rpclc6qtwlrdkzwsrgl43563fzm5gcfq,loop-ust,1376987,0,1376987
terra1ym2sxf5hdsrcz770y9wfwv5vj7m0u64wh7mvh0,bluna-luna,2060134,0,2060134
terra12zkfaym8ah7yj3csjfznlj4lkvadwq9ld6kv26,loop-ust,9480203,0,9480203
terra1wxv4z3a5ztr3wsh2ppr8m8xjkej68pu2jhs63e,loopr-ust,1286813530,0,1286813530
terra1xgg4q45pxemgf34u97y9l5m52x9jvevfl0hqkn,loop-anc,176223241,0,176223241
terra1hkqa9f2pes06357jyz6jzfx5rau3se3fu7hntv,loop-ust,2744418,0,2744418
terra1cygc8stxmfch43ug0m0p6cjga5au6eepg58lkl,loop-ust,165960466,0,165960466
terra1v3l8955qjhpvaep4ntyk5n3t5x60r59pdeqdfm,loop-mine,16681429,0,16681429
terra14uhaaeuuzluv9x8nu4gzcnhfvp2ysgg0xfuujt,loop-luna,49607881,0,49607881
terra19rulq700kqsje7t2tltz5jk8wettz3k7jnpk5n,aust-ust,649882799,0,649882799
terra1g332jj0urv0ph5h230gggspnhjt0guv0wnephz,loop-ust,29071249,0,29071249
terra19kywx3w4ys2fd2ps7drdwdcvtxtnt9agjehk6e,bluna-luna,99841716,0,99841716
terra1jletfaqf6q9glgpkryf4djnzqvzxldfz0z3p5r,loop-ust,8243742,0,8243742
terra1cwsq42jlyusa5njtqlej8h0jhc5jv5v4xk22ue,loop-loopr,304675242,0,304675242
terra1nvmgx85nu25v8t2sgdrx0lvvn040evpvlqfla8,loop-loopr,1053954023,0,1053954023
terra1rqpwqak9v8zmydwzv0jlmlns6qzkuqayqv2pnr,loop-ust,19662540,0,19662540
terra1x0dadx0etd0prpplacc9thzeu8svld093n4ed3,anc-ust,314148,0,314148
terra1y6wuzu7qcdu3g99c7uq6whhs5vxpmhd7ywnd7c,loop-ust,24929653,0,24929653
terra1y83hv3lupm964l8mmvduyj24qwxz37589hmqdh,loop-ust,5293145,0,5293145
terra1nq8rqhlreyjksupwmlj94efjfx8ped03qpgu9e,loop-lota,1550936024,0,1550936024
terra1xsemnv7p82k5xqjgj5aajy5ksy9k8udsnz3g68,loop-ust,64018838,0,64018838
terra1ck0p33d54nmj00kuneu08txg0d040x2fzsqpjz,aust-ust,65632994,0,65632994
terra17ard8fynn6a89k4xgal0jw8x26lr0amqqjflj4,loopr-ust,30701016,0,30701016
terra1ersc76egy5taq9wfwc4nrjfu0phujefadmn3xr,loop-loopr,1106580855,0,1106580855
terra19e7al2v6zmw7wd7mv72yw7hw3tp09ddrm85j5p,loop-ust,1107989,0,1107989
terra1j7jn54ljjux2aasd0krq57vmyysflwrzzwnvyp,luna-ust,6560889,0,6560889
terra1eaerkf6dp2fyend22tj64h7clsvpkft3p4z7e6,bluna-luna,498238,0,498238
terra1dvlh26p7wexyuajfzzguhnxug25zr75ajaefye,loop-ust,28304737,0,28304737
terra1rhur5dhhxdxcturun9t3g0thfft532kfzp47cs,luna-aust,7293386,0,7293386
terra1vrmyfyhwa9l8f6sez2f5z5g8nv68k0y0vgu0wj,loop-ust,4452618,0,4452618
terra1hu3k34run2xshnfjwys48yg9235sagm86erjnv,loop-lota,18203119,0,18203119
terra14tthstv4n72u7wa0tfr2sc2cqv95rtvwd93jq9,loop-ust,2671767,0,2671767
terra1lsd5mdyemzfgawjek6agm08rqq6rt2h838t9kp,loop-ust,297477815,0,297477815
terra108m3rcjaqye2vhf9ksu3as2wl376kfsv3ka58u,loop-aust,8571418677,0,8571418677
terra1agcrn9hufd5mp04g4rxmatkl98vk68jkdush9e,loop-luna,18314447,0,18314447
terra17pavnnqyn43nkfvm6sf3fsk6j0chwk5jv4g808,loop-anc,411054700,0,411054700
terra1j2qyvjtveyy8pznvrzl7ee2d007vf4kaqechvy,loop-loopr,6002540,0,6002540
terra1v2ay69ylxcq3uu8n2stfxfe2fkd85kh37dd764,anc-ust,35535734,0,35535734
terra1yqvhfwp6f6ft8z8hy4kj3kmvfpmypkrczp8ekn,luna-ust,48708146,0,48708146
terra1e0pm6qf6zk2fswnrgdreujxxmqh2pqxvlyyrf0,loop-ust,1643243,0,1643243
terra1apavf0ad62l6l3vkh9zsuh42m5yex2n3ayl56n,loop-ust,3686481,0,3686481
terra15pc3qn2k9xh742qgg967hnpgt8sc79gkdpn4at,loop-ust,243025,0,243025
terra1zh06u4a0sj6awzkw3kf4t7ya2ep9pfxw7u4ljf,loop-ust,959189,0,959189
terra14atjwss7p0mgxjqzrveq59vupnf2esz5ar5tln,loop-luna,85548136,0,85548136
terra1xl7vf2x4ckvtzqmh83963hlktcyj749h2rnvz4,loop-ust,31008704,0,31008704
terra1mf4d0rcz8lnv8el5mavcl0urmjyg9ztsy967fq,bluna-luna,2290106,0,2290106
terra1r4pw7p8fg2psps5m56u32j2tlcllg74z5lckgc,loop-ust,1321435399,0,1321435399
terra1y33n6qddhwtra5jfvy8ayrwhnw44ltd39q0c88,aust-ust,179329131,0,179329131
terra1y0a3gmca63nqper09fkmhn50385vpea2wugtda,loop-loopr,2021447145,0,2021447145
terra17hju7yz5acrjlq52l26n7ppdw8e0u4j00j3ufh,loop-ust,51010386,0,51010386
terra13vagc9zllsc9uxdk66ezzdj46gpcsz3npvfkps,loopr-ust,11494789,0,11494789
terra1rt8zs56st795dttmcmcaj7wlyhg7peyrw898e2,luna-ust,53125015,0,53125015
terra1exu3f6t72x7w06ppu5vu5m5m9s4glywenfnplr,loop-ust,366223887,0,366223887
terra13ak9mtnk7uhhyaszxl82n6wlmu8gvfzvjdhrgn,loop-ust,23898028,0,23898028
terra14ek3nla4rl3dqpnhu7h099hgd5nqtsjy3z8ucg,dph-ust,6333525270,0,6333525270
terra12we0h9lyw3325w3vjuq5j97l4tmwd0w40exzl3,loop-loopr,6467153257,0,6467153257
terra1exvdr9dk65udxac0p7d0wzawc94djwup575vge,loop-ust,11541153,0,11541153
terra17a2ymajw5j09rw023c88jf42c2dsgj9wc3ylzd,loop-ust,103443106,0,103443106
terra1mugwydqwg0q6scd47aduczal4uvkrcx5g7v79c,loop-ust,35544162,0,35544162
terra10mpyepfc38ecnm86xzdeh7cekpxn6eyh3datr8,loop-ust,97050616,0,97050616
terra1m4hnv9mtexpxgkpe5aetmvvuwyw84k0dvrtf8g,luna-aust,189863954,0,189863954
terra19kmxywv9uml8ap54pcx6v93jmy0977kvf54j70,loop-loopr,22046845036,0,22046845036
terra1t4umln3gwg0z5aemlarw6p4c0dpeqhafgkjwq7,loop-ust,915003,0,915003
terra144gxggj7qxfd2qvtagd5p3mpnh0a4m05ysv063,loop-ust,427395857,0,427395857
terra1mdlj7yn00ue86u33jpppysku8l2p3t5nflx8pd,loop-loopr,1045451453,0,1045451453
terra1q9n6eavjpscqytz5ujcerg3eamdlgpnja9ejsx,luna-ust,107829954,0,107829954
terra19hur3z24cx2unrdkjr2htqg5yqr8y2hvz3t2ql,aust-ust,1027490938,0,1027490938
terra1rzxzc2trcpx96259z2tm5kl2ka9cae52ztjj7e,loop-ust,4404253,0,4404253
terra1tydesra0qauxq5rvry74t843fmf8xup0xlqrsu,loop-ust,1907669,0,1907669
terra10jfygs56kpydhtumemlqh8fkessgp672sy6znd,loopr-ust,35423649,0,35423649
terra1mqwcrh7ml6jnxghstq6vcye4g0nrhsmwzsv9gk,loop-ust,4216852,0,4216852
terra1nzm3ysa7yw2whjsy5np44dqt3g6vy5uu5wk7zd,loop-ust,69774889,0,69774889
terra12xlc67cjztjj8xev0aah8rt83n5uvz8vgtxwhx,loop-ust,1085594,0,1085594
terra1ga5svaha84eakqswqzptwxpu7ps9rtnt79ldmz,loop-ust,153010,0,153010
terra1sdnk0jwjnpl7fjvyww4agetd9yrc6w687mqsrh,loop-ust,94135,0,94135
terra1n5mn6h0ky8xpw0r0nnzknda5yht2r898p6a23h,loop-anc,124756100,0,124756100
terra1x3nn2u7dwmrkwjj24jmdeysfcnrteej4uw05l3,bluna-luna,91677031,0,91677031
terra1aac4sktym5h6gr5x56tcka50jcv2qcla8st7jx,loop-ust,8598910,0,8598910
terra1jja559axjd6d3xxcxlecsdc5amkhzvf55gnlhu,loop-ust,90091842,0,90091842
terra1afzpkez63jkygfjm4su7hfmkkrhlfnsc9nrj5y,aust-ust,6266643844,0,6266643844
terra1494duk4fu3p8qqlkashxafc5lar238r94mtuxa,loop-ust,7004444,0,7004444
terra1yn45eamncnr5l9dfur9yrul0k7x3snp7j0wm78,loop-ust,1156616,0,1156616
terra1629h93zx62sjzxzj3p4l4xmjnzym0lmnhpx8m3,loop-ust,900458,0,900458
terra1jglzmttxz22thug94etwsgdrfagg5wtsq60z3j,loop-ust,13964675,0,13964675
terra1yuvl2zasdwg9u26k0cseu2kynnf8njnhjl3ytj,luna-aust,44806117,0,44806117
terra1qa8w3eqn0yx4u9a6t8vsacggt4n0ucwa2pdaua,loop-ust,4448039,0,4448039
terra1ly3n43pd93s3gpzv7lfr7dasvfa06jmtgg2pm4,luna-aust,287557971,0,287557971
terra1x5409n7aj8kd0rjefun7gwghckuxlza70c6pxw,aust-ust,377693907,0,377693907
terra1zu8gsdz59tc4080pfu0scyt8kutdu2gzlqz4qy,loop-halo,1699774231,0,1699774231
terra1mrzkyf8wmgrga2wypmhc2g6s9tzdpg4cpv3cda,loop-ust,281099830,0,281099830
terra1m628aqk036yvjf0xqtekq8yx84uwx9mt4nnh9r,loop-ust,6825516,0,6825516
terra1cv4sttgrumtmwtr7v8mp46e2zqk2hfddduct32,loop-ust,4769382,0,4769382
terra1hfn355veyg399p95t06tgm9w98ju40alaszsar,loop-ust,14658550,0,14658550
terra1vw5c2suv4uy0yerw63kdp7erg4ksfn483jcy7d,loop-ust,3237381,0,3237381
terra16anqtkq3mmdhuxxtdjmcy3k306ug0ypqhd7aup,loop-ust,30392016,0,30392016
terra1lx6frkpfezc6pdjjd6q9tlqq8c0d0zh22y8q47,loopr-ust,23967676,0,23967676
terra1jg9h5gfp7xgay2kalx8wspv7fsdvy5tmkhdvdq,aust-ust,89892783,0,89892783
terra1wy64tcy645klrxc5v2jtsyxxh3xfmxvd7a44tz,loop-loopr,37585994886,0,37585994886
terra1jjp7m7pcz5z0edy0w5txvqgrj8ha38u6t3453r,loop-ust,16183738,0,16183738
terra1gdttj4xuzsazyu5dtnsu5jqd0e793vu2htuhfh,mine-ust,394554315,0,394554315
terra10lkemec98esakm9396xd3mn6c32ynu7pturrf3,loop-ust,431841,0,431841
terra13r2fy0hfs44xyhfn7yy2fmwwd3uq93l6t8t3d7,loopr-ust,3188533595,0,3188533595
terra1h95jrgxnvqjkqy5vh79mxqk4ys6q78hysf8tfr,loopr-ust,36720931,0,36720931
terra14983849xa63jf9s5ya20an82zghcfclxpn2fk6,loop-ust,1041545,0,1041545
terra17054u8geh4gf38t259lcy80t9tjrw5thn2rnuq,loop-ust,14562374,0,14562374
terra1c630gmm8z5pm69ms5jfjrava9slf2qg8r66kpt,loop-ust,8162650,0,8162650
terra1k3w2rjw5587r4t0lz5ud6r309cu8r4ueah8ynk,loop-ust,677917,0,677917
terra1k4s0rkgqlsmk0kj7xfse0uuj0xn9tjnesua2uw,anc-ust,5008274,0,5008274
terra1fsqk92hgenq2rmwv6j0dl6mr3gzjh209268vtr,aust-ust,447584093,0,447584093
terra1rxfgcgv3ylemcmh2uyjvll0erc357uwhm2vtrs,loopr-ust,14674937,0,14674937
terra1n5mn6h0ky8xpw0r0nnzknda5yht2r898p6a23h,loop-kuji,80482285,0,80482285
terra1l2ky7ya6lzwt7z557u7xqzk8mmxl47h4elm4vt,loop-loopr,67219918,0,67219918
terra1uz2w2hr4xqauanmllymj8t6lsqskav59shc0hd,loop-loopr,2177191509,0,2177191509
terra1uxpz2sgh3u9957wcnpm8k5a3p0mey664u0s7pn,luna-aust,78658153,0,78658153
terra1qapw9eyzkkdcls72pnxgcjus2xxuvgakxyuxyn,luna-ust,11799821,0,11799821
terra1nnfpz3g85cyp55ek06gpefqs7khw4ccuyrzdua,loop-ust,41730304,0,41730304
terra17kgw943q9ka7w7qumaw2yp2edqfj39jv3ppfz0,loop-ust,26163500,0,26163500
terra1h5qs079wdd9rer23cc3fm2mlxsnp3rmcdqj575,loop-ust,2424996,0,2424996
terra1756mhajrhlg00xlwjqqk0crp6rs4zf2qs9dtw4,loop-ust,1098133,0,1098133
terra1qrf6m776vpwtkwtjlkafqxt69f9kqrknq8ks92,loop-ust,4893451,0,4893451
terra1dn3yhps36r4cl24j8papx5p3ht646x8tn50346,loop-ust,9290556,0,9290556
terra1j4d4mmga4rz0qjazd09qmyjc8tp47w466e9e7y,loop-ust,989194,0,989194
terra1mz7jyseaecejd85m7k2lw67uah3ygjhxhgffzr,aust-ust,2634419610,0,2634419610
terra1qhepgw3qwc55jlptc5vrfhfruf78wv4uftehez,loop-ust,9316073,0,9316073
terra1dlnqyp4kuhjsgetgx08ddsraq9xeruhmze26ja,loop-loopr,9313294180,0,9313294180
terra1ck3fuacu9p6m5df6gvpygzzzuxn2rmrg7m266k,loopr-ust,1809923265,0,1809923265
terra1a75phvmw034slnut267uju5cde8v656tj4z2c4,loopr-ust,252984955,0,252984955
terra1gfh6nd9s6l8e8f39dry7jvg0ylqfmz79dee2fy,loop-ust,1455826,0,1455826
terra1449z6gf708hs6tcds98j60y8tlmya2uacwsfqd,loop-ust,3919779,0,3919779
terra12l48dfzqd0gh6hraepd35u4jhuhhlzsjjk0mxq,bluna-luna,24008068,0,24008068
terra1sgkvqsew9700esehpmezczvwu67ssu65sx20em,loop-loopr,55729552312,0,55729552312
terra1kf55tgmy0esv4annl2ravuw69tkxf725h0dzcm,loop-ust,1470291,0,1470291
terra1kww4wsxgz7jj62k6uq3qdarnmduuavuhwcrsy0,aust-ust,895295118,0,895295118
terra1v0tujqxapq8vjdufcy76u4gjy3s35jtpcema37,loop-loopr,14808741,0,14808741
terra1pernrauefwlx2l2uryawvg2lm9ev8fcvgcqh7v,loop-ust,851078,0,851078
terra1dq8azpgehg2ykkxj8juw9p0l2avglh4g5prqxf,loopr-ust,971976125,0,971976125
terra1h2tup4wyy5tnc4dkt960ldg23lfryqwu0c28d9,loop-ust,52624343,0,52624343
terra1hm9kss6m9czv5026dtyc7v8sm66w3jpng6a3dg,loop-ust,47993696,0,47993696
terra1x5vx4gz2we7stfdnt8n6fuet9hle6xdwycnqu8,bluna-luna,69739047,0,69739047
terra13qgveatdwtfhpts4ptx07qdzfnqqy9k8uegk4g,loop-mir,47173878,0,47173878
terra14dzstwe0c9pg44d9hgghs2hy3pfrrrenmcht8v,loop-ust,1031771,0,1031771
terra1ph7qg35lzc5wpf8e45nynrv948cdw5tkavqjxr,loop-ust,2016399,0,2016399
terra1ryfl6qnazw3e8nf9pln95syfct3j2npx86pvzj,loop-loopr,4541667310,0,4541667310
terra10mqlxx62tn8mq4myjtxsqk02r74a6p6rzcdnww,luna-aust,33469958,0,33469958
terra1v5aymjyruyu0zaw0mmxh0glc2lcrp6dnquymzj,loop-ust,46313233,0,46313233
terra1yzhztav8ekwjc0g3jarxlxe7954y4y3j2cxs6m,loop-ust,13148735,0,13148735
terra1hr3nl0kat98scjxnuumxr3namutsr45fuzyjr4,luna-ust,181945537,0,181945537
terra1xr6ysg3uvmuqcms9tkvlu60phnrewwf4u23lws,loopr-ust,57836835,0,57836835
terra10dj8yhpq2qd64uexyfjdt6escle6t3lzvkvjdk,loop-ust,82170918,0,82170918
terra1xfq2jmq40p3q4c0t3fm5jfycxyc4dmwgz9ea4w,luna-aust,9819242,0,9819242
terra1pwx6qqwpdda6j0uwpjrr5lxkm7nzdghcms9hsg,loop-mine,760230032,0,760230032
terra1m0ud6rm4nhv2zdm97mwu68jwa8pw6av45y0kaf,loop-ust,24934726,0,24934726
terra16e80rfqm2mm4hy0y9kmk3j9acrfrx5s33v322v,loop-ust,110792529,0,110792529
terra1n507m03ee6g82ruf206hm4va5y3ggnq4latyxz,luna-ust,4364362,0,4364362
terra15vmluszrurewyvpvte4j6730kpjv5fxh8mslmt,bluna-luna,14978094,0,14978094
terra1ljncev3ck9ur6v75surkh3zzgww0khquvys35p,bluna-luna,1519546,0,1519546
terra1mtl2z8rjt9l9fje3ckq9ewrlrka4q9f90lq7pz,loop-ust,881504,0,881504
terra1ds0n02yc8gl5r9wyfy9exxdt2q460kym4exf4m,loop-ust,2421971,0,2421971
terra1tfmulpplv9jt6gyjm4eqp7utv2reg7z82l5mrv,loop-ust,5325344,0,5325344
terra14dpaujqr9me05wls60p9hyd4d6xhywkzdty8rr,mir-ust,938816358,0,938816358
terra1ye9w47qsdyatf98jt2u6de776c3crwkwvu6398,loop-ust,1060242,0,1060242
terra1t5sexxj46gtqh5e4geqjxr4mltsyehaq377m4v,loop-mir,2156203,0,2156203
terra1h27c3v3lxwg20358zt8ckx8zvg2tp9xrxg5e6p,loop-ust,94010576,0,94010576
terra1uqzwhe8uuxncvd2sprqrlgkjznxzuzxwp0yz2u,loop-ust,69832600,0,69832600
terra1y6kfffnq8jrm4fcvh0uvn9vrqg02zf5wughc9s,loop-ust,269019599,0,269019599
terra15qq8hsnpcyp7g9lc9qvhdfe99q6lmtnpz65p20,aust-ust,294667323,0,294667323
terra17fv9p6hsfa8r7dkjjqxhe4nwr7js8rce6nqm60,aust-ust,178741150,0,178741150
terra1n3y0z4gjxhqye0tdyljncm55qdhnr67wfgdjtv,loop-mine,134143037,0,134143037
terra1klu64ju8ltv8r0c935ctedcwewj6fyv47pkjvs,loop-ust,121980539,0,121980539
terra1hxyzv62pecjy7ayk9t2w3nev4w77xeq0nnr7rk,loopr-ust,33827120,0,33827120
terra15cv4l6dptgcvhm7z4aratcyvfl7e74t225eg7u,loop-ust,17203501,0,17203501
terra1g3mrrj7pyukylk5puw767vd0m78fnazjhzxxx3,loopr-ust,22365154,0,22365154
terra1t5as80mf4e798ye0wh5j52raeg04w9f4pw8ug2,loop-ust,3862709,0,3862709
terra1lu70m9np56fs2dt9fffmauk8mmhq6axp4jx2z7,loop-ust,4388996,0,4388996
terra1j77jmzawdsuze9qctd6kp4sra84jss5fcr5hjz,loop-ust,85542389,0,85542389
terra1zju9lkvwjfsg6jarvn33aaefhtrctkfv3a607j,loop-luna,20185636,0,20185636
terra1c370czcu53ln9za58qdul4qjjkgext3etkmh52,loop-ust,4805187,0,4805187
terra1sjsvkqjplygv6cdy0jwv390y0wqga9x6y6rk7q,loop-ust,21366527,0,21366527
terra16zntw0dnh98d2njwr2fzn9jvyflw9k73rgeaxk,loop-ust,2759500,0,2759500
terra1tn4gxvy5hkdfc4k2ds66f8whyk7dp5ujse008k,anc-ust,757311937,0,757311937
terra12ttuxm4nuy6vef2gpkm7l8p9lprs4r22h899nc,loop-ust,4579690,0,4579690
terra1zjyj7v8624emyd57el2jlk5yl8a0h7dfueadx6,loop-loopr,64165721,0,64165721
terra1jnvmsy8qk7srqw0kudcsv46gewc8kpkrzdsqvy,loop-ust,34451897,0,34451897
terra1f38tgwy9v6s9e5q5skx0qwwkramnyw3zv09wcn,luna-ust,141082,0,141082
terra15pjr8m5hl4xzeftka99yqs3tqapeld4jgpzxg9,loop-ust,651331,0,651331
terra1wa6ndfa47e05r9t225fyx5upnwzlwum3u97d52,loop-ust,380380674,0,380380674
terra1gakszk7aklusen4w3c7233yh945slumsj5xcfa,loop-ust,532153224,0,532153224
terra1lt5h0klnegg4xznmzvshvp6q2cq3kcf56hs5jd,bluna-luna,293826935,0,293826935
terra1x9j00d9rpam3k3x5xfjudn0j55k4zgft5ju0jg,stt-ust,235766050,0,235766050
terra167e2kssdte3f6tr2hlpa4t9xdnjzea2yhqtflp,loop-ust,148615231,0,148615231
terra1f97f7fsluhq9p737mlp84y9dap43dvqvwmqnjd,mir-ust,259730742,0,259730742
terra1wv3lcgzje9e5f5cdmkaz9y22qdfts65aq94w3c,loop-ust,5154647,0,5154647
terra1qscx4wt4splwz484j4rn4m5qtecn4yv4rsq6jz,loop-ust,267728,0,267728
terra19lzk8j63q3t67d4rp7ymul8c4gg0f6njxswpr3,loop-ust,2644513,0,2644513
terra12sfvf0nfsyume676v3r3fgp4ymwstzrehm0qsf,loop-loopr,15531525598,0,15531525598
terra1xfc4x3mtple0jxft0mysccv9p0d6npsdztul56,loop-ust,11486750,0,11486750
terra146dccterprxah8cgtz65wmpa2zty06558h7ksl,loop-ust,322747215,0,322747215
terra1f83cml8wh22w2nmpukq3lefr9vcm0qa2eecuqj,loop-ust,5505581,0,5505581
terra1z36sv7yjd5ljrvpk6jy0qh35zhcu06gx7dzsv9,loop-ust,2672890,0,2672890
terra1p0vrc0atmvrnrkelht5az392qnxkrh3wt3crqv,loop-ust,2048287,0,2048287
terra1guk47t32tf3mu79hg6s7yaz60c5ms6wh9j9vpz,loop-ust,5557244,0,5557244
terra1mf4tm4ga2f2c22f783zjgk2q0v38jxzz2hy0jd,loop-loopr,8481556,0,8481556
terra1jvesu78v95x9pwv43c5jemrz597unjv68p4y96,loop-mir,41458689,0,41458689
terra1tptw97x4lpl3n774e4mu9lk4lmhspe2mfrqmpm,loop-loopr,6958362770,0,6958362770
terra19lsa038tug77eupmqgqe98m5hg46y4f8jslz94,loop-ust,7019598,0,7019598
terra1eh6l734au9kkzfayjx3hzmpv5ac3sqwzh35z32,loop-ust,339946,0,339946
terra10nxq7su9dwjh74cjl0ykkr7sh9helganx4ha2s,loop-ust,1796403,0,1796403
terra168rhfyrxnrl0j4rncdlu7dvkn7yxc8rdrq5ux8,loop-ust,3299254,0,3299254
terra10s3tl7zvg0s4g9u6rx06a76hjgqx7mzjhxtf7d,loop-ust,44828664,0,44828664
terra1rggt9ed8q57y728tdt2u7lpckhqgpycfk0dzkj,loop-anc,7156940375,0,7156940375
terra1pug7wt5u0ta075expwmgkkxysvgjr7xv8mmdc6,loop-ust,514816,0,514816
terra1ddvllcmsuwkq3c9kw5fwqm08t555gdzf3pqa2e,loop-ust,2030976,0,2030976
terra1ulnpvnfq9ut8wdv7qtfv22w2pgwvhzs4gurxej,loop-ust,48441019,0,48441019
terra1gacptamzkyefcx9cmpq82a6zgf54mhv0g2yl90,loopr-ust,5216417530,0,5216417530
terra1q8vkvenwec9tc6a8wr7m8ngxlaqtr59u7wwucl,aust-ust,4051126510,0,4051126510
terra1z06dmg5gafxpnyedgd028qq4s0vxytqyncsyu9,loop-loopr,8536260278,0,8536260278
terra1x4cy8pc2v044ewnvl0eztz3h38f289psdf5g8q,loop-ust,8518028,0,8518028
terra1fc2zrfyf4gugq9whxst2s4vpcu6lce4le0h4x8,loop-ust,12181982,0,12181982
terra1343vee0gqnaagczszejag69nrw6c9l7yvjtw37,loop-loopr,1577361208,0,1577361208
terra1jyhzqtp6khlxp448kjq97etptgrfgcduq7rsrm,luna-aust,103761841,0,103761841
terra1eqhn7kpe8w8tpkrqcla4djn587zwe8cmk7vjnd,loop-ust,3451475,0,3451475
terra1v2d0jd5nd7fp3y0tdxpv5p8zuzsh89yjjj4fe6,loop-ust,1278719,0,1278719
terra14kdenuv8xm2yfew3f9wx67adcsantqfufpa525,loop-ust,1469284,0,1469284
terra1ec82fm3w7wmupce53cqqlx4yp8vuwwnesgpafc,loop-ust,120970,0,120970
terra1mtfr2263d3n5qaw5kex2yzxasxr63kl4yw07r0,loop-ust,216350783,0,216350783
terra1mzj2l5dt696mg4t87klrjvvujwf5p45tpy2l6m,loop-anc,3407624600,0,3407624600
terra1jfq75hhuzf9wy3l3ctqm6p65k4clat9y72kscr,loop-ust,1066554,0,1066554
terra1yel27p6w5e5ft8ymvf00lygflc2ckctd9vu33r,bluna-luna,30013717,0,30013717
terra1308sf70wnmftj3xj6l699ur89qvydywwrjutvt,loop-ust,2926448,0,2926448
terra1v3a70al59a2c0gggev0cxckaxqupecsaqtwdwz,loop-ust,8258296,0,8258296
terra1wxgvzhlmeyvueqfuy9ynzj4skg7dxsvrp9ftuq,loop-ust,1470256401,0,1470256401
terra1y3t7j7yhasdatenkcm2ky4sxh72k8alzzen82m,loop-ust,18602441,0,18602441
terra1tsj4s5d83gye5ewylx4mwzcy86qexaulfppwfs,bluna-luna,5004206,0,5004206
terra1x6wn2qk5vq0layrg2tg4yaj39f3eykdd254kjt,aust-ust,6273776043,0,6273776043
terra18fdcjpvve007wqfr2x2vx6wxcunt2qww7qq6mh,loop-ust,68622316,0,68622316
terra10cjwq7llqgywvq54pkkqtmj4l3dh0x2ac0zetm,luna-aust,334362697,0,334362697
terra1za7ndulletndsc435vfvtfmg75yc45uqm8353d,loop-ust,1072,0,1072
terra1w6rxqxhnd8xd28lk24r9fdledacsfz32444ssg,loop-loopr,2091973688,0,2091973688
terra1t995h80qptgxya7ewn7rg67w90694q9kjsanq6,loop-ust,11302644,0,11302644
terra1cwa2mm9tmmm3uxkqqa50lfmzmeap9a24j30nml,loop-ust,911789463,0,911789463
terra1vngejque94a6gu96wq4mwx7hx8zzw0ucx7shlu,bluna-luna,11464649,0,11464649
terra1esf2h070x5gmnvek3sllkl5tmc9lpm5zum7wjc,loop-ust,3184511,0,3184511
terra12cyxatz0v9phh4whupwdj6k6malr5v0ckhac95,bluna-luna,3010799,0,3010799
terra14s0t7cg5689fepr02paalxaumkc6jkrr99utd5,luna-ust,1565058,0,1565058
terra1c9v0wwnrh2hfhvlg6sh37ct4dctws6mm7nak7z,loop-lota,133424923,0,133424923
terra1kj70xu6g2mcwed4lmqmrh28rlawnsgpwcdqd2r,loop-ust,37930615,0,37930615
terra1qh4gldastpphhtmv02gx0krupcmu9lj0a4pvze,bluna-luna,998950,0,998950
terra18rc2mz4t8jth4a3nst245zt403mstqutqxs085,loop-ust,29106122,0,29106122
terra1y2ne6gcx0zsx2p8drelfkayzwengg88c2x5yce,loop-ust,8816915,0,8816915
terra1whsuzdftyma40m2ydhuhhwzvxjrys7apeal238,loop-ust,472831,0,472831
terra1vmyjkfzp8mzvx6yu28nc4238l6ugntn9s6np2a,loop-ust,2675722,0,2675722
terra1fv5jz05zp3q3amclw6tcg9zmc757eenhd34k0q,loop-loopr,60770892,0,60770892
terra1929zpuflzgwfv3m094h5qstd2227p37f8asnnc,loop-loopr,969632834,0,969632834
terra1azxjj06fjyamnfs3j8nelsh9fvtzuzva5n9k0f,loop-ust,52580121,0,52580121
terra1a8j0ek3ur7tc24cr59ee9z05vf5890dd9mgpw8,mine-ust,412455501,0,412455501
terra1m3jfj8cttupumdwzjt9wa947cmg453umhg4ctv,loop-mir,233593145,0,233593145
terra1j8tzpsszt6ywky6gj2c76rdxsx0rph7umrd6su,aust-ust,809388304,0,809388304
terra1neqy7wxe4kqnuyqazk0xyhur7adn0n8hyn5f66,luna-ust,144710981,0,144710981
terra1tvgkzvtjekt54azvfe95vlxz7mmcl2s9luuz3y,loop-ust,16710979,0,16710979
terra1ugxzk47u68jsklmjt6ljw3y6xy4jpc8k9t9ckj,loop-ust,5524984,0,5524984
terra1dg7hdhv93ftc0shujwlagnfjyy32sc4mpxlpgt,loop-ust,949069,0,949069
terra15zzhz209euuh08c7wn5xysnlw4xycze733mlwj,loop-ust,1062393,0,1062393
terra17wdttmdy8475evzxqks7emyynrtetuf5sx79e0,loop-ust,522002475,0,522002475
terra1y6n96aw4pq22tw4gq27sd708w6g7a7dvnr9pzw,loop-loopr,28931766857,0,28931766857
terra1zaq4fvkf6v3wdx94hhaj89z7lceejr7lu7u0hz,loop-ust,1029754,0,1029754
terra1swrz47txv205rdyd3xs8up9yq0h0y2zflcp32z,loop-ust,2041566,0,2041566
terra1hm4xgq7jek04awcnr2j8cx9xavu5fgcp22crpf,loop-ust,1159539,0,1159539
terra1vslddanye3w5xv7fucueau8jwfvm8ev624ja05,loop-ust,5044237,0,5044237
terra18xf7nghmlj8jkcdx093xhywr86z7hj3vkhp7wz,loop-ust,20738607,0,20738607
terra1tnpkn6zdj7uywueegl0z826sv0pe3cqx2gz09k,bluna-luna,1977614,0,1977614
terra1dkzyheeygpdq6ysfaj54r3psdenmuhchtjnrvx,loop-ust,60976614,0,60976614
terra1vykqc6r9leg8uw3fmx4azyhktqrjulcx8l3fjn,loop-ust,24523984,0,24523984
terra17eqpfnyxr6kvxgtw59gr6lgrnp39677s4hprl4,loop-ust,1212825,0,1212825
terra1j9crh7tyv62mxexejz74q868hpvxq6hwghkzuz,loop-ust,1616857,0,1616857
terra1cvdscuuxpjf68l8qrc0g4pymjee4rmrz5h83uc,aust-ust,5159341269,0,5159341269
terra1d0hhz08e3z2w5am6tvxsedfr7u0f6a2d3ssak6,loop-mir,26750891,0,26750891
terra15h0dcmay6e77zll786ar0p7m4v6yate9slklys,loop-ust,907023,0,907023
terra1mvt96rgff0hqw607x5f9pz82f8fdlj2449kt3a,loop-loopr,1280149149816,0,1280149149816
terra1ccttajexmaqeu9ka3ax7s7uurv8dqr3ukjmslm,loop-ust,9876713,0,9876713
terra1nte8afzkxcj7tl8q2y4jkh6ycl5e490rfzndfu,loop-ust,15738734,0,15738734
terra1kezhmynnhcvmx328e5rzwkwjgd20r2p0gcsymd,loop-ust,210954076,0,210954076
terra1nhc8zperqukwd8wj3u2ya4yn8033et7x2vudxk,luna-ust,44989338,0,44989338
terra1seweemyvuk4nvjecgqghs2858uu7zs646xza5k,loop-ust,184642085,0,184642085
terra1w77wmqgelmfpdt0ydfgzaet57z0d5vhuh97g23,loop-ust,4876744,0,4876744
terra15t6k4q7dmg2rcys7d0e7m4wvlycklkusukfcw8,luna-ust,11417796,0,11417796
terra1pa3fsqna0rrhlmljrz4y64uz4h9tr5nqg7j8qx,luna-aust,25500836,0,25500836
terra1pdwswkshs3f8tn0pl5tx2dr2g6q3zxqu9atggy,luna-aust,3318160,0,3318160
terra1z3v8lcvykgdfj99hg5d4fu5d49cyudr4ztgj4s,loop-loopr,412654390,0,412654390
terra1g9trsfencrlqj04upl3lcsdndnl2544z7dpjje,loop-loopr,1628485529,0,1628485529
terra1cfevsu5sdppwp7cfaz8vk5weuad3lxy92dtc55,luna-ust,310612438,0,310612438
terra1hmcy9w6wcaeywzp2hv8us2xgs4lwr3573mejmt,loop-ust,22850261,0,22850261
terra1dv4s2q9c7lnh4tgrkaruwxp75awz50yxa6aaw0,loop-lota,1685198049,0,1685198049
terra1ucrv77lg6h8hamur7ppam85rdstsd93mpaser5,loop-ust,2000234142,0,2000234142
terra1vpfkg3avgjf55s46q89340xxm5ht7dx8kc0wv0,loop-ust,27537742,0,27537742
terra1r9a7e5ylsna0y0e2a7s6jagtgvh88yz0vd3p9c,loop-ust,130631165,0,130631165
terra13fc2w6nn0klc9w248ktzwszasxl0pkvlua7myk,bluna-luna,47756697,0,47756697
terra1e6t9zf4s8nkwppdrp3umjrhgujn6pkr9n6d7yl,loop-aust,9490917071,0,9490917071
terra1qv5l3d0knw7tnz0dn968spy8sk65x52th4vnwk,loop-anc,1646251225,0,1646251225
terra1duwp9xjm3gqz3ax244dmwn9n6jp32dan28xzzd,luna-aust,238281406,0,238281406
terra1ke5f2vpce3w7upj884sf0sk3ejl7qf7el6c8h3,loop-ust,4973901151,0,4973901151
terra19kpwu0wqsax6xwz2clz8zz8wg95axhdw4vfq7r,loopr-ust,66538772,0,66538772
terra1cv54p8mag06f2dpqxx20t7eca2a9t4nrp5qect,aust-ust,1788162230,0,1788162230
terra1gjv4gv0mau7jru6t0tv49gx5c363xv5f7jxcje,loop-ust,199581786,0,199581786
terra18rr6l45prc5r2eh4pq2alkue8ugz29kchf2yhs,loop-ust,179936373,0,179936373
terra1648cnj6mxgww4ldcu2w25hwnt3p8r9rfswdemy,loop-aust,264439389,0,264439389
terra1g0d02sedxf0mxaf6yut370jcxsk8ep3xezqt2x,loop-luna,30801342,0,30801342
terra16xmgpkjukt2yxwghm2wync3r88yy99t6qqpyrj,luna-ust,48139405,0,48139405
terra1mfequ4qv09fe2p6ynvu86kswd4jh62u7lqkpr2,bluna-ust,196734109,0,196734109
terra1e5076lzalqvqp0m65craawny4ywmjslta4th9l,loop-ust,2123672,0,2123672
terra1urhq7asgkg0yczunlgw6ra4qs8wyvcaqyvq05e,loop-ust,24442098,0,24442098
terra18mxmtjyvmxpm95jts6awepa8jyqau5frqgv0uh,aust-ust,421436880,0,421436880
terra1e6r5k7hwzymwlp6fj9mztz0jvhfqvsp3mpcdkr,luna-aust,230581979,0,230581979
terra1gntt6shhw6zt5e7024apnz4wx06y7326cy0eez,loop-ust,890102,0,890102
terra1wgh8hene5aketv65gdufxqhgdxmh8d8m2xsh48,bluna-luna,10544344,0,10544344
terra18xnnvavd2ztfqrtvvg499ce3hs5pmh4yq0gkya,loop-ust,1960290,0,1960290
terra1qg7axjshlpdsh0t5rw07trp9haytqvtszwgrcx,luna-ust,5949738,0,5949738
terra126z6l6rxlqkxl9w8aqeufkgy2rpa4tw0srjxpr,loop-loopr,536020098,0,536020098
terra1ff7qztqswxrd964l2g4rzh0ldck9jhk22pqkz7,loop-ust,4056412,0,4056412
terra1n7r9lynp9kduze5vqlnj3cvte6f5x5cztajp79,loop-ust,92078,0,92078
terra12m82e5wv7j9x4zah2wj4p7n8cyw6zwtngjgkpe,loop-loopr,1682993656,0,1682993656
terra1aqg3r3j00gtu96qfkt6vd46vqza7e5995pjrq5,loop-ust,4862003,0,4862003
terra1en2sfpvs363jz9vfw0pfhrvqur4rwxgunenaxz,loop-ust,79347273,0,79347273
terra1r90n57sktcc7jqvnlg2xzcwyhkjxmt23admu0u,bluna-luna,97736043,0,97736043
terra1he9hr3ypq4ujt6gunddakefuscqpwzvngmrcyv,loop-ust,1071,0,1071
terra1hw5rflhagj33r7drkk8jzqn42yr6074emx8gym,loop-ust,1763745,0,1763745
terra1tkczya2lznwzknhulm3s9mefd9nf5sm2dvwtxm,loop-ust,160863,0,160863
terra1ple3lspgvqa2z0zn2u35zuxvhu2y5c7v08dtem,luna-ust,575986299,0,575986299
terra1aq5xmh5na46s76d4vz72yrn8c3qvud29cfmk2e,loop-ust,13154993,0,13154993
terra1a5u998m6safstujty3zadjpnnavpx8uzrrc7lj,loop-ust,5947677,0,5947677
terra1s4a83nyefs7wfmnpc6ydq4wxpux4t5t9zdqdsh,loop-ust,4165576,0,4165576
terra157tk393gz6es9n2rv2vrt99at47y4cq65x3ry6,loopr-ust,4777545208,0,4777545208
terra14vmtp5azkt4grd0selv7nvmhrjda2e9ku6ekep,loop-loopr,1118812278,0,1118812278
terra1t8d7du05krvmnyklqa9v0l46q9fxwewv78r5k3,loop-ust,3316429,0,3316429
terra15yu46xpjxqkmmuy2nyt2tkvzfdjpnrte6qj3u6,aust-ust,89510035,0,89510035
terra1wjul786ddme3yhvedhcserhf7mtwnfkwfqt6ne,loop-loopr,134877479,0,134877479
terra1g3cw545x30js4gam0kfcec9l8djphqy2esz52v,loop-ust,35360757,0,35360757
terra1k05l3snj486lynj52fax69x652f0y8dxy62vvr,loop-ust,5058784,0,5058784
terra1q52hfajytumzy834fr9s9h6lmxnxhrwg5kj09s,loop-anc,14614290474,0,14614290474
terra17cfpfttfge4x7pmf95fcn7aaukmz7l6kgchcdl,loop-ust,80776396,0,80776396
terra1frfhfaqtx533ngnw8jz0u2tt8ll05uufh0y0qd,aust-ust,1068488110,0,1068488110
terra1ma2d4yckz3hmw2rkwz09k989njnrx4aygvcmfz,loop-lota,19942596,0,19942596
terra14hv0ajzhwars0czmhhhagt8ymtgggt2ufrc4y7,aust-ust,44721684684,0,44721684684
terra1deqp3msjnc4z606h9sqj49vac2fa4nkc5aquhr,luna-ust,24227088,0,24227088
terra1ajuu9v4jpgzp0greu33tret6gcyd4n8h22h7kl,loop-ust,4965245,0,4965245
terra1kucm6my2cejdennq0c6x8zksncvvkf8zz77tmz,loopr-ust,1154858006,0,1154858006
terra1vafm0flmsf2v2vprnpwdlm6ehzyt09kw9qpuja,loop-ust,922457,0,922457
terra1dylajzpthllzjg5z8vzjds0482ntc3s06leec8,loop-loopr,148941922,0,148941922
terra140um009t5my80e75rxwvg5sc0qpv3wcv34dvge,luna-aust,71166294,0,71166294
terra1e66g47axnt2uawz4qj9kv0r54sy3y5g90m9upf,loop-ust,327152738,0,327152738
terra1ptdsd9ea3k58dlcrz4sc3957x7r7yughztv8cr,bluna-luna,31107719,0,31107719
terra1a3tawevtn8t22u3m79crahtzgzqfrvyrj4zdfq,loop-ust,976553,0,976553
terra13c52fr6kjrjf7dgguzh60c4sqmxs4mqyg49cjk,loopr-ust,65481415,0,65481415
terra1ux8j8xc68fww7gz0t33mrnau23stjrneg9jsnx,loop-mine,13842762,0,13842762
terra13jvza8upddqx8xjyntn0dgdvcf32tfv53j9qsz,bluna-luna,2595871,0,2595871
terra1qrll6cshx7uqch5lr2etq02z6ejj0k0w4lpjzh,loopr-ust,13222722,0,13222722
terra1dayw3m2nypl622tajvrvs26ph3f9djt030t58m,loop-ust,1148335047,0,1148335047
terra1guzk5kn79ucrep7sxh0hcz889whe8z5cxcjwdf,loop-ust,79115762,0,79115762
terra1swcwwfpa5rdpdfksvtarqppcdaumdekanc4j86,luna-aust,49521621,0,49521621
terra1ycky0r7kw22mh4j4lh7040tzztv7knx8sxelpj,loopr-ust,29689841,0,29689841
terra1zyk0r8pvsp3s259kaneg9j77wm3mdlk33am6fm,loop-ust,2922327,0,2922327
terra14fxar744m7lwkzg6vkr458tum7av9zv88hgat0,loop-loopr,85592149212,0,85592149212
terra18h5vpwk2c6xg4cjhlrgqjz8utnu3xzy94hyen5,luna-aust,132078502,0,132078502
terra17a0s7j28x6ct9qmam6j4e9lx5czs0fhhtec9ej,aust-ust,1334227684,0,1334227684
terra1nd5f8ecg05w9hqlscwegdecsmw2ckae4fw4lg7,loop-ust,518467683,0,518467683
terra1e4wlvf2xq33eshtv687x8k5xtwm4s490j97xtl,loop-ust,2729549,0,2729549
terra18098jyu5842nz3kqp7tg940m6yarmwl5am4kkc,luna-ust,14565719,0,14565719
terra1ev9xpwu7vljj0542p7ulsm4zsvtw7rtzfy6zxg,loop-ust,7762712,0,7762712
terra16xd5elf9zttnr30lkapazjw7n9uk8slxwa8a33,loop-loopr,300102671,0,300102671
terra1c6zsghx7kglnjpgxmqgasyjpnjy8pdzkc65mka,loop-ust,451372,0,451372
terra10nmx4cfx9uy4w5vl4m3qxjql2dpg983mpwmqhy,loop-ust,1072,0,1072
terra1dyuzt0mm99es8r9qxtp5kff584th77nk37gj6v,loop-ust,17932532,0,17932532
terra1y8wcnmpvsrwx2pd4jfutyn7gv9y5ahy220ggvm,loop-ust,3163554,0,3163554
terra12y8ya6nwk6ujp2xk2fvzj5ejxzm7dud533uhx2,loop-ust,36462903,0,36462903
terra1t6zfxp3um9n3u67sxlk7e0fh7vxp9y4pkxhtlx,loop-ust,14139594,0,14139594
terra1l4xvnnf4yfm70awcy8r5drzj6wwlhy3x84tgy4,loop-mir,40039821,0,40039821
terra1g332jj0urv0ph5h230gggspnhjt0guv0wnephz,loop-loopr,125156815,0,125156815
terra1g5t8f3hds30c7m58xwgmclw2y9hjs8rspekdlk,loop-loopr,39426037551,0,39426037551
terra1n9kax870hd7rj6g7nf4xdtmjyqk0wthrkreu7m,anc-aust,13740459,0,13740459
terra1mg6x3y3xwejm0cm4y8rmzsx64y5ujuw4la50gu,loop-ust,2046699,0,2046699
terra1tgy6fmu67ugcceertk42740nxvgvyjsqrpcznz,loopr-ust,15053172,0,15053172
terra1nql0jxgqqje9kkx5nzkf77zwc0mkefcmymua50,loop-ust,18056095,0,18056095
terra1ut6gjavaxmq0ullds5782va686nl2jazcm2e9p,luna-aust,122045016,0,122045016
terra1an9tnzsnetqvv2v8dnkgfmm77nyqe5ntvhpk3e,loop-ust,146115114,0,146115114
terra1hc5yvre2kfdxjk2tegj2ya4t02qsxppw64rfxc,loop-ust,8435163,0,8435163
terra1rjkuhhhwmhawp99jw7x2j2jxpduvlxev4pwqx3,loop-loopr,5838803,0,5838803
terra1ewd6ux23kg0w585gkc3hq3kkpz0zlzqdrmftr5,loop-ust,1243754,0,1243754
terra1t8xr0xc5xvkc68qy4xmx8aw8jzy0qqll3nxlka,loop-ust,3173218,0,3173218
terra1pqwt92auzpskr38anqp6mh07jzr6z6kvskz9tt,loopr-ust,76086452,0,76086452
terra1yty7m7k8knhdywnsq9kpkjgl34t2tmfjljgzm3,loop-ust,931797,0,931797
terra1z5aenpajk8vaseeyepwshd5c7cazs62tch772h,aust-ust,644612742,0,644612742
terra1vkpag5njwc8j7l58tvn52y9nadsqsu3g4ljnuw,loop-loopr,65129007,0,65129007
terra1jwjagcaqnujlyu4ypnuc4g7g0rm0u7zs5qkrfy,loop-ust,7569888,0,7569888
terra1eluk440pkjggasy5um99k4amlqess9kp73apz2,loop-ust,9783589,0,9783589
terra1yspzxpr7wcmwgu3fmke0v0msqd4wk3zm3fwza6,loop-loopr,73022966,0,73022966
terra1mh09u2xja8ytfamlful5lc0lq8fstyaqvy8uny,loop-ust,4127878,0,4127878
terra1a0hvpdjau3pphc9hwtc4d4hdvf8lu5fl7fuaq8,loop-ust,3430888,0,3430888
terra1gwtwkfr6kd2gu4dd87hc90fut3savmvj2q9fvl,loop-aust,2025371624,0,2025371624
terra1v684exp2la2ufxwteta0qddk3ap88g49yc8r6t,loop-ust,3377531,0,3377531
terra1sqdsv2vge7qtw4a6anr9cfwtjyrzpndptkqd92,loop-ust,8062823,0,8062823
terra1pge9zu9zl72zfx89lnpepzplrd29k00gmlgzyw,loop-loopr,2630726107,0,2630726107
terra126pwqwszfyhpmdcuzt5evmpgc0ynn6wevrk9el,loop-ust,348720398,0,348720398
terra1x26qzptd5mf3x0w6vjfu2rf0jmvudexgpkejd0,loop-anc,352499281,0,352499281
terra168z9phjwduekzz6vj770g2l0rh47wu0yzyl7jz,loop-loopr,288260287680,0,288260287680
terra159epwft9uvk6xyvlc550mkq9gc7rpk68mmc0pm,loop-ust,8009376,0,8009376
terra1v8xcwwh3s5zj5nr5tck5akjuuyxekp7au48mym,loop-luna,8137571,0,8137571
terra15r8gt5jf45c9yrhryfe77rgqtfa2aug28hmu0v,loopr-ust,5259425,0,5259425
terra1yu55zr0zevrec7msxjmdaua27xmznr4fjpz89u,loop-ust,2021487,0,2021487
terra1l7gzf9czljx7xa9tdwnaqtnjzn9wsu9rjdjk2n,loop-ust,895583,0,895583
terra1m6j6yqa7puq0w0mek48s9sllmtd4rskzrzkwul,loop-ust,13895830,0,13895830
terra1pdvyl38d5afwvtz2g826vcgkvrwd7h3n5j8e00,loop-luna,210505585,0,210505585
terra12ucc0hw5a7ry3g2n0ckxs6g3csyagffvsw8lzn,bluna-luna,11022240,0,11022240
terra1xjnwg4nsuzdj6vadv0gv6enxlyfsf4x250y2la,loopr-ust,10966719,0,10966719
terra1dt9qpx9qrt2wl9e7qy6277z2848dmlh6yvhj8e,loopr-ust,42326808,0,42326808
terra1wzmqggsmr66gvxfmuyz3rvdc539kx26udq2hwe,loop-ust,1887891,0,1887891
terra12vpwqqqhpdey28zpvywqak8cgf8hpqu9qs3hhw,bluna-luna,547821,0,547821
terra15d3a73nrtvy040wn064xxannc2tp02n0ru8pqv,luna-aust,446156671,0,446156671
terra1tqdzjx6pr7rl7dx2j6mptyehr2stjgjxaqnpwl,loop-loopr,858420355,0,858420355
terra1xt6vcmkf3lendz9we7tq4w8uqdyfly0uxgg40x,loop-ust,7305588,0,7305588
terra15fgzugd658k8r9hls3w33mylkvxwmcf2kff47y,loop-loopr,710032672,0,710032672
terra1ltardrsmxf72fngj5axep7k0qfrne3zhafdc5f,anc-ust,788057317,0,788057317
terra1407punukuu3swavq8vc4pf4rz97qtdgj8puf2p,loop-ust,2561670,0,2561670
terra1pyfyw4wlqsd9khlujca9uk6vk32ep7yevfvuq4,loop-ust,11228636,0,11228636
terra1eqfm7j80v8dz47p8cdcqh6vlhjtpg2vmyp66vq,loop-ust,6140748,0,6140748
terra129uaczs9fse5wdce0q6qtkzsq369dt5jnazg5a,loop-loopr,32718455921,0,32718455921
terra1wp6htmgq2ry9e5kyw6gevq6yvmkn5fg6g6dk9q,loop-ust,56482530,0,56482530
terra1jdnaus0sstg0qgmgrp58tm4arprlhc29z5qk5a,loop-loopr,2618549244,0,2618549244
terra1z7sepup4k3h532dv82t93gjhhd3j8stud7v9mj,loop-kuji,124444939,0,124444939
terra19uszxdz98dmvnuepzlfa3qgxrqtytatexuvau4,anc-ust,84777672,0,84777672
terra18umw5u6sn5827qrtde4ecrg754adak340l6qwv,loop-ust,4545086,0,4545086
terra12wa7nu7pg86evgusv6kh3jf9yhcfwyytf3akmk,loop-ust,38846392,0,38846392
terra1pjuxfacw6ekrz0x5gpefwtplf8ga9j0uhlncl6,loop-ust,34458154,0,34458154
terra13sgjtcmzx079l8eqcglyu803hmn2nmt3jdv4wv,aust-ust,138081342,0,138081342
terra1dp97nnl726r0y5xlh8w3n7n2pv7q774rkczals,loop-ust,57587571,0,57587571
terra1ya2ee85mnmrxhz79kyd9mw6g76auxhgjnttrhn,loop-aust,76899757,0,76899757
terra10ux0wjecv6najlvge9yg2q7nh5erjgln6sq9dm,loop-luna,40219352,0,40219352
terra1p7c43xmjfsqg9574es0y2u5avt8vh9spcc6dln,loop-ust,723922254,0,723922254
terra1v7mv2jmuvlqftj89xuzazn7q6kjmyes70gn7hv,loop-ust,85593349,0,85593349
terra1g7hycqhtzk0v4qppmqvgxc7c5u42zcf3t2fyrk,loop-ust,1595116,0,1595116
terra12l8amj8rtayapqzdnxnrg3vd8grzhkt92hvy76,loop-ust,4772719,0,4772719
terra1h6dsk9a6rq7e2naxc4umn6vgpc3zgayfst3ypg,loop-ust,253702270,0,253702270
terra12xgs0cdh5jl3exc9jf6kcr3cdpgnpt7udh8tnv,loop-lota,769040290,0,769040290
terra1274w69h0q0vkjzpjlqay3zax56vzdq66p2q0qq,loop-ust,87284481,0,87284481
terra1ydxn65d6jxfetag0pzffyqwe6ljhrqrnfrz4v0,spec-ust,3923659,0,3923659
terra1kggvn0cnzjj6slqe4k4dmeljtl7xs8yr5agcs8,aust-ust,5236515912,0,5236515912
terra1qa4rwmq7zefnrr3rd9j09k5wy0fclkw3ad0kxr,loop-loopr,904429758,0,904429758
terra1hpws89e2nrx600nrylw6qxc3evsjxtzfjte2fh,loop-ust,44536654,0,44536654
terra1wkvpdke05hynvae4qn9w3rjxk7rcxhpp68ruuf,loop-ust,813187397,0,813187397
terra1jwzzket6e9rh03djkq6cnr3333cgsna3jnymhr,loop-ust,7110497,0,7110497
terra1qj3gvm6d3e6vu74ht500elntaj55c0g87pcf2g,loop-ust,12004989,0,12004989
terra14vyr94d6ztga654myezw59m6h4676uny8qhqsu,luna-ust,571734,0,571734
terra14sn3e92lajwqj5a35fv8q8gmxlr45zp0lhktrl,loop-ust,55319533,0,55319533
terra1war5umestpjx8tdsw3504zrjz4lu6cnztpjq3l,aust-ust,2686562,0,2686562
terra1kma8923drtv099jw5yrssh02a94ena4ys3rv9g,aust-ust,1347332000,0,1347332000
terra1plt494kaeaq0ctkhh87xz0gjp5h2u28md2lcx3,loop-ust,9885030,0,9885030
terra15gg4veyzdncz6dugrwj6pk0lw5xgvtdkumfwtn,loop-ust,27040816,0,27040816
terra1d74mgmguu06k87tffawxkyupufnauz09l6zaht,loop-ust,1823496,0,1823496
terra1kgqmzf039mwrhpntlprzh57f3c43gs4g4u87sn,loop-ust,1079348,0,1079348
terra1krd5nu6x3qvz2ce8s4xa7nllgr970ln9upf24z,loop-anc,677944587,0,677944587
terra1yjv588v3ag6dc0h0rpa5lxehlsvhrxzltdfhkz,luna-ust,497845976,0,497845976
terra1tkkmwzeeytwptfpzt3qklcd4hcnvdslccyy4ja,aust-ust,453152935,0,453152935
terra1eu7njw5h9m38egnrhrransjgry9w7sujqmechz,loopr-ust,14869843,0,14869843
terra1te90trcwsu3k5gtle83jmxhl4ch0msz897zng3,loop-ust,1953914,0,1953914
terra1fp4gfcuugufpmefg97ufyz3r6ezzgaq2nd7d6q,loop-ust,652586728,0,652586728
terra1hqlamjq8tl4xfrrz829pqknqg6c3jfghmukkmx,loop-ust,1942829,0,1942829
terra1dgd0gku6tvar045g7khfwarx4ew2c3st0a3vtk,loop-ust,897993,0,897993
terra14289sstkcvp2tayzzwy4658vl0r3f2xjhx76jj,loop-loopr,75817852,0,75817852
terra1n678zam3jk9334sppctyv4fe5hpnlqfynwr8v0,loop-luna,129681695,0,129681695
terra1lq2p7kgvm7pjkujzn8nrasntf9m0hsfy8ujqth,loop-ust,1723114,0,1723114
terra1nvju058ydfqwraulz97vlwrkeyvwsvdygnd27k,loop-ust,3793037,0,3793037
terra1pvypy2z02tlrd50nskrht320spcrcd8tlpgqvm,loop-ust,1421886,0,1421886
terra1tl00mutklftkqgd7rkmgrachwm9gv4vlrfhucf,loop-loopr,694468422,0,694468422
terra1f88l829ycy7t6mwsu84ygten8zg9ugclc2tste,loop-ust,2699269,0,2699269
terra1fcue5yly0p6a0zt03afk7q2j374xlx83kg7ky4,loop-ust,10905858,0,10905858
terra1utu5ypdg0wjnrh2esr356a8ujdxnshghgext0p,loop-ust,31978804,0,31978804
terra1sy4pg53aekkfangm9g6e7rc5f05spfwda6pwmp,loop-mir,127731256,0,127731256
terra1l5zrwwxa8waxs79re9737mldz6dlyt23n87vgw,loop-ust,4473832,0,4473832
terra1lt5h0klnegg4xznmzvshvp6q2cq3kcf56hs5jd,luna-ust,254851018,0,254851018
terra15sqtuhdyknfd2h9yvw4sgpmy2y0y6jc04lw26c,loop-ust,892866947,0,892866947
terra1aw93yj82vy7mfayed0hfy294qvqjywlakp6fje,loop-ust,4035397,0,4035397
terra1hvdc5en6ep8gd2kwy7m5x3492fhycqdxzfk7fu,loop-ust,12847690,0,12847690
terra1axr96e8hmguljap0sgcejavpvpzzf3a9xypvp6,bluna-luna,987260,0,987260
terra1rf7drhcxhnzgp3wl3ckdxqxvww0qapxcgqyx7a,loop-ust,4348606,0,4348606
terra1dccwdl7fveu6fz4cmdfwpcdxyvfazue3fc2pfh,loop-ust,8080759,0,8080759
terra1fjqq7z72vfsy32grslxvv28pjkhdzkts25uhqq,loop-ust,83224429,0,83224429
terra1ty7n4auj66ku78dcgrr43600h0ccc92eyfw4f0,stt-ust,59308798,0,59308798
terra1nfsj9nukg5p3f9yf483hdarylcuguyjktjvazx,aust-ust,5388819,0,5388819
terra1cj57xs623sser7h8gn7t43vcughcggmnpmu54r,loop-ust,438199038,0,438199038
terra1ua59uakacc75v098gce9v0rnj9h2a6rfukflqn,bluna-luna,99578262,0,99578262
terra1r3vlq4vvjq8gu7wxnt206907mvcvhp4tt8pvy6,loopr-ust,11763112,0,11763112
terra10sdp9kk8p8zz5atpya9rv68r296amfajr635j8,loop-loopr,1876695324,0,1876695324
terra1kld4dwvcwvney70c2z5vewzh8fcf24776jtmjl,anc-ust,9436597,0,9436597
terra1zs6m8fmmwmlmantvmwhq96rhgrn96933nt92y6,loop-ust,1024016,0,1024016
terra1fqr8qglyftaxc6vgh6hur6aw4thgwpl7efanrs,loop-ust,1300959,0,1300959
terra1p9ktmjmn76agndklxdr7rwz74denrqfccaxwje,loop-ust,626326932,0,626326932
terra1vlgxsr894sachfz7kxwj8yux4cmcfqdxhm58x3,loop-ust,18761187,0,18761187
terra1ggk7eh4ec94j5f39ktfj26fatvmk20aa5u9lf3,loop-ust,11029871,0,11029871
terra1uk6ha3fqz0867suv925hvr3wlhsyw300ytqcq5,anc-ust,287304660,0,287304660
terra1kv39drk6fdujg9p0yd9tlfj33gm6t2rkx7ymqa,loop-ust,26573458,0,26573458
terra13wjxnzu2swmlm8n5antcfjhttxhntq4gtpqlsw,loop-loopr,1631972933,0,1631972933
terra1rc8zsn3m5uxhj7wmds5zlf7s4h0l04cthlg8xu,aust-ust,3580439,0,3580439
terra1l2cz3w5g0pac62awdmss6v2cwdsndp0nrusuu0,anc-aust,54710072,0,54710072
terra16hw950c7gznakfe5rcuj4dj8v94em9kdw9wak6,loop-loopr,3865921830,0,3865921830
terra1pdf2nynzksr86xp3tsk5yqxle7zt8ynpeump2g,loop-ust,2284006702,0,2284006702
terra17y0wlxdk0qtqykayphgsf7cpf0hasr6le90mrk,loopr-ust,136101917,0,136101917
terra17rk3dzqqnumyylnradwqrhux7tyd87smgufexs,luna-ust,3479983,0,3479983
terra1eclsusd0q7xxtef9f09qy32jjswf2p0jvypayj,loop-ust,3057760,0,3057760
terra10k87f07v8uuy5l2gnukuluxnyfgrnyl0ar2j3a,bluna-luna,996056,0,996056
terra1a6zn9ff8ja6032kw0ldvxsdmxkn0cuh8upmqva,bluna-luna,5514373,0,5514373
terra1pz2w7eufumhyu55cd7le4vudze3ujtetluu0xw,bluna-luna,624401342,0,624401342
terra18k8278vr5jcujnw5h9sfm2htzhpakm7xk8gkna,loop-ust,21891412,0,21891412
terra1flkgkzjr8d3l8rdz9y8d8pmtcvns9hks2a9udw,loop-ust,24132229,0,24132229
terra1n66yf5glkcexxd8defjnv0r2vnj5hkmszeq2ch,aust-ust,2680409150,0,2680409150
terra13su5sgh7c3zufgfgm6msr8fxzsj3p7nmd5f49w,loop-ust,1502059,0,1502059
terra1z22qwgcqslnh6qvfc2run0n24ugzk035lec8m2,loopr-ust,17159405,0,17159405
terra1smgnuccp3987efl75dmlgndwq58kplmvj0zvgn,loop-anc,123903450,0,123903450
terra10k4s0cusfqkffzqm63dafkvlrrzuc2zqn75hma,loop-ust,4916084,0,4916084
terra15g2dktyrqy7fn4t90gv5zavm6ejdjrh6z9nh4r,loop-ust,118570115,0,118570115
terra18028kw732d8zclzsutssuhqv22wk3532plecxc,loop-ust,1083212723,0,1083212723
terra12vjq56z87r7gt8s22zhvse4scnjc5g7dngl7gq,loop-ust,566614,0,566614
terra1quulultl0gcckc9fmz8frs9l3gg6qf2xhcrlnr,loop-ust,16317812,0,16317812
terra1xxuqnhxyrmhxvtj84ga8gj5u5m6qmyvpx2txns,bluna-luna,3992024,0,3992024
terra1mmkye2gq82p52jcunja998k4jtal0yzn28fxus,bluna-luna,7712034,0,7712034
terra1tws6d93n026ssfurktcjq8y59eznjgksl3ku0s,loop-ust,14106018,0,14106018
terra1kaadcq5qjlerwte756gnenpc85d2a36ucs53ud,loop-ust,2729063,0,2729063
terra18he35zzlt3yz7hy3tydygtfwpu596wrc0h6a28,loop-ust,9403084,0,9403084
terra1mn07dhum3qa4f3jfjvjmwl7q7falnqj2nn3mya,loop-ust,468565531,0,468565531
terra1e43lreydnvawk8plzw2s56u2sdludf4fjn5cvx,loop-ust,5383254,0,5383254
terra1vamfsnaygplk0mk0fv4jmww5wwalt2amx9hdvx,loop-ust,1341106,0,1341106
terra1e0qkjsqthwg6zyz8ljfm29dl5pv5l043jlfzuz,loopr-ust,54977674,0,54977674
terra1s5jszhpw2nmuzanrp4ft3x728rcffzm39ej0h6,loop-ust,9549849,0,9549849
terra1kucm6my2cejdennq0c6x8zksncvvkf8zz77tmz,lota-ust,84094963,0,84094963
terra1xtz7qp7w7xufmcneru0aztln02yhtnlrz9tnc5,loop-ust,25627908,0,25627908
terra1lze2yd8w94zxky2pq4lrvpqxuzvylu8wl4vlqx,loop-loopr,222313677,0,222313677
terra19tk8hqcahr2vj985q5rck9zk5pr8jqzfpwwzr7,loop-ust,12133520,0,12133520
terra1e0tatlwfl40q88hq72yyrswyw2xuzg2ak65uet,loop-ust,264150430,0,264150430
terra1xgk32n93ypk5mwmf4tclaxkez7p9rudp638n8t,loop-ust,689854,0,689854
terra14q90c0h2hyr0v4ytx79088fvu8zvmj48gdperc,loop-mine,362156623,0,362156623
terra1flgu588trpyvn3tkw70mv4sk8n4zmzevdsq2wf,aust-ust,1206474815,0,1206474815
terra1w6vkmmvl3vw2cstd79dp3j3m4wtmmmcahhxgzk,loop-ust,65063979,0,65063979
terra1sc6vxq3a5murj2nnu8hljslflt6gyz0ghdk8fy,anc-ust,39464193,0,39464193
terra1d9duf99kk9ga6dg8tag8sqmupl3xckckv5naz5,loop-ust,541775,0,541775
terra1cygvjlqtm8ha55fauvedvjlva9vuxrw3uuj30c,loop-kuji,2940969280,0,2940969280
terra19lwnd0lmwu9k30nr35ncuxwzmeqwlkp5t7jufg,loop-ust,42898570,0,42898570
terra1gc5mxyt5g9kau5j0enend8hrmutqjxag8fx4sd,bluna-luna,9923078,0,9923078
terra1r59t5sy4tet3eps8e6m2ptewp95xsj9cvchcea,loopr-ust,11087015758,0,11087015758
terra1uz4slkj09jw6ma2vq9ege248jd3ezdu9rt24ck,loop-ust,20808288,0,20808288
terra1552eljcw2c722sf6hulk0a6ce890dwnke9vddk,loop-ust,2554642,0,2554642
terra1ey5xjkunrmzlm0l74at79v5xj2yfltdvnx3vy7,loop-ust,8466561,0,8466561
terra1ph8z893znjc9gw607ff4mgndmzlsclzwdyv74k,loop-loopr,7235391747,0,7235391747
terra1xhqvf343u0amurhd7srwjesw02y3rg6ked6ldv,loop-loopr,212214515,0,212214515
terra1u3n79zcxflhzck8sgpv6eevzydrrdztsqpvx4f,loop-aust,95924423,0,95924423
terra13vqv2a58r9pz3h6ksddy293574rkr0tnlg3rq8,loop-ust,4766138,0,4766138
terra1p07th9drashg0ffmxuccjwspnuk28sdp4me8rh,loop-ust,174445364,0,174445364
terra142w59cync47yzncred5p30un7235hlfc3qwe8q,loop-ust,897562,0,897562
terra1hzeqy7ddmth36yc5d67tjvl9n84cn33kmt36fg,loop-loopr,6171808908,0,6171808908
terra1y89rvlm90j038acjqwf0l296y9hqpy27fc0vtx,loop-ust,531553,0,531553
terra1l3yfn8fngvjp0fdcs5dq6v0sr3pvtyjv4hlkc8,loop-ust,5116692,0,5116692
terra1plkrfqra206kc5q2870qg3393vegsckcyz9h3c,loop-ust,2230721,0,2230721
terra17tncrvwgh49zju8uxcnuwz3up43x0lyh43h8r0,loop-ust,804186122,0,804186122
terra1a3z4sfa9mpdj0c5hnla873d2rjxhnltn0eyj8a,luna-aust,52590819,0,52590819
terra1v2876gjpf629u88pjaqh2altaq93tpdhrezdtg,loop-ust,2804217999,0,2804217999
terra1n5rwn9es0uffyvqdjwgzlusk4vvcsauzu3yann,loop-ust,90634042,0,90634042
terra1qshr04hr42w6zpqj5qam9rl63gc5r30h5v4pr4,loop-luna,5665338,0,5665338
terra1jfn3w0fzmpqcs52a2xp0w5crzd8084srqy2sq9,loop-ust,48278313,0,48278313
terra18mmeq2s5m8dxemn7z40ugrt2ruvn6d49wvneem,loopr-ust,592921103,0,592921103
terra1wtj85d87m86qpvuyq0zqy6z85djarqqxx5xeqh,anc-ust,8744390,0,8744390
terra1hn7xjsn3gygcvdylwn8h8ldlf7q3p4apvt60wp,loop-ust,1060328,0,1060328
terra195smlmdtfrsfhghtf0p6yrl5zq02j3xuvjh2r5,anc-ust,182363496,0,182363496
terra1paetxgszz48vmksdly6cqy9yd7s04z7mlw2uev,kuji-aust,179612798,0,179612798
terra14gpzzzm4pxpmscx3wxqpcutdmtv3z0u2ferfp2,loop-ust,1952681,0,1952681
terra1s6gun40sg306evtcsjmu98zy7t87dvzfxccrnr,loop-loopr,1031998052,0,1031998052
terra1feqtlvaru4lszqnpjesgfw8splrg7u27wwwqac,loop-wewbtc,209078589,0,209078589
terra1430u84n720cd7u2hql34dqe8jj0hakremn8h28,loopr-ust,20546988,0,20546988
terra1vx4pphujx6xrt6yf5pcsm2t72kdt6yv2r502eu,loop-ust,2640858,0,2640858
terra1zf902uzyq8kfxsef3l25hpdam5utp0gmaukguq,loop-ust,184589806,0,184589806
terra1ylhppu56vgcku7gftvmygwcvzrardk69hyvkqr,loop-ust,906241,0,906241
terra12uqqvuzg09eaztjq94ewcqc0y7xcec5dt6vfrj,loopr-ust,54595652,0,54595652
terra1ppa3wewk3x35387zfmkq4jka86xy4kpn6p74yp,loopr-ust,72398374,0,72398374
terra1n2ruu5v32p7d7u354wk5u00nv66g4jm7gp6xaf,bluna-luna,199085859,0,199085859
terra1jgt8y5etqant7gevgx0anyrtdv53yhfeywerrr,loopr-ust,166559214,0,166559214
terra1tqq2pz44v53cl6vz9v2vwfk82d47h4sp2yzwaw,loop-ust,951,0,951
terra140hvzhk9w9v5drtadc6xthx9lummsjptex3v5m,aust-ust,893040755,0,893040755
terra1flxpl3kt0gcnzu476sefslqm8jvtn476zu78r8,loop-loopr,405333305,0,405333305
terra10p425sfppyarfr3fhvghqetdu3antke8halygh,loop-loopr,59814491,0,59814491
terra16azrxkvmlph924d2mkazxyu7nu3vj08mql6mzl,loop-ust,4544375,0,4544375
terra15ramaktdrlzjvx27nz0hhuzy3vgs3axpsze9ug,loop-loopr,1009870344,0,1009870344
terra1q9v3per5mcl3qxlc8mh0vz3vwwapvd8a78w5eu,loop-ust,2849269,0,2849269
terra10kedcyttxskycy77xr9legjq7yu7whs4f836ey,loop-loopr,516351239102,0,516351239102
terra1nyss5cd4cccs79crfj3203xa4ps36cyunn40e3,luna-aust,119892824,0,119892824
terra1m6g0khyxcqyca92tlm3tgv23gucpsq5j6e9mxs,loop-loopr,325654251,0,325654251
terra1pfe5znylyzn3c5ykm53lhjvu8y22jx7h0uu5na,loop-ust,50987129,0,50987129
terra1futge92wvgh2tygshf7nj6ln3phuyscz7l0yt8,luna-ust,9281599,0,9281599
terra1auy8j2ymmv63z4lvdvresuh897f3vv4z6gxzh9,stt-ust,4450735,0,4450735
terra182wk49e4pdmsq3cwasn00tsqhsr43jplc3tymh,loop-ust,2196604,0,2196604
terra1g9mznx5jpeee0vqtarhl08c7e7mly7qpafcq5g,loop-ust,882416,0,882416
terra17vs5uqad962sxew9ccs3lqdmmjepzs4py6ufft,loop-ust,5062853,0,5062853
terra1nl4fsftnxxzslcghaaks3m2jldnje4ha829esm,loop-loopr,5115173610,0,5115173610
terra1k9xv4kg3fxmk2a9ycpqgfnax7f5ew8ymr8gxe9,loop-ust,11587008,0,11587008
terra1yhvuykw0kygfw946mrpymsjgl4vrujuupaayau,aust-ust,903133080,0,903133080
terra1t6zxwg4j34jfnk3w3cswgdmadyu9ej53qxw3pf,loop-loopr,237777602,0,237777602
terra16hty2jzwkgenhngmw59qjzxzmngqz45hm3mp27,luna-ust,17897745,0,17897745
terra172cxxuksr0x0lavgwc2npqdy30m7txpcf7tr7m,loop-luna,2448054,0,2448054
terra199c809f5csy525sfw2u6e6qpjarz2zar32jlwz,loop-ust,809901072,0,809901072
terra15t4xmjqpsswq493eyarr9ryy2zamg9rxrgu527,loop-ust,4424000,0,4424000
terra1qp8qjtz53e8u3gn4cdmzhs7tmxdcdfvn20ys33,loop-anc,1236777419,0,1236777419
terra1wujvym0jdvae632k5k2qy6zklt8nxe4mx3u8jq,loop-ust,1887790,0,1887790
terra1nlewmynugutwfudud4qe3c9uw4hsaxstpj69lg,loop-loopr,249181457,0,249181457
terra16hqye9m2hwjkygsveth7ntc4knxgw0fpt02xr9,loop-ust,8860499,0,8860499
terra17pqmr8y46tz04ygrynrurx2plssnxc5cxpc8s9,loop-aust,381480037,0,381480037
terra1zz6uavvyzxsmkprtlv44gevfmux64xjcjc0gcw,loop-aust,844318535,0,844318535
terra1cnw6u2h2w7x0lanywjm8e5elzxhpd5rp2qza8k,loop-loopr,2654194186,0,2654194186
terra14x8q9ps2d7ygxltuhn3ngvns43vdawkkz67nam,loop-anc,190912334,0,190912334
terra1ygykepgahfcn3dxh0tvsw0ns4lgyu4eptlp0mc,bluna-luna,30913133,0,30913133
terra1dffrsm5vj2xkryws94an090dj8ep58wa57qdsl,bluna-luna,563826,0,563826
terra1z5vpqzy2hgt0c75dzt2k54s73pndgz2fjwf2zr,loop-ust,78635220,0,78635220
terra17cm9dhkl4t7kwzcku7gwu2ne0025af66edhmmx,loop-mir,32588710,0,32588710
terra10j2c6x2a2qq5eajgtlndaz92zt07s7a4zsnn3k,loop-ust,1044632,0,1044632
terra1y9sw03qlmjj0st4f39haxpvuuzmg65fdtnwgj4,loop-ust,5565738,0,5565738
terra13vjx2wa2err28cs0emyny45sx3v0gtpjvvfugc,loop-anc,5675123,0,5675123
terra1gm8hc5j7jvts2ghc5xp9wsaq6v77k6ha50shae,loop-loopr,993848757,0,993848757
terra1du5jz06z243zhnjhkflh03ktyazvn6sddqwag6,loop-anc,253913918,0,253913918
terra14rswts6rtdkuzklk62q5046wlestp5g5cwq0kk,anc-aust,1850712,0,1850712
terra138kms2dgug0fq3zkpvl0nwas4x69060nmz69c3,loop-ust,18959702,0,18959702
terra1ylh5pyss72djdqdusnrvl639ladrwrvf8ykcuy,aust-ust,719089117,0,719089117
terra1w0zrgqprh8d3uhvq9z4fgatkadctkhffgvw9sz,loop-loopr,167359008,0,167359008
terra1xwpp4gknlsf2y0ee0ya5u9zx46qxt20yw2t25f,loop-ust,15188721,0,15188721
terra17kuqx7zyq7w3w7s6syj4txczjseqzgqrpdlger,loop-ust,49030005,0,49030005
terra156ast83ksru58lg08jmxt59chjxlrslt3x5hwa,loop-ust,703654,0,703654
terra1ckf6tmqgjxu9trglvgs033363v6pfyen2vpmlx,loop-ust,23304052,0,23304052
terra1x8cvtzgz4gawtwqht4ntmz8elqhjsg53y5rw3r,loop-ust,172458271,0,172458271
terra1wqesqkuwfftcpzklrw835uc74jw5cmwah4c0pe,loop-ust,19368233,0,19368233
terra1u5sh5zch00c2s54nlyzx98t3tgsnnsy2llvg2j,loop-ust,3797295,0,3797295
terra1ytfmw7a9sk25gu9e07djdsv7q6u29nkz4sd5zk,loop-loopr,103479746,0,103479746
terra196r2e32g53meeeuzqelmr50486pc2pz7jd2v43,loop-ust,1444948,0,1444948
terra1x3vulmamhfmylvcg59kj6y3p4su3gv9ry8re03,loop-ust,178887,0,178887
terra12ru2p73uhdk2vnez0cvxck4nv0kgah7kmt5ukc,loop-ust,15970944,0,15970944
terra1dvzdpp3dwsuw6lgenl5r02dcen27je8qhcxehp,loop-ust,42230714,0,42230714
terra1ev0w8fq3vaza86g5nseac62y2mr5583aqhqsss,loop-ust,70048782,0,70048782
terra1umfgtnkn4ryn7sp6xlhvlgmud4huczrk273df5,loop-ust,625171734,0,625171734
terra1te8j87khgyfuxuy6vmpgw60nj7lwphzyuhzeg9,loop-ust,14088748,0,14088748
terra1zesdh3ukyykcnpu4u9hjfthwk7rwjed4092j7j,dph-ust,921749262,0,921749262
terra17073y2s78w9s8s02jccn5730hxgqgk8umyptyf,luna-ust,67597981,0,67597981
terra1pac6mygaxeksnt4vfl2zulmq4utlq9nhd5y0cy,loop-ust,7991472,0,7991472
terra19udm9l7w8gl36rxpsr2etn4avdql8cuupjn0ct,loop-ust,5590683,0,5590683
terra1sqhgsp53mvwxzje7ktfk8kr0yhpqjt226yjynt,loop-ust,1397240,0,1397240
terra1wa5ffrryn26e45wn2trsexsmenyr9gj8k8j7fs,loop-ust,15693844,0,15693844
terra1zs9ll08vt8fs8xxc0p9w08dpnfzpzy2tq8hs79,loop-ust,9798435,0,9798435
terra17dqvjcefz4tn43zl0gqxfhlce9zjrda5c2fjr0,loop-ust,6682613,0,6682613
terra1fukk206dut4lc28x5ndyx7fdtd95cv0zyyzk6q,mine-ust,2448426,0,2448426
terra1wjppzrfxruy9u5thc4rvxdc76ka25qjpqjkdg4,luna-ust,16180323,0,16180323
terra1p23xrxr53y02zegzz2tf4ss3fdxq476rcftlgt,loop-ust,25141574,0,25141574
terra1uka43h0gvv2sexhvflr54c58m9k5j2wcys33fa,loop-ust,92562796,0,92562796
terra1dps3qnf86cwj0c2l4nqdnqaw8lyrmv07q9mjg5,loop-ust,830548,0,830548
terra1gqktz8yt62c345vugpqc8ceyedfjh8zauvthq8,loop-ust,1070,0,1070
terra1uhmkn5y6rq3ed82gdkejkyh7ff55h49vmqusve,loop-ust,589936,0,589936
terra10ukr7x3rkgetwkhqsfcmxmvgkz4psgqhgzeqc5,loop-ust,1923035,0,1923035
terra15ne3zhw9h62p3ctt3v54p4t8ujjkxzkruz06gs,loop-ust,71347923,0,71347923
terra1j0jz39lk0mhjepf97ntlshtzr5jjaenap6jxde,loop-loopr,927243530,0,927243530
terra125030vdf3dcncx5fg4efc370vywyaph3587wkv,luna-ust,232676782,0,232676782
terra1yhsucxfwrpvw4fjv7j0nj5utddlgfwugx47vln,loop-ust,145271578,0,145271578
terra1plsyem3pe9k5azc48kupmugne8pfq6tuahszcr,loop-luna,1768251100,0,1768251100
terra1jpj58cr39k9pm0zplq2yz9a7nechucwaemsxh8,loop-ust,2708872549,0,2708872549
terra1pem370ymj8h3smuzwd7tqsy5pxhjp34dwku2zk,loop-loopr,546042766,0,546042766
terra1m77ql6chvzusglhjnsnp30rxc3gzc8guxatwda,aust-ust,12498758257,0,12498758257
terra1enhqpz0pluj4u5z2trzac8rr77dyh882hpzczg,luna-aust,147968868,0,147968868
terra1m6emnugnrxe02w0ljgx7a5eygfphhr5qaztqhl,loop-ust,1031827,0,1031827
terra1vgw2nylwfuf396dxsvha7ej4q7mxrr96ndy5yc,loop-loopr,158593467,0,158593467
terra1x66k53sz5h6d4uu9tdvuygx6m8aqnewr3352rq,anc-aust,469384978,0,469384978
terra15zpetcnjmg5p53na6rvyp6vvm7gnf0qcfrn8p9,loop-anc,943140547,0,943140547
terra1syak2uwcrds5qvnewat45k4hps2ky6v4hsczk7,loop-ust,8870132,0,8870132
terra14qcxk73vx3gvhz5t2cx6cdh998cf5qhphfvpl0,loop-ust,2697746,0,2697746
terra1kxueyg30eddse4tdrvykzr858adfm9sjfghx89,loop-ust,6241752,0,6241752
terra1qm9cqrex7mx3jxnsjcudqeetlrzpfvq8tqd9ge,aust-ust,7147845,0,7147845
terra19696dgnskjv7fh878vjjdhwtzgz5gp0spd04et,loop-loopr,301822424,0,301822424
terra1n39w6e7s0uvpvr6yljyxcx89a44vpejg5dggsn,loop-ust,1430670823,0,1430670823
terra1lwyt96rnqd3fuutq2j3vm0e5rck3nxvttvfdzm,loop-luna,3272287,0,3272287
terra1zqg3plvcyhfvlcspse5hhs0ltp2st3lpk0ngah,bluna-luna,2001083,0,2001083
terra1akxda6h262fttny0e64trhy96m95fe3mxdpqln,loop-ust,892288,0,892288
terra1tj5734vzqc0jy9vfsa2gt6ah8qzszrgll56e7m,aust-ust,89366067,0,89366067
terra1arwxwzrjeyma6qldem4znjfzptqvavm6cejqaq,loop-ust,45170226,0,45170226
terra1m9js40z4yp6t3t6kavq079ccah83pcsnxqyvy2,loop-ust,927105,0,927105
terra12mpelhpjarymyur0rlpztstdq2fp4pz3egdjd7,lota-ust,4854523,0,4854523
terra170cqramw6uyvkln5um64gkx9682dfeykvul6qn,loop-ust,1887626,0,1887626
terra1m5a9mq2jknm57sfx0k9yr727mzkc5duq7vsrc4,loop-ust,22238009,0,22238009
terra1e88l99nsyuk4g2644a97ll9qm6fdshqg6zk7p7,loop-loopr,383138199,0,383138199
terra1u9vhxsfe6twavcg2dhshgggphx6tdk2sagceqt,loop-loopr,5957987982,0,5957987982
terra1qaym2k72mc2qfm2l08lzv8cm4v6vwmdth63wcj,loop-luna,1018279,0,1018279
terra1whjk9rvvgtqrx34s4nfzt88fhkeuapnxpgc5da,stt-ust,34194554,0,34194554
terra1086uj8hg75d92f6cvghnpjlvxktc7uej0j5477,aust-ust,898041259,0,898041259
terra1mzp47c7aahjflr42qugtzplku3un69s9yqhyx6,loop-ust,4792949,0,4792949
terra12egpmf0w7wwnc0zhcglt6mtmjrax49j00rlrqp,loop-ust,1898421,0,1898421
terra1cw0em852hulc9xrh6tw9lu9j8xerlmuj67xgnp,mine-ust,8121434,0,8121434
terra19tt5r03hpc68vkf7trmvceuxw5pmzxwclq98w0,loop-loopr,3185365830,0,3185365830
terra1ny4n66z2davchk5qnglw20ucau78u0qg7xp3e5,loopr-ust,240961396,0,240961396
terra1m7gwumtpg3hp7au2yf0yy63qw9sddmprs6afq7,loop-ust,1498087,0,1498087
terra1p9z3eczr8k25lr7pscfydwjy07r6dg06fhgn8x,loop-ust,236076007,0,236076007
terra19snkukazwcuqfr3lc3znzsg2va00s3pj0ravg8,aust-ust,40265874,0,40265874
terra1edhpdv2m3zqgzskk4wqh6xsckw5fzm5s346k3l,loop-ust,926130,0,926130
terra138u47mgyruq6xs0gg2m04dcjnkesxcz08dcu7d,loop-ust,3991441,0,3991441
terra1an96a433dtlq5re387nnqe6psgy67rspgtw02e,mir-ust,34426641593,0,34426641593
terra1jgncmggtgzlndfrr33vk0sy5ekh3kvlxfdrzzr,loop-mine,163890942,0,163890942
terra1yhrujcuzrsf5v4jtf27h49knz2ccwes9v0u7g9,stt-ust,5614685,0,5614685
terra10g464jv9uqvdwstflmw3ftezpjlt8a4te40dxf,loop-ust,5300235,0,5300235
terra1mnaheynwj85znn0xmt4cekesnmr0m7ywtg8887,loop-loopr,277512951,0,277512951
terra1kk8f3q6zc3d7g0c6ggwthxz2lxnyfhrsfakhd0,loop-ust,7283697,0,7283697
terra1v4cmzdx0vpjhd4snher9zg86k2pcsn3lymqfcx,loop-ust,608345949,0,608345949
terra1qdqjjy8vtde7scwmf7g2u5tlefggd8994u3ssl,loop-ust,519262,0,519262
terra17unxcrelfhtm4kmf7jydvvwlsu5ps6fvjza9cp,loop-ust,272833710,0,272833710
terra108uqskf0vydf5kaea5hszq9eu4c285g3cw0rxj,mir-ust,196885900,0,196885900
terra1sxhtwf9vfe3kz2fqwhez05xdwut666nenhgg70,loop-ust,22517633,0,22517633
terra12zdsy552505pnvnjvegntk6qrx984zgk4hgxas,loop-ust,18216816,0,18216816
terra13nrxdd8uwpp9k6vzcull8mwsu2q87vsnk5w4du,loop-luna,1478571067,0,1478571067
terra18at7y3m063hny4len2a9f5r3g6h72w4t3umf3t,loop-luna,92912048,0,92912048
terra1rt4tuw8s7qxg24c2e00z8m8lpygeszpn5n8sch,luna-aust,15071070989,0,15071070989
terra1uy85r2laa9dnwm8gnayh0g6nfcyr6dq50d4htw,loop-ust,1189348,0,1189348
terra1972fq7kjta4yfgvq0laytrq8vwfx6su6kl68e6,loop-ust,108893183,0,108893183
terra13yj7yxj72as3m00p48nmmgxn29zutctq9v2xyk,loop-ust,1056822,0,1056822
terra17hc5g90j06fu9xlspa66fcjc0kj8aukhg4yemw,loop-ust,4044858,0,4044858
terra1agrww2u5lgtef99rwr40pm45unn0kazrp7vftz,loop-ust,2081282,0,2081282
terra12qazufy8k8hk4kzwvc8t42n02pslfxetyspg8v,luna-aust,12438242,0,12438242
terra12yzy2n9evj7y0zkdpg58d5hz924xpal7mk9nx5,loop-ust,33504255,0,33504255
terra1feqtlvaru4lszqnpjesgfw8splrg7u27wwwqac,loopr-ust,30805321764,0,30805321764
terra16j7k0vf7ddxqt78pkswq258crpqyuzgnhhkypl,anc-ust,20460947968,0,20460947968
terra104ttrd5835pph00sgq94lsprtksfsepuxwlvjv,loop-luna,7619080,0,7619080
terra1jxz8f0x0slmfv5ads8urfn45f9nm6kwmyfq0vz,loop-loopr,630921425,0,630921425
terra1vf54gcfkquh6akeeclzt0twwr77kxwsk0q0lnd,luna-aust,606147978,0,606147978
terra1hyndg8u5ku6gc05rwv8lfsvu00c0l0wkgeyxpg,loop-ust,13179029,0,13179029
terra1lpk8hmur2mdxu4w4r35n3ugtqunlqjx40zf4cz,bluna-luna,34669474,0,34669474
terra13zzkvysgpex6hfqtrjesjentned3pz27r6c2zd,bluna-luna,41594124,0,41594124
terra1zk4h20t9tm2xc7w3mul6nu2a76whzfuprmc4fm,loop-ust,1090590,0,1090590
terra1wgyxpv49d09kca55fvgp39262qhw3kp4xuvg5e,loop-ust,3181384,0,3181384
terra16jdl5gp8ypg5087l7567ccv4masaglawmg8hte,loop-ust,984703845,0,984703845
terra1n00flv87m7m9wvl38zmrhkwkj6knm6r9cgw7tl,loop-luna,283686,0,283686
terra1h8jq7mgxcnrljad0cy6792qpkrykdexamj3n8h,loop-ust,43045798,0,43045798
terra1r9d7fua9qvxuhjj9aznu2eeatd8f3uectprffr,luna-aust,5772160667,0,5772160667
terra1rrq6zqmpewmmnrmtvw5lfkhwt7ry94q8llchtd,loop-loopr,69568307,0,69568307
terra1v3qvdtm923mxccddecgw0z89l3tjmhtda6mj4v,loop-ust,1823870,0,1823870
terra1l20jhfgjetrjlw2yvg8e4je7k64slgtqrlqt07,loop-ust,14936096,0,14936096
terra1q4pjsl4kmw3yhwl45tl8h4ktv5vdc8397m8r7j,twd-ust,1233768,0,1233768
terra1ma60ysem4u8ymh4vd9slzukpatn29amekepgtk,bluna-luna,1005203,0,1005203
terra1w5sf2qnt8r8f2748j847gd4cjlr2qmhl45tz74,loop-loopr,227615335,0,227615335
terra1eyde4qplz85g7gdmgqzhd2wxyrme26eakfn5ca,anc-ust,30156568,0,30156568
terra13aa5w8fl7ea4syzjrykvl3efkj2375qxn4446p,loopr-ust,12046801,0,12046801
terra1aqf4whkq37ytd7nwln4lfy0qdu2dhkktf8ejr6,loop-ust,797149,0,797149
terra176aray05ds5tg5w258gp338uc9vew4k3635g83,loop-loopr,33271091,0,33271091
terra10hj3zqyljau6h6hlf8y57tva7m094f4w0en93r,luna-aust,8198938,0,8198938
terra106h6tsyqaj76lqyjs69yanhxcy4u7z7fqzszh0,loop-ust,1272523,0,1272523
terra1t8x26ldrsfzecqurc2u58fpxdsy68mpe5kx6kk,anc-ust,179607372,0,179607372
terra17g7pxmqdcpz43cccq0ny8xwcewa09ffuv58hc3,luna-ust,9066804,0,9066804
terra10ppf37e9ldnjerd7shw2xkp3mwz2xyjpjxprru,loopr-ust,57144443,0,57144443
terra1ap86kzus7k088uc3f8sq0epa8nfjzv0pfqn54t,loop-ust,2430208,0,2430208
terra1ngj83mnlnlluy3zaxl07c9dqwfmrf077fl8tm4,luna-ust,21863309,0,21863309
terra15qlepj44hkf7vsd7t0lk3lhf8990zn4tt8tvcr,loop-ust,8723395,0,8723395
terra1z8jzgscau36mkkqqtstjape5pwjwhtyjva3h3g,loop-luna,50208171,0,50208171
terra1java24fd29tf8q2sqyvawhragf875pvdwhxl57,loop-aust,89319179,0,89319179
terra1g4pwye3q6mr448t48ksd4wn6kh6dlsu3t7a4ry,loop-loopr,12772684526,0,12772684526
terra1hl5hewj2jsh9xhdzz52c70s9tyskntuxhxmezg,luna-ust,364876,0,364876
terra1ulxs22fs3wldg69s4xjykrdn7wfj4gfw67safg,loop-ust,584472,0,584472
terra138g9qyskntl24cdgh2gx9nedana82e48t9hxul,loop-ust,533839,0,533839
terra1suzzt39lvzerucyfldyzpg85cpseqdankhyhs3,bluna-luna,6734137,0,6734137
terra1wvygywdlg7z8ymusnt35dglpjza0epwex32akx,bluna-luna,14858087,0,14858087
terra1ay7t0t255l9ymaqhmw0c09wg2s9a6rpc73v846,loop-ust,347289669,0,347289669
terra1l4w4gn4dd4eld896hgcxw29q7knwkjsxxpwepa,loop-ust,276771202,0,276771202
terra1jkh9ffcvys384n5mxfvhx9dee8w3qlx2d5xg5y,loop-kuji,878706519,0,878706519
terra1t42wenxsd7qu2va3vc3um4macp20h4j3c8w0vw,loop-ust,472474445,0,472474445
terra1qs9r6wvs3pkckac485qh9t0tcdlvykdn57zudp,spec-ust,9034977,0,9034977
terra1pzf820r25lw6q55749c8lxm46qg7k2ecvvrjys,aust-ust,264922648185,0,264922648185
terra1mc40fk5ze36vjgdarch24vdtqnh90gcerawyt6,loopr-ust,9298911491,0,9298911491
terra1mcfyljxvsq22vraxj3ugtzpg6up40tq2zwy9ur,loop-loopr,235918623,0,235918623
terra1avy94svdjhhagj9pta2f78c7wu5vt7qhdmuupf,loop-ust,977290,0,977290
terra194kua48ugrhxkj789n26txcawte7cjajtvvvly,loop-ust,534704,0,534704
terra18zk7rwhfg80c3cpdd3znvdyndxah206ja0vru7,loop-ust,808931,0,808931
terra1jf2pnw7jwmkuu722lma8p2q460sytxjzs8ygtn,loop-ust,2051395,0,2051395
terra17uxgt3t9tt29t7apzxu8p28e06jge7dhwy0nvw,loopr-ust,202263,0,202263
terra1qq4x29lslgtthutmrcq02dgu4t8rau0lqt7xze,loop-ust,1085685,0,1085685
terra1mkd5j67a65rkkxkwflqhf22zzypm48waju7quq,loop-ust,34993766,0,34993766
terra1w06julyydkck6de934z9t4f4trjcjxqxwxd2kh,loop-loopr,45131561958,0,45131561958
terra18lredtk67a3p4qf543h8t7kn9njh96usydfxme,loop-ust,2435860,0,2435860
terra1sns2uzedgny8g4h5rvd42242r6jmrdfupgpm5w,loop-ust,7544361,0,7544361
terra1kmjuvtapwunz4ft90qznuzfketmsu3vs3qufk3,loop-ust,26788112,0,26788112
terra1hxg5rs85zjtf3faafkgxq7k5vlrxskqp2fmzct,loop-loopr,51400427,0,51400427
terra1axhlzvp8zxz3ju2eyf5jxjfre3gaxsa4ep7z4l,loop-ust,1133326171,0,1133326171
terra1j6kxhj6hr9dzjedur9yrjjk6fh8yvvja7v9em2,luna-ust,489189128,0,489189128
terra123gwrv0kk6y0emcx6mv4te7l6zcjstaueqphax,loop-ust,3141579652,0,3141579652
terra1ecm6k8qt8keduner824ux5p88mxlsnhy0wqsad,loop-loopr,293988275,0,293988275
terra1h36ku9fpchdwpwgxdqqz44al2y4k8asz9san62,loopr-ust,80145547,0,80145547
terra135uh7mr8cgxq074hmdrpnlvtyx4q7mrkw38e99,loop-ust,4575899,0,4575899
terra1929zpuflzgwfv3m094h5qstd2227p37f8asnnc,aust-ust,1204024193,0,1204024193
terra1w467tww8mrxsmx2m7xk3r7ek5m2k3v8ta9drn2,loopr-ust,23976848,0,23976848
terra1pud2pzmvgusqe663g69kfamkrhtz9hnupdr665,loopr-ust,52339295,0,52339295
terra16ut3h0wk3ms5sqdg77azytz864m95aphsa0z8u,loop-ust,8052843,0,8052843
terra1m27fwlulcvzd7y6awm0aw7hzwwacudew68a58u,loop-ust,1020342,0,1020342
terra1282x2dl7mc5g69u05r9wp882nmjm695gr3w9e2,loop-ust,3652781,0,3652781
terra1rt4tuw8s7qxg24c2e00z8m8lpygeszpn5n8sch,anc-ust,83283162964,0,83283162964
terra1jpem3f47sp6m689pxg2krry0mg0ly9ayj8lq4h,loop-ust,7530435,0,7530435
terra1wk72c5jm3wp97mskgxx3pq20w59qtlfea3safl,loop-ust,4423991,0,4423991
terra1frfe0ptjd0rp4qtmhf4mn5jl7m4k7jj4c6pjk8,loop-ust,54940372,0,54940372
terra1jvskwvnqur7g69r8pf5qqlquf2le9fv9l9uuhr,mine-ust,31192051,0,31192051
terra1g6lseryh4rlygaarqltq6n8rewqqxdclzmld2l,loop-ust,809180,0,809180
terra1rahwac9rv4wlykha4cawvygj22rxq7erxat05j,loopr-ust,13249353,0,13249353
terra17ard8fynn6a89k4xgal0jw8x26lr0amqqjflj4,loop-ust,8272125,0,8272125
terra1945mvsc2g9p5kzly00exzl4s50jdz5a49rx2hv,loop-ust,2094739,0,2094739
terra1x2tag3gtrpkkmuaewq8z53tlwdfhmf734twu5u,aust-ust,3228926958,0,3228926958
terra1kmg4u06m8lv86kdxe7c54y33f70xdvjdq2dmeh,bluna-luna,98892437,0,98892437
terra1u2yu0dplzl8vmfue7p0hdl0enklynjmznscpmz,loop-ust,71986,0,71986
terra1h965z0hx3r8w2sls66cgzlryuxxpz7v7rqqm65,bluna-luna,1991584,0,1991584
terra156w0r4a9z57tpmccvg0u30jn4yjzk2y74a3px3,loop-luna,12025636,0,12025636
terra1vuvs3pasev7rz7sv6puy28fpwe8uzxvc3m37c9,loop-loopr,10871208,0,10871208
terra1y2de73hw2eeq2xy7hd0dkmyqnte6wwytytw7pa,loop-ust,9876717,0,9876717
terra1auy8j2ymmv63z4lvdvresuh897f3vv4z6gxzh9,loop-ust,19889273,0,19889273
terra1nsf0zrcrzu95d603y0gr98ankrzv8jzu937s8s,bluna-luna,14054342,0,14054342
terra1m3gggq9amn4kg27xwdm7ae42ty3y59nhqmurtm,aust-ust,893276203,0,893276203
terra1mmg23ax83u97rtvaeylusecdkh9p8th7pe5f9s,loop-ust,441191,0,441191
terra16w6adl03uu3zedj5x90gcfku3kg7skedzgwzmd,loop-ust,818798,0,818798
terra1ges3v63gs0gj0w2l4nx5xljy3rg2pf5lteszlf,loop-ust,81139,0,81139
terra1nyy2ecn9kne4yepveyfh0adfp0epg5ye7qs43l,loop-ust,62890,0,62890
terra1lryg8xq9yqnq5x6w07v5t24xj9glxwuw204vfv,loop-ust,13301871,0,13301871
terra12ak0avz5gruke4sc93c9rpkags70f9saszjshf,bluna-luna,12499092,0,12499092
terra1qgudqnv0zsdzlzvtdhfshzmtjdnqjrp2wk34ga,loopr-ust,177779682,0,177779682
terra1gan8naj2rvg5n0w4e54835nfuv7w0xtkwnmy4d,loop-ust,201274692,0,201274692
terra1xh9juzs3zvmztw2leu574h5mvpycyzjx3kjzh0,loop-ust,5663404,0,5663404
terra10t4gm3fp8esy35pwwpnx0m79etm9p2zxey7e2j,aust-ust,895057794,0,895057794
terra13qgj7peja32a7ck2y5vjvywynh8eu9helthkgd,loop-loopr,2798054848,0,2798054848
terra169hpn0fr2tf5un4rknndttncveshqkkq3yp6x8,anc-ust,304379116,0,304379116
terra1xn29dul03rdxqls9pduz3khth50acx6u0ra78v,aust-ust,8955211044,0,8955211044
terra1s97k6rdtuh4eunfhyr60na5fv3qz9837auuagm,loop-ust,13660935,0,13660935
terra14p56wm860vfn7zjnqnlnxrrqgtnxafjlk662ku,loop-ust,1072277,0,1072277
terra1zppzyfqppp6gngv24p3kekenlt32k5vvpvhjfa,loop-ust,976200,0,976200
terra1ta9qt8zrl8vcl0k58pkhs2jhxgfmzup0qwq057,loop-ust,2041560,0,2041560
terra1fhj9spmhx7n0xfha3qg8yuaw0nrr7x272anrhg,loop-loopr,5005588956,0,5005588956
terra1knua2j57ha9056qufq5lr998mt2lrupelppxyc,luna-ust,503576,0,503576
terra19wrtura8ml9de5r33a4lvu6x3npl507zz62xl0,loop-anc,8589085,0,8589085
terra1m2jpd52qv4rkqpl4e75rfxepg6yg3q6pgcsl6r,mir-ust,101682634,0,101682634
terra1kp5yy03ndcr7lzpd6rwgtlga37wmz7wdjtg68q,loop-mir,106971194,0,106971194
terra1vlwf840sd4zpreayt7ey9cum5cqm4u73hmhm7y,mir-ust,810436920,0,810436920
terra1mucsnktu03qa7y5nduvtfwfl0ezth2n737e5s3,loop-loopr,20631457760,0,20631457760
terra16gee6mtp8kyftqtuc9xewnvwda50wyznqwc7mh,anc-ust,31057184,0,31057184
terra1w93w9wueg3ks0k7v9fcg8rm3zfxus5wcwhr9a3,loopr-ust,6391066046,0,6391066046
terra1k5zvqkglqs5rv4reduphnpzsgnhuxvfdd37yjp,loop-anc,173876842,0,173876842
terra1lgzcf32mxvlchwhnpad9jm6e7vh594h8v7akuk,luna-aust,35956638,0,35956638
terra14raffyqxv0knkq0zzswrpnh026xyu2kuk86fe9,loop-ust,44235572,0,44235572
terra1dje44cspz5zau7ad9ygu2p843eqh2wgga2zfg2,loop-ust,952,0,952
terra1zkf8f9ndpr5y4xquxqs2xtla2rk6jdagyqvt3u,loop-ust,1192816,0,1192816
terra1x8lfexd2xzth9c2gc0cqlm6wmxf40faqv0s3pj,loop-luna,1337211899,0,1337211899
terra1g6z73w9gmslt8denv99u0aj2un94xd3pf7dq09,loop-ust,48088076,0,48088076
terra1utwr5z5ds0fl9f96h945vz89f0smplyuhwhwuk,loop-ust,2127517,0,2127517
terra1cvyuftk6wxz6lqsc5jjzrpa3wfvc4njuhsdkag,loop-ust,9032976,0,9032976
terra1cfkn3xyt7np3k8g2mgz5szmr9gscatv72cl7yc,bluna-luna,33122077,0,33122077
terra1vrdrv6sltkdw05t4jvjcl78vvpdduv36tdqyr2,loop-ust,2056607,0,2056607
terra1u9s6gv5z04mqxjjmjw7agr32ymxmwxeu8edqrs,loop-ust,9619722,0,9619722
terra1ms752weed3huz3l5x2utlvggkcxffxvn888wsn,loop-ust,192867143,0,192867143
terra1wzjlrd5td4pshm3ccku9m9hnc3ap9psk37rgta,loop-ust,17354941,0,17354941
terra1rfchcqar7nwax7rq3lfqdvweet7kx52f46tjgt,aust-ust,445255128,0,445255128
terra1ts6kz2zkt4dx6yuu8k56g0zpuzxq8r8cdhzpv0,loop-ust,3299719,0,3299719
terra13e33cn5wlgu344ej2vcskjgk4z86083etf2x87,loop-ust,7186410,0,7186410
terra1vk9sn3sc25tl9myst5m90ltshdhamkcxfrcsys,loop-ust,6056860,0,6056860
terra1wshlc9qaqhtmm6e8wt4e7cpcndry32utgua4n5,loop-loopr,2502153385,0,2502153385
terra1s0adetya4m480wf5wtp09s4ek8rsn4zg634t4u,loop-ust,13415484,0,13415484
terra1ajk5dm8adu8ehs6s5wxule638vtg46j2dtk56r,loopr-ust,3569751,0,3569751
terra1ku4wzgzlnxgc0zxfjx36ap4jlu6fpnmrkhgjgu,loop-ust,9090707,0,9090707
terra1sz85qlfjyeusu9wwrjp7zwulrmg6ftp5d2h54w,loop-ust,2029146,0,2029146
terra14cdxzfwhanaghvnaalt6q2yeeayfuvwx66f94e,loopr-ust,11046731,0,11046731
terra18eydn6q5wqlcn8wqzkeuwyszxyvqxz087vt7ez,loopr-ust,11435441,0,11435441
terra16nvsy6x4qmqt8ujpc6e2lazj3k4499kzpgww9f,loop-ust,19971450,0,19971450
terra19f4uf0ee3262lj238z2ufnwwueqlysdeynkrd2,mir-ust,56437325,0,56437325
terra1ldru2znda2ex77ke4f3uf5gpfgmxq200j69edz,bluna-luna,30917254,0,30917254
terra17ghq6wut8my69hglyucr52kvu6m7qnrl22et6m,loop-luna,403093271,0,403093271
terra1tnw7h6whkg40dq8tyvv49k3crfegzure03kfe8,loop-ust,1182686588,0,1182686588
terra1mxu8y593s5tz0wzjuqcl7kqp5w570fmkgawpha,loop-mine,4105847425,0,4105847425
terra1qnf0rlytdkxac2c497la5fh40gprryw8kejpah,bluna-luna,5483743,0,5483743
terra16qq8fxaqy4mnkqkeekztj6yv4d06f762u3jkp3,loop-ust,1028125,0,1028125
terra16jhz45z65qka96qfwkpzxmhf640aecj2uwhkt0,loop-ust,198128404,0,198128404
terra1h4z0lxy6eleyujgz4xfmtypaxjx5rz972vd7jk,bluna-luna,6055329,0,6055329
terra1dlkcn7f6ru2avwuqqdkztajackt54rvdz03jhy,loop-luna,69313592,0,69313592
terra1jeptswq3292yx90tjsqueupgp5pqchac3yxgsr,loopr-ust,2963722828,0,2963722828
terra1y20hyhnvhj4njjtu8y998wv0nk57hx7srggqf5,loop-ust,3311671,0,3311671
terra15rtn9d3nxzwmw7pp9ln6s223we27f8u89th04g,loop-ust,899487,0,899487
terra1md9t9gk5xt64uancpwgy6lnrm3ugp5hrsgnse7,bluna-luna,3010056,0,3010056
terra1j2xzg3zpuzephcnayuk9vhm46ds5rl6qyyn6ha,loop-ust,6438656,0,6438656
terra1g0xxpx9hzkcf5zjm2pf6663huhsxprp6v8kl4y,loop-ust,2615275,0,2615275
terra1mwttyk4aww7g99t03llmnypklpcqh2r5ppf6hu,loop-ust,111111284,0,111111284
terra17erwgzz8s8y9ptpdg75hcs42yqcltvf2pk6hsf,loop-ust,7180452478,0,7180452478
terra189ug86su32jau0u4as5s793da47ga6r3gpkpgg,loop-ust,21767790,0,21767790
terra1q0ta5v7ahml3g8v9tdmzhel6quhwt2ktrmtl7z,loop-ust,286594047,0,286594047
terra15qu80829ul3pwzky854dta66qa28as3nuyy98d,loop-ust,1993033,0,1993033
terra1y85p93sagux0mzpnpfd6xa7xk0w72rvu7gs6qh,bluna-luna,331536103,0,331536103
terra1tn7k6kmlk4kqw5p6s859q5w2utv5zfs9awxjz0,loop-ust,83471829,0,83471829
terra1jm7fk63xym53w34pv3hlrn88htjj2gqd94aaz3,loop-ust,2112886,0,2112886
terra1v59keyy8fnmrzkrczhrvmxkttdrgtweu0z04xa,bluna-luna,1311469,0,1311469
terra159866uylsx9ctaj5u0gnnt3lgam3jqmasynq3f,loop-ust,389177,0,389177
terra10fe24gn3273ctmlahnr0mk6yph6gd4lplnrlg0,loop-ust,45316033,0,45316033
terra1tlghnrajx364lmdcrqhxkpjp6605q6m59rkav5,loop-aust,32945479,0,32945479
terra1kdf08mfragyvvya0k6r8pgkd4rgrcrpg0kfa0p,anc-ust,33550286,0,33550286
terra1ucnjk03fmjyfj7qxt46dpneugw87z26xs64lez,loop-ust,4834807,0,4834807
terra19duf30nthm7shzcfrkl6xnxcuhstdx5ygjge5p,loop-ust,35520201,0,35520201
terra1rr78wc4vxnvydvet25l2gwxttsr795ws6nmr88,anc-ust,91637439,0,91637439
terra18qh4pqw7j54zsq2f5dc4ywvg3g598egr6rfewr,luna-ust,1843383,0,1843383
terra1mhcnlye9lhssgc0sm6t59497t9l87fzf864nd7,loop-luna,10095670,0,10095670
terra1yfd6jjaqsj9r53wqp3yp2ncpv6kah996my9hr9,loop-ust,50871076,0,50871076
terra1kwrhfap7f9xknft49atv24k30z2srrpse9tkla,loop-ust,4304284,0,4304284
terra1pr70xa5lczwk4cl726mfcdhjn3q49hlw6vufak,loop-ust,952,0,952
terra15ajvqydx4ydat7yd8s3kzrdp6gcs3jwt42s72s,loop-ust,1312124,0,1312124
terra1rnyk7z9m06rruwgrug4h5kamsashrewf0cl2wa,loop-ust,8304023,0,8304023
terra1g80tslzx7j64l52yzsqfzprqaj2264gq2cjanx,loopr-ust,12505925,0,12505925
terra17wq3clymrhqjrhurk86hvh0e7kuuveutgtzda8,loop-ust,1958277,0,1958277
terra1us92clqs0yr3evtsyvq7cgvd7pvwm8qxcph88j,loop-loopr,18268699985,0,18268699985
terra1vjukwakuazq22dzy4pyv7tkscwshk4ux7c8m94,loop-ust,8315827,0,8315827
terra18yv02a0yp26zn7hfz7k6qsdg933a8jj700dg02,loop-loopr,3902762835,0,3902762835
terra1w4qkn2s3ew7370zwpya5wj9puanjrmaj7sa4e6,loop-ust,1909352,0,1909352
terra1pr2v7qvac0jjcj230z0cfnj8k78a03wvf9lcdd,loop-ust,93295198,0,93295198
terra1gq2taf875q4r4hn5zh65xhta2q8wdkh0qw5y0q,loop-ust,7992263,0,7992263
terra1ttg97t93fewn5cgtfeqjl9jzdzatav82mayu56,loop-loopr,21030127,0,21030127
terra1k29rv6gm9apks7mv64d8ed6g4agq26ks4f5mh6,alte-ust,9139178,0,9139178
terra19g68gzvjj25l60zyc0xmc0v0qg46xc0nt97m73,loop-ust,2004273,0,2004273
terra17yqk080mt4y4pw6u5qlfp7070gxh40qt36rav3,loop-ust,17829514,0,17829514
terra1hw0lrpe4fpawpw52c55uemummuu9vq2u5kjxeq,loop-ust,2512386,0,2512386
terra1qvxl2cd525p0fz2583jw3w7sf25ger9efysymr,aust-ust,459777506,0,459777506
terra12c0e9p8mhg2ms3w46csu8ja7p3fyhyh7md29ky,loop-ust,1605131,0,1605131
terra1fkcsrnrdyfs0svx6pye92rkj42f7cst6rfpxdd,loop-ust,8061421,0,8061421
terra1ky7xarqx5t30hqhts6w670hsyd3hu469llrc7v,loop-anc,219936509,0,219936509
terra1m70258jmr5hmcjxa0l2due3880mg9278tfl5pa,loop-ust,713418,0,713418
terra1ngj83mnlnlluy3zaxl07c9dqwfmrf077fl8tm4,aust-ust,27898262,0,27898262
terra15d3a73nrtvy040wn064xxannc2tp02n0ru8pqv,loop-aust,274337769,0,274337769
terra1jlffckc749gavm0lg95ptrpxp7rr3v9dj5ytst,loop-ust,6447326,0,6447326
terra1q9az24sk6r34utd0hyvwg3gysl8l2g3fr0vesx,loop-loopr,6227590,0,6227590
terra1ntyv4s8p98qcnptc7pgvz3xrrykvwaa62au700,loop-ust,6829925,0,6829925
terra1v9sgn36s2n9emw4qxwyymlgsv8ksw8uejvk9ag,loop-ust,1295200,0,1295200
terra1hv43rq7vz4eljaj3mrc7a409vu2ygptvqm3kzz,luna-aust,49389858312,0,49389858312
terra1ndqazlqm7v8qp8yee4nn8tpxk0e7lt2vq43uh5,loop-anc,15373878,0,15373878
terra1ldzy8qpxe0twm4ycmqp7sjug6xh4gfgk8pjwtc,luna-aust,8688095,0,8688095
terra15e4yfn257k2yght58g5smj7nrj8srq29nvnuvl,mir-ust,146509068,0,146509068
terra1x9yl80drm87xcj86eh5p66eldup3um4jgm2wja,loop-ust,244989958,0,244989958
terra16d4rmvuvje2xw28572wk6uuuzc3jgnqeh5yxn2,loop-ust,6950081,0,6950081
terra1v6acnclmt6tmjr7g6ca2td6g0v60nngau4u0jz,loop-ust,492427,0,492427
terra15v0v4aq4mxtfjs32ulzsepr8k6e8lv90q07esx,loop-kuji,39723039,0,39723039
terra1d7cgjuapkq0z6yt2f7la5crqwx87djxshd50qe,loop-ust,3329777,0,3329777
terra1fstzenqnmvuuuwpacqpf64q030s46lhg9hjl9s,bluna-luna,15542025,0,15542025
terra13tjze0x0vh3rzvza85f40gjrjdtjtutggx7v9y,luna-aust,52150700,0,52150700
terra1q5748xnqcrrftlumdc77q73pkmpansmp3pmm8a,kuji-aust,82269412,0,82269412
terra1h7x8d8vnccwfla78mewywdemhmvtexa4dde3xp,bluna-luna,4972988,0,4972988
terra1u4nyjd7n52tpwahxhndq06gnptn2eh4j4crxvp,loop-loopr,7835949034,0,7835949034
terra1a49wlvrfyykn82464h29mwm4es4nffzcrtanzy,mine-ust,2480423,0,2480423
terra1860yzef5kenr5v6f2u49el5j309z6pckpz52at,loop-ust,81070228,0,81070228
terra160pks87yxfls3xryp5wwzm8m96temlcn4yun2k,loop-ust,1612014,0,1612014
terra1wmxs4cy9kqjrfrf7kckfqnjt7ewqla09ev9l7d,anc-aust,22671131,0,22671131
terra1tgtn8xr069sn62w6gs49hflvh0cqsmh56akxpt,loop-ust,2636363,0,2636363
terra1puzwdrpe53xezyz2g0y350xcsgx32nck944rfw,loop-anc,37522474,0,37522474
terra1plpt2fxqqlre2y9gvwz9027txqdgftrwv564eg,loop-ust,3073524,0,3073524
terra1r6jq58qurdywffks5425hshyhl9rn6xr8fal5e,loop-ust,4705309,0,4705309
terra1d6fn0awgs4xftg3g8w35j8ntwxxss9n3w47hjr,loop-ust,8462692,0,8462692
terra1298xwc9mguh3vs3ar00asxq07h8p6k77jc9502,loop-ust,14915135,0,14915135
terra1cfklxetxvjlg29ue94rts9sjj77v8fdx2ysmtu,loop-ust,898632,0,898632
terra1whgq8evzkvrt9u22kcknf7pjhtk7aqvwj6c3gr,loop-ust,25690905,0,25690905
terra1mgmcztfm8vvmfdmtlzk3n523vqm275j7y2ymz9,loop-loopr,1856868730,0,1856868730
terra1qmjpjdazratn9rl34m68jqhwxr240jwfafcyf9,loop-ust,267392366,0,267392366
terra1sctqzdhxhuhqnmzhdumru5sk3tfe0tnhgxkk5h,loop-lota,213581384,0,213581384
terra1k9nz6v6ymzeax9warugkyd9xm57ayshf22zq5h,loopr-ust,19856829,0,19856829
terra17g7pxmqdcpz43cccq0ny8xwcewa09ffuv58hc3,mir-ust,223375516,0,223375516
terra1qe6fq5h2t4y6307k22ujzlz2c2xr30plll2yc5,loopr-ust,6520435,0,6520435
terra17gqcemqatryme49a2yduw2ge8xnvske4sadhgr,loop-ust,23060792,0,23060792
terra12f3z2wqavhfeu4edm3ayh8z2sam0jvpjxkar4z,loopr-ust,97096668,0,97096668
terra14e3eznhgmtt7j2302v56xr922ua60v8h52stnk,loop-luna,754660,0,754660
terra1uv36689n4ak7usgzyz2hcm5zhz6n00hr4r5g7l,loop-ust,25418445,0,25418445
terra1freuqew5nfvmkzu65aej6pqxl2akvgq4sp72lg,loop-ust,717423,0,717423
terra16nun4kzz8mfcrefse2mjvcekff70tdys4vg5e8,loop-ust,11594997,0,11594997
terra1st4hudxtq4h8rrjvkv20rmf4f79c3vugnzdkf6,aust-ust,973815947,0,973815947
terra19fsf4au693t0z5t5sl558ayxv9xseuzggwqth2,luna-aust,410398113,0,410398113
terra1qe7f6hg7k82nx7rs7v79dhl239ug20aqnk6a25,loop-mir,223299901,0,223299901
terra1km4pqy8au56dmdd9yuz9ljtsrrv2u0lh3t8dp6,loop-ust,3130122,0,3130122
terra1wtmthqexnpwdc5tnk9fehfmhh29pa749c8tpxj,loop-ust,9140902,0,9140902
terra1ufz7cr47d38jhw2wuzjyc8xwdpf4dx4luzww2w,bluna-luna,54867839,0,54867839
terra1v7qvkgakw3gx8x0quepsrz29k327v5detw4khd,loop-halo,2247505290,0,2247505290
terra14kusu2a5rkamtgslnlg9yyywjz56yzesw2sykf,loop-ust,1275633,0,1275633
terra1lwv2yluszfmhhkllw6ph29wnhh8wt9huldul56,luna-aust,58623870,0,58623870
terra1cwa2mm9tmmm3uxkqqa50lfmzmeap9a24j30nml,anc-ust,1602212517,0,1602212517
terra19fx4hpgfftvgeh5x4lumm2p60kxkgajj4l4huk,luna-ust,49093066,0,49093066
terra1a60aatns9a6e0ww8wvt94vlsh09ey5mjvm6m8n,loop-ust,22490608,0,22490608
terra1khz8mhgvkzqqpmvpusj744jwgzy0cyvdn0a56n,loop-loopr,455718276,0,455718276
terra1alkv4yttx4wwkswj85r87nn2atsfchlz777ymk,loop-ust,8552396,0,8552396
terra1ym35apk436pf9kmdu9rs2v09aja7le4fgssx0c,aust-ust,972890874,0,972890874
terra1t5ysjvlf9yzuem9rnp3j077x2t0rep8ln38jvy,anc-aust,663221631,0,663221631
terra10nh4tppf3arx25q2ys50ehl886he8wn0r884q3,loop-ust,29321212,0,29321212
terra14yctvzjpl0k3tn2qe94eq0mgy9kte42cg2mnhz,loop-ust,20986158,0,20986158
terra17s6qkawunenfjx0y33v737x9cfx9dvp703e6xc,loop-ust,929932,0,929932
terra1cklych0t9uakv8m5lyk8a95ahm4z4287wfa49j,anc-aust,145734925,0,145734925
terra1ahgnr69z7awa7h36cdmq4c5dsr4qpg3jjy8s4x,bluna-luna,55801181,0,55801181
terra16rag076rd94k9e8v2hss8sg3z8xddyc6j3k47r,bluna-luna,9970565234,0,9970565234
terra1t0fhgp0a8n97gp80xcj2dhxkytr7wct3xd82cg,loop-ust,6166343,0,6166343
terra1653w99u53jyd02qkety33g855achmn80lc7j7a,aust-ust,1133866395,0,1133866395
terra13w876x9pn5lg8cavpac4w3zrw8tutaz4ed2m6m,loop-ust,26253426,0,26253426
terra1jny2pyhy3z84xsjd7j4a2edfpyr868uwss2npm,loopr-ust,395214178,0,395214178
terra1j5uhvhvxa2xctpaqq67dpva6eddws3wcgt9uqm,loop-loopr,31149385689,0,31149385689
terra1ma7mnkrse8g9vw84wr8evrp8k6yy9vcfnqnfqj,loop-ust,4688835,0,4688835
terra16sn4dczenn5fshz6nx4e9xpzjaatfkd3dwara2,loop-luna,30383088,0,30383088
terra1kpvwhywukdvatazw20wsexuk6y8d8nnd6ven7q,loop-anc,2319633,0,2319633
terra190rx6z7nwnxsv85kaf3tn22l5hlz3j2txp9uwe,loop-ust,943722,0,943722
terra1fxpms0c0k66wt8qnrzvgu5fcuqa38ej4adj6ku,loop-ust,2089312,0,2089312
terra1akr8s8jrlzwe8nfnxwq2m0l3l4vlc6dnl8s2w9,loop-loopr,33258695,0,33258695
terra1d8h6cga7d7zv4crzruz3gquragaj4hv3a7pd0l,loop-loopr,7259128428,0,7259128428
terra13vwn5e4e567jdupf6kyjn56ftzhu94csff9dkp,loopr-ust,23280957,0,23280957
terra18zj7rjw85dwkufl4g9j0ygjj8m42hpywtqym74,loop-ust,21705695,0,21705695
terra1x2v2ps36rlh4wzcn665tkwus6pguwqdk0qglcp,loop-ust,26209363,0,26209363
terra1le7qrnzm2umtjx0z45ltq8ez638srx6fd5ywre,loop-ust,35934567,0,35934567
terra13vjuujw6dg3edl7eszv2ca797dlytqxxaegy0r,loop-ust,8182979,0,8182979
terra1atk6kyr70dc5ex5af9m7vvexvnagjun82yfyca,loop-ust,5377847,0,5377847
terra1zjsxf50craxm2ahnt5c7yza27m8a3z5md90v7s,loop-ust,306156666,0,306156666
terra1dj8hvuwm57emw2qqf0c2xqaejgx7lqq5qfmxv6,loop-ust,10404688,0,10404688
terra1dreengjdz24mzzhntrq5wa46ecuf0uymujld82,loop-ust,4904918,0,4904918
terra1t3r65m8n4pct7prm7ypwsuk8j03r3v5xj73z4n,dph-ust,1446897478,0,1446897478
terra1ux4g28jk4vlll4g50zkx80yfj6794tt478j50k,loop-ust,2396253,0,2396253
terra16p8ae60hfq8m577e3230vn33yv5hlg49nmsu90,loop-ust,976875,0,976875
terra1xfamwldn55vp9y3yg4f9tev7n2fesn0ftq927j,loop-ust,2855230,0,2855230
terra1y74t4ekz6hayp7xk5egm8wqx0ukrkdynplm43z,luna-ust,1073694,0,1073694
terra1jtqfzfcvgq7m796v9yghakfq5ulyx5a69kdcap,loop-ust,1039034,0,1039034
terra1f32m0lws3nztl9vk5ehwv5d2a2v889ws0edlxq,loop-ust,1916202753,0,1916202753
terra199jkuyrvuaf7qtrtvnz2aty9068qrmx4kxyeml,aust-ust,89425238,0,89425238
terra1pz504j7xmzl6r2p64s0wk8w7syyr2slgd0zge2,aust-ust,5395606,0,5395606
terra1zcrjf9t0jmhhsxthqsxz03lm0cn83av0ftaw7m,loop-ust,71990,0,71990
terra16hg52ylzyz795fj5v4ks03tvvu6fgrk78zlxlf,luna-ust,86021653,0,86021653
terra1ynwxh7cp9artm3pyz36yteretfsdf247tsppw3,kuji-aust,565527948,0,565527948
terra14v3pvmkwggehvstutwjkptrudejuzpkqem02tj,loopr-ust,24226137,0,24226137
terra1kxueyg30eddse4tdrvykzr858adfm9sjfghx89,loopr-ust,11611566,0,11611566
terra14lxhnv9euatry0l3lry9n7rezgjes7vg4nj7jr,loopr-ust,34408433,0,34408433
terra1nlnnyf20utw7f7ssqft4m495duc77wquqxzc0e,loop-luna,383863941,0,383863941
terra18t4tgfjfeldt0t7qghuyj6ssqa66knq42m02gr,loop-ust,3154916,0,3154916
terra1c2ppl5an9y5eru8rmzlg06y8vcvpatc2duzev5,aust-ust,268993698,0,268993698
terra1m9r9srtwl098wf3rmuxec5rp4g0l892r8ny8tx,luna-ust,6002527,0,6002527
terra1ugeag5muep52r0sntegdnwxsf5hlnz2p42v9rw,loop-ust,170290853,0,170290853
terra1lturd6xlr2wrfjsdrnjkg20lkta2qwcrf8s0l9,loop-ust,888225,0,888225
terra1zg032ngt7cem02n2s95z2w3c0ep9295y8svudt,aust-ust,34850587,0,34850587
terra1cvagsznauwyc0e70dsvdxaaqv8lhhf2x3wgp95,loop-ust,2056232,0,2056232
terra1pj5auc550dxaklfqychzfutmxhpcdpl8n9j825,bluna-luna,1009927,0,1009927
terra19ksy69ykm7jkt3j73lzk3jxv5wegyty6x84x5u,loop-loopr,3678156,0,3678156
terra1aw0g5gkuxs70vurqf6a42c94muezdel34y6x6m,loop-ust,2027269,0,2027269
terra13th3p58declrdxggy84ydm72g6fx3nwcur64tr,loopr-ust,27801887,0,27801887
terra13zx439nkr29f4v3xkq5qjdcahklrhfvux0kw7f,loop-ust,4541497,0,4541497
terra14d5j8jh88x28nyz945hav34g0aut70u723078s,loop-ust,26291123,0,26291123
terra123rgl6vkw07tay7z8atpp57l0s3qqcwey7stv2,loop-ust,67985547,0,67985547
terra1qralek3jw9yktsjfzpnrqj4av6f3wtzaq5uef3,loop-ust,1203792,0,1203792
terra1jy23twzxdyv5wnq5f4y0phsfdlecaxvf34wpr6,bluna-luna,8555160,0,8555160
terra1fnm6uxrv8huf4ky2754dmenkw37sfm7utqq52c,loop-ust,1613014,0,1613014
terra127uykycv6l6aapy397vcdwkxxlxhzp3hxaucnp,loop-ust,1082700,0,1082700
terra1taszkjxln97jc9cufyj40yzhqfx7w390tgw6xd,loopr-ust,8348191,0,8348191
terra1uaq0dkp48sjedw0y78tuujqjg3jgg7z98x8tgk,loop-ust,8901298,0,8901298
terra1xx40ue9tk7svzsf4w5h3j7mcpv3rla7ztkrfyk,luna-ust,281805252,0,281805252
terra1fa3peys6e9ne2lh7n2snag5u68c4rr9qd3tgpl,loop-luna,10411390,0,10411390
terra16ashwp5sppyukqareksgvlyzuyhf952cq2799w,mir-ust,14801973,0,14801973
terra1ejtyqhmrtcaxcrzwlmjp9q6cjsmm2xd9na88rt,loop-luna,112498952,0,112498952
terra1ak3axaca0qpah50w73q34nm62d9aymqapeuruf,loop-luna,28119053,0,28119053
terra18dj3rw7gkjvjruqwdwh2ew6f36pam48usr8nm5,bluna-luna,53296461,0,53296461
terra18t5cvyxvkzgx0xv5q7vg806ssgtc4utu8ucgne,loop-ust,252185091,0,252185091
terra1fukk206dut4lc28x5ndyx7fdtd95cv0zyyzk6q,loop-loopr,13474750,0,13474750
terra158tqguqkvukuumn7wlycz5nssfah9wx06h0gxt,loop-luna,12913960,0,12913960
terra108gy2rzhx27jj96argmgpesvlj9ur6k8akpdk6,loop-loopr,9341596523,0,9341596523
terra1v73qk2eahfw9nmfnvyh0nn47kklff03089f6jc,bluna-luna,1246039,0,1246039
terra1jndrgmy8wvtma0nnaduegj5lry5dkcx574nqq6,loop-ust,968384,0,968384
terra18c8rn98jq4gtutrp3kkhvpkzpngs6zw5t05xmx,anc-aust,3413446,0,3413446
terra1jh2xt2lhdtsdlzmu5lctq2dxprrx09twmpgrus,loop-mine,31076486,0,31076486
terra1wme77alx22wx9knk3lxxm2k2cpmaqp4p3p0hlm,loop-ust,1625100,0,1625100
terra1j4cmq425xmg6ryl7fhc5jr2xjeyd536fdx97jj,loop-ust,316566436,0,316566436
terra1m46anmv7ws3gaqs307l605adq720f3vnh7449k,loop-ust,2054375,0,2054375
terra1dqvhwyvn3r4lv4wj6y72gelz0c7jpum2nwyj97,loop-ust,2426342,0,2426342
terra1ldw4ggkd3ew792k7ltjgv5qdy6e54q94tedvs7,loop-ust,6763579,0,6763579
terra1sflkymnxaaana6g7r0xcmete97s404mqnxdqgk,loop-mine,3491266372,0,3491266372
terra1ketfg95s8jhlvcf7mn5d5qvjzuqllaxt9r969k,loop-ust,9782372,0,9782372
terra1fqjplytad5gdmj4l4hhl5dpc2866xt22mxczzk,loop-ust,951,0,951
terra1aysh3d2mlgh2kndj6w3kceflc62ww355qa4v65,mir-ust,5413296,0,5413296
terra1pp87pfwvs44paplra8afsgypgfz2ryfmh4ngle,loop-loopr,37293181677,0,37293181677
terra1fryz0f4zarqqa3ufqp7zuwweqkewv4qrw46ppf,loop-ust,3531535,0,3531535
terra1g952j2w7upe7kfpxv76szrvldhak7600zswr37,bluna-luna,68604029,0,68604029
terra1lztz9fgpspmrh5ykgt9un5500thj5yp7y2xx6m,loop-ust,8124269,0,8124269
terra1as0f582c4ukrdxxc2vz7yhqf9nzk8srmphvwdd,loop-ust,212634580,0,212634580
terra18stdkda0j49yz9aq0yjj8ts0zckdh09k8z2dm8,loopr-ust,17942943,0,17942943
terra1yqchl5pj5nthd46znfzt6kwdvh56tqc03xwdfx,twd-ust,63328544,0,63328544
terra16rvjsnhug3qz0cvz0l3shdrksn7f6l88v9w8kp,loop-ust,1029235,0,1029235
terra1m2jtx7tfu3rw7vfxu2vrzf2x9s52uzt24vdc88,loop-ust,25745233,0,25745233
terra146ksgj9t9adhe0s5kz29clnn24qr68979aqk5n,loop-ust,808793,0,808793
terra1f4nxny4rqztqja6ku2vpp5h3u49hdxj0fmt3jx,loop-luna,7169904,0,7169904
terra1zt4djjanlzmkx8cu6hy5jj7zpvvp45gpnufhjf,aust-ust,473765112,0,473765112
terra1c0qynpsndppc6kpxd0xqj0zdyxpwtghppmwqx9,loop-loopr,4999876757,0,4999876757
terra1wxlmpyhd4cfpxgw4qly4g5gqkuwuex0t4nszur,bluna-luna,596523,0,596523
terra1pk8yvamaem8alk0yk66k2rgzqs2e493vzed5mj,loop-ust,954724,0,954724
terra1umg978jxrvh98dtuzas7ahrn5gpqmdgdfmgdk4,loop-ust,51394211,0,51394211
terra16xf0f6gm9yyfec30ewlaxf55af50pkt5s7cxwt,loop-ust,19968453,0,19968453
terra1zcsj3slrulv9lpjnf0wvrej0e8dx8cydljf5mx,aust-ust,2101966,0,2101966
terra1ww33smuphdtz890kedgw9d0wg988haelnjdpte,loopr-ust,14735636,0,14735636
terra1dmz5zl58g3kzs4gc77umpk9g68fy4zg8gnfgup,luna-aust,78333226,0,78333226
terra14wha4f3z68w6levl5e57dux463ms0nnkfm6c2e,loop-ust,865013935,0,865013935
terra1vzvnsg3hygjvy9yhzkxj4sanp84w7hw4ynd97d,loop-ust,1834876,0,1834876
terra1c5lh3htc84az25kgzhhvgp6x42fll5fan2cmwf,bluna-luna,21950913,0,21950913
terra1dl73jzgpq9v7kzfvdmmnqwe4l5vayd0w9ul5y9,aust-ust,199742271,0,199742271
terra15mekfeh6q8qadd7edrfmnge2t57rjduan3skut,loop-ust,1213967,0,1213967
terra1kqhftcw464wvj6sn08q5q3ahs2empswr57pp3s,loop-loopr,51817856,0,51817856
terra18hvhc3y5p7e28kunk2r7enshcs7a8sc6589ynx,loop-ust,3799086,0,3799086
terra1j5cuk3mp7vwh3j0gz05cn3qqvl6vngyv04csry,stt-ust,639606,0,639606
terra1exjj0grgwq5893ag2ngz2tyl40dendehp5zffe,loop-loopr,10842185,0,10842185
terra1sm04u0wxmvr2m4800dzk0j0rhsd88h29j4knwy,loop-ust,9034798,0,9034798
terra1s5x5cganuuvy3uyfxvgj6wtrke55jq30qv5hfk,loop-ust,1907088,0,1907088
terra1xu9rtqp4esfq4wl9pca37rgph8lzvv3cyhywf3,bluna-luna,14950710,0,14950710
terra1wlh94l3lzt68wzgnf8rh0xxy0ncuqzad4sumqy,loop-ust,99146837,0,99146837
terra1cjnk2aesyeapa3utv9gys29kxyc9kpw2n3vjd0,loopr-ust,6535927,0,6535927
terra1wl84mnd3e8438wq4849khcsrjmxq6qh2zzczhw,bluna-luna,31582248,0,31582248
terra1g8jwrpfw6m4tm0rutwydp4t3xull535stzlzd7,loop-ust,9111178,0,9111178
terra1u8cxvh4m2987edgxa3zcmszpyhn99g9huyj3g0,loopr-ust,4319524,0,4319524
terra1l3d8r46cqf23zwy64s8zfyfvggl2eknzf2kr62,loop-ust,841335,0,841335
terra1fhxqmxw6a7yjsddlt6v67chmzamf3y6hepstv0,loop-ust,1603003,0,1603003
terra1e27lcqzu32mw8g3h6wcl29aqspd9t8nfff2vrg,loop-ust,2021827,0,2021827
terra1g7w02apjgttqd97w9s6sms9kjq0r7jkch9d47z,loop-ust,1609145,0,1609145
terra183xv0gj29qr39k0exzye3yxyst60hqunr0z9q4,loop-ust,3902847,0,3902847
terra1669s3r39f99ulzsde45vq0heydezgnupjngkpe,loop-ust,206600184,0,206600184
terra1n3nna52v7k4ftsh6luzx2fd50ql9ap5c309kfm,luna-ust,37215878,0,37215878
terra1jqd6sf4ztk7jz0ecsrm74697xmtqrk3cc5ejsm,loop-ust,1322271,0,1322271
terra1ck3fuacu9p6m5df6gvpygzzzuxn2rmrg7m266k,loop-loopr,1934749647,0,1934749647
terra1e73ce4qur84xff3anthtvdap8d7nw2l4gy44fa,loop-ust,271876174,0,271876174
terra1u6umakueex4k6faydscz7g7z3mh0lenqjv4dk8,loop-ust,8088959,0,8088959
terra19rugc38ywu6qklqtuphuemd4mulrlc9erxkhjm,aust-ust,2889091814,0,2889091814
terra1756d6jqj2j266y8mz3qrt9jkjsq8qt45g32n3d,aust-ust,447516,0,447516
terra13qcfw8da6cf2xx2jggn2nky46xlqtcy3lfztt3,alte-ust,8112952,0,8112952
terra1h93juphv4dnddqnynqk3tfjhwredvv3tc6m4ku,loop-ust,204119234,0,204119234
terra1xz4kew4kplegxpxqczzw7xkkg3yds6xscrfc2a,anc-ust,158178833,0,158178833
terra1eqf03k0vq0w6ge3qupxekpdh6axdrhaq8257nl,loop-aust,763658142,0,763658142
terra1ck992qeuepzn5ynwt0fxyfdtwj5d8pu6ys6czz,loopr-ust,46139089,0,46139089
terra1malhhch2v3t4wzts8whe4w5cu63939uza6fzd3,loopr-ust,34655118,0,34655118
terra1wxg59gnvn87lzlw5ttryry5eqsw22e6039x8fx,loop-loopr,3314105564,0,3314105564
terra17d8s906fwygz74czjhvsg8wz9ud7chl5fvnzd3,luna-ust,6532365,0,6532365
terra1umy5r789en27uk2n85ds38j4pkjdur3e9qx3jg,loop-loopr,273930972,0,273930972
terra1tczp3k3yr0azhs3zux733a285423hf7vs0va9k,bluna-luna,49886911,0,49886911
terra1y6nr4dmz0q26e9dku8z749vzr7fe2daqv008ja,loop-ust,40610895,0,40610895
terra12xf3ylk7k6ca4s7eveug9x9nwlvchp3hf4wr4c,loop-luna,103875751,0,103875751
terra1v87zfs8777rjrygw9e84qfe008k0zczs66m90h,loop-ust,12362314,0,12362314
terra1mrffhv2j435y3feqwrlf85drrexaen2urk2qrq,loop-loopr,72764451,0,72764451
terra16s9ssmp38n2epa8fv64nge7e84fdsmrysq2xeu,loop-ust,20599039,0,20599039
terra1vlwmp6e2waq24rmt72vwjy0kkn8u0tcjvavzuq,aust-ust,55408834,0,55408834
terra179rttlj8kt3lg5y6xlugphwwfqnjygd4224v30,loop-ust,4127120,0,4127120
terra1rms5llt97kntednpxf5wfcvj77y583xs9345kc,aust-ust,25082011,0,25082011
terra14x63wtq5dg0jajx3w8alplev2jwww3wyevevgm,loop-ust,15622294,0,15622294
terra1yq9pkeqx6q9726vg9t8cqhj5xmzsfjxuwj9auy,loop-loopr,3540710720,0,3540710720
terra18c8rn98jq4gtutrp3kkhvpkzpngs6zw5t05xmx,loop-luna,1880056,0,1880056
terra1u5umpsgxhjvxdq9pn9e33wutps8wrksnu5rpws,loop-ust,16897045,0,16897045
terra1w7ql3rukfxtjqr3gty6vt28l3nm4h4z323ffey,loop-ust,461170150,0,461170150
terra18at7y3m063hny4len2a9f5r3g6h72w4t3umf3t,anc-ust,97920500,0,97920500
terra1q45rcem2ujyxz93n9m9lllgmlk2u4dh7gnupku,loop-loopr,3495801504,0,3495801504
terra1a9lncxhuffffm2e8dmmdstr0s4pw9wg4d03qtc,loopr-ust,1447247,0,1447247
terra10avt3uqnvmsmfyn28dyhwgxjl33ddzs55jy33q,loop-loopr,764471509,0,764471509
terra16vmqv8jyux606ulgq2h8t2vyd0k8aqh5cgeple,aust-ust,1073130637,0,1073130637
terra1cym5h7caldpwfu0u05c7ks9amv8mkkgmakdgya,mir-ust,578231,0,578231
terra1tmsu2a7l4rfllnd4e5vwgnkug7ty3zvx2gtp3c,loop-ust,6457946,0,6457946
terra1x0mx0amtpzhcjvrt0shmyw2w0m3ndv9d7ygp20,loop-loopr,125332981014,0,125332981014
terra1axyzhcaakudkyffkqc8yhpug4thhr57x3nsaym,aust-ust,1258115788,0,1258115788
terra18r8u0lthrs85u7fejnx67p4m0u3val6ned32w5,loop-loopr,15914170274,0,15914170274
terra1jddshp05ggurhlkrku3ymm02z6kf0mpy7vpn6v,loop-ust,5450236,0,5450236
terra1f00quugwjkk3jwjy54h2jrezxha327sfee2xpx,mir-ust,1293435784,0,1293435784
terra1l6clpzekxfq6n0dhh842w5ma0hk6qm4s43l9w6,loop-ust,5687652,0,5687652
terra1stvzhzepz3jjdl0e5qjnc59rc8h6mp8pfrvzdk,loop-ust,44260711,0,44260711
terra1dxuceagf6gef62asvy2vtf6rag7z9ypn32mve2,loop-ust,2531264052,0,2531264052
terra1ep5xfyjg47mx68y4hwf3wes397m8gdllfcdngr,aust-ust,5434302866,0,5434302866
terra170jlyef9qa9mgjxpy6jggre3l0vg4alya8sp5f,loop-loopr,40917638194,0,40917638194
terra1unwlyz525c6znrjsdsvtpga2vdaf0puvep7vmn,loop-ust,5429585,0,5429585
terra124e3qf97x0azwj6payzva2xhquvxqhyfmn9xyj,loop-ust,980800,0,980800
terra1pz6ak0pmndmy855jn6dt5qgue6neqlu3ma9df5,loopr-ust,12808428,0,12808428
terra1dvas9tqvw4u87rlydrp6gq656fjmyjtmqrxv5d,loopr-ust,11327739,0,11327739
terra1ggx08xjcwd9hanq82evsfvszcflwzfc83llgpq,loop-ust,93053420,0,93053420
terra1at7yep980hlctfqhwj6tmkfj3jxwrr4n4v4had,luna-ust,36476211,0,36476211
terra1ngyuxn8gqmvmtfn3t7t86qtrul9v0ufsnwj9ja,loop-ust,144457035,0,144457035
terra1v96vgn3ylkd7e8f7k26nv08vmkq8ev4apkkkdl,loop-ust,1101865,0,1101865
terra1l857ymg54da4tujshegp8wqhgd5jfsdsaf3vt3,loop-ust,93748466,0,93748466
terra1ynp6gvns5jrj66w93rqk6njwq54rs5evd7pkky,loop-ust,4887172,0,4887172
terra1hfjgd5l06um8wdv9xym9ag4dw6a5aflfemtd97,loop-ust,376102029,0,376102029
terra1ytzuzph94e7f9c6gm9p76fc4nh3ce5xe7938fl,aust-ust,23847858906,0,23847858906
terra1sm58kpk9ujm64tamw9juhe8hkv982htzu6n2kg,loop-ust,10777634,0,10777634
terra1qwhxp8qhnxvx840d00dw0hpnl6mlc2qf8t8mev,loop-ust,3169630,0,3169630
terra1ptw9reefgylv3k7gtsd7qeheh59h7uvvzghq4u,loop-ust,1735638,0,1735638
terra1zxjll626lrtxqlgsdapy6uw8fkzul9s54jkwrk,bluna-luna,13186291,0,13186291
terra177f77cy79mjanyn762dakcfkxwplmmz9g9f7wc,loop-ust,14331044,0,14331044
terra1hq9vhzaj6xryn3swpuuxksgdh2ht794af36my0,loop-ust,3585327,0,3585327
terra1en7s4yvmxgzqhka6pcge9fencwnq0thlsgt0af,loop-ust,25238581,0,25238581
terra1m5ser2se5dpwyrlehllwaf5tgr5wqg4203c2fz,loop-ust,3069744,0,3069744
terra14gam5fayxaygkag6s295f6c0a4rhm8w0l6rdnt,loop-ust,26188208,0,26188208
terra163kv7wvj23drgp0uhykdf9mt7da2d4ayffkw3y,loop-loopr,153520255,0,153520255
terra1vdq322mjeznpcdnyt6r5nmma07fnpqrvu9sa99,bluna-luna,159223700,0,159223700
terra1zj7m2p7j8hxq06f7tnfvexl2m0lk3agdfu5wh9,loop-ust,747061,0,747061
terra1e66g47axnt2uawz4qj9kv0r54sy3y5g90m9upf,alte-ust,51903681,0,51903681
terra1e66n0e2pqt8wa45pc6xfku6g207kyqyhjm08mk,loop-ust,7211205,0,7211205
terra19en800858nmnkhur0cvzju59s99nxk868my5sx,loop-ust,7094436,0,7094436
terra1h2uspa0ctk7sj09grphqg04vwnuklkm5l0rvzn,loop-loopr,105002334,0,105002334
terra1apsguxd672zqndn5vwttgjlhjgw9pkc2fv5p7y,loopr-ust,14541983,0,14541983
terra1ershv72cl63lfmu4dw9ylhw43lgrsf3x86sk9k,mir-ust,51996026,0,51996026
terra1q9az24sk6r34utd0hyvwg3gysl8l2g3fr0vesx,loopr-ust,9305981,0,9305981
terra1ujgvdeqy8w36slj9x4ntgjpwe0lr6cnhud57rf,loop-ust,246619535,0,246619535
terra1s3r9pj5z0qkqkn6psvgnz6edhvuynscu9zhjqq,loopr-ust,11772697,0,11772697
terra1antfu7pywpmqmwwugfk6y3xs75atc8gd9cxgya,loop-ust,9790249,0,9790249
terra1td3gkgwe83hdxgfh5a6lawuq4j0aqxzlhlwkmj,loop-ust,35883950,0,35883950
terra1f23nn5eezwd6wmn2uwqlpj5z67u40w4ta84s8m,loop-ust,893166,0,893166
terra15ks7d755uxc4xpnulz5s9x4c4xtwm2kv7tvgna,loop-ust,2329611,0,2329611
terra1tw05mdtarq0q3lazt0sdry9sla6mgx9uf807t3,bluna-luna,144331068,0,144331068
terra140wr3yv6ch82gwnvvup62td8yh0jvkws47da2f,loop-ust,9878879,0,9878879
terra19ffnge8hvz538f83hxs7pckx6fdqxydtqfh5hc,loop-ust,23103599,0,23103599
terra1t53fg9h0m9tmqesfuq0rj00dpc25tuv9f4z7cf,loop-ust,8631,0,8631
terra1e90lh57l3ex24nz7yvz7d5n30rg9ra4wawsh25,loop-ust,1618355,0,1618355
terra1vzgpfeu6kl3sps69y6d0xvsu8unpa7tmg9p9yk,loopr-ust,12061201,0,12061201
terra1rtnr69eku653d9rslsgkfngnrs3yjj86ac9en9,anc-ust,30390669,0,30390669
terra1qrdavqc2dwptvslg0u7ys9akj8zfuz434mymvc,bluna-luna,10100461,0,10100461
terra14spej9cr0fhxqdgcurfgq9u4lv2h85c74agn94,bluna-luna,9881671,0,9881671
terra1pm7tr83nj08vllmzzv3gt9pzxup2s9ypmmwf5q,bluna-luna,173556099,0,173556099
terra1rvfxdnpdrsls40089kutt4kqz8lgnsaf6vtvam,dph-ust,14719262,0,14719262
terra1enxavc6m75s6hk0erct34cvvk60gmaynteyumx,stt-ust,30731729,0,30731729
terra1xulg8nuhryw7ndxl6seyrlsr4st37wr6ee082c,loop-ust,14508988,0,14508988
terra1l3w3lzsgl6vqpjcaenpezay4lfhx6xd6h0dsex,loop-ust,161708,0,161708
terra1pqqvn868dywcxa4yfwm0mgtfsvmyh8gnlggy4h,loop-ust,6488657791,0,6488657791
terra19qcr59v2sf5xazhz0xkgu7u23xvadz2fyvfn2p,loop-ust,59956340,0,59956340
terra13whak9q4ch3tw6n0pk35yc7ahktneyztyg74tg,loop-ust,139908589,0,139908589
terra1cu789esezf5xmn789cvdhkmr4jytn7hztu8cd6,loop-ust,31005267,0,31005267
terra18j5ac0p6huns28aj6wtyu5jemj8f4eauusad3z,loop-mir,1127678705,0,1127678705
terra1lxzwue76qkx8ruaqp82t2vtqfxp27u5q3xs442,loop-ust,5916888,0,5916888
terra1wtj85d87m86qpvuyq0zqy6z85djarqqxx5xeqh,loop-ust,19235354,0,19235354
terra1u9r5vxwnnnm2eheq7ycgqg75nzkyll2flu09aw,loop-ust,6336690,0,6336690
terra1vnkxhy3auqflzlc88n0vm9t5scs3ckxptfgzvj,loopr-ust,85849137,0,85849137
terra1tfncuzlkkq4928gszlsst4daz5yerpcjf3leju,loop-ust,535811,0,535811
terra1axsymfcz48c6lazh6xr9ycgr20qk4tsx9gm3y2,loop-ust,77186741,0,77186741
terra1czwvd8rrtq9pk5dvs403h3wwe8t7pfwln0mr09,loop-loopr,9293693824,0,9293693824
terra15fjf9zp4v4usly7t68ttyzynrcfwemhqx5lzc5,anc-aust,55190788,0,55190788
terra1l4w4gn4dd4eld896hgcxw29q7knwkjsxxpwepa,luna-aust,389709609,0,389709609
terra1w97gav4krczw269ef9c4jdkek5829scafanfj0,bluna-luna,148387393,0,148387393
terra1ckcm0pmtqne0nt0mpey9jsra2pe2ggrma0atqa,loop-ust,3685996,0,3685996
terra1dtugs4zcagy0navwgqmd64mh9qwsfjvn5fr3ql,loop-ust,974333,0,974333
terra1zzz9d729qzjy3m7d6vtzx9s2annj0qxj7zgkdk,loop-ust,119335913,0,119335913
terra15308seauer9szmwddlw4qn8h9vzqffjps9g97d,loop-ust,37391044,0,37391044
terra1p2djtk82x2zku2uhm7psqesfg0stkrryx78cdm,loop-ust,1268586,0,1268586
terra1gdg6sl68hj0y98yp564fxz0n6dj2mu3escxz7h,loop-ust,2054386,0,2054386
terra1jgh5wrhtpgal83f6vqv8ymp9ycfhjsy7kl7vsd,loop-loopr,2256883147,0,2256883147
terra17p545l6gjzjffwf997qe6e9yyflxp5zzdad0jy,loop-ust,808338,0,808338
terra1xgzd7my9htc8p5jfezaunj4fhjj634kxyvk3wv,bluna-luna,1362563,0,1362563
terra15fjsdrr8xnwf4jndcje369utzqxhfnzxlt05ml,loop-ust,40650552,0,40650552
terra1gwzeux56ehc0sw5yxzntvxpp2rk6399rzxu4rg,loop-ust,604682902,0,604682902
terra1vtpksxuc5szzfh5me234p7f7rw7zjnzjcp6772,loop-ust,18201982,0,18201982
terra1dm8s8tkgf49qsxheg38xatu5etg5acgptqkkw7,anc-ust,13380624,0,13380624
terra1nlnzlq5xslwf9xfaj2q0kf8p48xksrdch6pg27,loop-loopr,3925179446,0,3925179446
terra1e46jca8v7ssd7wm54uplv2mq0hcltpqjxqnw08,aust-ust,894386866,0,894386866
terra19hhp5zcqr2dncg4rp7tg43et0n0x45892pzlq8,loopr-ust,421631464,0,421631464
terra1xuqaqhzys65afe9v9njmchue9y9nv55ckqwvx9,bluna-luna,2527974,0,2527974
terra1yktd7h6hzq8euqc7n3v3p30l6ylxqxp4346026,loopr-ust,20352031121,0,20352031121
terra1v4ckqeejj9yq39y0ucnm2sm7d8yv3depul5n28,loop-ust,896750,0,896750
terra180dedqy74mf7yntjg39av3ls5z8zg5r6rst0ng,loop-loopr,1085638346,0,1085638346
terra1eyq3s7kd092r8jhfwf5k8d9fltkut68zlc20ef,aust-ust,8505279019,0,8505279019
terra1edugu8nsr7jj3pm2mpsnn272xvk60pppq4xz3n,loop-ust,5791364,0,5791364
terra1hvy6cfznyy5r48gx8lh5yr9dh9k8hda6ts34pm,loop-ust,44169229,0,44169229
terra1ypgaevzpyk9d54p96ymgqqzgv3q2hlvldefaua,aust-ust,7975815578,0,7975815578
terra1qj7yntmc6dk7j8wqu7v7paus9knfsvnxmnrf6v,loop-ust,93988,0,93988
terra1m9k27xtwpzsxk6pfqx8t5mfd73mjkhvlsm4r4c,loop-ust,13942483,0,13942483
terra1eq0df040cv3sw6uclvr34a0efthvdmc3um08ug,loop-ust,5844183,0,5844183
terra1tv7rj2cmu2zrpg9a33vp7eej6wu6g490s3w3et,loop-ust,2855808,0,2855808
terra14t3szw448y8292cd28gfs6gxcrxhmz8jpakh2n,loop-ust,843957,0,843957
terra1ucjfrvsec4wm9gk978z8jmfqhyzjxr4cvzx8tl,loop-ust,2025302,0,2025302
terra1v3uap7f3h74xhmnwn5pte4ak0g9n2g4nxtmpnr,aust-ust,445776019973,0,445776019973
terra1fc753pfrh4mj2ewkr3fymrpnx6yk5kj59882r9,loop-ust,3301098,0,3301098
terra1thmdxyrmh2x56mqkg5m40tk67hyqa97ju9mtpa,loop-ust,1003440,0,1003440
terra1eaq9xa9ynsr9pus042w4k44l9sjwamau5rc6lx,aust-ust,4468336,0,4468336
terra1at7yep980hlctfqhwj6tmkfj3jxwrr4n4v4had,anc-ust,471454060,0,471454060
terra10nrkfha6ylejadupx3va0frrgfj75e2z6luvrz,loop-ust,5582774,0,5582774
terra1reaa0svvymmm2x7aj2ps99rd5l5zj0zj6rmfw4,loop-ust,5485770,0,5485770
terra15xacqsg70ed6hys4j7qgle39um6g5tmrc4dqxp,loop-ust,754773,0,754773
terra1y9czugcvyl8hsyrkhrrqz3fgndx0czxsrnh2nc,loop-ust,975193,0,975193
terra1tnyz6aaxmklymth2e0hhkepuw498m6h0nejrsw,bluna-luna,21503770,0,21503770
terra133c9adn4sx578llfm06hfavd9gqtz5yh0hnf5s,luna-ust,7365491,0,7365491
terra196xz0pev9z0kqhzh50y7u4rr397m450fvkaea4,loop-ust,26599490,0,26599490
terra1wg796munzscxcumrt52gg568xdrnqv29renl6c,loop-loopr,22922834961,0,22922834961
terra18q6vkqzl5d9jktrekr38dn847ughhfvmfvyl93,loop-ust,22572672,0,22572672
terra1vpsefla7trr49aqghdt9xd3fsv70u8fcstj5xt,loop-ust,494850,0,494850
terra1ugwu7k2t0p862988a5n93hxapa7ktnqmal20xs,loop-ust,2320503,0,2320503
terra1lqdc6d8xta9wvz0q9ccz305vwvwapv97cseck4,luna-ust,5931147,0,5931147
terra1t5j6d4f9gx0j3t4m7kmg94dr238mvuac685tpx,loop-ust,2313419,0,2313419
terra1cvr094m6s9nlyjtl7xkqlvajfznu45thxh3vw9,loop-ust,928927,0,928927
terra1s70l7mmyfs7ymymaf8u3e2n7jnwvrhfk4ns8y8,loop-ust,11688060,0,11688060
terra1lman5f0jvtelxa439qppcmpd2a86cqtlnkgtch,loop-luna,938196223,0,938196223
terra1vmjqsuuvgc7d4ne9lrzt2p8nwlr4ckt6ryapa7,loop-ust,6377710,0,6377710
terra1h2ugll50vuvnjlp5ytkl3h2nhvgte2cpj7qz8t,loop-ust,1634731,0,1634731
terra1lgv8mm7fyxpy5ru8dzv9t7hdn8cpplxhk3z5km,loop-anc,68554242275,0,68554242275
terra135cfxn5f4hyn6yd40gtq753qxje8c0y8f0n7ku,loop-ust,394424294,0,394424294
terra188xffc65r5qpegnmsluz4xwma9al0h8gxuhdx7,loop-ust,39572391,0,39572391
terra1r2pkpqar8358m9hv3q45k50qe0uttsqnrss9kx,loop-anc,78066165,0,78066165
terra1ma2d4yckz3hmw2rkwz09k989njnrx4aygvcmfz,anc-ust,3934383,0,3934383
terra1xrasq42tnvshqyeezkfyezaje6597te86pz5fl,loopr-ust,6216084,0,6216084
terra1srdeh880dx94992s26dc85q4peap5rps8qwkwa,loop-mine,162437067,0,162437067
terra1rfzpefhtm0ezwg5rlgq9a7auqsjn58f0g36088,loop-mine,13422336,0,13422336
terra1munyjwk5s0r5sw3svhzqk4s85vcw9fufctkx6l,loop-loopr,12298742,0,12298742
terra16enczatr37kt7xq3yrqptm8nhauzy5v200petw,loopr-ust,288854356,0,288854356
terra1e02c64cjz7epz2y5ywqmpeagsl7p5m4xy5862q,bluna-luna,18488499,0,18488499
terra1sqqz737py0nl6fecs0k7unh8wvw9c88jzs78z9,luna-aust,305066324,0,305066324
terra10snpprr66u3e0npgd5wpfve6xxtjtm9v0p7wp4,bluna-luna,13912584,0,13912584
terra1ufq4wkxtelxxjxtu79htw6vlrxl8snzmc9ju0a,loop-ust,1830514,0,1830514
terra15rthx88q0hg7dvwt5292c5l3v2xl9v7xh2wfh5,luna-ust,395448012,0,395448012
terra1er9wqp54gdkx6z9wv74txgdys3ex0sk5km2xqj,loop-ust,1997742,0,1997742
terra1glthwyyj4zdu7hgqzr0fq6u2s62datcdwces3d,loop-ust,2657664,0,2657664
terra1eqf425wkuz58rsjh9dlkqqfmwh66jjmumh92jt,loop-ust,429785933,0,429785933
terra14t4q9s0pp5vd8t372ax2gtq9340danjanh7m7q,loop-ust,1100151,0,1100151
terra1uuqt9pa9mm9wfr5n982efe7a6s5xcu0deg2hk6,loop-ust,42538219,0,42538219
terra10w7h8lyq3eg28df9jeh66mf49msr5xj0hn63fn,loop-ust,3011593,0,3011593
terra14ar6wfwlugcktkcvk2y953egx5g3963fptcwm4,loop-ust,10437296,0,10437296
terra1gfyar9l7e8cngnkyu9hvpx5840sl7kr5uqtagz,loop-loopr,36753717,0,36753717
terra1wcaw48j6sv33kh4zfg8tk06pnzgpsh03ctc9qg,loop-ust,34962372,0,34962372
terra1vkh2plfdllv4n36h8dvrhsc855gmcy0ca3s86w,loop-ust,49745282,0,49745282
terra1u9p0cd7f7e64sg7uyh6nwp8r03907htc7weupc,loop-ust,1841227,0,1841227
terra1u6sglunxq5rettw20vjlf99gzss8c5rc30ndv6,loop-anc,389924047,0,389924047
terra1slsfggvdmawqqn09v5lla0xs4745vkzpv9kyp3,luna-aust,12438116,0,12438116
terra142z50x665v8g7eth8vm42m9d2lys54fu8p0ha5,loop-ust,762763351,0,762763351
terra1rdlrralnh4emxpzc00653n5k3ucfs4fjsvmg48,aust-ust,756514842,0,756514842
terra1l2yecxsqw7cuqxjetcp2ssjwgglcdgc5afc9nd,loop-ust,889753,0,889753
terra1a30f95cvc2dkydju2lytdlyylddd8smh3ax0ur,aust-ust,283463221,0,283463221
terra1nn733ll02ac8jhhgnfz66zjjdhkhqmt79a70qw,loop-ust,5474243,0,5474243
terra1qhfmncs00u53vhze5agq524g0ch47mlvxj8wqr,loop-ust,8931904,0,8931904
terra1xwk5vzknyula2shhd6y9ltyl07e0pch3jtesgm,loopr-ust,30894105635,0,30894105635
terra176kymh3v2psnsjwvmtxrg3fnxwhjsf4n8r0tem,loop-ust,22395088,0,22395088
terra1wsmp5w6s0u7l668l50u4xv459zr3kgyfxmp9m2,loop-mir,155076371,0,155076371
terra16757nu9x88tgrrglea2f4vcnm8e27h3tmyzlya,loop-ust,1802912,0,1802912
terra16z45nfu2qhpz695sfts6z8h63j26m4y9vjf7ch,loop-ust,5678563,0,5678563
terra1xpszhf5sa74yr2xgk463swqd8g86dfe84z9cmz,mir-ust,330526533,0,330526533
terra1y2lhpklayk4dueyhw4vsp2p7ymnl7lg6q09vkh,loop-ust,50585098,0,50585098
terra1aetd3pft938zld60ugngzr8wfmws6qnecfd3rk,loop-ust,976613,0,976613
terra1s4rmea84jp5vrx50jfhn524g0ztprt4huh8uex,loop-loopr,13281611,0,13281611
terra1dqshkscp7x0a68htlaqr4uvknn5gr0cs3twppw,anc-aust,216421098,0,216421098
terra10hy7vlf5xsn03j3jaxkpm223l8l5ncq0vj7rc7,loop-ust,14049693,0,14049693
terra1k29rv6gm9apks7mv64d8ed6g4agq26ks4f5mh6,lota-ust,3339346,0,3339346
terra1nha0fmm22mnvgp7dmqn98wt6xe2znd357jp8k2,bluna-luna,172874,0,172874
terra18jpyl6ywj0thndlyl7jxme3uw3fgrc0rdk6fwr,stt-ust,2730911,0,2730911
terra1c5zahvykpmt7wly892qzm5v42yvhyd5uezlzgv,loop-mir,433120788,0,433120788
terra170jlyef9qa9mgjxpy6jggre3l0vg4alya8sp5f,anc-ust,2463567,0,2463567
terra1mp4ucgcxsjcqvx0acltn8qx0aup9y3tjdvc3pf,loop-ust,52871513,0,52871513
terra1vyk9sc8d4z7lmszl26wnn9jya396qe838ed2q6,loop-ust,864786,0,864786
terra1v0lescctsaxw6k4gnhastyp4ym5ezvy55fqjlr,loop-ust,4272015,0,4272015
terra184l96nczyw730vn56pyqs7qhn63we7s06e8vav,loop-ust,2125992,0,2125992
terra1pff0eydxe637wjfe3rcv89pad9w2ualgexj36g,aust-ust,7856478019,0,7856478019
terra183yf3p7hcv7lczks056h3ulrslr65tzzj6t3s9,loop-ust,94043,0,94043
terra1eqevxetk86ne8k8c892ln4r74ujdzspx9yvw3g,alte-ust,4225514,0,4225514
terra1e3jghr3nuqcc5n5nn9gr4wp8mvegej7j4tg06e,loop-loopr,91276801,0,91276801
terra1fwv2jyzchavk0x260s0a5nmcpud0w4whcm9kxy,loop-ust,1072101,0,1072101
terra1xar9282n9grzq4nurfh8w9x34ju4z9hjayl5zz,loop-ust,1029232,0,1029232
terra1fyx2xvp4nzr88pvqgxx8qt6g7dyynm9su960k0,loop-loopr,16248609404,0,16248609404
terra1hu2h7d9rlzk2u9qhgspgp800zhh3t9vv6w4mdl,loop-loopr,5260286743,0,5260286743
terra1nps7jqy3wcmddndlzpanle2cyj90lekrc7hssk,loop-ust,2606143529,0,2606143529
terra1v7q3xju4a8satn726any0w8zcz95hc408f20hy,loop-ust,142530674,0,142530674
terra1368yg6qu5kjthrdse85x20jet6qm5wppur6k4l,loop-ust,24640267,0,24640267
terra17zftdzmxkdstwjrxg84prd5apdql9965fg27f6,bluna-luna,115119255,0,115119255
terra1ad5cfs5rcxlmhre5mlelduaszchlc3w7uy6vqg,dph-ust,165073536,0,165073536
terra1gmsgjg4rlz2psfeq82cpldx4j65fh9gklscl3v,loop-ust,1941621,0,1941621
terra1w0lhgk3yx4dlfu2r2gck2f4ag4jwgp2hlnj3u7,mine-ust,231257926,0,231257926
terra19nk2gkmu9jv0j97yyhjvv3g85temyvehckjcw4,loop-loopr,9073475,0,9073475
terra1z8jzgscau36mkkqqtstjape5pwjwhtyjva3h3g,loop-anc,253485000,0,253485000
terra1y0vmfnkydf8gst52ysvcv7gt50l7ttm5spu6jw,loop-ust,17236142,0,17236142
terra1wfuddz20c4gd92awdueelzt5jmmeeytseuuwuz,loop-loopr,17090076612,0,17090076612
terra1vx6e3py0s0md6keg4cqhsg4hcnkh9m3d2pmzs0,loop-loopr,175935737577,0,175935737577
terra18jmrmmxdw3dandrmpzdv3gyu3epftark5dh8lv,loop-loopr,128537900,0,128537900
terra1ahgnr69z7awa7h36cdmq4c5dsr4qpg3jjy8s4x,luna-ust,955833172,0,955833172
terra1xu9rtqp4esfq4wl9pca37rgph8lzvv3cyhywf3,anc-aust,282277282,0,282277282
terra1pa0j64rmnpn89wh5dqhgpx5cp2fh7qm8p847en,loop-ust,969707,0,969707
terra17a2ymajw5j09rw023c88jf42c2dsgj9wc3ylzd,loop-loopr,960999024,0,960999024
terra1remaauy2awskyqasea8j8n3ev6xxgkm3jp8vxd,loop-ust,5141753,0,5141753
terra1m2jtx7tfu3rw7vfxu2vrzf2x9s52uzt24vdc88,loop-luna,1157048,0,1157048
terra12esrhqylmjpvt02720dsfqt3unuevp3mhd33rz,loop-ust,1283329,0,1283329
terra1rc8wgx2fxjfezyehmjl9hqzhts6fpr3gzsaztk,loop-ust,87264786,0,87264786
terra148nujtmq78eya4u2nk4955p2ewwk94uhpw6hde,loop-loopr,6278539,6278000,539
terra1fda9gmjq2ajq8m5mmp68s5xnt5lwmpgkgrzg9c,loop-ust,255242980,255242000,980
terra1apft7mmts3lsvm3qnvlw3ma7xmzk8cna5clkf3,loop-ust,122304574,122304000,574
terra1mn2dr6xht5t9pcrj7wgzr0jkfak590tltqe8f0,anc-ust,480961052,480961000,52
terra1evkfrhk3vt2vptjclkkd4927zjsw0yvpptr5z8,luna-aust,630083411,630083000,411
terra1tm9asgjq4r5gwy0vf9wfe5qp3hyym6xyu2q6vg,luna-ust,1370181821,1370181000,821
terra1qlyxvt5glsltca59d26ddm0xns7de5jm36fgxx,loop-halo,21404715473,21404715000,473
terra1dkc3rymxlnhxfqyp7yrx7gxmnzcpfj4r0ea55y,loopr-ust,957344052,957344000,52
terra1f3tww2g499na04nw628k68jeghxv869saynjux,loop-ust,491534101,491534000,101
terra1dpjl95ukyjed2dwdesm9w67227y0xl865wgumt,loop-ust,479709083,479709000,83
terra1k9gkm5ppr0clskuwu4u5fa8nt3w9dtx6xxdxsy,mine-ust,4731691777,4731691000,777
terra1qhlxechqyz3uf9tyvqfz7sqk3mj00als8jcpl5,loop-ust,17094138,17094000,138
terra1am02he854rsye9d20dfe30vrssh3pajtkqnefh,loop-ust,58756707,58756000,707
terra1zcsj3slrulv9lpjnf0wvrej0e8dx8cydljf5mx,alte-ust,93078679,88091000,4987679
terra14mae758ckfd58ansgscv3vfu03pv3c3n833j7m,aust-ust,9040125608,9040125000,608
terra16leujlee0kazya5vuf6c7ve89lcc8u5wg9hx88,loop-ust,1944147,1944000,147
terra1mtza8vx5vxry87h73j64n9vhazayrlcwz0ffs9,loop-ust,86983324,86983000,324
terra1xkg7t34ss5u4p3k56jrg2j9p8fpy6uaxvmhn6h,luna-ust,1198562,1198000,562
terra1ckgpfgkjwufshkur9ly8hx96lzu8alzy368c3l,loop-ust,159430821,159430000,821
terra1nzmmgg6lf7gjpx2r28a9swzyadp6xs047zrcm4,loop-ust,7250686,7250000,686
terra1zrqp6quajk379kz8s8yqvf3p7q6jyxnfzk9hgu,loop-ust,276711594,276711000,594
terra1tpf8turn87r6gyyh00x6nlnj75cj3nju8kytu0,stt-ust,68505359,68505000,359
terra1flas3l4p2pfn9kjullmk8w7eykle8vhmxwxway,loop-ust,4498862,4498000,862
terra1ukk5r6pm678s9vw4v62020rwwlncjmmkpfykzn,luna-aust,8069454,8069000,454
terra1tmkfhwz7476v2mfd5ytu38f7mnpy05krjks4qq,loop-ust,1054850,1054000,850
terra1dxjsejvagrycrktc8sa4ra5kg2h4tf7y2zha04,spec-ust,4225646069,4225646000,69
terra1fcrmzxaehljfnfx3x27jpwtg0l0wwrz9k68gql,loop-ust,3965693,3965000,693
terra1nsvnuyrjprfskacjfyt5zzfvaww0jg0g2clmhc,anc-ust,208755586,208755000,586
terra128zm42u7ze3y5cnftvu5ewlf0j67kwcmkqg6pc,loop-ust,123392354,123392000,354
terra1uew6czvw0azw2kksx7fdn7vqpmjwhl47ujayfh,alte-ust,9024559742,9024559000,742
terra13rtc0psw6dysq9g9n2fg422qp6qs6s80dkdnlz,loop-halo,35546592,35546000,592
terra1ec3e2waxxwqcapdy3j5m5fev76dq3cssr0k6k4,loop-loopr,1129942903,1129942000,903
terra13s23xnm2sa0sssdhzleqzgsx85tax3szxzc2ep,loop-ust,444762965,444762000,965
terra16mwunwenlwjzrp4wdgp3a6uz90rmu09nxmm882,loop-ust,537783250,537783000,250
terra1xqx9r9cavtg4y4yhl3lvfgwhyn4prz3hlxspqs,mir-ust,908052977,908052000,977
terra1kpdv6cnyvfhrpmde6dtcu4j08m7waz4xsxc0gm,loop-ust,6231991117,6231991000,117
terra1u376xnnv5gg0j5s9lp2v6ecrh0ranr32wma806,luna-ust,31780464,31780000,464
terra1mgmcztfm8vvmfdmtlzk3n523vqm275j7y2ymz9,aust-ust,918233263,918233000,263
terra13wh4pyt2vzyfudycx2lthsgjz92vz3fg7gekma,loop-ust,25888879,25888000,879
terra1skymv89kesa7ufdvyemy7wt4u4t0dqxexcjsny,weweth-ust,475228,475000,228
terra1k3t49z82xz69cterqaae3jfeq9s57grxvxnw3z,luna-ust,37663617191,37663617000,191
terra1d0r2pg738c6u3l4jrjsgw7w7xlxkp7fcqeek0g,loop-ust,79734562,79734000,562
terra1l7njp050gcf0y09xektyhc2t8r36vqju2fxz58,luna-ust,350620702,350620000,702
terra1fhj9spmhx7n0xfha3qg8yuaw0nrr7x272anrhg,aust-ust,947416251,947416000,251
terra1lyqwjwxx2y3f2qcshu5ppj525gpqh7lk7eq0v6,loop-ust,15254321,15254000,321
terra13dngkf2jvuctrvd6am35dvlkq9rd0n4dzyqx5n,loop-ust,9171472,9171000,472
terra1cpcwv9m3tqswmt6nr2z4ausszdtj0xex3wxd4q,bluna-luna,106563973,106563000,973
terra1r2p5y74lxdmxhz27n02x7sl887hcmk8c9js8d9,loop-ust,139663167,139663000,167
terra1k5safrju3frhx67qwektg4y7qslxqyntkfptke,loop-ust,3991260552,3991260000,552
terra1m097kcrxe7s4ty7mfyghwwxxyww94k25nyatpt,loop-ust,122326871,122326000,871
terra1je9evan4ehc83tg6lurdyvaf69ym9enz06trl2,loop-loopr,9530204742,9530204000,742
terra1cd2av57svg933zf3mzv97q3lpvgtk69pjlsy3p,loop-ust,18381294,18381000,294
terra1y6785t9u6th7umecp3506hz477t7t4rtpj3056,loopr-ust,34101871,34101000,871
terra1gr29ms8ghvgtncxz0zaqy67e0cvjpyktffltpl,twd-ust,4448265117,2297181000,2151084117
terra1w6vjdtc42rlr05m8r2a8uadumncqx4xj6sm0vg,loop-ust,77746644,77746000,644
terra1qu7e6t7maxdzzv4rcwga90f3l5dudagc6exvh4,loop-ust,21203236,21203000,236
terra1f0p979gm6evwkhz8ahw0vxvgsjs3gtf4ff0hhn,loop-ust,727724209,727724000,209
terra1pqvdmtxs6l8h3mf7g33sk678p0nfsglstnxepy,bluna-luna,9869487715,9869487000,715
terra1dhathcr08gq93vy58ensssan22fn9x3tn8y2x6,anc-ust,945861692,945861000,692
terra1z8p20e760ldemq76e3z98gpctevmx75n6jwj4l,lota-ust,30383787,30383000,787
terra1g42fxqrlyvq2kf9drz4clgh5j0cxcw468emhvm,bluna-luna,13988148,13988000,148
terra1dx40uysf666qtgzlfhywmxem77qx4gzzpmmk8h,loop-ust,215040596,215040000,596
terra1akeq93n80zy8fmv5lyh79esq28f363zrnkdshj,loop-ust,8397341,8397000,341
terra1dfswf35hem5qpuj3m2532mc2txerzw29k9mwn4,loop-ust,22474187,22474000,187
terra17s6ts2fqhz79nx7axsplw9dpclp70xvdwnk3zl,loop-ust,22717159,22717000,159
terra18vu43g00snrshzylr9t0f6yvkpw5s09wxasvfh,bluna-luna,142045411,142045000,411
terra13ldjvh8tk4vk0agkcnv6dv0zg5p37ga7jpe527,luna-ust,3906803,3906000,803
terra1afkcastumdf6rqvh6j2d6h2lmuemsy2yun5dhu,aust-ust,635030416,635030000,416
terra1eaj0q6zusdkn4c6wn3g0vsd2jpxtn7fnle448a,loop-ust,25874423,25874000,423
terra1dha0256a5lkhhg2p309jvypmq3w55z82rjxzyd,loop-ust,513681500,513681000,500
terra1s4xh3tzrq9dvrv0cjnlxv9q05j4enazwk2pxnp,loopr-ust,105960732,105960000,732
terra1eqtgyy9ypywtyttf8jeknu3akhk7q2pxktul3y,mine-ust,337531805786,337531805000,786
terra1y4clgfwfj40q5jgmwjlj5392n089ze5tq54yj0,loop-ust,118193494,118193000,494
terra13tptqndvtg2sa4gakfqsgv9stwcyf9s804ytmq,loop-loopr,1124871830,124871000,1000000830
terra1esqya5tshk4haxvv8rfvxqr8dss6l9ajmm6z0m,loop-ust,264973484,264973000,484
terra1gmpsjq4wn6aw3e5a8xq0xgjtmhzhyc3cxkfwdu,anc-ust,183024682,183024000,682
terra10puch4xawtzqgvja36zxlve8qukfrlkkm8vkxj,twd-ust,5755157,5755000,157
terra1qvmsm2hjmzd4zvxfha52h2cwlhdsut96xvvzyd,stt-ust,77863710,77863000,710
terra10rl2mx70v46d22fex74rdx6zx0xw58cd827lg5,loop-ust,15010459,15010000,459
terra1366t8m7hljga99gmm7g8wxchc974zyzefpqts2,loop-ust,10963617,10963000,617
terra1jaskdtwwdarrzy374cgnw6ttv90nyzd8s4rns9,loop-ust,772646744,772646000,744
terra1648cnj6mxgww4ldcu2w25hwnt3p8r9rfswdemy,luna-aust,166651916,166651000,916
terra1c8nkle9q005mvtrvsjrsnhqmg2mlzumtfzhhf5,loopr-ust,6543256,6543000,256
terra1uh37lsydrup8vqvvttd53qwj93ft9x7572g62q,loop-ust,16414717,16414000,717
terra17vxwt4ycl6k4cm5uqlfp6a0fd5jqjasy6z8rag,loop-ust,1749051948,1749051000,948
terra1epjlshpgehp2k4umqxxav99n2z3chkc2wlwk3g,loop-ust,298297609,298297000,609
terra14tszxggy8f6ps6gqeperw5kf3zrhzafp7p3nz5,loop-ust,17443922,17443000,922
terra170u6ycat3uszq99xj2wgyfysukwfa5r8kguckq,loop-ust,9928603363,9928603000,363
terra14qecr9mg8s3z94vr7sfaht353j3yxy2jakgf65,mine-ust,327161769,327161000,769
terra1znk4l3fxk09fffdwjyd3hxyz07s9pxsyns3w7l,bluna-luna,104600601,104600000,601
terra1u7e78dxhyhu580cs5hd0wlgh9cfqpp2s2p0t0p,loopr-ust,11132452097,11132452000,97
terra14p8myk39x233p6j3wngmnnwvcynrcwsxkzgelx,loop-ust,116770609,116770000,609
terra1xwrhqum8ap5nm3dhnzz0ne4fdhm883k03swemn,loop-ust,18018381,18018000,381
terra1xslqaxmf6qy23lpkxwpv5k3akajgfcsa4jq0vp,loop-ust,1201562289,1201562000,289
terra1rrkvkz9uj7cfkcqt4fyeyhlyexhvyuc2jt6svq,mine-ust,288106379,288106000,379
terra1lwxzlqr0cmrj8gmweu6pa9mkmkagxy608uy6fp,loop-ust,919296,919000,296
terra1h7ltcpetwcp2u4nwrcp4qthct8yunss9phnvdu,loop-ust,36352215,36352000,215
terra1caz4sp8gpzgkfheml0l7d78hxxxzh0cmqyln6m,loop-loopr,575676306,575676000,306
terra1rfkr7nxngted6lyjm70vr3scskdmste4tgux7v,loop-ust,85603810,85603000,810
terra1kmey9x5acr4nk4kxw36aaum9cuewxk403275l2,loop-ust,5305878,5305000,878
terra1768k3j3sxmmujfzru4tfz9ky3hel9akh7pahwl,loop-ust,64115419,64115000,419
terra1h0ftp97hzm8fxux3pu4vkpv0m7t2rnccka7dkt,loop-ust,939924359,939924000,359
terra18xwg8ez8tgqaaczu7mk8u7rwnktlmrvcegx4r0,loop-ust,1782648670,1782648000,670
terra17wganhk7hrachr33prsd6rtya6kwmc85vllncx,aust-ust,201045672,201045000,672
terra1g5lewfx2u2hguhhhqsc0hvnxk06pygr3lkrrnm,loop-loopr,496356617957,357944699000,138411918957
terra1cdljd5myaea8ddhedp8mw08edwfxxdueexhh7j,anc-aust,5525497392,5525497000,392
terra1l62yvvjhnlh9gjluutf8zmcaxnn6qmpjgf2xfk,loopr-ust,935028607,935028000,607
terra1lxytm6m6wgmjvg8hx636e3pz62jmkasp0nwuep,loop-ust,380604328,380604000,328
terra1pe3j5wnkp6nk3297yxn73rgvqf50uadfkc4v6f,loop-ust,405279335,405279000,335
terra1yp68fh6vwhmrjw3sezx7vnak2yrpaz9fthj0ws,loop-loopr,428276005,428276000,5
terra13ptvrc055kqt423ufre43qjrtv57gg4pgywclh,mine-ust,743022687,743022000,687
terra18rglg2542u5gk8fuw7n96xy29qhqk58rwea7d9,bluna-luna,9062242,9062000,242
terra1u34mpua4275h9m0r3x392qjypupjc26kyccsfn,anc-ust,626546571,626546000,571
terra1kva4uw5v0qjg4g4xh8c3krg9ur4z95ecy22gjs,loop-ust,1091075047,1091075000,47
terra1awmmperm3xxeukz00ck93lt6fx8sqf9ez7rzx5,loop-ust,230756834,230756000,834
terra1vfyytd3jqr3eg9v285m68p5208222nr7hkdpk5,bluna-luna,243156677,243156000,677
terra1phcnnm545sur35a38g8xnwgj0hr807vcf507uf,loop-ust,74972979,74972000,979
terra1vca79fjt0n2mqegl9jctg32kcwhyp8zjq9lp6d,loopr-ust,41076835,41076000,835
terra1axdeu32y6u5c5mc4c004krtxryu3dxaywmnvkr,loop-loopr,21594794,21594000,794
terra1hll4ed97d9dav3s2duqurgudjl4ph32gqmd6d4,anc-aust,16242341,16242000,341
terra1689ycl0kercak7jhfze6dxut9h7ql3yg74e0kr,loop-ust,27381733,27381000,733
terra122fmdd26gmk73dm3gmkdna3ftnugxs25gyzk0d,mir-ust,267516503,267516000,503
terra13jcltts46uw8zn2uwep26em6jkcr7luq4aj8k3,loop-ust,15992256,15992000,256
terra18tznek6zzxswss0gguuuq44ngrm2ewqplj5mht,anc-ust,607090632,607090000,632
terra18tznek6zzxswss0gguuuq44ngrm2ewqplj5mht,mir-ust,377403005,377403000,5
terra1p6efxha3kc2339wrys2k7rnshv89a98g55uvhk,loop-lota,98403758,98403000,758
terra1caz4sp8gpzgkfheml0l7d78hxxxzh0cmqyln6m,loopr-ust,32089843359,32089843000,359
terra1q5grkedwa9f3u36uxmes2d9huezxmldkw7mmxv,loop-ust,7094293,0,7094293
terra1d20klqsfyx24rmts8c6mzhfeh8lrj228359gaj,luna-ust,15479532,0,15479532
terra17q88zv9uyyrylxq82lu6cez70yw8eun52peffm,loop-ust,113046584,0,113046584
terra1l9ug5nvrjug5aaspmc5yzp5deccsvah57mpt6w,loopr-ust,23872428,0,23872428
terra1uxs6ea2aguvzqt6png3mdpvsq63n29wulp29sh,luna-aust,21386486,0,21386486
terra1tjtdptdfaf826n3nf9wwm2p3qrp0wdd42q0k7s,aust-ust,896914453,0,896914453
terra17fv9p6hsfa8r7dkjjqxhe4nwr7js8rce6nqm60,loop-luna,4580880,0,4580880
terra1tt2zut064as0lentuhs5ccv940x98f08hucph8,loopr-ust,96772443,0,96772443
terra1sdgu40vxjf7y3h2nq7q8ujmdzfufvdaew05de7,loop-ust,2146457,0,2146457
terra1s2vfv9xpng4xetpaptn2ftuu6aw0vzcpa3exyc,mine-ust,108638384,0,108638384
terra1crrjsefc06j5q6x5euajr75588lzq8gmff8m5p,loop-ust,1211621,0,1211621
terra1uz97fjjmmjs9gfqm43ke733xa69u8lf4kp2454,bluna-luna,22398140,0,22398140
terra12nskd9gvhq0y9k5w4tfadlarmwtur60urrwd08,loop-loopr,15904808783,0,15904808783
terra1gz04x63fh3wj3gwemh8699kxjf2ysgtkzt6p3v,loop-ust,456481,0,456481
terra13t3xse5u0q3pjydh58y92pz8vstxvk0sdsqkv3,loop-luna,58745219,0,58745219
terra1p83wlm8m8k6ygafvj9uugem4uy6mmw3u78wgjy,loop-loopr,433865224128,0,433865224128
terra1wtzqnf6hddp3xv0kkxxmh6rtnjqeezl6uxvkrz,loop-ust,1310043,0,1310043
terra1jnmpels3yxwwj2zqduz0nktdpr73r5uude5ax6,loop-ust,856940,0,856940
terra1s9wslu3u3u2e84jjxks60j43wpml50grk6qfce,loop-ust,1004869,0,1004869
terra1n6rd6n2mesnssg9y33jjwp27mu9khnwnecsxxh,loop-anc,93067223,0,93067223
terra163wkuge9ythkvt9dga386cesy93y77asd40ffc,loop-loopr,4283980710,0,4283980710
terra10f9vwvy0jdhdegvyq2rc5qwytajluppelncsmr,loopr-ust,32235083,0,32235083
terra1588tc80cmf0nuz9hk4rgcuf7pex5zck0hmf34j,loop-luna,805905,0,805905
terra1rlkxyjp09kn4qzr76slljy2dpmtlhrdezgtsn6,loop-ust,1924371,0,1924371
terra1cwppftu9kj8ru2e5gfeyflgc2x8wquj5nn3yzs,bluna-luna,11053286,0,11053286
terra1g50yf62874drk992hqfl2h2al8cerrkuq0j43h,loop-ust,41837782,0,41837782
terra1a2pe59s8amqyynj64qf2x0cq5s627c2c04rvvj,loop-ust,6980580,0,6980580
terra1mul7vmaugvt6wv0yma0qplp52uvs0xez8ctqwd,alte-ust,9054246,0,9054246
terra1rhu5zmh663x45ea5w404efevyzxggkrkxmlt6a,loop-luna,77013088,0,77013088
terra1sfkdg5zu68tyxh5409fee5sdep5qcg8dczdcpf,loopr-ust,101631983,0,101631983
terra1mjmgsrutjkh7jwd0h9djp2anjsd4wktk32e37c,loop-loopr,3634555872,0,3634555872
terra1urnwzmvu0uk9vx4pr8hm8ls9h7hvgvcd8n7lgw,loopr-ust,360379320,0,360379320
terra13ldjvh8tk4vk0agkcnv6dv0zg5p37ga7jpe527,loop-loopr,69493207,0,69493207
terra1kf53a6kgxxqr70sud92f4n3tff2ekpkkzf7mc7,loop-ust,1042743,0,1042743
terra1cc57jf6tf75z6868kml4hhmj8tkwapvtr7wcaj,loop-ust,1148257,0,1148257
terra1m58t2wl96w882fpx3glsq42x4v22cnza80fldn,loop-loopr,81166360,0,81166360
terra1u9axz3teasdy6ugzqn0wde2lhqjnmuemrszdy3,loopr-ust,28763837,0,28763837
terra10hy7vlf5xsn03j3jaxkpm223l8l5ncq0vj7rc7,loop-loopr,111730764,0,111730764
terra1uk9mvnegzjf8jz7695wu4g6fm3fdw3vgx7x9tf,loop-loopr,96724540,0,96724540
terra137f9mdezvd7fc9rhx56323f8tgxrulj4x40wku,loop-loopr,121917492,0,121917492
terra1cg8n2fmz6kwkpp5cqe75ccnl4gec484ckdvurz,loop-aust,11071414,0,11071414
terra1sk9cfxsl7meuw9h9c7607ws7vgc5q4vqk62yra,luna-ust,127345199,0,127345199
terra1y0ef2qj0e0pyyn5htdk8s8tntne6wj5xylyhrs,loop-aust,176931116,0,176931116
terra1mjzarcjrs6hvl2wp0pnaywl52w03duxh0nad8y,loop-ust,4746835,0,4746835
terra14ftfdhjwyyg4xpzxgd6kg5wkhk4lgvpfxhh7vg,loop-ust,4323207,0,4323207
terra1ckzhzyr3sjawupxetk4rspfg6wunm74xpt7ptr,loop-ust,11906428,0,11906428
terra1ru6q6ma0aacstfsvyg7ne9s5q29enypqudm3k7,loop-ust,440222,0,440222
terra1mvwnl7lh0dse4s2y6ml2s5vnxdkz9zddf6mrhr,loop-ust,3002183,0,3002183
terra1gu3uvw6yxvyyw843j5epjzwt9msuc9tcf6pl5z,loop-ust,2890318,0,2890318
terra1m6l4gjhwv8jwcnh7w8yuxk7kc965x7vp9fhqf8,loop-ust,105034032,0,105034032
terra1lduyfy6edek6xavs76kuew9zptul5xt9jv6ql0,bluna-luna,191596499,0,191596499
terra1g08nzm9d34yfdsey6qa54gvfglc96sp6khseaq,loop-loopr,38983068,0,38983068
terra1alsdff58lfvy3cn6tqahqgwp2l84mg3g7q4vcr,loop-loopr,1901523533,0,1901523533
terra1wjq9j2wj6zcgzl66er9gu3xdanhpy5xrr2vppq,loop-anc,1437459,0,1437459
terra19vhnd4mhqwug6myquhcd53wdu4ern28esyt3kt,bluna-luna,189183152,0,189183152
terra1emqj3z8yvk0vh6u0m8me2f95kwsg6652kteyhk,loop-ust,4837828,0,4837828
terra1ya9ua8nuytnpwe5wydfzhal7gs0u7gtdwh20af,loop-ust,1858967448,0,1858967448
terra1ssyv547m760e7u62hszhlkr8w2epl53werfjh3,loop-ust,4351002,0,4351002
terra1qys8vkha2ledyltk0kp2dj9usvvg657xe946wy,loop-ust,1649080,0,1649080
terra1qwr93pwzksumency0rpkyv2r52sf5xpa6mwzjv,loop-loopr,129928398,0,129928398
terra1yewrfvm9ysh43p3rwqy9swj7sa4c5qef856a2k,loop-loopr,4677374441,0,4677374441
terra1ngh4ttwd9h5rjqu7xave57whjvmnjkyumv5nm9,loop-ust,443651,0,443651
terra1xhvkuahmqdqhme06ecjaekafwltue3dy8xt2vr,loop-ust,35875192,0,35875192
terra1sl3dkk79uh7xxnql2fede3zqfew8cmy4c8xs58,mine-ust,3315032980,0,3315032980
terra1mwpfzmgtdejchkpye9u9hc9fk0s8ae9jywsmmj,bluna-luna,499780090,0,499780090
terra1zlhhq9qqcp6r5fl45hsk9fktdngmx602rheu8e,loop-ust,114970516,0,114970516
terra1vf54gcfkquh6akeeclzt0twwr77kxwsk0q0lnd,bluna-luna,63930480,0,63930480
terra1de2gx29em2yws099k09axe3tl8f3wa0xpz9uxf,loop-ust,3190442,0,3190442
terra1dlurwarxj3dj4fsl2c3xf00sdsksemep250glv,loop-ust,4549428,0,4549428
terra1q8523ksgfs5cwajzu6e4tqqua76jv0sar44q6y,loop-ust,33361171,0,33361171
terra1ctu6a2vq7yat3rkev064chpr4pr0h0cswxhckh,loop-ust,84435,0,84435
terra18x8hnc9pl82szcpyge2ee5mhj9zqnyhdgqxs8g,loopr-ust,31193632,0,31193632
terra15a202ephmsdmvcda7280hcmeduj6nhm6w4hx8f,loop-ust,1029256,0,1029256
terra10szgw0gmzua5caj66mhrfmthklrvh5v9cm5s5l,loop-ust,8004802,0,8004802
terra1p00nks9jfhytdguqpvf8nysyvced7prwc6f4h7,aust-ust,419883914,0,419883914
terra1s8hkpgp26d20e2gduek9rsxdp6v7w926nfpm27,loop-ust,71984,0,71984
terra1pz2m49sdl4a2ttagjzrcyhjcalnm3q8daxt5dp,loop-luna,2562325524,0,2562325524
terra1lqsg0cljvedv2a49vgyczdk9sftudqtczlzv7e,mir-ust,22996235,0,22996235
terra1et2acuc8tagljmrz9ttxxsu6cp6d82jmz08r8v,luna-ust,28925750,0,28925750
terra1fn4cd5zptstj6gg9ascw9uq5f96c5rw035y33x,loop-ust,1616832,0,1616832
terra1xpptrzvy6st8w8g8pggtf2n8467qhpzqx0af20,loop-ust,1789329,0,1789329
terra19p3wlf55se602q4cptgq7lqfeh3mtr0k6gxruj,loop-luna,12096168,0,12096168
terra1dp6kce20gc023msx77f7rc4u7499c6eezg89ga,kuji-ust,1015126678,0,1015126678
terra1akwqelvqhgaxq49jvnl9cnamzhlr2n3huc7t4w,twd-ust,937685,0,937685
terra1l5f9ngw87lwhm2a9hpjcj95knuv7eul23fhz42,loopr-ust,28968505,0,28968505
terra1vgxjyzp4mjl4v82t78x4s9evhpdnm2qfgqmvet,loop-loopr,1183274459,0,1183274459
terra1s4s53gwhnpyq3ejjcavm2y4h23ja8t4a8c846f,loop-ust,3112499,0,3112499
terra159uavn86tlvtelfe0fml3t3l5g0zge49w53825,aust-ust,266962802,0,266962802
terra1w85zhvt8h9v5v0sj3gr3fpfk5z7k3k4xvmqszj,loop-loopr,4615242947,0,4615242947
terra1x0dadx0etd0prpplacc9thzeu8svld093n4ed3,loop-ust,400424,0,400424
terra12kyuy4sqrjwxpq6z5qp4rn6qhh0hd8y23g49lv,luna-ust,790063,0,790063
terra14300dj55utp96vqsny495xm07ys5k9tuyqjs4q,loop-ust,3243554066,0,3243554066
terra14vathc3czcd8cjsu8qauv5xyyt3r96k5f0n9sg,loop-lota,350047526,0,350047526
terra16a6dvz4dgl9lurmtua70zc8gd48smwelf4lpqe,loop-loopr,1950745188,0,1950745188
terra13jksazrvgrj0km8s5ra62gpwuxw2y20a3qmk6k,loop-ust,26851482,0,26851482
terra1s35nuqgj9lsgm5e2w39gswpnt2r0zeca74gspm,mine-ust,143445702,0,143445702
terra123nt7draq2kxsn8c3wv79e33s4u2zk0ld9qn4w,loop-ust,6882086,0,6882086
terra1qvklj66qrpkmldyhcd80fyf4quttju006sssku,bluna-luna,9008,0,9008
terra1pzf820r25lw6q55749c8lxm46qg7k2ecvvrjys,bluna-luna,1912327912,0,1912327912
terra1rr5u7x0q0q9g6y82jrvyu3464mpyp5mrnkzklm,loop-ust,4117188,0,4117188
terra1a3a0ahewutjz8a5ttg2q6sd28zq7u7c3mk02r9,loop-ust,1058384246,0,1058384246
terra10h38tj53dcznsxt2nl6vle98tcwujsenh6se9f,loop-anc,65709914,0,65709914
terra10752r5zlgd72n0s6yj5mh3ttqu2ewxxgwrqrk3,loop-ust,7366151,0,7366151
terra1cwnp6slkunhqcuwhu3sjtgjzvhcc69wq55xz2j,loop-ust,2529505,0,2529505
terra1fyc86fvp5kjnq7rr62ufajhmfrxkxhnptw5ckp,anc-ust,161282519,0,161282519
terra1q3n9cplkj0hsd74gl50p9xmlc0fzw9gf6va2ve,loopr-ust,29015501,0,29015501
terra19al3zuy3v2vfj07vs52ny03hqzhguqxqzygjkn,loop-ust,2073450,0,2073450
terra1r4he2ynwtkhm83aqc7lej0s2mtuy392960dthn,loop-ust,39890214,0,39890214
terra1aul0a0nnssf6zhr4vr4rqlpsjmswk9n494g3q5,loop-ust,285975390,0,285975390
terra188nxg6x5tsqlstuwedhcje3qv750yskw9g5m4n,loop-loopr,2723809698,0,2723809698
terra1065gzmedq0fpxuelr84n2kaq7z4qqm3dpu4hc8,mir-ust,2090089777,0,2090089777
terra1y945wth8wmycp0ewl95cwdppcg648xgc5ls680,loop-loopr,1657828646,0,1657828646
terra14rre3nvzja4mxedewx4wz4f0kk5uml9wjcf6k9,loop-ust,956716,0,956716
terra17awajeye68v8ljaza2prnyqy97kadskkq949n7,loop-ust,809763,0,809763
terra19l0t9rexg49tpecv2phzgtrvxzle9j8hx5j7xn,stt-ust,317461487,0,317461487
terra188lx8naxs9h7n2ql3mu9ppdy36f38angyx98gz,loop-halo,6204698830,0,6204698830
terra1w7z4z3nhhxcdae5rlrzg6rnesua3s6awxz0nah,loop-ust,8419670,0,8419670
terra1ye0zfl3garmfwejerc5p9zy8jjeny8s4v4lnkj,loop-ust,1090503,0,1090503
terra1q06y4n8hrf29tcdvdtmdwc03nf9s54sgphn2lr,loop-ust,336656308,0,336656308
terra1xkd77lukn95tggkrn8tkae9nnz5pp536kpltfx,loop-loopr,3906487625,0,3906487625
terra16r0n7d5zulg2yf7lpd8jxxgru7pe9x2hj64urg,loop-luna,277435013,0,277435013
terra1kva27slnmtd2cxr52yrelv0a3gyck4g2gk6taw,loop-ust,4343942,0,4343942
terra14sgv38zv0sus43yg6svh4m3n84zsjlnnpkt3c5,loop-loopr,196399942,0,196399942
terra12r9rf22g3s3h63q5r3tv5u4xp0u9fq6vmqn5a5,luna-ust,114782876,0,114782876
terra176ny30yp36dlad2qqtyx9dzkm40dxyjrml35ga,mir-ust,20345173,0,20345173
terra1d53s3tt2gt7wz2rspn9arwvk4m78sqkdyphcdn,loop-ust,1590155,0,1590155
terra165h3dwv20k3hj4h022c3cnjurnr0046ke8ceww,loop-ust,422633498,0,422633498
terra1g9srkhvmfrnsly2p66ycgwulvz24rqhwwxaug3,twd-ust,23821214,0,23821214
terra1zd24quy2n3mmtn226kpwdm7ywgpt8v05s2hag0,loop-ust,7280486,0,7280486
terra1436w3hauz566ka3t046z4jystupp5m5yk2vg66,loop-luna,7182517,0,7182517
terra19xzfcucteva5qfhfga6un0h0a0zs24v8hyzc9k,loop-ust,7326,0,7326
terra1txpxlvydkqmpxpawc30d7fvv99pzlcc5m7twrv,loopr-ust,62622865,0,62622865
terra1cgcu0qwkda49xhlgsuh4k52prjgu6prjs0td76,bluna-luna,19946721,0,19946721
terra1g6t59chu3v94vgz836n38qql7sy9eajztrpp8u,loop-ust,22688185,0,22688185
terra16zpuw0x48wwtlwqqr6a3dx3x66yp75r9akxmls,loop-ust,18965797,0,18965797
terra1ygc3zxnuadl95cpxgw9c8ccdp4zdhh9j0cyw7d,loop-ust,8752595,0,8752595
terra1a5sgrc9m322k6u2dpckn44zpfesf5har86nn6s,loopr-ust,27790374,0,27790374
terra1a3w3rgpsudlv8e3ry99vwrqam79mwaxv5lea77,loop-luna,18284473,0,18284473
terra1kfvearjh42kswk7lpcze3lvewmdf35pgkydt2j,bluna-luna,22421548,0,22421548
terra1tn4gxvy5hkdfc4k2ds66f8whyk7dp5ujse008k,loop-luna,30900296,0,30900296
terra19vjdtwjj4pfa9rkzd5zngmjk3kgknwnztqk4ru,luna-ust,73236586,0,73236586
terra1ec87lxlulkpdqu6yrjtgng9hku498yp5nqkqgu,loop-ust,22770413,0,22770413
terra17td58d6s3ln5yyxn973ry42nmp72qkq074t0ax,loop-loopr,1355996043,0,1355996043
terra1437cuz60uuaf4as09y40jxwgeestpd7jfyazwj,loop-ust,2528958,0,2528958
terra1nl25qsvpy4cahzge8vexknytc2s25xl2c2c536,loop-ust,12123606,0,12123606
terra10nz6q455cs4rwgzq7rl630a893j53n4zd3605t,loop-loopr,2265581161,0,2265581161
terra10cn0hy707a76vdu4fqydnxrmlf2jsypsq0klfg,loop-ust,13245635,0,13245635
terra1gp6ghcgczt4g433ec5f7803gdelnwgvtqapskz,loop-ust,100395023,0,100395023
terra1w6dhkzquvurmlv3awxee4cqtxhxma3v4x3qev6,loop-ust,1606714,0,1606714
terra1whu94m8p7ums62x4ceg8ww4pr2c8ujszux25hz,loop-ust,7845928,0,7845928
terra1m3exrclv7amx6y2e97ffsrjef7yr9mm58cq9q7,loop-ust,423310,0,423310
terra1jyyhs2jexmj2jzlp5f9cz5kpx6t8u30ecetrz0,loop-ust,9830578,0,9830578
terra1ymqlctrcx2lc8509usj095xxhvamk9p470ffqq,loop-ust,8560,0,8560
terra1xr0j66zkj405afu5e8jpeuanavtqy2waw89clj,lota-ust,162306697,0,162306697
terra1q9ws9k5h4u8kzrzaczncs2a3nv6exnhr0wdnrq,bluna-luna,8997880,0,8997880
terra1ygs52rlg03ceu26rr2qy639tra8c2s7tp33rzr,mir-ust,1349396896,0,1349396896
terra1w87jrf9k3xdthm53drv2frvks842fug0wf42hc,loop-ust,575767681,0,575767681
terra1kk6wjctkz9esq8vlysrvfnfh5xkvzavm2q8mtp,loop-ust,4382346,0,4382346
terra1hzn0g3twzgexczevlxnq5nd55ug53tl0pvhwjj,loop-anc,49280687,0,49280687
terra1uc0ed7vrmxef66hszkyww5neq0vpy5d9wkukdz,loop-ust,4448106208,0,4448106208
terra1jys5txsdqzj0glatksksqqsr9zvn4um05e65t0,loop-ust,2002771,0,2002771
terra1954xmkusthu30xh7v5re59l8kn75zmm0a8pesa,loop-ust,493222,0,493222
terra16w602trehaw5sefkramywkxv3jshs7d7p7se4m,loop-ust,1379781,0,1379781
terra1uv2ysdh8p6meyzf0xezdgp02cw43jq4ntf5fqx,loop-ust,972280,0,972280
terra1825cy4yx7eug3f6m99h8yqydylms3gyflc54zp,loop-ust,992241975,0,992241975
terra1fd3tmuaygl6u5sr2dl37fy93ye9cs3mcv20nsq,loop-ust,1075059,0,1075059
terra1y84zk22juted56psl6n3l0f495wqcxvrgdtkrw,loopr-ust,20576540,0,20576540
terra13evlyvgzxsp6z29wtqc2qflmky2vg6z9q2r0ux,loopr-ust,385671207,0,385671207
terra15e2507ey9tzsassvkunv695ne4km8lry3h90hf,luna-ust,101678578,0,101678578
terra1jale53pzxzu8e7990y0xs4s3z3uu7dktrekfh4,loop-ust,1429038,0,1429038
terra1tjf3yruj3pmka0h53wmzlug3rtaenk7tnnlee3,loop-loopr,32612309,0,32612309
terra1adrltxum2gfhp52xmhsrlenx6zaeyn05767z97,loopr-ust,10996724,0,10996724
terra1crgrx4cur2rnzzx0cdsfwgq7js0hsfex4mj7am,loop-loopr,701178776,0,701178776
terra1up4462z55q0wlmellptwegyw95z0z0shguuvyu,loop-ust,28321242,0,28321242
terra18mlpl4s462z8x6zp0xhrjsf38hrpm25zeqfmyc,loop-ust,15592899,0,15592899
terra18guc997zf7dw560k6dkwtewehn3exggq3czz3s,loop-loopr,103552286,0,103552286
terra1ykyh70jhdt954kw2xfds28kwpqz5zx2luk76tj,aust-ust,4536493124,0,4536493124
terra1cy5hayf82sln6msx0alvkv474usyxpkmvlvdx5,loop-loopr,22845424,0,22845424
terra138xs59cxzpvlyg5rftpxt0728dv5pnmwk6pwll,loop-ust,1386917,0,1386917
terra13xzrwnsglwnmx9k5xn6rh9w5hu8e0g44k7grvd,loop-loopr,2361449847,0,2361449847
terra13vjuujw6dg3edl7eszv2ca797dlytqxxaegy0r,luna-ust,644451,0,644451
terra1uqc3cp3ez32pukfaslk0c8aupxcpr23376jlru,loop-ust,3595639,0,3595639
terra1npjhfp02znrq8rrssnu97clphuruxdhsqgjg6c,loop-loopr,257088247,0,257088247
terra1pxkutlqac295n959gdh9wrxtmr3edsq0vwjntj,loop-ust,972092,0,972092
terra1c9uwpk23fhn64dmfm04x8qyv0us8nxnpdf77a2,loop-ust,974647,0,974647
terra1xxjwjmqwjtc6jwa0y55nd6uwk5sfuykutapghk,loop-ust,3181387,0,3181387
terra1q0ta5v7ahml3g8v9tdmzhel6quhwt2ktrmtl7z,loop-loopr,4433093746,0,4433093746
terra10h6qh5h6f5raz7hxzjykc2pcgmu29wkz4gnnex,loop-ust,33554191,0,33554191
terra1q50n4f9qlf4cxvz5qrlsh789q0ceav8ahzj707,loopr-ust,9282506,0,9282506
terra1ewujqqknc9rcqht3sha06w0vgrresmwgell240,loop-ust,42467319,0,42467319
terra1tdl7hclaycan9l6eesl9tmvzunqr9mymc3wmz3,loop-ust,12389603,0,12389603
terra129uaczs9fse5wdce0q6qtkzsq369dt5jnazg5a,loop-anc,488644200,0,488644200
terra15plfuff0ym5g54cd7k369vp66q2hnp00643hls,aust-ust,13341843736,0,13341843736
terra1dkpq8qww4z2mwkx7xcfaygyspqhasfx3jhu3d4,loopr-ust,13849758,0,13849758
terra1r527dmakms9u96q6dha3pral9sy4k2lyj00d2z,loop-ust,1367015,0,1367015
terra1wcugdppj46qzl7uu8rxz6u3uxcjsnzkhm59e9q,loop-ust,1200793767,0,1200793767
terra1q3nf7ksszfv05d620hj2mv8chv9xph2keryhh8,loop-ust,5516286,0,5516286
terra1354fdwunxlggagqsq9k3xmeygypjymz9ghalhy,loop-ust,7083164,0,7083164
terra176kymh3v2psnsjwvmtxrg3fnxwhjsf4n8r0tem,loop-loopr,205259899,0,205259899
terra1vwvn36ve8ra50grht7rx96cyd3e9w0660gn4lz,loop-ust,922052,0,922052
terra1qeew23mqwq6lg2jz49fydujxxccr080e72jzkh,loop-ust,2009897,0,2009897
terra17ds8z2k7k55hksuadxh2qzt5ed3wf0t2zggk0s,loop-loopr,781136297,0,781136297
terra1jhc99pvenzwkz2x222j7hpqkc6ltw7ncqwqj79,loop-ust,47190363,0,47190363
terra1xtdpnp9m77mkfv6yd72uthsu0tfan7646e4ucd,anc-ust,68422426229,0,68422426229
terra14g43a3palw4647z59dx8v68fey6p38q98lk298,loop-loopr,2707696557,0,2707696557
terra1gx7lzx5xpzaaxqk39kpf79r77df53xajwptsd8,loop-ust,1038047,0,1038047
terra1l4sq5qlr7cvqln4mzv465hknu4pvlks2mt75qa,loop-ust,13724319,0,13724319
terra1kdkuwmyn7fntdcn95cd373nc9nftnt76eram2m,spec-ust,1540398,0,1540398
terra10y4kcp7wh98e9w8xan55eq5zwd39za7j2dtltf,loop-anc,60084852,0,60084852
terra1asfvmes784zy54je9rnn32jjjhtmaqfdjj96tf,loopr-ust,55311041,0,55311041
terra1qdzyh7sx6jg5xwgj34dwevgsgy2aqdxhv92f9s,twd-ust,1371885084,0,1371885084
terra1rz6mvtmlr869ltt2vlrvnvctjwlhr7e89d2gkq,loopr-ust,13000425,0,13000425
terra1zqwxwl2sm8xlt88pwwj7gvc20df400d9t2lxyl,aust-ust,517770006,0,517770006
terra1ku74grtzeapm00h850yxeqlqqe99grktrcqj6a,loop-ust,4709142,0,4709142
terra13cuw0x5dcj4c8cpca0x4nhvh53yc4ey506azf9,loop-loopr,30903138,0,30903138
terra1j9fshpekmfe5jgfkx80c7fg0q63fgft55ux2p2,loop-loopr,1114094958,0,1114094958
terra15nw4yev0zlull8jrj5p9xxu30hvcqz99g4sqyc,mine-ust,180393894,0,180393894
terra1533mel5p4wjmq990n5jguyy500nuhphspuqs3j,loop-ust,5025761,0,5025761
terra1gntzalzsgvrf8fsv8dg5qr7lsayaqy6xu49sep,anc-ust,533480905,0,533480905
terra1unj2jplawujls97aegdr6zfw0gx0ewh08znny6,aust-ust,81211071045,0,81211071045
terra1myttm42h38muflvw0v8yyacc724d7j2ycgrxr6,luna-ust,171498599,0,171498599
terra1m7nmf5e0qzm97rdctr99n670p937u9pvgge0d8,loop-ust,10045496,0,10045496
terra1938hplwlz7y8jjtug5gl749x4md2q7a0mhtefu,bluna-luna,10320233,0,10320233
terra19rd409gnnwmvaerwgvt0vmlpqu0uajferchsjw,luna-ust,54122563,0,54122563
terra1fgslmch2ymlrwzqunqtyq4ngmrrfd85qazk7ad,loop-loopr,1734085264,0,1734085264
terra1a7csnyu5a6muzscvppdsgacdta7538yp6gd3g5,loop-ust,453240111,0,453240111
terra1l6hzaczrgyxqr5uchgy9wpx77nsfdc5tx5yfru,loop-loopr,24013540,0,24013540
terra1d9q9md249hrlwyq6sqvpt7mxmvyfkj8ukn0qlc,dph-ust,182924483,0,182924483
terra1vmjqsuuvgc7d4ne9lrzt2p8nwlr4ckt6ryapa7,loop-loopr,3796169779,0,3796169779
terra1dqefs9p64vqvvmler5xphjsrkhrujlz7us8t9y,loop-luna,111525742,0,111525742
terra1l897z882zad7nls0sr2m68s3c9yfrmsgjnjjlq,loop-ust,18025002,0,18025002
terra1vsxqntscymeh7j68v6v2060ngcax4ezjmuwkxv,loop-ust,4400203,0,4400203
terra1wcjk3hd8yjek43ms0vd5yucu2548wpeuw726qv,loop-ust,1037200212,0,1037200212
terra1hhkkx8gxfcgweu858cke2kgjh7cjjr5cuylgnr,loopr-ust,11034483,0,11034483
terra1twyse2n5z2cwd26qcjxaz4cq2vzpgya4d8r0qq,loop-ust,26740377,0,26740377
terra17yltvkd00ydcqe0lud9z5g6mnhexjz30c45fs5,spec-ust,16871817,0,16871817
terra1dphfg9czckuxlh6u8pfjxect8g7ursddtgl4td,loop-ust,17348605,0,17348605
terra1dayw3m2nypl622tajvrvs26ph3f9djt030t58m,bluna-luna,19958824,0,19958824
terra1qk5uwmdw3ymr7dk9haaue942zuzurhzu3flx98,bluna-luna,7700553,0,7700553
terra10hugxd42dhrcpjqct7c4cprnm4d6qdghvsxtk4,loopr-ust,1102667357,0,1102667357
terra1lxw8fdv40ve20g8ru2lz6dqm396ann4sn62lg8,loop-ust,650179,0,650179
terra1p7dagff3tvly79zlxejr5aze5mlxr5m6fjdugl,loop-ust,3909064,0,3909064
terra1zwg7rz0slm8qt04umk6d8yxr2s6e50ed7cg65j,loop-ust,14508200,0,14508200
terra1pwjf94z4swqk6lkqs75gmpujlcvhmu20g8ac5p,loop-mine,1788780232,0,1788780232
terra1fnyve4pghxyzzhfeerlzszpn450uv0m0x24j0n,loop-luna,18944113,0,18944113
terra1nuxlxnyxncdl8365cv7837ulxadmy4srjwen5m,loopr-ust,9956221246,0,9956221246
terra1pmp5pn4jdaew0e2tryz373e8whac40esazmcma,loop-ust,21310719,0,21310719
terra1aqd8pyqhwksk05qvwug3846dztf2a826hjdjqm,loop-luna,33832720,0,33832720
terra1deqp3msjnc4z606h9sqj49vac2fa4nkc5aquhr,loop-loopr,3774485766,0,3774485766
terra1kr4yse0t2cs5n8q2whn8dp0zmcpclnmrssrncl,loop-ust,654387236,0,654387236
terra1hz0zzdxsnyxnuak5sw9hpeurm8th82f3yqk378,loop-loopr,1121205178,0,1121205178
terra1hq5dfcrm54c62qm83yt8n8r3h0hw068zqea295,loop-ust,981128,0,981128
terra1ttls62qfdt090wlhspw3fjl235np03swxushps,loop-loopr,2029946927,0,2029946927
terra1cf808agws7gwxqx09wdl8gdjfr6txctfzns24r,loop-ust,162763310,0,162763310
terra1wcaw48j6sv33kh4zfg8tk06pnzgpsh03ctc9qg,loopr-ust,212042937,0,212042937
terra18sp320fvljhmtmd7g0vt80j0ahl3eqhf2eqqe4,loop-ust,3363580,0,3363580
terra1txvaq7q92dy4ny70s5dt3r9ht2k8qvds0k7nyk,loop-ust,2579220,0,2579220
terra15evty38g0jrkg3rn59tey4l6z9mymms39u273u,loopr-ust,75219450,0,75219450
terra1r7ndeg5c659fmsa44pt6ge8ccp4pu5aj6me83l,loopr-ust,14675113,0,14675113
terra155p75geku88zrt4rqna8zd644cax52pcc680kc,loop-ust,7142445,0,7142445
terra1ygq6da083f03kg6dg3c8vhj7cmyx984uvt97pm,loop-ust,1017685,0,1017685
terra1778j3wg5wqrrmdv6qs0chap720pcdpfeg89kxw,loop-ust,98130149,0,98130149
terra1v9cpm50k2dzpl84nvgljczrqgzx5tuwfpzsfac,loop-ust,448504,0,448504
terra1qfrve0n72chqzu24mva37a08n03ygghrjykjyf,loop-ust,18449507,0,18449507
terra1ruev2vpdhjk5dgjuyze4dzhkudc5z46zwp7ygq,loop-ust,713747,0,713747
terra15zc7gcvjp7hygxxnjra5dmcspmvc6r3p7rj2uz,luna-ust,55730829,0,55730829
terra1glugy6td79zlgq9hzk48hxgmzw4z59qrj8wyhu,loop-ust,458370997,0,458370997
terra1dz94arjs29a8sc6rkvum83z2p8vqwfd57jytvy,loopr-ust,235048108,0,235048108
terra1m0vzqpxk6cjvszc3au3z40k0q8zjmd3mwps8s7,loop-kuji,107203840,0,107203840
terra1676udw2q87zv5us7mn74rmj23pgx2sdvxf2uk7,aust-ust,9048621699,0,9048621699
terra1wan6shmnrqnxypchurn8cncgq3e7fq50afhqny,loop-ust,541627558,0,541627558
terra1whmsq3p27a8fz7htvxm0480lsylwjdtx2rm9je,loop-anc,16132920,0,16132920
terra1g4w89q4czxvzt5zv6gct5pde3m6sc2p5mtd54w,loop-ust,58660769,0,58660769
terra1j77jmzawdsuze9qctd6kp4sra84jss5fcr5hjz,loopr-ust,60278475,0,60278475
terra1pnar9dykzf02zjnm6ur6udwgesvxgmy8savsfp,loop-ust,85431005,0,85431005
terra1daaea7vr487mye8dslstcxlncdwnmtm5ut8f6x,loop-ust,6203471,0,6203471
terra1d2tmr8ss9qshpha85m62mjsxv6j4p54kuvylm7,loop-ust,25896559,0,25896559
terra174n72vk50puafcqcafgshp8pqf2gp8ar34ddfn,loopr-ust,11285203,0,11285203
terra1l08svc04lku4pg493dnwzum2va30py96eecwvv,loop-ust,15106654,0,15106654
terra174c99r7h8ms3ljggg5z6xecjqjsmcuzf26rulz,loop-ust,17796850,0,17796850
terra1m5sfg4lzkggx6xgumu6e82e0w3dw27c35wm4j8,loop-ust,713305,0,713305
terra1yxjwjvx54wzg78grtre98e7pru7det3kzs2hjr,loop-ust,4694053,0,4694053
terra1ckfg8aje29ukqcnm5xl3n758mfgxkterxu2z94,mine-ust,3344287,0,3344287
terra1nvszwkq939mwt8uz4njdcl9vvtzruzn9z5ye3d,loop-ust,432301,0,432301
terra1kekrhuc44enkaheejvfqmx22e7y58fgrukqlsu,loop-ust,2003560,0,2003560
terra1ztkuecfe87gsxdl9m5jyyq9hrcv7s00xqzc2ee,aust-ust,15401096,0,15401096
terra1l72my9akdjgjmqz6t78hwzshgya0jypk7kd3kk,loop-ust,443191,0,443191
terra1d0j95x3kuwsqy8rzp5xd3j6enu3lw50e69xd2r,loop-loopr,455501587,0,455501587
terra1ak9t6hfrgy3mxzwgz65ek9qunnudpm9a3sum62,loop-ust,13762541,0,13762541
terra10vzjv3nja440sz9vw2pmd253ygyyxu6ct0f94f,mine-ust,5389207,0,5389207
terra1hvkvphrzp4x4d85mcva96tecnze468l05pf5nm,loop-ust,974916,0,974916
terra1a6ql65e7zprpnehtncrcn958qmuc939hxt28v4,loop-mir,407002021,0,407002021
terra17snjh7kh9kq39aas5drj7ht92mtfkn33ej5wr8,luna-ust,18724781,0,18724781
terra1u8j37e8l82ucthx574njxmuyqane2y9h0ewwxf,loop-aust,9919456227,0,9919456227
terra1d8h6cga7d7zv4crzruz3gquragaj4hv3a7pd0l,bluna-luna,40821226,0,40821226
terra1w3wklp04lwhy45y35fxslj9whenqm57yq394v4,anc-ust,65111345,0,65111345
terra154k0ng9ruewl5zrhy2dtnl55l2pncjutm7eud2,loop-luna,11106932,0,11106932
terra1fj39swuv9mqccv35c78yg4t3p83463dkndc20c,bluna-luna,5386524,0,5386524
terra1ed24unmt28wzv7j30way5zgn7q4ffpnvltskql,loop-ust,11107991,0,11107991
terra1hxvktakke3n5jyrhzvlnrlz00xtrughnekz9w8,loop-ust,161258341,0,161258341
terra1lunsupwyjpqzvq4y3vv4zakka64cmvuesx4wsz,bluna-luna,12726945,0,12726945
terra1qr3tu94lv4x9s088yj3lzq8qdykjsvsw7jnnu3,aust-ust,1048809578,0,1048809578
terra13kp0qa0puwfgd5748mrz6mftm0xzh6xp699pnr,loop-ust,995814,0,995814
terra1026hc5zj3jrsxhzc206gek6cthpgcre6z0enn5,loop-loopr,2064304227,0,2064304227
terra1y2trttjvgt0ldcnrm0rwetexjktjxawpslcuag,loop-ust,999275,0,999275
terra1tdsu7z2q4pv3kqrss4ls8uz0ydpxdyd3xvrc0f,loopr-ust,12127384,0,12127384
terra1s0xmf63wmfneufsflu6fg86d09k04snzj8rxa9,aust-ust,4468860297,0,4468860297
terra1xy3m3em97r82jrg0snljxm45vd7gq0n3yfvts9,luna-aust,12788479,0,12788479
terra1acun26p58ck4lt9gr3qjghcp4ehnsjf9fd5gyy,loop-ust,40641777,0,40641777
terra1t4yy0lpsruzc8culu0zr4k8ju4gxvw0k0qk9qp,loop-ust,14682027,0,14682027
terra1sv6n83hnwszjvpkcvcuqjhqedu76mvut76mg4y,loop-ust,1017721,0,1017721
terra1lvdjq7qxfd7v9lvs8g4jcnt7z568dgd9074l9f,loop-lota,55728081,0,55728081
terra1ve507za37az7373ndcqeha59ygp0cgk8mlwwfq,loopr-ust,8620528677,0,8620528677
terra1xs74v2kpwnj2efqrl0cut2r72cmcesr0uqg8yr,loop-loopr,68065219,0,68065219
terra1jllpmqf82hdh0aufs2x5tatvvq6ch93zkak5lm,loop-ust,1372860,0,1372860
terra1wj38m2qkm5mu2h3cge4wnrw9uujlva07j40cgv,loop-ust,121044034,0,121044034
terra1zesdh3ukyykcnpu4u9hjfthwk7rwjed4092j7j,luna-aust,204121346,0,204121346
terra1qntmzvw6n3klmugv676lczxe695l4s7vvt8fgr,loop-ust,88355302,0,88355302
terra1ky6n7ph3edfazjvg5ddx65w8n6ex3vn7870suq,bluna-luna,3135253,0,3135253
terra1yhrujcuzrsf5v4jtf27h49knz2ccwes9v0u7g9,anc-ust,7079325,0,7079325
terra1j5n3tjs4thnxk5hduksnc28kr3yhmjhrdhv83w,mir-ust,1995192,0,1995192
terra1ed6u5m6uxat47nxf5kpt3sgtzae2grgakpyfyf,loop-luna,12952189,0,12952189
terra1t5x6uulfhq2ysck7nlnvdmte3443nvpdrs6j84,loopr-ust,6240429,0,6240429
terra183j62nh04mg6us9yaljjxgggvjxk8gppmwpy7d,loop-ust,10781730,0,10781730
terra1jx5uc5cl3wyk7c6k0cgqdw744w65jtyegtdwnt,loopr-ust,10062184,0,10062184
terra193grpnu6eyunngky9auh68qmkfhffvses705ux,loop-ust,931055,0,931055
terra1a8hqa6zkf5pa8xmmk9u536lkp4gq53l3tvnfft,loop-ust,1195415,0,1195415
terra13htx2upx2t0gkm7k5ml6s69lqea0t9v3eyys8e,loop-ust,8845836,0,8845836
terra18rjvv35l3yg5n0sjh4glu4mqn55rr4uszeqant,mir-ust,259620735,0,259620735
terra1wz7qcy0ryfq4d42dtw3d7d46hyc4y3e7qywyjn,loop-ust,87277138,0,87277138
terra12tcwjgy650hd94q9775x7u3wjpgpjdwtej75np,loop-ust,89170108,0,89170108
terra1mr2qu4ays3x55dqtf2ehjahe949a7utgsn3gm9,loop-ust,277058487,0,277058487
terra1vl8k47mt5md5mpvvpkqg36zldgx0ucq82us75v,loop-ust,4451151,0,4451151
terra15kf8wyw3cc6p37qpmmjtacrammdmpkf3etfca4,loop-kuji,36234839,0,36234839
terra13us2972zsfj5lff2sxg6yxdpp2t6fxf7t3ew0x,loop-ust,19945197,0,19945197
terra1y84zk22juted56psl6n3l0f495wqcxvrgdtkrw,loop-loopr,42635350,0,42635350
terra1nddqjnfpy37yn2rqzr5nl5kyvjjvuasxpclk3m,mine-ust,303331111,0,303331111
terra1ssxd43yuzfg95706a23yan9t4dh72tyvzh8phm,loopr-ust,54033174,0,54033174
terra1pd8c4yjjuywuwzd5scd3ea5ep27xdec7yw3wy0,loopr-ust,18374615,0,18374615
terra1wa4d647a6ccf8a042gzpw68p3tjqqlq9puezg7,loop-ust,91200222,0,91200222
terra1c84uxkppmxqhp2kwhwczfvs88ufvxdp3retmq9,loop-ust,1822922,0,1822922
terra1l3tzxvl94zaqt5x62s7seuclat6zl7c82vwpfy,loop-ust,1506540865,0,1506540865
terra178skjzpsqa2gaepzkp7tc40m3q46ua0u66pvn8,kuji-aust,92349085,0,92349085
terra1en9aq5zrupu3l36rl9nflad0jqsz4y35rfevpp,loop-kuji,5861544140,0,5861544140
terra1lcp50dnp2unp3zjcgmh8n3fkeumk8y6kffxyfk,loop-ust,4721957,0,4721957
terra15zy7mtxzry6vagfphg4wvwt4p5eyjdljjhks0w,loop-ust,188280,0,188280
terra1nj4m6fj5cwajpyr65guul6qgz7wumg4e7qf9k6,bluna-luna,10060309,0,10060309
terra1k7av4k7llsydvswlrgm6ezrupe7dlnckp054ul,loop-luna,30074697,0,30074697
terra15a202ephmsdmvcda7280hcmeduj6nhm6w4hx8f,loopr-ust,23393542,0,23393542
terra12n0u4hm5wyt5lkafge35dr2n7n40x6dgd3haye,aust-ust,3579082030,0,3579082030
terra1nnyg82fu069c4zzlw4vxzm3fgeng0qsg8wqvf0,loop-loopr,14056678564,0,14056678564
terra17r4ck5hx05cdks304ej2afkdxvve59fkkj6er3,loop-ust,767761183,0,767761183
terra1vnyr44pjw2c34tq0af0z5d5ukfft435uu5m7vf,loop-ust,10269730,0,10269730
terra1uxpz2sgh3u9957wcnpm8k5a3p0mey664u0s7pn,loop-kuji,1054247159,0,1054247159
terra1at7yep980hlctfqhwj6tmkfj3jxwrr4n4v4had,bluna-luna,14162734,0,14162734
terra1rzwxx38fq2dqven9q30ln6cu0m4yedej5att8n,loop-ust,4201501,0,4201501
terra1c0qynpsndppc6kpxd0xqj0zdyxpwtghppmwqx9,aust-ust,896246312,0,896246312
terra1a02cxeljsd5vmwmsfaj0k87pes9def2uj50tva,loopr-ust,27246454,0,27246454
terra1wahptwry652ph2h6dwm3up0wp7h7qs677p4akc,loop-ust,52579086,0,52579086
terra10rfgcml9zl8phtdlwnz94839nee9ss6kkj2l5j,loop-ust,329987403,0,329987403
terra1a68a7fz9aquc8ae93qjegleavkdxu3yg2zszwp,loop-ust,93982,0,93982
terra1zhvjx7m8wf9hxcw73td46xl3cwy7dzehv7mzhr,loop-ust,18422525,0,18422525
terra19jee607t80ap005l6yml6nrfpkyy7qjee2lrw9,loop-ust,5817882,0,5817882
terra14uedlnczuzqzark3cf5hazktqh8zf7mdeee6dq,loop-ust,19812626,0,19812626
terra1xtdpnp9m77mkfv6yd72uthsu0tfan7646e4ucd,loop-luna,1194492903,0,1194492903
terra1cepc92rw47zp7mjmhyrl5zzcg3eq8lcj5xcqr5,loop-ust,84232386,0,84232386
terra1yvakhfnjf9hagyrjyvfvjr7fqtmf7yqslpaqpy,loop-ust,180307033,0,180307033
terra14dlf00j0v88rdnd5sdqt3546pfc4q730m5pz52,loop-ust,442914,0,442914
terra1hwvpvlc4yhh5altmuuwq9g90lnkv08etw3y8k9,loop-ust,236445676,0,236445676
terra1pgywnywk882mv0yf30xy8d7q7nd8wc0wvpe8vj,loop-ust,5523024,0,5523024
terra1skh797vrytkl40cahmsphjc7rdv3f4qh9lyyts,loop-ust,2254168,0,2254168
terra18lnz346tsl4rpjt3frj9p99mp2x5asn4v52a7r,loop-ust,20340319,0,20340319
terra1uhmfsmm5d5prch368ffshpu3vydczfd74mlrkd,loop-ust,2335465,0,2335465
terra1jny2pyhy3z84xsjd7j4a2edfpyr868uwss2npm,loop-ust,32501558,0,32501558
terra1w0792awg4wk83haj8xu3az8ukrn73390k2el5q,loop-ust,195537080,0,195537080
terra1r0u2vwvx9pt7qhmdsdpyhrrhfz5hn0z3z9htqg,loop-ust,25229304,0,25229304
terra1gp07lh5hr6zclchfqk6nt8rfn3uf6u370p0j23,loop-luna,6329864,0,6329864
terra14ggz3gcu2yampd6xyrp8t9k76xdnmwuptchmjz,bluna-luna,25998933,0,25998933
terra1rdtcx7p253u37glljvtngj4d82cr7dlwupe7wt,loop-ust,4602861,0,4602861
terra14el8csf899pzsypxa536qqae68r88mttxqaxux,loopr-ust,1486369,0,1486369
terra1zpwmxh2kehwhgvaf6grj3m9p6d84fpw2rxwaph,loop-ust,5815179,0,5815179
terra1pw5yn8kjg37uhcpjvlumsuht4aefuzaadd2j0r,loop-ust,15998467,0,15998467
terra1uu934prsg2ph6h5g5yg6j5x34zq95vlkrnhdzh,loop-ust,2148325,0,2148325
terra18yk2l6z5w2d5e5suq7d6dng8h4ef7gv2s43py4,loopr-ust,13435463952,0,13435463952
terra1v7t40932km6xghfclhyxg9a8zjtfg9dczg2tel,loop-loopr,2742000744,0,2742000744
terra1qxenl78emecnp2y82dvyt6j7g9qazlgdu8g8d0,loop-anc,23626964,0,23626964
terra1me334c6zl7jaecezwwhkrygnjxng2kx4cumhr8,loop-ust,94682780,0,94682780
terra10fksp42wu23urjdzhx4yejktrzykzruhrjn6zd,loop-ust,1827766,0,1827766
terra1sz0zj5nwpzhwhltcx749l9g7mu3dc3veze84fj,loop-luna,894337,0,894337
terra1ff7qztqswxrd964l2g4rzh0ldck9jhk22pqkz7,loop-loopr,37359030,0,37359030
terra1tsaxrcjfsanu4k3045hthcuun3v9lt0huzmy40,loop-ust,2335847,0,2335847
terra1yul5zppp68wp7t25ggamy72pdpzkqfg55ms54r,loop-anc,2616896,0,2616896
terra1jhsppwkayuy3kv8paa73zdcz20jhnrfsymw53k,loopr-ust,27414065,0,27414065
terra1ykly2ezrwutftysptfv02rcsx2p5a6dcltdjx2,loop-ust,1036210,0,1036210
terra16q29w8ptc02cpy69e5ssthrdjx4752mjpnqwrw,twd-ust,1140067620,0,1140067620
terra1m4s3fq8ta5gxzr7gwr8cldmee9278hsm52cw4u,loop-ust,44973567,0,44973567
terra10ygfsxp33gcj89qg36vvfp8r64qvjkjp96a7sp,loop-loopr,2037144337,0,2037144337
terra1dred54k0qwa3xygxww87jmpnx4ktq7a4v0vj3l,loop-ust,406470400,0,406470400
terra1kdhxwxf2svake78jr0tn5kmsjqpmyfs80lmvs0,loop-loopr,45565362421,0,45565362421
terra1ax2g0qhl3rmk42knnntf5xuc52h770lr33lx4c,loop-loopr,12385256,0,12385256
terra1er2nsdte5cv24nqurdcjepq6y0ck6rszhckewk,loop-ust,888655761,0,888655761
terra1suptvwcxne224sd6672cx9p9gd9h0nfm6nf0ze,loop-ust,1028522,0,1028522
terra19duf30nthm7shzcfrkl6xnxcuhstdx5ygjge5p,anc-ust,12160087,0,12160087
terra10yjkcq82g7qplt3c6tn7jwty4qmqjvjch7xmg4,loop-ust,483660,0,483660
terra1pzd5j64f7tfjr4xd7kcl09xzptnt2qtugl43us,loop-ust,1871362,0,1871362
terra1dcsg0el4zkccxcjyg3sg4sxpptyec2tmuh8nza,luna-ust,10345985,0,10345985
terra10wyfpamea7vmapldjm5kv7mqtx9980cgmy8luv,loop-ust,460841,0,460841
terra180ru6gweg2rpflwmcvnvm6mg700hjjkc3v8yr2,loopr-ust,197247782,0,197247782
terra1ymfy6428yyrlqzsggqk9c9nx52p3epvhu3un0e,anc-aust,74949913,0,74949913
terra1p5j8ugsmk4txw2lumvgyel88rzx9mzg2s58qw4,bluna-luna,139707070,0,139707070
terra18x636ehcldcncwjw05g6eeh50kytkhetcfswzm,loop-ust,16970930,0,16970930
terra17su0pd72c27ssqymfkhaw9l3zc4emcaphf0wy0,loop-loopr,382868133,0,382868133
terra1gxsqsxz6yhgg0e2vq5zj8k52cxlzwtweapt4zy,loop-loopr,20491175,0,20491175
terra196w6q49quk724utfv362q628nac6l7vqms5p3m,loop-ust,1075693,0,1075693
terra12j69het6ha287trpxxwj3ge8nmfleq04z4dkg3,anc-ust,600618180,0,600618180
terra1yz06u7stj90nwj7jr42ddknuk8k0v79l3kcwz5,loop-ust,104091699,0,104091699
terra15gz9wynggg4eeydf25aa2dgxa67sgp62re6n0p,loop-ust,942749,0,942749
terra14tq40t5894zds4n95d68uv89uxfckruzaph5kf,bluna-luna,14961502,0,14961502
terra13g5pr5nvn2v8sg793jjn2u9y0zkf8rdqjek9ms,loop-ust,341595846,0,341595846
terra14neryugn563yju5j8ya2jfa3d0gd2fj5qp6z2u,loop-ust,24559257,0,24559257
terra1f7tp7ul8k7tzcl2r788arzz4x6z89fh5axapf6,loop-ust,9512984,0,9512984
terra18rudjdv86rcxx30749lzp85fndpn9h7sphg9vf,loop-ust,1031821,0,1031821
terra1zfhgjx58rr6v9v4s3nl4hsxy6tsuxlj8kvlq5n,loop-ust,13469238,0,13469238
terra16rag076rd94k9e8v2hss8sg3z8xddyc6j3k47r,loop-ust,319279371,0,319279371
terra1gaa9d5vqg3f38w93rme6edqf2dx5ekce0mm0c7,loop-ust,169471199,0,169471199
terra1nljdnnkatd8p9dxsrw2lyp42uytaunev2fjc7f,luna-ust,4191515,0,4191515
terra1ghwcvywml297xctr4lws8kxucjk9vf8gkj0wwp,loop-ust,10175420,0,10175420
terra1a3d7uk3xy6eagydj356ctehqge5uf2wyeaqkkv,bluna-luna,19291611,0,19291611
terra1qxlxm6vuhw25us4kmm9lqeqwptg2h2p0aefpfa,aust-ust,1296152646,0,1296152646
terra1nuusd7p97eu3kxf83v9mkc2d2wwhf8eaxdkads,loop-luna,5598352,0,5598352
terra16pqenrpdm0my8z8cy5ux3rz7vqj3srfa4xak7j,loop-loopr,1766519997,0,1766519997
terra1su8dte5mujwdxvjqpfzjptyl75vpdfkr24qpdd,loop-ust,536581140,0,536581140
terra1pld5a44cyurpgp4ve4typd84d4m2v0nva32z7u,loop-ust,209735588,0,209735588
terra19696dgnskjv7fh878vjjdhwtzgz5gp0spd04et,loopr-ust,265005345,0,265005345
terra1lj8xt4x7ua74vdnktpnvcqwtcprepxqu7g4tx7,aust-ust,22400770,0,22400770
terra1eyvffn3uxwj0hx3ataq8u6uuxsg2j4wzcvfr0h,loop-ust,484542,0,484542
terra1te7ttkcu780plz6m9t6tgt8aenmr2y682xhhlh,aust-ust,152260013,0,152260013
terra13haln0k2j3vwr3zq90gvwhfxj68zqvxeza6vpl,loop-ust,4035122,0,4035122
terra1rqk0yxpmzl5zy4jjuftd9zvzgn7lw2xx259mjs,luna-ust,382229192,0,382229192
terra1r6njn29uxxs0lsf366c5p8fq6aq8c358uvlp5k,loop-ust,1134099,0,1134099
terra1eegad7a8d5rqhpq4ay2zu83dnqkthqmqsrfv2k,loop-ust,3748394,0,3748394
terra1upk9a98yngkamwt5tnz07z3eud2jfjvx85429a,loop-ust,2297480,0,2297480
terra1ud5cffl3wd8zda8s0az525xxfcs2pk2epxn85q,luna-ust,116515355,0,116515355
terra1qpgv4fdy6a9m8q29lp0mk6eeztjalwpfdpaegx,luna-aust,81205418,0,81205418
terra1dzs9gtycjjk4x4hyudmjtr0mkz486vdex0xtly,anc-ust,6261487,0,6261487
terra1ldfhaptyl03npecr8490vx7xxcfv664hp6yarg,bluna-luna,6524368,0,6524368
terra1ferstaeh5l3sgzcnur7fvucxx4zdw5ckldv9s2,anc-ust,21640949,0,21640949
terra17qnf7ftlkx5gk7hjprgmxnymymv070a0g7x4aa,loop-ust,512768725,0,512768725
terra14d6420d7qhcgwakgea50f79kktyr3h2lhrjn8y,loop-anc,5438951638,0,5438951638
terra1qtltj8npcnn5ddl2jc6vgj7ja9at43y4wf0qua,loop-ust,5465042,0,5465042
terra1trentxzr74g2djc6a78ppazkqhv088xqr5ypre,loop-ust,88992718,0,88992718
terra1kqmvkwqa7y6npxmv2lct86ay39mdgz52fenevg,loop-loopr,4066168,0,4066168
terra17gfm20xrvjgjksyw2syej244q5lp38jjgllyc8,aust-ust,8910465461,0,8910465461
terra1gtnna505hyxd3473vtm32dly6kf6tdwjqkyksz,loop-ust,656576,0,656576
terra1je3s743jlls0c0qgl0qyqvc7sklwfcvyc57geq,loopr-ust,1560563751,0,1560563751
terra190qxwgagucte5swthglaaq82syp3h97ncl9una,loop-anc,9551871,0,9551871
terra1wd95rs4ydu3hdgujkdeh0d3etrxag7ax4xu7h2,loop-mine,20226197,0,20226197
terra1rq2j347qxp9wgjgvtm6tq3d9m405fc0zppc5aw,aust-ust,4474245026,0,4474245026
terra1xqk4ctnhepjld6lwqvuqjc22cf4mw72k30t5zr,loop-ust,2684719,0,2684719
terra1w07vn2w5wc64xze8trj88m2ylpkg53tcwf07fn,luna-ust,2190991,0,2190991
terra1d43eemlhe827mgql2zxm3hr0fhudfqgdsrkn9v,anc-aust,81328611,0,81328611
terra1n4anf0vyacvapqtwfykcxme64vwfkxcgd2jhxd,loop-ust,1945416,0,1945416
terra1fhpj4yysxcsu9vwu93hkrscl65r54eyrg7s4pc,aust-ust,97889956,0,97889956
terra1mg8vkthgfya4zcl4m70fxqyzyjhxp23hse8vhg,loop-loopr,905397188,0,905397188
terra1ts65c93yltws4smj8kxsatytzfms8qfqyk3z35,aust-ust,215221693,0,215221693
terra1mel0gk8kpd3uvgltch6c0282qd3s23qvq8yanz,loop-ust,97755769,0,97755769
terra14ncvxzmf2e6cz8lrecnsl5e5dfw7e97fyp5f27,loopr-ust,255408159,0,255408159
terra1kemf8sjxr7rxtk4h64ksdq9yl08u7f29y5x3pr,loop-ust,10095604,0,10095604
terra1q7nfvzaw7398k4mqxhwturcggjha98l7s9a3ny,loop-ust,2382058,0,2382058
terra1xv8xxfur8llxr0k6z0jcthw2ql5wg77avvey94,loop-ust,215295975,0,215295975
terra192xfm5hy996ttccsal35jvy6tga34t3zwwkvtw,aust-ust,895702870,0,895702870
terra1sszd9yup703tmekqglw72t82l0c9f60ta4vgwn,dph-ust,43114688,0,43114688
terra19r53wx9ujedqldwemkv30hzkr6yhn6s7z5gcmc,mir-ust,2397549117,0,2397549117
terra1xq38tkw3kxlq6zc6ar6sk4mz6khmgp0vl86cxf,aust-ust,4482150612,0,4482150612
terra146xzstw8h27cdxhpxys8symczvp6fztt4f3azl,loop-loopr,6958733682,0,6958733682
terra1qgrv9g0c5wuhcxck983t7jczn4349qprqd5lje,luna-ust,5545874,0,5545874
terra1s54s6w2d24xf9gtvc67nhtvgcgqjezmgdv6jgl,loop-luna,206300125,0,206300125
terra1umed4zkpl89ljxlll56drgnhlznl7a8vkf6rlq,loop-ust,15883831,0,15883831
terra1g3svu2j750ctr8yuvqk8kqdapjkpuu4dlm0kw8,loop-ust,5899981,0,5899981
terra1sctqzdhxhuhqnmzhdumru5sk3tfe0tnhgxkk5h,loop-mine,1103794777,0,1103794777
terra1k2jh7xqn9g66dhcvpw5lmxw4yyewzts5pf0sjc,loop-ust,2831706,0,2831706
terra1twrx2flwg79qczqsnuprr2tfceuxnd2zygkxn4,loopr-ust,4311572546,0,4311572546
terra1r7g2q3nsdv0zaxs9lhvqlju6fw0f5ycakjjrjx,loop-ust,4310383,0,4310383
terra1fkue76f8t74lq266suvhzex8ga3hn9reqdeygx,loop-ust,44869284,0,44869284
terra1hqlamjq8tl4xfrrz829pqknqg6c3jfghmukkmx,loopr-ust,29283612,0,29283612
terra13x2cfdzrr696dnsus9g4n4hd38522zjz3s0qra,loop-loopr,119666508,0,119666508
terra1qm4wam4gsdmh9l5n26z7d0fg87xpreqc92dgp8,loop-loopr,725998328,0,725998328
terra1nq8rqhlreyjksupwmlj94efjfx8ped03qpgu9e,loop-loopr,5875920723,0,5875920723
terra1vavpetmq9dkn54zm5vsgc5xhgk5ayy9rsvdn3t,luna-aust,129552148,0,129552148
terra10tuc8xcgarqhvup5jsqjgetc6ljc9hu9p9l87w,loop-ust,118401445,0,118401445
terra1fl8x47p8xexuuknkg5n0lwhvrdgghjr8x23vyr,loop-ust,1963597,0,1963597
terra15r39p86qhgcssc68m05uad5ms4w64pe0fpl2ra,loop-loopr,5908787278,0,5908787278
terra14jnxwgdrgjg6heau3ajgqnmdlzpqx77gtdty8z,luna-ust,5658000,0,5658000
terra10a4pvs2t2m8rn28jw2g750ky74c767dl54a5e5,loop-ust,16871749,0,16871749
terra13jy6256lgj7xvcvsjmugmdwpnxl9fgvz4dql00,loop-loopr,234809195,0,234809195
terra14xkdtqapr6q03scq2ulnra5dwpd5jazctkyn2v,loop-loopr,15517278252,0,15517278252
terra1gcsu6yw4nesg62tfvaw8ezudpy4yn4vwl5wh6l,mir-ust,206808517,0,206808517
terra1xgg4q45pxemgf34u97y9l5m52x9jvevfl0hqkn,loop-luna,41995699,0,41995699
terra12dkpc0ncv84sxv69d6uwatmz5jvmefj4fkhy0p,loop-ust,4875018,0,4875018
terra1h6ukdysj8z99jhrtkgwda8m2ekdhnk60gt8a83,loop-ust,11741544,0,11741544
terra16qx47fawhyur789vqk85zk9xcaxz7z3gmslrnv,loop-ust,9535849,0,9535849
terra14wmugqxlyd2rnqh82lj4lkmutucscg0vdzmhq2,loop-ust,5384250,0,5384250
terra1xvytq7c6u9af878audgmgcnhx8r2pa7jgqn2rc,loop-ust,5304977,0,5304977
terra1amt6g8uckxyrtka4gkuthca9dg5xgw6c59g2va,loop-loopr,69427771,0,69427771
terra1jhyzz9e5hku3pj4vc4ysf9r25kkppfv9pphl23,bluna-luna,1058829,0,1058829
terra1kv82zv3tp572faum35pxnp2wr8sdtjfk43majn,loop-ust,11547815,0,11547815
terra1g36paj44npk65a6qxty8adj86m24anwv0yc3ek,loop-ust,1984268,0,1984268
terra1uxg7vjvgxjxtwqe20g349v3732n66kg7szm3xz,loop-ust,859415,0,859415
terra10qlratdpz87ahdyspk2cy6mnwtcnqea8trwhdq,loop-loopr,634529724,0,634529724
terra1ed9fwl953t7u7ephljv2w4pt9a47jnlu34dnvg,aust-ust,184916862862,0,184916862862
terra15rs5cqkvls0kdzjny02pkwm3px6gt5yqtz9a8a,loop-loopr,182234978996,0,182234978996
terra13gn4zmm0qsckl4mtjexthpsgapyyedzjudhkjh,loop-ust,12652496,0,12652496
terra1ngz3g0avclt0xynst38n0qdwrkagt7yw5x7eju,loop-mine,636002509,0,636002509
terra1zqphega73a8y5vey503lg2et5g9fcuapf300kp,loopr-ust,10087825,0,10087825
terra18ckq06ds7ut5xm0a2wwvk3kl2jmcqua5yg2c27,loop-kuji,130334438,0,130334438
terra10wkry3nl4hagjx8tseg6p29d4c8445llnh8vsw,loop-ust,5505198,0,5505198
terra1m79uzr7jzs858a6m8gzmwveh7qylctp0du6ndh,loop-loopr,1543793571,0,1543793571
terra1hk6vh6r48dxw5vz37dn2x45nsf0fn36uk0efk6,loop-ust,6725234,0,6725234
terra1me0d2dwx7wl6dgt5rwwqfnltq45sapmnych76l,loop-loopr,20945468761,0,20945468761
terra1waq63xv83mcgy5m2q8qer5dul5mv9nzv7gu8la,aust-ust,26242744,0,26242744
terra1e9337h6utq5luzwp70qw4r74pdksx5d5m7f3ee,anc-aust,62513195,0,62513195
terra18v9nxf0mrvh4c7p3pvgpmjz6hg97khjecgu3tq,loop-ust,1060108,0,1060108
terra16wmm8h06nr4pnu8aumkq75muczhzh0tn35v45z,loop-ust,1427257,0,1427257
terra15lgvpne3ujgwv7t6v82650zmcq9qk29ujqch22,loopr-ust,13038609,0,13038609
terra1xa4flzlzs9fz95c3sj4d3pewuxfldmdnce3z34,loop-ust,1423559,0,1423559
terra1gxuxclesvplwzthqekvfgzxmwvsjshx2txmgn4,loop-ust,4030846,0,4030846
terra1rzcfdkk3hv054sy0q2lkeu4qxtspy2avdj827z,loop-ust,22054749,0,22054749
terra1gan8naj2rvg5n0w4e54835nfuv7w0xtkwnmy4d,loop-loopr,3900522760,0,3900522760
terra1atsjmssvcy4598w25l43mm6yj64prcref67zuz,loop-ust,169268,0,169268
terra1x4kpuvd4xnfl92vz6ervgks67t8shus2cham34,loop-loopr,6290781,0,6290781
terra1qx5zvjmexyl9jy95r5f7g33q8thl0pc8xlxzaa,loop-ust,4750761,0,4750761
terra1a8gq359yvm3h39rrpv2ggxyp5zkzzhs4zfm8r5,loop-ust,885663447,0,885663447
terra1a2w02rm8zepzf0tplvdkezqmdet4dmyh74jpf4,loop-ust,808732,0,808732
terra13gpycc2lrc423998n436w6y6j6tu3ztg6tayyj,loop-ust,3905185,0,3905185
terra10pl9ysn086n8zxampsygwtq0tkqjrmjszxetcg,loop-ust,8085547,0,8085547
terra1n39w6e7s0uvpvr6yljyxcx89a44vpejg5dggsn,anc-ust,206497447,0,206497447
terra17czt5ktve6v23km7tr86czt7rdrmv8pjk8ckfm,loop-ust,2179829,0,2179829
terra1sua3f4uh9afrd8dkh7h3l5mlkj5a527hna2nl4,loopr-ust,49371775110,0,49371775110
terra18mhcu75yfxdpmvnuseypqzalws4sk04dxj0len,bluna-luna,61184462,0,61184462
terra16l5m3vm39qmvzf2a8etzjmg7nhc4uq88f7j9ez,loop-ust,5183549,0,5183549
terra1xmfyuw02j9m7sq5l73t884eu3kempntvax0xe5,loop-ust,8062,0,8062
terra15zmqws7yesg90cflelsrmmpveq4v0vgctw56np,loop-luna,17261874,0,17261874
terra189zhd2f3c8zen9tvvnd6vmsqp8gc27czg5u3xh,loop-ust,5264633,0,5264633
terra1w5h0xxmwvkk0035dw2ptfame40ag8g372g38vr,loop-loopr,515470572,0,515470572
terra1vajvhe0wd0rtt4guyy7kgz02wq9lza45c20gfs,loop-ust,898012,0,898012
terra1hhchzyvxkezypycc0n9x7qj2702tug2f9xy79w,loop-ust,4386180,0,4386180
terra12txcef0pq053dzm6ahd4l73zyjk2larvek8cad,loop-ust,1070553,0,1070553
terra1gjq7kamd8k3fncxt3uc2exy2dh2aurcxvl9yx6,loop-ust,1490211,0,1490211
terra1apeke0msmmn4jkt3rjgdyr28khsm5d8m6er89a,luna-ust,107708933,0,107708933
terra1aayw0afj8zh67qpkzrsdat5ga0wxsnnn30lttu,loop-loopr,1132701621,0,1132701621
terra1w5zephkc2cvr8r4dktkxa6c7mkfz92e746wkye,loop-loopr,116075740,0,116075740
terra1fnrfrxtpgctwm45wyq2qep6vzhs5a7hgkswpq0,aust-ust,31532647,0,31532647
terra16ash742mtjqsnsjnarqgv2wfue9utgechwsqyx,loop-ust,2318971,0,2318971
terra17trjldc7r780sgxrdkmwr3lcxlj6uc7vsjz6w0,lota-ust,149566785,0,149566785
terra19p8nn0gn7qdf8pam2qghptyfm4xf5a2a2rx7g7,loop-ust,10990004,0,10990004
terra1razerqw0rmxzhwvzze337trsvwyej8lxa20w5r,loop-ust,3456871,0,3456871
terra1zz96n27exe5fsu2me3mgmg3qfnjvnsjpp9tj49,loop-aust,59524329,0,59524329
terra1h070qxnzd3zzs4400kqfl5r6pn5h46npxrkf4v,anc-aust,34482342,0,34482342
terra1f7jc7ez2m6eapyemqj5cjfx269zlzfctzyuc96,loop-luna,342887095,0,342887095
terra1l8al4uddh2ufpw47225aj37g5kjrlhff3hd08q,loop-ust,191342567,0,191342567
terra1rc6vh28rw8ptwykkugul5dsz9jjdfrz58agqlw,loopr-ust,5817030638,0,5817030638
terra1yfrt9gxnea49euqvuwx5qy3x6fwpmy5egaut75,loop-ust,10507318,0,10507318
terra1ggmmqxhsumhreashfq0cyslk9qynlrqj3mjquw,loop-ust,3145266,0,3145266
terra14d6420d7qhcgwakgea50f79kktyr3h2lhrjn8y,loop-luna,1379186513,0,1379186513
terra1aj6c35mh7sj6s7zkk347rrd6we4q7nmqvn2kex,loop-loopr,14777830904,0,14777830904
terra1phg7543na7as9au5svyqxddlx4kkxzgpdvk0t5,loop-ust,9123,0,9123
terra1fjqhxpa48pntfr3n5s2h9xcnurvwrnsswtfzy4,loop-ust,92726532,0,92726532
terra1nfgxrld6rvnrl2s5d44ds9hsxhkkhy38fkrvpz,loop-ust,94135,0,94135
terra1tj5zm9rxke6qurjq6d8z4e23s0fvdl6qvjvkqh,loop-ust,4704580,0,4704580
terra1uedge2tu3c7ck257w553240ks7vgl8n3jsypjx,loop-ust,24718088,0,24718088
terra1yhngv9zu9cf6fplxd7e5djlpgm5zgm3za8r5y5,mir-ust,8841620,0,8841620
terra1ysw6qajdl7up7h6q87nv9ertj5l9ve6xa46ddd,loop-ust,2976893,0,2976893
terra1h8q4uz4ur9jctz776kpdwsq9xgvr52tqr3eutr,loop-ust,34428604,0,34428604
terra1w5fcmzaudlmmskxdkzul2f2f0w4p0925eq4z39,aust-ust,402915227,0,402915227
terra12fp9y25c388tfr7lfpp5u6q0ll9u8em2aq3lx8,bluna-luna,4998365,0,4998365
terra1jql0syndhhhpudxtujst2j4wtgalxderklg8d2,loop-ust,3383039,0,3383039
terra1uklyfl2n2nd0ce7728ddgjmt65uavfmz6agzsz,loop-ust,423966,0,423966
terra1ccjzv80m6vdpvu2krxg8ck28dngwp0s8d9fln6,weweth-luna,359308,0,359308
terra1hpjn66xsgap5fg6grdf092c76yhm523ssdwudj,loop-ust,923035,0,923035
terra15r39p86qhgcssc68m05uad5ms4w64pe0fpl2ra,loop-aust,1976154883,0,1976154883
terra19xy7p5e0cu7a348cgcwrfllw4anym6gd7cp2at,loop-loopr,773816802,0,773816802
terra1c2d35ksv96qkn95huz9wrgr3sg90zs6c8lfdfz,aust-ust,446686077,0,446686077
terra1p7a5m5qjpkyv67ldld9g48nrwapz6yf5v0r6px,luna-ust,88234,0,88234
terra1sjf687fqjgc5sju528kaefatdggevvagtx4zwr,loop-loopr,1992742476,0,1992742476
terra1a4ex65uftykvvmnut23ggvyarsx2kszzpqgfdf,loop-luna,13992134,0,13992134
terra14eerj2z7js3f96zwfmsekrw4gm8x8hqygzt30h,loop-ust,95384842,0,95384842
terra1laumzk26f9mnqg6d3m432q4g4m3gcja6tzj9rd,loop-ust,1932380,0,1932380
terra1fhxqmxw6a7yjsddlt6v67chmzamf3y6hepstv0,loopr-ust,44242910,0,44242910
terra1n65eqj6pmh546sx7nan0q4dcf2s9adth0chf0z,loop-ust,11150923,0,11150923
terra14vrq02ckuhs2z5dp9s3ecvfxzuzfjmwsxrp2dr,loop-ust,1712615,0,1712615
terra1xwn3xt4u3yxcn7yd37qphz6ktq5kua2kehsfx5,lota-ust,40457408,0,40457408
terra1mcgv8tcju589wugs5d8s7wauqe9kjd60wz49pg,loopr-ust,12634959,0,12634959
terra1dtmgvrqjws636n5x74plzq4e7s604ne3hx0j9f,aust-ust,53662602,0,53662602
terra1k98uunhlf5d350km8eflzvhncc32pmfwd6j8sr,loop-loopr,3196719350,0,3196719350
terra1wugxx5cqkxslrcyh7efwqfhrxewysn02nr2kcu,loop-ust,809566,0,809566
terra18yahd2wkrwwnueda6enkndaq2tmj7qlfah9n4k,bluna-luna,9977399,0,9977399
terra16efunqx2wz86cs08kusrgfjxgg2305fpsqndj5,loop-ust,8513602,0,8513602
terra1pn20ueazqk86vyhsgsvuj78vrl2hw0m5cnc66c,loop-ust,11577315,0,11577315
terra18ytcnnz78hchc4h8qeatscm4tpc4ern2n2u3tk,luna-aust,62115588,0,62115588
terra1hmgrg9e2gugq8szhnnfyln4dc6we2qp2zxd9gv,loop-luna,52349604,0,52349604
terra1tta2xm8uefgj65ds0jvv7eqns0rq8xgajseany,anc-ust,19202239,0,19202239
terra190n3l5n72su7qvnmx65avqgfjeuxkuy0plsmjn,loop-ust,8201381,0,8201381
terra1vxrwrguns6nt8lt7zjhdsmyp7ul5ps52z8k9qx,loop-ust,1907704,0,1907704
terra1uz0swpljety3htpwuwpehr8xutrqflelncahhg,loopr-ust,3457561320,0,3457561320
terra1ntyv4s8p98qcnptc7pgvz3xrrykvwaa62au700,loopr-ust,60682456,0,60682456
terra1pge9zu9zl72zfx89lnpepzplrd29k00gmlgzyw,loop-ust,78603504,0,78603504
terra1hrq82lj5eh5fxqpxvp4ze57kscgp3qwpz6jz2l,loop-loopr,5165253183,0,5165253183
terra14lxc004aj9znhhwjsw066hll6jdvufwt8jnlfh,bluna-luna,2996943,0,2996943
terra1hgk2kqdxw27q5dy8f4e3w9flar3w6cl09mz37q,aust-ust,179015000,0,179015000
terra1k2pv2e5qn83a4mkje0kx5wm3tsstej2lvlcecg,loop-ust,1447883741,0,1447883741
terra154u2ysnlr4dadru806ahty0fwmatrepa7zvkex,loop-loopr,187467063,0,187467063
terra166lcx20zp6rmaadu87l3slw5gewxmexhwz7a4s,loop-ust,4518250,0,4518250
terra1l0hag0hfu4jpq6wzupnsuv9gdd6hvphahp408p,loop-ust,898792,0,898792
terra106x5ht6z977uuwqr2nr6mwjv4tzk3293vj0pwc,loop-ust,260516800,0,260516800
terra1zx50t83nua9ax38lt7ppkgfkwvegr2xe6093pe,loop-ust,10583832,0,10583832
terra1xdzhwgcn8g8734yvtjq34cj7cv04z0akg9mh64,bluna-luna,3970351,0,3970351
terra1x6hj9xfvqc5xka4jr999af6qeg4dhafntdvqlx,bluna-luna,1000762,0,1000762
terra1ymfy6428yyrlqzsggqk9c9nx52p3epvhu3un0e,lota-ust,164300475,0,164300475
terra1a4e5r76vvcq75gl0hpusey4aaawlgpfmwhvdl7,loop-ust,16460321,0,16460321
terra1tgmmmlrf5yky4rray4v9e8spnjcrxmj6zy3uke,loopr-ust,30235742,0,30235742
terra1phupjcmnc4cyas5c4l6jpgklfn30mwv5syjkl6,loop-ust,8876870,0,8876870
terra1jcd9egzlzks8mq49fd6rxed3kxlwjwqsmmut70,loop-ust,100623122,0,100623122
terra1j4hh6zhcz4d6qca32fu6hg5skzf4cdq9q469ng,loop-ust,1069,0,1069
terra168z9phjwduekzz6vj770g2l0rh47wu0yzyl7jz,luna-ust,27395500,0,27395500
terra1nsj43wuwsxhvpx05v2kr8ha9f7fq834hls636x,loop-ust,19849692,0,19849692
terra12k3zhep8463m5h6rxcr4n44yz9kgffw5gsmzvg,loop-ust,66678290,0,66678290
terra1kmj9rkflwk2tqjvs0544mjz9wtvyxqz8kujewa,loop-ust,5804433,0,5804433
terra1s2qe7thsad2j3s4ag3lz2tyvlzj0shzk599atv,loop-ust,7171082,0,7171082
terra1lx9kzkylc8nxcq3d3qraqhvuylq805yj27klw3,loop-ust,478274,0,478274
terra1ngska54x83382tpsq8hrctnramckw8f33cwezf,loop-luna,263014341,0,263014341
terra1vjvwjr092a2c46wq0shwxtzg9r9jnq7am2qs4m,luna-aust,2361138434,0,2361138434
terra1myws5amdd0va5zmg4pknmeetcvlegy78kx3juu,loop-aust,2347845290,0,2347845290
terra1kt7pvx9ksflmfur9dvj7vqkzl9trecx4nea9p7,aust-ust,178917327,0,178917327
terra1jjvqnwv89zcawqdqe72a63jy6ch88qukqcxmps,loop-anc,119969952,0,119969952
terra1traa8tfs5qw77xuau4ml3x4z9g00ldet99449l,loop-loopr,11653839163,0,11653839163
terra1e55zpdgsm527sslrwjdalcu4h0p5t6mahv4e8h,loop-aust,81105821,0,81105821
terra1hxqhht9zv9xx006epzmmdr5q6qjvc3fl3365nc,bluna-luna,5228658,0,5228658
terra1mn0zdm3epfcw22zjyzxqgrjkgepdql4gl5ugx2,anc-ust,56623897,0,56623897
terra1ea9jjsrq0vsp9949kk5q25mjctn5yawaxdheky,loop-mir,317139368,0,317139368
terra1fkzqjhdv0c7aafvgcgpv0pmh6q2648pzlkdcgk,lota-ust,38236687,0,38236687
terra1cex8ad77czq5heztuphdf3ucuqkta2v2tllzup,loopr-ust,6897098915,0,6897098915
terra1zdr6qx9fw47l8smzvxs5qfkj8aa55lmjp2lwgh,loop-loopr,1070111937,0,1070111937
terra16yzu3z2vwcpul8nffzqfgyj8xvgmukxpmna07r,twd-ust,198012615,0,198012615
terra1hvahl5aaw7z5rucm9mtam6rgh9tskhjf33w5ay,loop-ust,2709983,0,2709983
terra1ljkmye9dwuzcxt57cpmltpgk88l6ldv8dd9x0s,loop-ust,21300369,0,21300369
terra17w25ehesd60rv77ztlmnha2989fp7a77dycj07,bluna-luna,17958606,0,17958606
terra1s57ctjn4am4yqgc6a3tg6wqk262ve4ul3607ee,loop-ust,51748905,0,51748905
terra15d3a73nrtvy040wn064xxannc2tp02n0ru8pqv,bluna-luna,32000468,0,32000468
terra1zatdwmakrhapaewmvlhdpsge2lfas7wrlyfkws,loop-ust,15362533,0,15362533
terra1q34tq5w08tetq9783tfhc7vjglvghd90ppjq2f,loop-ust,6894895,0,6894895
terra1ah07d2f663jj9cns8vc8xqehgmq4ghuqj2mjm7,loopr-ust,25429572517,0,25429572517
terra1rcpe6dwezdd00g5wman75lpmk7pcyhl90lsdym,loop-ust,4699738,0,4699738
terra18cy3p6ua5h7a0qeqzh2yhappkesa56nvzvecu5,loop-loopr,2312724412,0,2312724412
terra16nxry0as8nuqudc2c0zrmepjadwqrsfvaamkuq,loop-loopr,113126519,0,113126519
terra1k4pnx5c4ha40dfgdze4vjwaap7uc7pvsyl77gs,loop-ust,40844894,0,40844894
terra10w7vaxalckweltpk2252namslddearjl3azu9c,loop-ust,93307785,0,93307785
terra1vn5c2gwmvnzadqs0655jhndyxmr9cp6zykm7dy,loop-ust,7728940,0,7728940
terra1ew60gj0ayfaut34p957le8nwdg7l5ck7a7vuah,loop-mir,1637181861,0,1637181861
terra1d03ppywn369qzajeuqs0dge29rchxteaqasn75,loopr-ust,730227956,0,730227956
terra1v585fhkqtuwvk6lzx2vk08237zm2w7p8n76dy0,aust-ust,13455045,0,13455045
terra1wtwsl5h6wahdlwgtf2up5w0rn2jm8c4caca28c,loop-anc,62996239,0,62996239
terra1j7f4m5n7cc60vy42z2p69vum5pajfp980gj50q,loopr-ust,23883745,0,23883745
terra1cpdr37as5vg33kdgz4n4ge68ekz9etg3m5t69h,loop-ust,1478511,0,1478511
terra1c0nyws636wv9m6eag4uam6x0twtrgcemwym347,loop-loopr,1014572449,0,1014572449
terra13e8xt6jcfeed4fpl3mpjhkwjuu7qc8x72g9n9d,bluna-luna,15215099,0,15215099
terra1jqsfg7pe3gv6744rlnc3tweavfqprszmmeptn9,loop-ust,1770293,0,1770293
terra102ynau3wfcm9lp6r7p0t43xrqlk02du5te3264,anc-ust,10029417,0,10029417
terra1e57tdqtkgznxw80m562ralyvkypxze89l80z66,luna-ust,103940152,0,103940152
terra1qzlxzncm427hhte0p72vjkm7gamqu8tun73f4n,loop-ust,6990223,0,6990223
terra1wdqu8x5255nfevln55cs40m3dn8hauyg5c83xm,luna-aust,100165257,0,100165257
terra10nd7vz0tz07g0pxak5ezj3sq2x63k7dnjwv4va,loop-ust,8110276,0,8110276
terra1anfhrzn3uhprgjqncl2l6fjujkm7pkp3nkznlz,luna-aust,1524643177,0,1524643177
terra1wtps70meh8a23gc37p09wlzrp0gef7t4hlyfwp,anc-ust,624502952,0,624502952
terra1280nr2jwlgydcenz0ptf3t7hnx2m3kq2m3s5ry,loop-ust,20754613,0,20754613
terra1hcd34ek5l8xfz0skkmu58n5m6aen8hcrtn0nge,loopr-ust,29051175,0,29051175
terra1ltd9p6ptc8ya83zaz69mncdtc7rc979qujwlcl,dph-ust,3012019918,0,3012019918
terra19ucnefj3p0nezk8dka2uy97pl53gy2qyzxsy36,loop-ust,441400457,0,441400457
terra1lp2h43kd8ex05pyaletfzsakh57744t3c5wm6v,bluna-luna,38703356,0,38703356
terra1e0ayyqmdj53jvwnq6k32q4q24rd762uyygg6e7,aust-ust,403788808,0,403788808
terra10xkch0x3cndqp46rf5rn42elplen8qxp7pn5ln,mir-ust,58166894,0,58166894
terra1dunqh38g24gp2pxwkqwyee5kfrsrxkl8ws2a6l,loop-ust,762652,0,762652
terra1tnrjpzhduwqz5kgm3ncmwelqmm046rnthh6aay,loop-ust,4663717,0,4663717
terra1dax8wlj2rk08qpr9v93jwuqpwc4pa3fhzds4n2,loop-ust,35944713,0,35944713
terra1nnrxspdmsd4dnrl2g60hmj6sypd3a9ftdzn9dl,loop-ust,9090403350,0,9090403350
terra1zg032ngt7cem02n2s95z2w3c0ep9295y8svudt,luna-ust,4661025,0,4661025
terra17c5pu0mpqe6p3ywr8jejrz6dh03tyuczcrshzn,loop-ust,1424960,0,1424960
terra10t4gm3fp8esy35pwwpnx0m79etm9p2zxey7e2j,mir-ust,322254883,0,322254883
terra1jz5lq83m2euyy33cl72c5dty69u0azxd669p6n,loop-luna,474875836,0,474875836
terra1yl5670gran20kyddx4g2vrnulyxm4t9seynlrv,loop-ust,9443708,0,9443708
terra1h94sz84dp5g52mtxacf39fyk0xmw3v6dj3nmcg,anc-ust,443987994,0,443987994
terra1kld4dwvcwvney70c2z5vewzh8fcf24776jtmjl,loop-ust,38148791,0,38148791
terra19ghwn2p8rrcrt9s4fje6xxel5tt7ugn9phczcr,loop-ust,1051426,0,1051426
terra1c0wu27hzhh87ae38eu3zmktsq45r7vt2e2hy3x,loop-ust,4561817,0,4561817
terra1gfgv799jglrjt8za2ku67dqypzl8e7r8vp6up2,loop-ust,918627,0,918627
terra1zk3q9sqfsy8tm8kjsrmn76m4yydfs5d7h6cqfn,loop-ust,1781153,0,1781153
terra1j6dkuadrcd8tkgpxmd0jk3mc8uvr4lsrmm5qmt,loop-ust,2922768,0,2922768
terra10l4gjt27k24jgagvjn4jnkwuzx7ulqtwjgmjsw,loop-ust,7198628,0,7198628
terra14kfrw0e3sw03fyhcq6mdewcvul82ysyx9rmka0,loop-ust,19073087,0,19073087
terra1lvdjq7qxfd7v9lvs8g4jcnt7z568dgd9074l9f,loop-anc,49034384,0,49034384
terra1t4yy0lpsruzc8culu0zr4k8ju4gxvw0k0qk9qp,loopr-ust,74533641,0,74533641
terra1lj4c9v9t7pfzz9fn4rtmjjruxwfnyfw2x2wlm4,loop-ust,3618427,0,3618427
terra1v4ywee28spdnldcnqldtrcnhgwuq04s7km5qms,bluna-luna,3274552,0,3274552
terra16px36983usn4nlwr5fqe9e0n73zqkhcvlkrr9q,aust-ust,358173480,0,358173480
terra1v7899d593n4x8ajcsw5zat7tlwdg82ek3acsyl,loop-ust,30963768,0,30963768
terra144jf9r4a5culltmmr4uaxndda5agzt66na34gx,loop-ust,5884052,0,5884052
terra1wdagst6r8uw59ygjzvrn7w2tyrkatw6z426zm7,loop-loopr,6719708389,0,6719708389
terra1j3eshsfwkhnnrf9e76luhhp0x2dqzjlaxzjlk4,loop-ust,5373584,0,5373584
terra1d3n7sdjgpatg5xk6q4enfnfed5vfj6hjn7y4zw,loop-ust,9129667,0,9129667
terra1c9v0wwnrh2hfhvlg6sh37ct4dctws6mm7nak7z,loop-ust,4843599264,0,4843599264
terra1j5ul9gvnvle86z2vfu39kvawx7vz5d9gttu7mt,loop-loopr,52391399,0,52391399
terra1gpv5gzell3auj6dd3qqqx966p8svywsaszx3vs,bluna-luna,9959256,0,9959256
terra1lrfp63a4htjj778pvw8wm3rgptsk424zsk696p,luna-ust,10439164,0,10439164
terra1mfqcxkv8wjerd0kyl4zzqz29k8lxxx5gztvnvm,loop-ust,5536304,0,5536304
terra1ke2y96u7sxqmnjn9h9zvhsh34td3wh78z24u45,loop-ust,8826289,0,8826289
terra18nwsgue2f6ktx73atz534cjkt0as2c4u7pyhge,loop-aust,92080602,0,92080602
terra126utfrzm3v4gq3kna439na09cnzxuy25t39j08,loop-ust,2676358,0,2676358
terra10cf304t6h8l6r3fdtlds62dx5u94u7x274qxmw,luna-aust,4151588,0,4151588
terra1hz9v6p7l9hsdt9cyqkh9gmx99cx8tft8hxcv0t,loop-ust,487006,0,487006
terra18nlgq4wre3msy3llcp0f0ks6zygmsatxqtdws0,loop-ust,32138542,0,32138542
terra1vtpt5wq6k6sqnl94hse4r634uxfaufeuljqn5k,loop-ust,7845782,0,7845782
terra19ymr7tyrp82l7y4vtcgz7yesr6pdzjkgkqz2st,anc-aust,299757296,0,299757296
terra1cnwagknsdc07w6zvt06kazyd4g43a8vyx2mkrd,loop-ust,1276413,0,1276413
terra1wt9je6st96k2l02ggnw3rnc6fdlyvc58xmmcdh,loop-ust,14381831,0,14381831
terra1s385lwqjh2vz5elym6l9m3zhs6a68l7d68a0hd,loop-ust,1923607,0,1923607
terra1ms3mzy5sqjfjsfjvnc96evy560v2mkyvtqf8aq,loop-ust,8218310,0,8218310
terra1ukpcymqxmlmu5z7nr6vecw89jlgtcgy56nf9dv,loop-ust,1507655,0,1507655
terra1w7vpxyjrjjgq6ujd7xs7hrrza8g607vd7vlkru,aust-ust,17897897000,0,17897897000
terra1ht3pfzq0dzemmjva84z33mdxc6kpeha3577z07,loop-ust,3434159,0,3434159
terra1gr29ms8ghvgtncxz0zaqy67e0cvjpyktffltpl,bluna-luna,294223037,0,294223037
terra1r9f26vx8qlk4rxqzrg04xvvrd3t0y40dyetwpk,stt-ust,69902409,0,69902409
terra1acezhvsrhxaepy2lv3wgttytmpyf6fqkt3vyyg,loop-aust,197099801,0,197099801
terra1jznx8xwftp0cvelejya8kerg0y98xtp2ng0k8p,loop-ust,201955364,0,201955364
terra1ww5ppxjlcjc4eatc947cm0sldwer6awtgnqkhh,loop-ust,9104161,0,9104161
terra1fla84dz6emhqats6pq778lu34m9269xnat8fhn,loop-ust,143324913,0,143324913
terra1pg8d4sxa58t6nsmv2nj7j8v5pvst5wevrp0gld,loop-ust,13513610,0,13513610
terra18ssxukavgyqxwj6nnkjxm7vuyywjsc96rsk4w8,loopr-ust,299245741,0,299245741
terra1au3u6l20nwaccs750779swtkp3nx2kw5lngtxe,loop-loopr,6069189615,0,6069189615
terra1tkw364g93gyjx2k4dq6xsjjzpd40qtz8sddlxm,loop-ust,9791212,0,9791212
terra1nuxlxnyxncdl8365cv7837ulxadmy4srjwen5m,luna-aust,2380377710,0,2380377710
terra1r5w294rrhsjc6rsv0l7xtu463xk33yr8aqqxwk,loop-loopr,528920692,0,528920692
terra1utxnw0n0r44shv8tcyt22rs9lm3npd05lj5n9n,loop-ust,298534,0,298534
terra1nscezh3jfx9g7679h5l3583ma524aqfewhn994,loop-ust,196666,0,196666
terra1f38t2yld90sddm7xarkp8yc480hwhx856hcpg9,loop-ust,797186,0,797186
terra1g3cw545x30js4gam0kfcec9l8djphqy2esz52v,mir-ust,15668300,0,15668300
terra1era7l7w54fthcw59chw4g8ggej9t0cmumffpx3,loop-ust,1090140,0,1090140
terra15mwqp5k5zpxdkh6s8kg7vy6pv2vsdmt983kxur,loop-ust,13014713,0,13014713
terra1s9jxm3nlnpyajd99zygej2wswje875sd4nc2fl,loop-ust,44042181,0,44042181
terra1jtp0te3rcm2whjcxzvsd33kh9gtve5p2jc68hj,loop-ust,9552047,0,9552047
terra183cs0gjywz6kr6jzamu5v8sqgyyx5azeyq5fty,loop-ust,27341970,0,27341970
terra12tu3np8e5c900d96st2sn4snvujjuxpv7xmwga,luna-ust,9148405,0,9148405
terra135zmh2keau56kt3we9rspaazxxagr33k9e253t,loop-ust,8928813,0,8928813
terra19r7hv2gm6wwtttxdfw3ec32e3vpsmmzln7s5wy,anc-ust,49104742,0,49104742
terra132w5j873vdl2erkmmz0spadnzy03lhdjfw5g0n,loopr-ust,87442664,0,87442664
terra1hdlrr9g02xsahrz6r8xm63w3jnupe3lxmmrnvg,loop-ust,4566548,0,4566548
terra139a7uuppsjgvmvv8cwrw4tvsddjm275q4tk4te,loopr-ust,16385968,0,16385968
terra1c55qx678rhnmmh6vs40rs9c4fhuj6tvxnvlzda,loopr-ust,14407473,0,14407473
terra1qzv0refusgdml7mpfw8hnpspj2xc4en0wq9ehr,mir-ust,32533980,0,32533980
terra1aqpk265vdeyharuftxxh8dem7n52gf34e7vzkk,loop-ust,10246049,0,10246049
terra1y3gssp67hsctlsvtut4qlu5y85qm7q3gav0jnz,loop-loopr,6508139,0,6508139
terra14a2k2m8lf38cdfstjlahuygmcs8253yu6kucyg,bluna-luna,5495639,0,5495639
terra1q2s50ajg9r2w8snz365l3787g46045dkwrhn5a,loop-loopr,3252245105,0,3252245105
terra1tcrxwg39j9cgtypk5ex6ukgyxmfw843dt2qqzy,loop-ust,1774518,0,1774518
terra149xww4tse6386phdr2h4m8n93al54exy8twjtp,loop-anc,25958236,0,25958236
terra1my3mq4xfaxvfzksllsamd3z7xs5qs9da0ht8h6,luna-aust,3090220,0,3090220
terra1yad2srtse0pa0w8m0s6lglykwhyp56yfac8t38,loop-ust,57474169,0,57474169
terra1u969qsx6xemlm46c4ed9nu9cwkrg5ujj24gfpv,loop-ust,3034419,0,3034419
terra1e4x7gdu270tfanjuvrm32hhyh8knwpev0tce22,loop-luna,398927346,0,398927346
terra1j765f4f9eytfqp9hv4qejjcjw8d4jnf52a92f6,loop-ust,1598179,0,1598179
terra1zj930yu4w3hqsrc52gltyswvnlce8q8vdccdhl,alte-ust,23567138,0,23567138
terra1ugkdfnjy27cxkvx4redaqk3h36tna25untz7jf,loop-ust,832604,0,832604
terra18pmx0anfd27xu32vphygcs6sgpf6mmlj3l8juy,anc-ust,26445252,0,26445252
terra166ff9xf6mf750ky98pmn6st6t8qvkrnwulcqg4,loop-ust,2650998,0,2650998
terra1favl6ek900zl2fwcknhj3j892rkq3az7meewuc,bluna-luna,13556933,0,13556933
terra1xldrk5fmjcjq6ezyt4gk35luuqy63ql2yj92jd,loop-loopr,787660400,0,787660400
terra1gn0r42xwyx5ffx2ukg6y9c5hkvk9uhvy35psme,loop-loopr,1865798522,0,1865798522
terra1y7jnftvcsfvlz6fxzjp906n9zsfa8ffc64z5ld,loop-ust,18204378,0,18204378
terra1mhl2pc7ekn39jal3zu6xejyk4yzww9nwnu98cp,loop-ust,6844685,0,6844685
terra18sl4gpjusm4qff9n36u6w574ryq6vz8haacy64,mir-ust,224478003,0,224478003
terra197rrasa42sq6hcg5r9tx5rfrehx43r9yzhev0h,luna-ust,117664569,0,117664569
terra1xu55hqv20zx2jfd6tanzx5q208x6xqyukmnqyd,stt-ust,1897254,0,1897254
terra16jpjm40lurnlguqpz6tqq7mmu3d2drcwc33vzm,loopr-ust,498361919,0,498361919
terra1zmadxxl5qczvp4mtum7s2evgx5ap7zjah303y5,loop-ust,3749554,0,3749554
terra14xrslzj3rvwl0na6sws9ck95crm7xpl7khp2jm,loop-luna,153107516,0,153107516
terra1nw5c3hc3t3up7hkxajx4p73rdfksaq2unns75n,aust-ust,4617589,0,4617589
terra1xey08mps2dfclj99mfdfv8ankfq5alrnpkzvpe,loop-ust,162820046,0,162820046
terra15tww77ulq5cec9ptpjgj2e00wztsdk2sr9fytd,loopr-ust,12208521171,0,12208521171
terra1kh0zum577s5vhwcfqks0rd38jhwl207gtn8qg0,loop-ust,28604053,0,28604053
terra1wf5vmm05tnj737t6ppch6uu2wek8z4ugffkjyw,bluna-luna,10471451,0,10471451
terra17yvx5lnxmmthnu5um85rteyy45vvpyhcekm5p8,loop-anc,15197347,0,15197347
terra17339rqk2xwywgq6erzlsycydphju9qnrhmd86p,bluna-luna,3991309,0,3991309
terra12w06azgp248ppntchhu6cy7rmx8pk2mhrdcesr,loop-ust,9556935,0,9556935
terra1n5efkashhv3np242cynajgl8u073q29flpg6hh,aust-ust,32373629,0,32373629
terra1cukg7nr32uj8v9j2u2ef494v93qw77h9x3ghv0,bluna-luna,57575673,0,57575673
terra1gxxudeehpl7dj5rwsue2rpdzqgvrkjwayfxr0u,loop-ust,24275167,0,24275167
terra1dy8sa4jvw55lt979c2fkwe6vczes7g2wdpug9u,loop-aust,2208601600,0,2208601600
terra1ztur2nkuyu7v9495rd4k7k7annn7nc0pa538xf,loop-ust,10251032,0,10251032
terra1rr5v23xw5fwmfjm46nadw227qltm2xdjth46u0,loop-ust,18232522,0,18232522
terra1rc5fv6u3pn8gtytva289ka2tv9ppaj28vz35qx,luna-aust,154649859,0,154649859
terra198mp29xktm4mc55xc4y67sa4x62z0p56v7v9c5,loop-loopr,6313235018,0,6313235018
terra18geekuge7lmyp9lnecpyxsju9p606nuyhvkhmz,anc-aust,293247645,0,293247645
terra1e57tdqtkgznxw80m562ralyvkypxze89l80z66,anc-ust,247229671,0,247229671
terra1zxm20tqpn8ztl0q09umqjmweyud734wdcflru0,mir-ust,76183447,0,76183447
terra1e73ce4qur84xff3anthtvdap8d7nw2l4gy44fa,anc-ust,575073883,0,575073883
terra176fjm4tdwx6f28yfgr77790nknmw99e7yu8cvm,loop-loopr,8002780421,0,8002780421
terra1sj7f34xlvfclg6079qpsl2rqahhwhagyv4vvue,loop-ust,648877519,0,648877519
terra1478p9zx9vgcqzkzy263w5ysaj8pwysgry8q9cc,loop-ust,414566997,0,414566997
terra1y2humfh5ggggkxpkvp7qftvyqc380fk3nvd8p9,loop-ust,430342,0,430342
terra1nzre7dx6p0mtvyezc4s6qyaasrd8hj58xjt7gv,loop-ust,19896623,0,19896623
terra12xf3ylk7k6ca4s7eveug9x9nwlvchp3hf4wr4c,luna-ust,17361451,0,17361451
terra15a4mxdc5x5avayhp8chpaymccxuarj3qlvct2f,aust-ust,90374572,0,90374572
terra1n4lx4arel3wnvx8rwz2unctzsydn8fhf5jpzx3,loop-ust,9212965,0,9212965
terra187tz0v8zvtadrwfsx37zmfag2np3zem8fh3tpw,loop-ust,6437388,0,6437388
terra1zcsj3slrulv9lpjnf0wvrej0e8dx8cydljf5mx,lota-ust,9273442,0,9273442
terra1mxt62j6372egqp2rdz30wf2py7mwmdmwu0l7ae,loop-ust,15377048,0,15377048
terra1xuurr5nuqprum6hxkzlxmw56sl4u9de6qmdmtn,loop-aust,11533744134,0,11533744134
terra1nzcyhts87ze84vmxeel3u7d7yd9e8m3qt2ffad,loop-ust,713839,0,713839
terra12fp9y25c388tfr7lfpp5u6q0ll9u8em2aq3lx8,aust-ust,446235985,0,446235985
terra1xm7cclj33s365ul5cnlp2scnlf364268cv35qw,aust-ust,89485872304,0,89485872304
terra1k5w8fgej4dlytwqdz3gyc2jj2ntqtzu9htykwr,loop-ust,1418092,0,1418092
terra1ytm45kh2s430qa0c4cd5s7zpxv97sspemc6zxr,loop-ust,302951165,0,302951165
terra13hp3jaxv3ztr0kwf2a7j3gkc9slpyh0ncqq4c6,loop-ust,151568051,0,151568051
terra1hcx5ccj9s696u8jledrjm855caj0vycw0w04vp,loop-loopr,18275019104,0,18275019104
terra13da9njcmyz29hgacjdklycj2f3x5qgkplpm8ud,loop-ust,37134503,0,37134503
terra1wp8pnwhlvk6dtm6n0pn3nvhsesg0g6wnfu69ca,loopr-ust,23955688,0,23955688
terra1mjjkn43rpjskw64pvuc43v6ykerrrnkwldje3c,loop-ust,1066320,0,1066320
terra1vymymlkjkrc3nrav82gqlp66cwnqfmt3x6elw6,loop-loopr,38070306,0,38070306
terra1ufkc42mzhlmxjqvj3fknxyf5jynaqnxd7fjgjc,loop-loopr,32765906476,0,32765906476
terra18rglg2542u5gk8fuw7n96xy29qhqk58rwea7d9,loop-anc,184758123,0,184758123
terra1kd9u3r2rmfht769cchnqfu5ydmnccul7ugx2ur,loop-loopr,46920879,0,46920879
terra1lee8mgjmy5j00vw6mzxngvvrcyztje85ew3u68,bluna-luna,54816112,0,54816112
terra1x847afny5vqtyl30n0mpf4wsphykdecfd0w64z,loop-ust,937373,0,937373
terra1q79djqs4f7y27epsuc7jp93tvdfhl9p5lqyfws,bluna-luna,40170086,0,40170086
terra1gl4tmhzp5f49fru3hk6q422wpjrvqt0y6vfjdk,loop-ust,5085279,0,5085279
terra1n4t3hhn2wsam2k4rjg27usv7syzk2sz3lqz53w,loop-ust,24631146,0,24631146
terra1vztallwvxzrk0fgnuypwxn565j25tja7q8ypxl,loop-ust,160238413,0,160238413
terra15e2507ey9tzsassvkunv695ne4km8lry3h90hf,bluna-luna,2989615,0,2989615
terra1wdvnm9xe4v7xvattdwcfrhuf05khkq4yz26xh7,loopr-ust,122822925,0,122822925
terra16quey99vwvnq8tcg0l3uvy2a5qzwtvjahjs0lc,loop-ust,936707,0,936707
terra1j6x37vsgml4gr07zfrut2a3s3s0d7xzanqkam5,luna-ust,315436,0,315436
terra1cg6x8xpmckqr4tex4r03f06ds5ax49l4m58nqk,bluna-luna,141243909,0,141243909
terra1pmnyeu7pc63nc3rtn5x5yf2wxn83xjzn43w8qk,loop-ust,1127912996,0,1127912996
terra12kcag7u552vz8pllev6nremzl36swrna7npk55,loop-ust,4467260,0,4467260
terra1t0njq9ppeceyy7gyggw765nxv34fhv9vgrmrd2,aust-ust,1843545146,0,1843545146
terra1y665wqjk7d8jn6udwaxse2kwv5duxa2h6td8ah,loop-ust,36768658,0,36768658
terra1g90rhge9ugyzvsa57wyfhpyjpkpf74a8h5hmt7,loop-anc,3640893532,0,3640893532
terra1ed4k300msr79vqtujpqk3474ajrj599wuz60rn,twd-ust,138877757,0,138877757
terra1t440eax9raf86z78lq2zynrsqzjjsl45jc3dqk,loop-ust,8290682,0,8290682
terra18c8rn98jq4gtutrp3kkhvpkzpngs6zw5t05xmx,loop-anc,9959432,0,9959432
terra1rr448yt8ux3l6v3z068k5esl0cm80jh2umqyrt,loop-ust,54659437,0,54659437
terra1cqp0rhydd8s9p7fcs5ukkqfn6dtmj03p63k2sk,loopr-ust,29698974,0,29698974
terra1vclrewwtkulk6dxtnremk8d59svjjp4xf7nqrh,loopr-ust,24068475,0,24068475
terra1qr7z7ggpx9d04eszq2qe87alepl3mwfg63ht30,loop-loopr,621916339,0,621916339
terra1x3uk4kex7km4szx44qh6t8w5wjr8qnckx8k4x8,loop-loopr,35576653,0,35576653
terra1mmwdlnszu45tawcrlxl50h4a5u0v56jnrydswz,loop-ust,37937167,0,37937167
terra102av2gsndemejx4f90gkh4wlq3glxdptm3fh2z,bluna-luna,20752506,0,20752506
terra1lsd5mdyemzfgawjek6agm08rqq6rt2h838t9kp,loopr-ust,5616225098,0,5616225098
terra1wdwd2xdcldmt35hsucm5fee4pt4anx475jdlml,loop-ust,37917701,0,37917701
terra1nffeln993j6lyzzwnzmxxuxav893aldngfp6v5,aust-ust,179224319,0,179224319
terra18pnvqjhqf75v9s0ku3kstl2fddf5fhfdctg2vg,loop-ust,9418246,0,9418246
terra1xffzrz2a9m36723nkjprx2mq507atkpqcv6na3,loop-ust,17668596,0,17668596
terra12un02cjdpq32yet6g2r2tsnr3m5datmtswypcu,loop-ust,6044958,0,6044958
terra1gn559gvpz8ly9ds426l6q7420pgvd5l79udpf5,loop-ust,54713218,0,54713218
terra1cwppftu9kj8ru2e5gfeyflgc2x8wquj5nn3yzs,aust-ust,716578770,0,716578770
terra1j94ekqjj6gwuw7khtvcq3m0mccngtjcsk02nte,aust-ust,4830920941,0,4830920941
terra1ann9fpzkfdzkzadsghn90lvh0chdf7dremxlue,mine-ust,11223918,0,11223918
terra16k93agdfzv92mv950twhtq38ulyrukasxfv3p5,loop-ust,4282398,0,4282398
terra1q6cf6mu8vme9ma4zlgutlyd0j57fwltp0u74yr,loopr-ust,67724681,0,67724681
terra1fsrw0kvyqwsm5j9uxtxw829zfkxr693rruxyt9,aust-ust,150322226,0,150322226
terra1lwlnj9rq6canzan47u4wywha99qjuq8z6m054n,loop-ust,2456822,0,2456822
terra1mrk7jsftxf6fvhzj3998aun3yf0a8kfcr3lshh,loop-ust,6125102,0,6125102
terra17339rqk2xwywgq6erzlsycydphju9qnrhmd86p,loop-loopr,1716980089,0,1716980089
terra1h0wyw6kw58tuszg6ddzulgwtqfh43tp73plfd5,loop-ust,61470916,0,61470916
terra1y6s6s9mgjpa5d9523mz68hu0jfxxpanmvw4p3c,loop-ust,1590085,0,1590085
terra1vqkt3xnsdwqk3vwwdd30s29yan9w8y8s5l37f4,loopr-ust,40072764,0,40072764
terra1hkwvqh25a4y8mj5fu0kwgdsqs0jew0qgk9z00x,mir-ust,6994754,0,6994754
terra19kj2whyuwjw7qm44m38g5vk8c0lrtzqw0yyzag,loop-loopr,112439391,0,112439391
terra1mq6ke9x5pckaj6fgjc5wqdme83n3d9uha7rxz2,loop-ust,15418968,0,15418968
terra1pqfgjclj9gywtaj39p2mr90q2hlm9xglt5wq8c,alte-ust,425560,0,425560
terra1u76x2dc2fk8hr3d04y86nm5l6xwe8sjk4009d8,loop-ust,3922494,0,3922494
terra1ngz3g0avclt0xynst38n0qdwrkagt7yw5x7eju,loop-ust,554554804,0,554554804
terra1uhrcymle3u9f9qwnw0h4p35tav3p5794pq22u7,loopr-ust,88792021462,0,88792021462
terra1d9utgr9t5m3cetwymr6sjqv2earkdeg7yc67xz,loop-mine,3791027,0,3791027
terra1xw93vwz8grvxxaekv6rns34xqeuqyaa5mzrj8z,loop-ust,1212833,0,1212833
terra16ashwp5sppyukqareksgvlyzuyhf952cq2799w,loop-anc,62471210,0,62471210
terra13ws0t7jl2swdvlerur9kcz6xlxrghdj0xm6xe2,loop-loopr,3867829904,0,3867829904
terra1503fuja5z5ehytkh2yz83cuk4skx75pfm8a8y0,luna-ust,301856698,0,301856698
terra1feqtlvaru4lszqnpjesgfw8splrg7u27wwwqac,loop-mir,3333881447,0,3333881447
terra1dmm7wcjlm0ztv6s33tucrtz7hycm2lr3xsxfu9,loop-loopr,549843308,0,549843308
terra1ffsm97n7llltapgmnfs4r9sru2tl3elkh64rth,anc-ust,146472075,0,146472075
terra1pmh0g8kmz4gyu5ctfm607n37pmdv5m6t3ewam9,loop-ust,1852052,0,1852052
terra1g9myzmppsz5jl26zxpwh79fsxr25c8l4wmlk4n,loop-ust,1027332,0,1027332
terra1fm0vzxlwfp85dm6lfxsd6p4kjqtwfjmhv0vatp,loop-ust,452747596,0,452747596
terra14hc7m8hrdusnzp2ymu80nnlxgx0xdauwe78zr8,luna-ust,109295523,0,109295523
terra1qk54p8jh0x57m8x7dqxfycfznj77gwkqdkg6vq,loop-ust,34470322,0,34470322
terra1s7jukqj8rl7p88y4gtn3zyzvndslxndyxypxwv,loop-ust,75210255,0,75210255
terra1ljp98pv9hnran8e6yytvtq9dsrv4e2a2z8pfu3,mir-ust,2287791,0,2287791
terra1hd5h7vwtvlaphfe9p8mgfhhexlm7qs4u04sx9q,loopr-ust,17547197,0,17547197
terra1qu7h95yc6ck9pkgmwl4qwtpueclqqxgqpwnlfh,loop-loopr,7184378421,0,7184378421
terra1gmqkvct4z5tyl0am075m2nz8vfla7pr2z5pppt,aust-ust,111827922,0,111827922
terra1wsn2ssqnxx2g99mn47839474zd7pmq9ral64lp,loop-ust,10678810,0,10678810
terra155y0pzhcf800eq0qgsvjf75c4zefz8ytc7vv47,loopr-ust,14827396,0,14827396
terra18rjvv35l3yg5n0sjh4glu4mqn55rr4uszeqant,anc-ust,56670241,0,56670241
terra1ht5ml760pltwv26sxxegekkfa4ymtauw5apmy0,loop-ust,483112,0,483112
terra1eekvv0wlml5fkdt00tstzcwy3auhj908gcfrvg,loop-ust,69372433,0,69372433
terra1ns907ygp09vt47gllq3pl4cdsxwpchnw6pu2rz,bluna-luna,13953595,0,13953595
terra1dntaarptn6tgpxkmhs8axrhk2a74rm05cruerd,bluna-luna,624251231,0,624251231
terra1q66hmjqmm64464nhaaxv289z8zfvffkq4a643h,loop-halo,7591906993,0,7591906993
terra15vlvj5evznfxy8ws0grla9gtexmgt3l05vtz97,loop-ust,10291612,0,10291612
terra1th7wznjznnyck42v3eyma6cukqvrttsq75cu5a,alte-ust,6496289275,0,6496289275
terra1eqf425wkuz58rsjh9dlkqqfmwh66jjmumh92jt,loop-luna,21960871,0,21960871
terra1w85v09pglsm8xgtn9h22he7w5hlqmtsuk9saz2,loop-ust,3226034,0,3226034
terra16r0n7d5zulg2yf7lpd8jxxgru7pe9x2hj64urg,loopr-ust,8674566673,0,8674566673
terra17wganhk7hrachr33prsd6rtya6kwmc85vllncx,luna-aust,8088202,0,8088202
terra1rv067lqguqz5at4pvmrppgyzmjwkjsjxqcv7ny,bluna-luna,15298428,0,15298428
terra1lxafe4kkufavue6kpt6jrqurh96pwwscntk0gm,loop-ust,17411298,0,17411298
terra1ujx48uq05a3hy0ug3aklr7f4du8aj57y7sry56,bluna-luna,1495857,0,1495857
terra1vwhtj4gwtgdev60fs2zr8g4dd96hycaa3nrwpd,loop-loopr,85379885,0,85379885
terra1f3986sddfpqsgttvnjj8uunr08csl3v56zvh89,loop-ust,174681531,0,174681531
terra1a236ek60g00z6sqd4ukjf2azscyaqxnpzct25n,luna-ust,4986068655,0,4986068655
terra18k58qvuwzc9nre5xqqjzrdqyvmcfy08wyu5cy6,loop-ust,974560,0,974560
terra18w0a5vdhgr30y926c94mjp6zp7prhprgthrrpp,loop-ust,850115,0,850115
terra1an6x2f5qxvep4q4vm9sw0l83sc9pfswrpqlwp0,loop-loopr,13362308172,0,13362308172
terra1vus3lhn7c0y9qjszd5xpvf77p3ksaw0h2affgl,bluna-luna,1925239,0,1925239
terra106x5ht6z977uuwqr2nr6mwjv4tzk3293vj0pwc,loop-mir,74980826,0,74980826
terra1xe9aa6j78z9ejt9e06a7x39zpnld4lxgawp5jv,bluna-luna,603894,0,603894
terra1ccttajexmaqeu9ka3ax7s7uurv8dqr3ukjmslm,loopr-ust,3301575649,0,3301575649
terra1elx84aathpu3qk4nl2sr89led6ht7lng4j4vhm,loop-loopr,578784344,0,578784344
terra1372kjkzk5cw854c4e55qn6dhtyzurweh50savz,loop-ust,5139007,0,5139007
terra1gdpyt6nzfpmyqlsr6nhn3vn79e98wht0236yzl,loop-ust,15139777,0,15139777
terra1fwc4f5gjuvv5a7djrrgumqu3wt346rznzhgk4m,loop-anc,189598778,0,189598778
terra1s96xwnrqa5hhxm53jhstncxr4h92wmchraf6xs,loop-luna,2184829,0,2184829
terra1md0wh5m629d4pd5gmnzqrm4kde6p3dh265eh9p,loop-ust,57877971,0,57877971
terra1eaerkf6dp2fyend22tj64h7clsvpkft3p4z7e6,luna-ust,11419202,0,11419202
terra13nawu9zepy50x58s7qf44q0y4fp0688393nl7s,loopr-ust,66203817,0,66203817
terra174yc9k2d3r2afm5pz6agtnggk82e2lvvfvs5c9,loopr-ust,13784225,0,13784225
terra1d20py9xef726m4a8feg262xdkjdazdal3tfsgy,loop-ust,5753907,0,5753907
terra15yfuxx53yrc6n2uezkwu0f9ytk0n2ync56pd8j,loop-mine,68208691,0,68208691
terra1uvaqq0w6xjz3kx8hkjfn8kmsnqglj7wm3nvqkz,loop-anc,126621091,0,126621091
terra175xc4h5najhkd0xwvjkptl7wcy5ggqzkht3xjk,loopr-ust,1301848854,0,1301848854
terra1s6eg0qxwlca7at2t6xx0rj7vrpqwlylddd0nq8,aust-ust,2693828386,0,2693828386
terra1s56kv3tveet3wvhw2rtw3ehre6fj56ljz94zqj,loop-luna,20694279,0,20694279
terra1cu789esezf5xmn789cvdhkmr4jytn7hztu8cd6,loop-luna,11475662,0,11475662
terra1hdamm6ur8mn7vka2yrzdm4rtg7zllgrysl0xa6,loop-ust,18222362,0,18222362
terra17aq6ywwxu38ccmghqwjhmsduf03xwfjvj6jchd,loop-luna,51946175,0,51946175
terra1pjldt5lzu5rvp8em72nhjxxw0f34snf7rkaled,twd-ust,45677736,0,45677736
terra1ft2gjccpg7wj72vedj5a3lmsanquycyqv7ncc3,luna-ust,225633346,0,225633346
terra1q4jjnanvf3zttk0qre9mj83yzf9qn03ygnge9d,loop-ust,2652151,0,2652151
terra1z8jzgscau36mkkqqtstjape5pwjwhtyjva3h3g,loop-mine,541511780,0,541511780
terra1gzj9qnf6h3kpxwusfk9umhp4urdpjy2q2qtfkm,loop-ust,7992011,0,7992011
terra1ntsj2xw5wr05cwgdjjpvh5q9ey886je4gecsa3,loop-ust,96948988,0,96948988
terra1xpejqr9l4f49jtcfyrqg2hpj43tykyfqu62uj4,loop-ust,2274017,0,2274017
terra17qf0n4drwssvgazkd0scnvswd0j3cd94dkhsry,loop-ust,975885,0,975885
terra1ak5yw5fzcucgpm4gvp7n4sy94ptevmvjm40azf,loop-ust,8784850,0,8784850
terra1gu8u5ac9agaq4pf0xlxflqa4lgs7an2l22tvkd,loop-ust,14274814,0,14274814
terra1ap6yg3ahyqxp2jynta697yx90479krxzavle70,loop-ust,12190526,0,12190526
terra15hruuhawnr3626umqjqxjyd29ntwykaaqmnpdp,loop-ust,911411,0,911411
terra13puwwjf24lqwye87kx2dp0rakd9euvk7cf3jdt,loop-ust,9572214,0,9572214
terra1kwc5smrqmlhvgv80hm0vu97jjvsqapvq8njhs2,loop-luna,3120309,0,3120309
terra1xqx8vahejudx0aky2v5v76s55plpmz8p8rq7zv,loop-luna,53749309,0,53749309
terra109j0cddy3gj0w84hjh007f5zhjm40www3jn0ce,loop-kuji,100932095,0,100932095
terra1r3k5u8c6afnjusy6wnwc67n9yqg8awk6pd8t8t,loop-ust,1430140,0,1430140
terra1dhmekjmx0028f02qj04gnk4e9ecqfzguq3jzhh,loop-ust,58607690,0,58607690
terra1wuf9vj3vfv8vmmpk3fjurkgty08s9fp7r4d0lc,loop-mine,324197689,0,324197689
terra1zuxk05rtmkqf429yvgesk5md4j5znsxk0wcvjc,loop-ust,976338,0,976338
terra1n7zq6hk8lp8f3pd3vf48yp88nst5c58w3f3zsz,stt-ust,356276,0,356276
terra16sd2lysku6nt08mcg87kjxerj9s7hx9vjr73q8,loop-loopr,77160983,0,77160983
terra157262dqhmsrnqr6qee28ehjqjrecapxmzj8669,loop-ust,25782626,0,25782626
terra1dk80kqv3rnwupa80clljc7y0mhvggn6328levd,loop-ust,15069017,0,15069017
terra18unaz48gqlr6suqq0k3xm9tj9ej63sw038pcxm,aust-ust,1489442303,0,1489442303
terra1cc7kauhdvuzz7akjyaftc2l02s2e2c2w6ywytq,loop-ust,1923576,0,1923576
terra1fv0g0jlhqg5s5we8a5dhqnqpxrcqqeu3k7n7cd,loop-ust,1841503,0,1841503
terra12x509t66cq3ga8ypjn97h4lm0glkjetf9qy053,twd-ust,15078815,0,15078815
terra1h7fx2p3mzeguhdtw2h8zfl84lzdecy8fe56yk8,loop-ust,2450162,0,2450162
terra1qs7ey0ejdamhnj2wvl4etyw3r6dst3vp48njhd,loop-ust,957229,0,957229
terra1mdwa3e2rd5y2qmm08x6fk3ehay98963fn0ktwe,loop-ust,4837749,0,4837749
terra1ns4q9lq8qdpc7jep0pprjy8sllue2zkyjnjdqh,loop-ust,8291507,0,8291507
terra1g4evdwhean0guvr5f62xeh6dv25n6szud0r0x9,loop-ust,1617565,0,1617565
terra1qf0c6xn77yfagsn8uz9czfcxp4gjhslrsam93x,loop-ust,46188680,0,46188680
terra12udsdmu47wkjf4gy25fs6u7vzj3yl39rsdvlwj,loop-loopr,2375820196,0,2375820196
terra1dcxa0lq85jc2ta770qd5uuyg9phjq6ns3t5nnh,loop-ust,761727617,0,761727617
terra1wxgl72zhfe6375u70hqtpvzqgtzpqr7yg2xkud,loop-loopr,267361425,0,267361425
terra1sa8n0wl487l00p87hc2rmur4nu288dqqvfxdls,loop-ust,48503267,0,48503267
terra1qeq5ltpm0m4k5sq6u3sl737hdyfqda7yj3gura,loop-ust,106889589,0,106889589
terra1cun6x4qj5vk4pxln2a788j3pdvrk9c6x99p4lm,loop-ust,1014546,0,1014546
terra178tshesdhc3ujfjr0haqv9yptav8wvlc6s8sne,loop-ust,31361235,0,31361235
terra15ahxj8wllnvjdu6k4rx5f77s2udwvh40pnh46q,loop-loopr,7117082010,0,7117082010
terra1vaeqnnzxp7ng3ma92dsqzl9mr6qclcnjk90xap,bluna-luna,314844905,0,314844905
terra1zavpg5zdn456ryswa4v7u9400qdd9qe6wanapl,loop-loopr,137236321,0,137236321
terra1kkgcu23j054apztl7duuztcs5tmluxzvpwjtan,loop-ust,2137177,0,2137177
terra14h264a2k0cstsus07880dhl4t7zgm472y4ezmm,loop-ust,14949442,0,14949442
terra1pt9w2ymrfn66rthfp3eqz6mtujsq30y4kfmn3n,anc-aust,2713707132,0,2713707132
terra1tam839et96xqvmmh4270x7tke49aj32u9lmlc0,loop-ust,12836684,0,12836684
terra1puzwdrpe53xezyz2g0y350xcsgx32nck944rfw,loop-kuji,49157103,0,49157103
terra1nph0y9t4tyfvm7j9njlhu5wkjp63jf63ehtln6,loop-ust,6901539,0,6901539
terra19h5xt347vtvqgghrnwmp7kulu3nqhsmy6zaut4,loop-ust,1043813,0,1043813
terra1xs6zz4fh2skz2e3n0uns2l2e5rhyrafp4j36rz,loop-loopr,294096359,0,294096359
terra15e6epxpzww0a37eg0le50kekhgygpz36662n7w,loop-ust,1907043,0,1907043
terra15shxmmv35tjwjn2xxf9sh5elp9r4hla9f6g0qu,luna-aust,16842552,0,16842552
terra10scs29u75n43ae48lh2u6yvd4mwpv55vf0jwnd,aust-ust,1618248856,0,1618248856
terra1lpk7549ggq6ewkvghjzrzw5vjdgjhk2ljljw87,luna-ust,22087831,0,22087831
terra1j76aezyt45ffssaj5pufna7e20audn49ue86m2,loop-ust,9779604,0,9779604
terra1ekp5zyu4wz7lyggejg2yr693t7vxj2vetdq7lh,loop-ust,1908801,0,1908801
terra1fjquyucxhek7ut7h596mwcrhfllyr8mvurfpmx,loop-loopr,368068176083,0,368068176083
terra183lnrrxyh2jjpqumaq5c48r5772h5l42swz5pa,loop-ust,1923504,0,1923504
terra1pmp5pn4jdaew0e2tryz373e8whac40esazmcma,mir-ust,66683389,0,66683389
terra1fk2ephmetreelakjpschd8crg3ql7kjx7d0r5k,loop-loopr,15139056,0,15139056
terra1uh6lhvy2396z3d4h6zl66jvsncfgf2r5sq3nxn,bluna-luna,3466251,0,3466251
terra12yypmu9jg2chg5url5kzfj4q9l2qdycmc2jyws,loop-ust,550787674,0,550787674
terra1jeduxg3twds9yt98m347qwvcgwgfccm228ykz0,loop-ust,10433536,0,10433536
terra1y268l9k9g4jszf57ufsvmstdqxj4fmlqxwp44z,loop-ust,4769840,0,4769840
terra1r5f6xr0xujea3vfkcm4y6sa9mpev2mlffvksnx,loop-ust,88155308,0,88155308
terra1wkkyk2ce40szrsagh689zxmydhgzfuy83x4ndn,loop-ust,961189,0,961189
terra16j6tgk8067stx038qem6enyvfr04g3u0xxp26t,aust-ust,892775939,0,892775939
terra12gpfmdlu8t4qr5yuqdj9m7jwalh4rf4lkmmrll,loop-loopr,20106246320,0,20106246320
terra1sv2497ej3e66j59twxa2uqtggd4sj9rkdgzjfd,loop-ust,10466730,0,10466730
terra12uaux0x7vaaymp6zrdq7x9atc9hzcqlt4v5pqe,loop-ust,4043893,0,4043893
terra1cvtu5w3w4na0wdnjpu4h6cu0637zj03xrv6xm6,loop-ust,680794,0,680794
terra193y2y7cnhuwdqmwc6xskvyx9x9jgpv4dv60qn2,loop-loopr,21473362,0,21473362
terra1p9fvr46mvx50927hh872wh62rnxc6ynql9l6lw,aust-ust,89736261,0,89736261
terra1epjdxdszp0ux26up6z3sgxlj4v762eysn25kxx,loop-ust,33618330,0,33618330
terra1fxrmjzaf563ajqkwhrctr3hypvq2xeuz7fgm2x,loop-ust,47953,0,47953
terra10zmhytfyxc9w5rp8h7jyg4azu22ujzqzf07u8l,loop-ust,5009844,0,5009844
terra1cl7eythmg2lvvstzyumq36nzfet7ge4qqdr5ts,loop-luna,145980486,0,145980486
terra18pl6ltm82jtujf80yvqdvw2szyypduaj2nlsvh,loop-ust,807347,0,807347
terra14a3eeah22kwzgvwagu792sqg237k90d5qmxrf4,loop-ust,1038943,0,1038943
terra19sryczwlgqsl7p9fxp0wmamnltrtx2hhrsfyhj,loop-ust,399868088,0,399868088
terra16khtjg7ppy8zr8mqnmzt0dp64q0je07wp2ytp2,bluna-luna,1988478,0,1988478
terra1p5pllq8cvr350qhzzcw6s5yxfatn7sg2mt080j,loop-ust,7360288,0,7360288
terra1g0uzl468etgkx0gkts42mg7ly6waqkemw89lsh,loop-halo,12132634931,0,12132634931
terra1np5mpyy5dy548lqlsfxprg2swgkhwccnn9h7tk,loop-ust,631353,0,631353
terra1qn2qwaatjk5m2tdgamqvhmsds0h6gv5tj2tmez,loop-ust,3009673,0,3009673
terra1egwxl6ajjpsj3ar8efetn7cuzzjakxrf8vgp7t,bluna-luna,2070824,0,2070824
terra1ngska54x83382tpsq8hrctnramckw8f33cwezf,loop-loopr,26451150242,0,26451150242
terra1jvp0e5l4sjftx880r8l28x7jxasj7u7rdymf5t,mine-ust,19450732,0,19450732
terra1jjvqnwv89zcawqdqe72a63jy6ch88qukqcxmps,anc-ust,71485388,0,71485388
terra1s3jz52p40syuyghuqd2jhama5sutj5crz6apuu,loop-ust,1645212166,0,1645212166
terra1ngpfxanarstaps7jyjkfjtyecwzjdhetg2cg54,loop-loopr,10244716130,0,10244716130
terra14ndpsk8cctk2kzq09ddmyp4yxm3ttm5ljmhvuu,loop-ust,63485007,0,63485007
terra158rcu6yxr8thfpf84czw7gwyxtkzhmme2ew926,loopr-ust,13548574,0,13548574
terra12440pud8fjlc99nh2rtsrvgpej4w0ncapxjucp,loop-ust,213522590,0,213522590
terra1qzlpmfe2dtw7qz9y33tzpswx5u8fzfd4j54ycq,loopr-ust,38585907,0,38585907
terra1lm4sekm0jzzz45v5t09paxjsmy43ftmy5nxc0v,loop-loopr,1198697653,0,1198697653
terra1q0wuqy59ee2lh6prwspzjrf7g8hhdvj0fzp6n7,loop-kuji,206745405,0,206745405
terra13pau70e4gv5dsqxksyputwz4hfy7c3lwn76g38,loop-ust,4157140,0,4157140
terra1mz2qczd004689ttg5var2uyzynxsae4ac0g5kr,stt-ust,2302072,0,2302072
terra1zt0s370039dkcvpmd5amc8z85w3rjykvaly9fq,loop-ust,144795768,0,144795768
terra18p6zfmwxs48mn60fxecy5tnx3gnsgtkdgq4kxh,loop-ust,12806606,0,12806606
terra1vqqhvvrda4ldcfrj6dmg5hmt2v7vrhvm5elpw3,loop-ust,5388011,0,5388011
terra1nmdzqeses285e4ysy5xeyzxg4cqywl40rwp4ws,loop-ust,51303944,0,51303944
terra1323ff8j9gzkccwgwa5levmge0vty7z0047dy0t,loop-ust,3715558,0,3715558
terra1374xzg53a38kpwqc2yx2zz39z32r4c439g4rrh,loop-ust,71071222,0,71071222
terra1n535hmrt40h4n6tg5g35uvtsmpwlndjgl3lxtt,anc-aust,123055531,0,123055531
terra14t5c4hh09jvt0fsvv0hrur0wu33nyf4kvcwxmc,luna-ust,8846163,0,8846163
terra1etwq0q8wwnmq7322kz4v6ff2dcvwfm634vdkqn,bluna-ust,2671703086,0,2671703086
terra186p9aqxgk48nz995f3pzrq7xt7ht0y48qzca74,luna-aust,816318257,0,816318257
terra1js905peclaa5u7mrdmmtgl032q3d7pu3t0gwdf,luna-aust,108732886,0,108732886
terra1pcmnga8q8g9c09ralx56c2rpqt9axnwq56snmd,loop-ust,979024,0,979024
terra18gku6t3ewhuzhphmjaj5jwpq4sahvaw56567qs,loop-ust,19652150,0,19652150
terra1052au6cmuq0raedls4nac43vwac8w42wrhasp5,bluna-luna,4098152,0,4098152
terra1fvhynqcruq73rv4kpjlgxy6czvt8qxule6mstz,loop-loopr,267978849,0,267978849
terra18j0nkullzkjuw8qf00kcxp3yh9dlcxs0kxt3yc,loop-ust,911616,0,911616
terra17gtn90jv4gf942m5akmrkj4z4ye9u40tdyku3q,aust-ust,2684176996,0,2684176996
terra1zeyvhtedydxaws4dwwjuu8yd2gmtmt9gne9vc2,loop-loopr,5828192209,0,5828192209
terra1qhe7l4cjl5rspkz7asttx8xdkrw2drczrzay0q,loop-ust,1924044,0,1924044
terra1wtwkn4pzaxh9k4t8wl53xprlrezmgjcdn7eyc3,luna-ust,14595518029,0,14595518029
terra1dep74h2dj58zczzws685r8g8sz6s3ax5w7v88y,bluna-luna,687149,0,687149
terra1mul83yr3z35jfva87uzsyx3zxcrtpnw564xqg0,loop-ust,112257179,0,112257179
terra1vgmq5t2mhyt9vr2j5sj6ycqylsj7khqm4fwamp,lota-ust,78502440,0,78502440
terra1x07k2qgrfwhqsn7qaagls7qhq6zpw295sdflgw,loop-ust,8081937,0,8081937
terra17smaay92puex3qwgvdq0jyw4u33dplxts7cuau,loop-ust,8790215,0,8790215
terra1m05wd0nh7krqvrqhkxa67njcth4g7sl2cfzm6h,luna-aust,16885707,0,16885707
terra1qct8zzudefduc247xusjse2vjv030rana6neet,loop-luna,6644865,0,6644865
terra1fh59xquedtfgzwjl8klej22kzyhmt0vzfr3dsx,loop-mine,261623084,0,261623084
terra1ykk03gtwa4pwz5fu08k83pfkmg9f2c9c2gyd6x,loop-ust,1023582,0,1023582
terra1yneudjsw4udqd7ruyndtm3xv7nhxv6x0fym34p,loop-ust,938807,0,938807
terra1r8uk3svqnf76zmm3z7kv97nt2qcme4x37gez4r,loop-ust,35869579,0,35869579
terra1a2ufaeyp5hfdl25fasql09ur02d2sye3zjdwh2,loopr-ust,62631262,0,62631262
terra1ma5v8z3dznmezd7ala0lkc45qnc0almpxhegev,loop-luna,1234979,0,1234979
terra19k8qkswczkus6zyyesy8047g0tttwn5c55yk3d,loop-luna,197156507,0,197156507
terra1rws8p8sc08lurhsqtgzw2pvcex3mq54ke8w4h7,aust-ust,155181521858,0,155181521858
terra1h3r579mdy6w6y6vj6e3spq8w7ev55ja89g5uxt,anc-aust,43577707,0,43577707
terra1zlszngg35xmhzyjlzj8je52h3jdf6axstjptyl,loop-ust,384360958,0,384360958
terra1phjlheantk5ue6n0d0fyl5ew23x32vd77fp9tl,loop-ust,14435897,0,14435897
terra1haj8mr5sxrq2jt88n5xm3zct3la57q7n6809ss,loop-ust,4434612,0,4434612
terra1msjmwnz5tzchdcvrtalqnvhv4glxkckr29slp6,aust-ust,56084203,0,56084203
terra1r7dke7zyzk3njkyquanscq70359d5tgmc2zn2e,wewbtc-ust,54,0,54
terra1rqky6cm7wy2l4rljdhm9qlgk8mmwndx76ruhuj,loop-loopr,810090447,0,810090447
terra17m0q2m0n9dwxe2xjq4zgqcxmjkz6qr4zajf4lh,loop-ust,9721245,0,9721245
terra1j967rt5j9jqun0g99z3vedja9aqh94w8scjjy8,loop-ust,1052740,0,1052740
terra1vsvr3zmv7mmgtkw40fz3prqvthfvkv0kuaqcwh,loop-ust,1063485,0,1063485
terra1fs7xndv8chjy6m0r8yt8dt8xh8rmmjhhlmeqkm,loop-ust,5893014,0,5893014
terra1gwtwkfr6kd2gu4dd87hc90fut3savmvj2q9fvl,anc-aust,122656831,0,122656831
terra13aa5w8fl7ea4syzjrykvl3efkj2375qxn4446p,loop-loopr,6266885,0,6266885
terra1mre7fg7ag2vqfr8urxuvvx2jhe74zfa9h9af9u,loop-ust,7399801,0,7399801
terra1kwjd4w354f4nufuafg7watfchmx87h9akdf6l0,loop-ust,924144029,0,924144029
terra17tvq94x3v4tkx6yfp2zfsu9akalpusqs2670pk,loop-ust,46478621,0,46478621
terra1leul46wf996d8xvevw7vkl608gnducm30eylh5,loop-ust,26145388,0,26145388
terra1wdnprnt5g0sdhe90puj2tpde0ux5psqep4775r,mir-ust,834905286,0,834905286
terra199ah2vdy9tdk30dgeqzzhzwuz3auyetw26nwm3,loop-ust,950951,0,950951
terra1truw383920d7thg90nz4a2uh4u94g4ngnt5hwm,bluna-luna,99788480,0,99788480
terra1h9wmx0769ep2p7rkuuxregy3sjjhrf6v7mycha,luna-ust,62780813,0,62780813
terra10z22xz0tp2u879al4zhlzgtptrrej83jjxqd4n,loop-loopr,189641097,0,189641097
terra1a8873a0u9qm862gm9fqf2q99lu0s46ss8pynz6,loop-loopr,78580044,0,78580044
terra1knua2j57ha9056qufq5lr998mt2lrupelppxyc,mine-ust,7542376,0,7542376
terra10mqtu3qxlmv4ywwe60nzmfanxtaln3lpzeg0wv,loop-loopr,20644404,0,20644404
terra1tz5dqes0wjnj3gzz8yqthwwuu0fu7k5aqksjq0,aust-ust,229730107,0,229730107
terra10c3pffu6vyqcex9ce4sqvwvcyg7xk7xce98rml,aust-ust,895136599,0,895136599
terra16qdpm9w3jk9ewnza9cxj48mgzye04jsu06mjc9,loop-ust,36430932,0,36430932
terra1u652wnqn0f6t53z4lt86asmx3mv66057z7gt7k,loop-ust,8840,0,8840
terra1ek00ey6praq3970kejymp3346em0fxhjjk9fk5,loop-loopr,3820916737,0,3820916737
terra1c67ew2j5kwuv2wmc08nqrsumasl58u6fhkmpmy,loop-ust,16180908,0,16180908
terra13gxykndntjsucf0knwrlasl9j9u9v42peqewss,loop-ust,1531918,0,1531918
terra1aunex5wg6ejrgaudssezn664q5gneq0ecacakt,loop-ust,912817,0,912817
terra1xnk2w27nfrfemxyx85wguzync6vfkael6vw4h9,loop-ust,894088,0,894088
terra17tncrvwgh49zju8uxcnuwz3up43x0lyh43h8r0,mine-ust,627540139,0,627540139
terra1438x5tfl4hcsmywru6sk443g6vukm5u63r54yk,loop-ust,1590431,0,1590431
terra1hwh25aql3zj7jdlawj9l7uyuxwc6ryrurf4sw0,anc-aust,793741668,0,793741668
terra1zawaxxvp4z37a58pg5k982xc9tvmw4jsl55lrf,aust-ust,2556379758,0,2556379758
terra1hp9exad795gjsdfmmwvaerc47heuz03y7zu34s,mir-ust,133191979,0,133191979
terra1v02fmhxwqclrlcg0qkd6svee6jsld7ckcxazwf,loop-ust,93822,0,93822
terra13dl0f3gycadhsplh8nzxwwrqsfyrppq6qscg0k,loop-ust,15241532,0,15241532
terra1yrz20ehpy96w9nhpx0c24a83qd7w2um8lxa7ve,bluna-luna,2262038,0,2262038
terra1g6ne07zqxmlgu2zgajz3erqhj79c2m3apcfu7l,loop-ust,1096333,0,1096333
terra1fzk3h24y0w0wfj5zfnfa9wz0jyazjwlustvu5z,loop-ust,60272895,0,60272895
terra188lx8naxs9h7n2ql3mu9ppdy36f38angyx98gz,loop-loopr,39816953274,0,39816953274
terra19pyrx3zhcypnnze44z9wjduvx9ene500mavnzx,anc-ust,2026819556,0,2026819556
terra1j68gcd3lc49ujxpycstzj2k5ywvnkjwk7fe8px,loop-loopr,30462383721,0,30462383721
terra1700724lmxfr67lyen7vq9qln25xysz70dfwz6z,loopr-ust,139779220,0,139779220
terra1nmyuy27ynt3szftvzphspnvn5hj5mf2mpej748,loop-loopr,3145421192,0,3145421192
terra1cck0g6dmq7vatdqmg4jfj4ra4mhffhklm4ma56,aust-ust,2244878532,0,2244878532
terra1tk8p3pa029x8qa6rrtwqcjlxn4ysnuvld68j35,loop-ust,4132443,0,4132443
terra1xm8ft7ph5vl3ea9le58mps9m5qmulx2lh3rd0f,loopr-ust,42036915,0,42036915
terra142z50x665v8g7eth8vm42m9d2lys54fu8p0ha5,anc-ust,73994723,0,73994723
terra1f9l6uktq3nu9jge3qg424avnmq88ks8f645nnf,loop-ust,11844249,0,11844249
terra1tsff2r0wnhn7xcjd34nnl62g8lf85w89sxrgdj,loop-ust,898932,0,898932
terra1gezfqwdg4shuuen83ldftgnzs63a9mxwpnau6z,loop-ust,4823627,0,4823627
terra1celjzycqt74yp3yn44zyg99gww5tas0ddjd0ka,loop-ust,10190723,0,10190723
terra12wa7nu7pg86evgusv6kh3jf9yhcfwyytf3akmk,loop-loopr,162182350,0,162182350
terra17xt52v6essvkxf22ppsxhg8q65qvuvk56qpx72,aust-ust,3400189208,0,3400189208
terra1jhsppwkayuy3kv8paa73zdcz20jhnrfsymw53k,loop-ust,2399814,0,2399814
terra1e5qj0c6mz9jzv47y7euevh2wtw5ghw5947pvju,loop-loopr,1966489035,0,1966489035
terra1kprdqty6jgmu65rhnqr7enytkeere5kqf6lhga,anc-aust,18947043,0,18947043
terra1yr0zkj2ncp0s363cnapzrz4qdkdcy4tnyh52gl,loop-ust,3189798,0,3189798
terra1ppa3wewk3x35387zfmkq4jka86xy4kpn6p74yp,loop-ust,4900590,0,4900590
terra1lq0973g2g4mu7ex5wq2n2rx93ft3rwqz25h8vz,loop-loopr,2008753097,0,2008753097
terra105x2td72hkva0xmk2s8hy54e74054aq4ksgx67,loop-ust,327670877,0,327670877
terra1n3nna52v7k4ftsh6luzx2fd50ql9ap5c309kfm,loop-ust,219403739,0,219403739
terra1qz05v9r22rj4hdkmeayrp34malz3v4x2l8z5j4,luna-ust,34858128,0,34858128
terra1ae6ssrwpl7fsfxydhtrfx7xvv4rp8fy59wtgnk,bluna-luna,825780,0,825780
terra1jshd0xhkpta4gn6tm8lxma6xlkm4gdgrfd3ww5,loop-loopr,79615068557,0,79615068557
terra13g4t0ppvn3fa2nvyslrhqlv992e0m643vtcexj,loop-ust,8885339,0,8885339
terra1j5yu2shvtdkeyq26j7l6cknnkqdhcfdsc6y5qd,loop-loopr,1329601981,0,1329601981
terra109u4tyc8tqyhhujx0sermhv8njff3d94cmz26x,stt-ust,6310291,0,6310291
terra18mnvg2s4ef7p0lfvjfwhvahguffeqvt6mhkqfc,aust-ust,896926528,0,896926528
terra12ddp9lukxkwd60h6m6l3ecm847lenaafss9mmj,loop-ust,185189754,0,185189754
terra184vmfxjh55lflnvflfkfmnsmnpvqwrglk0ukff,loop-ust,8091220,0,8091220
terra1t43a9qlp2lrmfh5myyw4hzlzj93gaype29r0ch,bluna-luna,17209385,0,17209385
terra17utdp6jf76rcjr56qh3tpaw66jhztnnj0y64qn,loop-ust,13162948,0,13162948
terra16dmf85gv3xrv7l6axrzcpt5ggqrdkk9kt5l3fq,loop-ust,13120425,0,13120425
terra1veez3f3mgm27se3dj55k037ykvzmdy08smaztp,loop-ust,746005424,0,746005424
terra1j07j4dt7chug9gxua48h32s6g4rymhmyty9yjm,loop-loopr,205833934739,0,205833934739
terra1n4w7t8kmfwuy830asnvv4n6vypscnrtedku2th,luna-aust,78596584,0,78596584
terra1rzcrqsscsdfgrhdck0t5yy2p3lvnny75tz5pxa,loopr-ust,923981,0,923981
terra1l7jwxdajkjvghc82r79s8pxez29xe80y8c608q,loop-luna,5812766,0,5812766
terra1knvk49lshaan26ft3rars0hj7fwe72lvrrqh7h,loopr-ust,52911091,0,52911091
terra12rprcauxcgkdl2m3hg8y5h5p8hj5fefdc7235u,aust-ust,731480629,0,731480629
terra103jjkekt0wl6cj36w0u94da8arhteqrmml0wz5,loop-ust,4612972,0,4612972
terra1exj7tc8zm6mp9cx9zealtfhjmtddhkrl7hum0g,aust-ust,34453303,0,34453303
terra1czka2eycealr9dnnwp8mdzevgj5v5xnseh4fu0,luna-ust,248713426,0,248713426
terra1peap6zs0cylx2hvwlc7fz8rg3dfk55tsvjjlnd,kuji-aust,670274776,0,670274776
terra1fzw4cxmdmjd7vfqq7fjm2w50pce37warn5hu9h,loop-anc,1005711088,0,1005711088
terra1ngcgmr8vk97hx5fzk0c6q02jfujjncdjqm8qqx,loop-ust,197234707,0,197234707
terra1zv3ym9pa0k0mh4xus3zmgn83vxmvxd4jpcl9lt,loop-ust,1194745,0,1194745
terra1fhh503fun60mrv87kmhjvjqnp9r9fvkksevcjz,loop-loopr,573312545,0,573312545
terra1vl22wrc0rqdk3m7pyhfk4v2ur9rq8dwkff3m3q,bluna-luna,9967133,0,9967133
terra1dx8axzy6dac4ye89fdq983meue060080722e7t,loop-ust,74204236,0,74204236
terra1vjukwakuazq22dzy4pyv7tkscwshk4ux7c8m94,loop-loopr,216820916,0,216820916
terra1np9jmdp30u2cvkp02shh5aj9v6jqr7ep50dgnr,loopr-ust,60395642,0,60395642
terra1cygc8stxmfch43ug0m0p6cjga5au6eepg58lkl,loop-anc,598910367,0,598910367
terra1yfs5jhljv95r2s9vvr5mf96e40sru4nhmmtwwx,loop-ust,3368227,0,3368227
terra13rakqlr3z22xydjkupag44852n887xnfajs3jk,loop-ust,4709737,0,4709737
terra1t0pnpux59rkp6fs2sjksc5q4a9vsj7ud5chag3,loop-ust,16712069,0,16712069
terra1h9gmyvrwrlfhxhphn4gq38eu64l5kjhgxu9nt0,loop-ust,4266247,0,4266247
terra125fy6gxcrhhceaafhrdqd4uppmu3wukvcmrw0m,loop-aust,86773758,0,86773758
terra1wmp5ey37x5cnzym9vsnc9pzrtrmu5eg7ylnhq8,loop-luna,169787833,0,169787833
terra1ke05wulwucmpntps6uyhgxp983pys5qeqj7kr0,loop-ust,1192668,0,1192668
terra1fqwu6wzqda0mc9m458fpxhxummlrmdnw582z3d,loop-ust,10593394,0,10593394
terra19xmfwtydmkzuy7rf5rc0czl8kj9c89y200p4yp,loop-ust,1660134,0,1660134
terra1v7zgjag34hfqt2y4jkakm602pecdmfk20pa3tm,loop-ust,626894559,0,626894559
terra1t3kraa986nxu66wxa3pvftggzyhhlly8zhkqj8,loop-ust,2078707,0,2078707
terra1m2r4xm9csd2m2hg96frwxmxyjzdrlyvwuk6rut,mine-ust,117895870,0,117895870
terra1apv5gllev5agcmveucjrvg4tqju99sy047gzjf,loop-ust,2452492,0,2452492
terra19v5nmzp089ct9w83ymwyqlsm0mh455ay4ysjtv,bluna-luna,159651,0,159651
terra1kzap4l8feh5z0h39ts2mlax4egk8579s6yda3z,loop-ust,91764103,0,91764103
terra1jrrqkrulaf62afy9jygff79svunuk9pd3uq7fx,loop-ust,979743,0,979743
terra1u3yugmn7jfufw4tpqz0zdkn7u80h9gqewlztj3,loop-ust,9175737,0,9175737
terra1920gus72csnkfnwp68rfema0x300uaznaczgwg,loop-ust,1728177,0,1728177
terra1ylm9ehfjlc0uy6s2drz593e7zxflhyspkumdj7,loop-ust,94137,0,94137
terra1zttzudw5msm0fsvf7tckna8034dc2hgr8ycve4,loop-ust,448346,0,448346
terra1f8lj20clvlc2w2dwgd9dhptv4xm3a0mt677r7s,loop-kuji,10838559342,0,10838559342
terra149ll23eplres0avchean4wkv9uh8as57zdp98e,loopr-ust,201191558,0,201191558
terra16vjvp9hykrt7gt9sls6qhwdsxrt4ffesa2lr28,luna-ust,4302241,0,4302241
terra16pt0k3tqkhrxrkn06dzep83k0lj0eg9lh3y5xf,aust-ust,589214306,0,589214306
terra1tjffrz3tl8su0u58hjqw494l35rqq7qrh90hxc,loop-ust,7601076,0,7601076
terra1mrrvtd3wd5wzckdpqcrwq9hkcf0yp8uzaryt8q,loop-ust,9778697,0,9778697
terra13gxzypz77tx836fw67y2dmlqu9mh8jdumphjv5,bluna-luna,1491876,0,1491876
terra13f7nwvlsu6fztnhg6jmnz3cmxr7jc6v360mn7s,loop-ust,1080512,0,1080512
terra14ct28xv3ct3v8qxfukfhx0dyzrc9dj6rlc6kav,loop-loopr,4433476,0,4433476
terra1ke5f2vpce3w7upj884sf0sk3ejl7qf7el6c8h3,loop-loopr,44217181990,0,44217181990
terra1ep459h6h95zzfwn0hsng0wt0lryydhn2ysx99u,loop-ust,15630558,0,15630558
terra1atkqty8y5d4pxh8xekh462f9a6xaqezkt0myq8,luna-ust,3234552,0,3234552
terra1kdkuwmyn7fntdcn95cd373nc9nftnt76eram2m,twd-ust,150445486,0,150445486
terra1k445z88zc9klpzd9qmsepcly746ywfya4aq9ym,loop-ust,17753827,0,17753827
terra13yalcacp0kpha5sat8h5yjvstdu78turhes6p4,aust-ust,46200504,0,46200504
terra12ztfyey33mhyhpw7dk5urmykjww35zg295xhnm,loop-ust,143610424,0,143610424
terra174xlsdc5g0ht44gqw098zpqnfnm4lanz4xk37l,aust-ust,27896447105,0,27896447105
terra1mdlj7yn00ue86u33jpppysku8l2p3t5nflx8pd,kuji-aust,294467053,0,294467053
terra1ge6263vyheaxk56hsmkf8vquzprchu58485zfz,loop-ust,2398431,0,2398431
terra19tjvc2ns0j0kceczttzq0506rxlxuyr22undur,loop-anc,166535347,0,166535347
terra1qugk930mzazcl6ntd25hwpe53yjhj7da7wfja9,aust-ust,2727681938,0,2727681938
terra12ezdx49nhh6mkcrq33xhtefmsr7pvtc82svz4w,luna-aust,579978807,0,579978807
terra1yf3lek45qqmsgq99thar500lwtn43qtk082nyh,loop-ust,31957175,0,31957175
terra1q5szxdfk4j26e35tyr0k2f26hs6u0jy8yj8s42,bluna-luna,2343802,0,2343802
terra1lmdq3ptvj0nudpl5nn3lre8znzwlsmg29xayp4,loop-ust,259278,0,259278
terra1kudk520h9ne29lxrxa08u4sharluk2krjuk22w,luna-aust,97374889,0,97374889
terra1fyma4ljzxtn406m0lca975y0eanxakezkaysfx,luna-ust,15747106,0,15747106
terra177h8ya5klh686j8hhpd9kewdjygh5kqzv66hnc,loop-ust,928173,0,928173
terra1jscf2r46v3nlj30ddehyuz7nn78lc7ua5anwqk,loop-ust,5192270,0,5192270
terra15celwdrunfkd638l7fxc2yzp4tm5zx85enjfm9,loop-ust,4447913,0,4447913
terra1r04usc4ge26mferkhjz65qmce0pl3x7mkvtjy5,loop-ust,956400,0,956400
terra1yvwfrp5ctszap46att09k98cshs6qm56ftkma4,mir-ust,4209581,0,4209581
terra1hd03cva2rp5nlj7a2dww673xqkqz6xaxk95sev,loop-ust,10720116,0,10720116
terra160rexq4tma8kj4h7m4rypuu7qrxxylya7x3xgh,loop-ust,4248055,0,4248055
terra1x9uy0zhp4da2v4tqeuyyhkmf8yg5cvydwl3wrm,loop-ust,875705,0,875705
terra1zyjuyx80pls0kju7nl2qt9tx8d9cftyh6g9dg7,loop-aust,1177211691,0,1177211691
terra1vrep93eh8mp40s3tsssuqvu680xepq6td6hmuy,loop-ust,2877314,0,2877314
terra1khy499geyau4yzdzsp7ac8r0up802lf4p2rtun,bluna-luna,595711986,0,595711986
terra1c4uexvsqaevx3933gv4vrx0mdshkfhz3q3zvf3,loop-ust,4423978,0,4423978
terra1qd0k3le6vhnguyqw5yhq7js6qxdf65m8hqx0m0,loop-luna,87718473,0,87718473
terra1lqwrd265adscamdh5vfphs2z3su4d29wggsqlj,loop-ust,888638,0,888638
terra166cvsn8zguxyhmpsarptfaxpse5xshrxhsj7fr,loop-ust,2262689,0,2262689
terra16ljkkz32hvcvl9mtch2m4pyukq8pwp20lq8tfg,mir-ust,42401842,0,42401842
terra15t55att38s852rhhpj4h05u5n4hqpwteq0ezxx,bluna-luna,7605175,0,7605175
terra1tfl0qycueflu0p9tzwp5vnqz9v6d6rg39ncv7e,loop-ust,107167766,0,107167766
terra1mx0apvvtqmr2eta0p8cm09e2vva5n0decugltw,loop-ust,283238449,0,283238449
terra13su2w7la5ad9rqdcpwrq9yt6tepcjkltmgj890,luna-ust,68936599,0,68936599
terra1fstzenqnmvuuuwpacqpf64q030s46lhg9hjl9s,loop-ust,183416023,0,183416023
terra1ynzeucewl875kzjdhlc8majlhdtc5rlylhya2w,loop-ust,14299122,0,14299122
terra1f2hswusq0zfwzj2mr9xvy443744mvkxxqyp6kj,loop-ust,298231447,0,298231447
terra142eegxl7xzuhyn7wy0c0fn5590wa9s6qsu6wac,loop-ust,29406612,0,29406612
terra1jujmjt8duhucwyx773mrj8t5tmsmk6e65u2uud,loop-ust,48758399,0,48758399
terra1rx9jn6nggxdtkmnf4penf3xpplfrsyh25z6yel,loop-ust,15521700,0,15521700
terra1x69axkxv4usv4wyju5fdg7937kqztk2ff5e678,kuji-aust,1086111585,0,1086111585
terra1uxlc8rnf63w8lllscuh9sgd9he5ul7jayxyqrm,anc-ust,1533483471,0,1533483471
terra1aj2agl6racjw4608gj83vapr9jxst7wnyz09ml,loop-ust,5835936,0,5835936
terra1ghmnv5f0367n5mzeq374v4ldemxym5dh2dlkru,loopr-ust,3348396881,0,3348396881
terra19nvm3pk05q8fqnyp56sm6xx2jpysum7nwagwce,loopr-ust,195594208,0,195594208
terra1xkvjw9x4rp46ynmj68p6cr8g6vl8xrazpzelav,loopr-ust,22516045,0,22516045
terra1xc920k0up5f72hsmlves0pn3weu5pvmszxcfzy,loop-ust,9941329,0,9941329
terra1rlushf6yycuqrzj4gnndquu3zchgsmykf8etz4,loop-ust,23395065,0,23395065
terra10y6a08kfmck8caxdfpne0weq3y38v5zh8ph04v,bluna-luna,22449619,0,22449619
terra1xgeyhs2xnvm6vn7903z2lz0k6c8suq2w280apq,loopr-ust,183870218,0,183870218
terra1hgr52gqaeplek5upwv64r38dqmyt6f66ymdq0k,loopr-ust,103155885,0,103155885
terra17azer080a0klv9nk0s5cpsxsn9x0pgc2wh4dwj,loop-ust,994160,0,994160
terra18z873x6qzlqfccatpvkp6jf5khav8h2s7cuh2y,loop-loopr,589404148,0,589404148
terra1jzty6luqxjkgscdkvqs2s24f8xlunez5dc6h7u,loop-ust,14096996,0,14096996
terra1mxu8y593s5tz0wzjuqcl7kqp5w570fmkgawpha,loop-anc,15562769,0,15562769
terra1gztfhk99sjfxmxqq3uflj94c5maff2tg5erhws,loop-ust,7254603574,0,7254603574
terra1meq9uxnd0p0ana202yp4s2d2ulxhhrczeqtuy2,loopr-ust,35115103,0,35115103
terra1f5laeaxaung8ht7redmdzhmctkepfcjr00h5yt,loop-ust,15437524,0,15437524
terra1853qpj28rp0y0r2u43nxexdg2hrxsqyw4ngypt,loop-loopr,37555962,0,37555962
terra1dzyq59pa06al3dph3vax096m2ctpg67nlyk9xx,loop-ust,229488827,0,229488827
terra15gqc7rnezuyuxjhfnyk4jw22nq97fvs7awrarq,aust-ust,4476747188,0,4476747188
terra14svn3ph2xuv9m3zeqd7yallcj8yg93fkt56qtm,loop-ust,142004662,0,142004662
terra1dvx0975zvxyvq94guq84actssr7gaz35cx0kt9,loop-loopr,129398833950,0,129398833950
terra1v2y5v6ct7czz7j66na878w3q45rxe2kht9v6sm,loop-ust,5457308,0,5457308
terra1g5t7ulgxazehh5k8ezhnjxxhkgxtgccd0rknn6,loop-ust,808939,0,808939
terra1zlszngg35xmhzyjlzj8je52h3jdf6axstjptyl,aust-ust,968801139,0,968801139
terra1vgmq5t2mhyt9vr2j5sj6ycqylsj7khqm4fwamp,stt-ust,20712353,0,20712353
terra1e46jca8v7ssd7wm54uplv2mq0hcltpqjxqnw08,bluna-luna,4993032,0,4993032
terra15sdkvhkrykx40tu95c8hyznwhnswer2wl9xd8c,loop-ust,2020299,0,2020299
terra1nfs28fgq2kaw6xuf35707nr4p5qvegpckl74p6,loopr-ust,698840896,0,698840896
terra128uuw4xlgz7naj3vvuhs6u5tra8d9svp2m6ez3,aust-ust,169717429,0,169717429
terra1j9xlghkxtx5q3qu0t060sfyl8jnzmmcvkc6tne,loop-ust,1031682,0,1031682
terra12w8h8n7dzhfsafw2jn3rmux3k6le4he0hqy3vd,loopr-ust,24095103,0,24095103
terra1plt494kaeaq0ctkhh87xz0gjp5h2u28md2lcx3,mir-ust,6358604,0,6358604
terra18c8rn98jq4gtutrp3kkhvpkzpngs6zw5t05xmx,alte-ust,4854170,0,4854170
terra1t4clh76hwuw9cfze9cuksqwm382hz30w35zhyy,loop-loopr,212818227,0,212818227
terra1zuls9nn9dcuhmj6shz955aavzqv79qs9jrl25f,loop-loopr,1144842876,0,1144842876
terra1dvd0vvhpyvtslntd6vuk3rr6qpuegfce88ks0g,loop-anc,44080104,0,44080104
terra1dfy3rs8h30ul2c4jn45swuqng4f9y3fc77mect,luna-ust,170074,0,170074
terra1cyflh8g7g9rvua3ggyht25lcwgh2zhplxqm52e,loop-ust,28713772,0,28713772
terra1j227xclx8fd8l28qkzx3dst7f5u3qm9zsms3l8,loop-ust,6130944,0,6130944
terra1t78pga724n3f7qjwzp9977rfx2mvehsx6rd75k,loop-mine,31374129,0,31374129
terra1ph7gwv4ru7uqphkmk0s5x2wxjk9tv4zettq3y6,bluna-luna,2140581,0,2140581
terra1wrs33d5uzkyc39pscymyfdkzwfy7p8rw6dp7pm,loop-ust,33869610,0,33869610
terra1rncmhchzywqpvcctum8ec7r0mcj2xju043hch6,luna-aust,119233884,0,119233884
terra1mzec6gy3meh0k82cdz22jah2hhkxhfd53gqvta,loop-ust,650057,0,650057
terra1n8fa5yu2h9v7gyqxwkc2dp03v8prt8ee3hwxwf,bluna-luna,5981270,0,5981270
terra15ttacu28sze5rvcte29ve2zm8g6tlqtdqc5u5k,loop-luna,20740382,0,20740382
terra172u3efwe45va3sypyacxh7zcfyzyk97l4zj70v,loop-ust,8604052,0,8604052
terra1c4eajdgwh2j80vdz9ddm8smc4y4t3u3sqccnwn,loop-ust,12690342,0,12690342
terra1c0cq3myf64yc5jqk63xp9lehkgrgxjva24eyyn,loop-ust,93882194,0,93882194
terra1k9g38rhwpz8xvww4e9c7rlshp860sct8u85nf3,loop-ust,40081881,0,40081881
terra1mmv20pdks64sgydnkgauq9draytt5h4ca4lans,loop-ust,24259658,0,24259658
terra18rnh3749x9ncvqahe0ezu0n02e4y8sq0mpax0j,aust-ust,883675912,0,883675912
terra1a3n9235apup9jmz6nmxkjh3fwyn9dc3qsqx7q9,loop-ust,5732064,0,5732064
terra1nsj43wuwsxhvpx05v2kr8ha9f7fq834hls636x,loopr-ust,117663401,0,117663401
terra1j992l0uzjqk26hl8lfm4gegjn0ayxmhupes2dt,loop-loopr,19847994679,0,19847994679
terra19sjy3y36x6pwrl5kra4ga0gydg3nf2maj9u5zs,loop-ust,114894392,0,114894392
terra1l86ghw5ehpzuxge4z06ajgaaldt4qtz7xk9h83,loop-ust,2171843,0,2171843
terra1srp2t583xs06vqhtwc47fn0nknh33lz2ehwcuk,loop-ust,266741,0,266741
terra12daap26jt48q7kul0gwxqulrvkp90un3xfp44w,loopr-ust,9379379,0,9379379
terra1l64f6aww5r03vty9f9593jm4av9z538y7gcrkr,loop-ust,1928436,0,1928436
terra1akdt0ruggxh0nzzk0w37r4emwtk6mp7ka2a0sf,loop-ust,4662910,0,4662910
terra1ggva7kcxk0dy686kra5zdd6pnhmh7paka98uv4,bluna-luna,299396775,0,299396775
terra15xyrl57ny7vx3frhdqvylv5hraa8dsh0ph6dt8,loop-ust,2730213,0,2730213
terra1xflqgnlf3pjtgdad79zzgyzjx7lu57lc6pghum,loop-loopr,1146820104,0,1146820104
terra17yu2g4djt0m5p4p3gs75jse75vr070pydct7df,loop-ust,7793034,0,7793034
terra1cex8ad77czq5heztuphdf3ucuqkta2v2tllzup,mir-ust,103386379,0,103386379
terra19yz80yfhk9xtmdyqsuh666ttc39nxf0z9r8897,loop-ust,5579018,0,5579018
terra1mc9jsvvpcx4f484dj7ser5q75nz3gxj34xe9dm,loop-ust,4765879,0,4765879
terra1ydc5ucppyvarxl7l7d3rjtfx7jmdymd5jxfz8t,loop-loopr,1363598312,0,1363598312
terra146l0s46a6l5yw9s075ya4hczgffthkygy88u5x,loop-aust,2032979270,0,2032979270
terra1rp9ermtq3eecndjrjma28d70zh2jvf3gt09dj4,loopr-ust,1367511,0,1367511
terra1l6ez6060e3tpehudywq2mtpg64fdwsem83y4tl,loop-loopr,40555333630,0,40555333630
terra1esdk55f3ff0sa62efd04qctdnlee3junfq576w,loop-ust,4412492,0,4412492
terra1vkpyj97qya6khndvsp0sazekhf7yspnrvfq9nz,loop-ust,15973105,0,15973105
terra1rdpsu8dps96qga6v3lde0swqd3hgfe6tmhtksz,loop-ust,3015079,0,3015079
terra17kupfyn5m6xmzz4k6vl70atmrkx7xxalvthrz4,luna-ust,496977155,0,496977155
terra10dh65rk7xv4rc4gsvkgc34932g6sra8adt3z6p,loop-ust,3381171,0,3381171
terra1hrsemlawr8lmapvhf3cyl5gk528s4ya85aps3a,loop-mine,3760847,0,3760847
terra1g2m2xgwyery28fgnar8gajyw0glmlv8ugj7tcs,loop-ust,4182865,0,4182865
terra1emw0ca05y7nkhzxa0t0ymw2l5auvny7auqynfq,loop-ust,5750720,0,5750720
terra1mz57a37aegqlj3dxyhg3mw33wujcsdl3mfj9mp,anc-ust,531120644,0,531120644
terra1ycpnny5jdaglwnqd9mr35juhfn9dya7zgze5af,loop-ust,9437312,0,9437312
terra1kk95kp5dehw06vy5ksw9vn49d3e677g9rmgfzm,loop-ust,11161205,0,11161205
terra132y3yyzcre76tf68nue5qyghxpngatccujgsed,anc-aust,30980326,0,30980326
terra17u4qmckugktcl879sysud5p8dsaaqj9zlvzczt,luna-aust,416326507,0,416326507
terra1z6mpa4yqcvgxjsupj377fugjnktjzjttjryhvw,anc-ust,5707080676,0,5707080676
terra19vw45rpfvf6wummg2da054mmkqxg6xrap9yc5x,bluna-luna,1282792,0,1282792
terra1748usx00fnjy3zcx9gl2935ltrgwvvzvr2a3r4,loop-ust,24820334,0,24820334
terra1xmu4g3elesaufa8694v0uugcsm2fdalm7ltd5u,mine-ust,115224124,0,115224124
terra10d0hg06ld450emjt2jccv7yen65j277nyz964u,loop-ust,1912126,0,1912126
terra1nha0fmm22mnvgp7dmqn98wt6xe2znd357jp8k2,kuji-aust,3885988,0,3885988
terra17a66a8h0astcruvd7xpja9xtvf5frg86x6etjn,loop-ust,14659251,0,14659251
terra1kgzpnnsfw0tplvkrfk3pnnd2l3tgmu98yyvdfd,mir-ust,113522206,0,113522206
terra1mlpv8g8t8ss2l72jcn5w0jl79yc73z056xfxdc,luna-ust,768714,0,768714
terra18c8rn98jq4gtutrp3kkhvpkzpngs6zw5t05xmx,spec-ust,4761183,0,4761183
terra1vlsr4e7te8yq47we5srdyz85r35qmss8vhsksv,loop-ust,27724741,0,27724741
terra16aerunw7wweg2rhdgvrr9kgwg6n3dagserytzy,loop-anc,962722,0,962722
terra1amvtywrwxg9tddvw5y7mmjk7mh0ukmn4hzlzq4,loop-luna,21162802,0,21162802
terra1pqsmd966h76cpszu4c4nzraqwfy9kredldhvk2,loop-ust,9142836,0,9142836
terra13rc9phl25wsc8fz6cvjc60l805s5eej80qvej7,bluna-luna,7241760,0,7241760
terra1kx42w43wqvj3zv9vqrrrewg9g4eq5383k7lt7j,loop-ust,2414163,0,2414163
terra1s3gl5zxxs7g4tzaexq7szjka78yfazxvfha99z,loop-loopr,90856953914,0,90856953914
terra1hr3nl0kat98scjxnuumxr3namutsr45fuzyjr4,loopr-ust,18727693835,0,18727693835
terra1vsz79m7cj24hvjcjrnej4zgmthunx0w5gj5pfm,twd-ust,65849037,0,65849037
terra17t6vwpak7myyj9mdn65vzqc2kqrrm259g4szf6,loop-ust,1444388,0,1444388
terra1ew60gj0ayfaut34p957le8nwdg7l5ck7a7vuah,loop-mine,1377662183,0,1377662183
terra1kwc8fx40xk3gmu6kmryr0vy8e8td4h5gkdmapd,loop-ust,348252334,0,348252334
terra1lmzgc22r6tqruv5dz26528xxsx7flmqak7etjg,loop-ust,14156604,0,14156604
terra1n5mn6h0ky8xpw0r0nnzknda5yht2r898p6a23h,loop-loopr,2148082419,0,2148082419
terra1d33fcuhxrdgaz735az0q044axh50nmu7pkl9px,loop-ust,1599454,0,1599454
terra1xawv08ck8sk56l38m3nam8dsxt6vg7a7xd7w28,loop-loopr,27571830,0,27571830
terra1rvy0wmyhpz6t6x0tzdtyxsg4xw3jjef9vt2t56,loop-ust,701310,0,701310
terra1qh63k4j3gvttvrrjd8e0swru8jcgcymgv9p7w2,loop-ust,13831283,0,13831283
terra1m2xtj7exvjg6a3ss03wfktknu6fhz8fl56qzen,loop-ust,2759171,0,2759171
terra1960k658r3u9dz9x3830w7qwe38w4cfffan37p9,loop-ust,7743104,0,7743104
terra1ff7qztqswxrd964l2g4rzh0ldck9jhk22pqkz7,loop-mine,6718020,0,6718020
terra1qvhct8r4eezzez3l0fze0tw55hd6u0dcmwjtxh,bluna-luna,49833202,0,49833202
terra1ff72q02afz8n44s55r2f7fnkdvxw2wn0y9ngw2,loop-ust,32651220,0,32651220
terra1eqevxetk86ne8k8c892ln4r74ujdzspx9yvw3g,spec-ust,1059041,0,1059041
terra1l8vch66gheswq7034dqknrk8dyv3rf7vhj8vg9,loop-ust,3082616,0,3082616
terra1cg6x8xpmckqr4tex4r03f06ds5ax49l4m58nqk,loop-kuji,688282308,0,688282308
terra1mg6x3y3xwejm0cm4y8rmzsx64y5ujuw4la50gu,loopr-ust,23544452,0,23544452
terra1n29mph7j6dmerlra34xvh2rvar2q9mn0t4s393,bluna-luna,8989162,0,8989162
terra1dj723j8qkjxhw6uvg4dwrgkwzlfav9fprwe78y,loop-ust,10840034,0,10840034
terra1u3frr7x0rw8wc2dell6meuqfpgn7ju5j7exydw,bluna-luna,990354,0,990354
terra1n3y0z4gjxhqye0tdyljncm55qdhnr67wfgdjtv,loop-ust,177820549,0,177820549
terra1f6qmth8x9tygupfshsdajegsvc8k6sq2vrz446,luna-ust,4261884,0,4261884
terra1fhxqmxw6a7yjsddlt6v67chmzamf3y6hepstv0,loop-loopr,11999218,0,11999218
terra1cd23dq9rhxclah30asg5u4wlfp48n42ha57533,loop-ust,35323292,0,35323292
terra1pkh2c24x2w4p234qpl6yk4rr394rlakgd9vv3l,loop-ust,1072662,0,1072662
terra1lpw69xqy9rm2t74987v4lw4j5jx08a4vcus6k6,loop-ust,79793704,0,79793704
terra1srdeh880dx94992s26dc85q4peap5rps8qwkwa,loop-loopr,530241564,0,530241564
terra1mry27ww4f6px3qtaq3u85jh3hh6lpxqw0rdf6v,loopr-ust,16954025,0,16954025
terra1yssvh4mynzd8nhjfgy24cyma6egqhqsuknjwq2,loop-ust,35928867,0,35928867
terra1ge8wk39fw98z5qmrlh2whk4ajnq74s6h7c4js0,loop-ust,1565398,0,1565398
terra1hsy5tx4cg7duk90pw3jyu3gwwkekrdnpf3e69h,loop-ust,24987808,0,24987808
terra1rdsek5dn4m5p4dw39clztpun5tjzt2yjfu6dlr,loopr-ust,18921518,0,18921518
terra1sszd9yup703tmekqglw72t82l0c9f60ta4vgwn,aust-ust,132982518,0,132982518
terra1uuhwqf2g3dz2gcw0hq5um5x80kpsshz5twl00q,loop-ust,2712592,0,2712592
terra1tmsf3jmycm70u5d2n57ddjzxc2knh59w0yrqt3,loop-ust,713651,0,713651
terra1nnrca4fa89hxuqdsrkchvg67vdxekmx5p0886q,loop-ust,5601800,0,5601800
terra1zpmk4fl0mvaawg7xl8ncdrtlrwszxwjh5phjgu,loop-ust,94043,0,94043
terra19knljg7p8jtnkskw2pujj92exmu2fgf5kasdqg,twd-ust,689183431,0,689183431
terra1nfr8rldzjq355jvu6zl25tkxvv5nyt6uf2t3z7,loop-ust,3806462,0,3806462
terra1ke0q8l8tsw2z4ejtxvjpd2uzhnywyq3kunccn0,bluna-luna,26198412,0,26198412
terra1x8wqyvftsfxj4vlnfahyvtxl0ktv4x4xl49ctf,loop-ust,668250672,0,668250672
terra1m8pkhd7qzmm4vqsf9md33mntfcuj7e0ndl6eyv,bluna-luna,9980326,0,9980326
terra1m8ddlzu93le8tl9ydr4s75agn539w35hgp8eqm,loop-ust,1060829,0,1060829
terra14atg4jxxk44hjxaqs0w62tf274x7v2qy2uq72p,loop-ust,6730590,0,6730590
terra1ve507za37az7373ndcqeha59ygp0cgk8mlwwfq,loop-loopr,18173314511,0,18173314511
terra1cufsmnw2st5qv9rfayuz54h59k9tm0lw5v2n7c,loop-loopr,2828340207,0,2828340207
terra1czavmjhcstu9defat422j95tkaf4k863s7q9g7,bluna-luna,47611335,0,47611335
terra1nngcdwxp67akmznuc94n6pt4j4xqxp757xjhuq,aust-ust,20906548,0,20906548
terra1qpq449qqp9vn29yn7dxvt45yvfjfznh8f7p72u,loopr-ust,13627951,0,13627951
terra1gaem5cfnqnrxejx7e39crdanndeux75ghzc3rx,loop-loopr,142704692,0,142704692
terra1sm4cup09jqnlaxt54wvsjaq0qxq2t63jg5qtgs,mine-ust,3336623,0,3336623
terra1nw5c3hc3t3up7hkxajx4p73rdfksaq2unns75n,loop-ust,7006141,0,7006141
terra1du7cchd392mj70ztg9wk037j632u3eq3cp5sml,bluna-luna,2996739,0,2996739
terra1ntvjqg952aqlhtseeeyvgatufklxrs4txd2wsl,loop-aust,38947662,0,38947662
terra1ug9l64007hmutraagqmhs3sls02sq9a4gqt7ra,loop-ust,981608,0,981608
terra1m62ce3p2yrjle3vlve4nxgn8e6gp9xqffjqd8h,loop-loopr,441032121,0,441032121
terra1ujawrhlhly0828syhhjf0lcqa5p3rrn2e9lmrm,loop-ust,497936365,0,497936365
terra15l74dyr3qalcz33ze2g86524zppmuse2c5uxgg,loop-ust,12109404,0,12109404
terra17wrumllsm5ek0xdwna4kf03f70j0xekujtt2tq,loopr-ust,34079,0,34079
terra12xgs0cdh5jl3exc9jf6kcr3cdpgnpt7udh8tnv,alte-ust,87074008,0,87074008
terra1umnarppx2urxn5al0qgmn52x6vkk0l2f9ltpvs,loop-ust,8950,0,8950
terra1p27qwa2nnetvg2j59dt37cvgkg7476m730wyap,loop-ust,3645734,0,3645734
terra10qn88h5u4e5rt642rq3uk993rlsj46ehgv9tff,loopr-ust,35553200,0,35553200
terra19zze0kw6yefevqn00v6y024hh5v7c0f3cdneyg,bluna-luna,89729611,0,89729611
terra168245cajtn0qsxvdjg5desqeta8lzmmuamc3e7,luna-ust,568191971,0,568191971
terra1q2ln8ujhdx359wc7kapn8hqnew60udwxxplp9g,loop-loopr,5078650728,0,5078650728
terra19gnd47y7jeruyq9q2ng373slm4gtxfc6xgsaxd,bluna-luna,29849730,0,29849730
terra1psae9alaz0nzeaqwdneafgydumwxsdvv0mzkrv,loop-ust,499706367,0,499706367
terra1ug85pajrcv0vy2xmdvddrcsexzekjh90a03gzs,loop-ust,131269070,0,131269070
terra12rr88mq3shge9f5crqqep7ce0dh02am50dx79c,bluna-luna,2990538,0,2990538
terra1j9ejc2kuykrvp2xeu46sleaurvjt32sytmu450,loop-ust,2585421,0,2585421
terra19e443f4nnsynheacqnyn5l925yqgeykp5pm08v,loop-ust,93987,0,93987
terra129jk7nkptzcnmsdr6cxa6zu9mm8lgnvwfrlmpa,bluna-luna,2000555,0,2000555
terra1gqmwnchhqjzt7u53uexskx27zut4kz0a9gxrvx,mir-ust,144857881,0,144857881
terra1edchkz7jevm9ya36telekcfgwkzesaqru68nrh,loop-loopr,11804727383,0,11804727383
terra1muhk3uhwz5n57pkuq7p2ntj9wj7cnvanq8c4eq,loop-ust,17340990,0,17340990
terra1u3frr7x0rw8wc2dell6meuqfpgn7ju5j7exydw,loop-halo,212441320,0,212441320
terra17n6pyrf9hn0p73h6l7a25sfvp37vws90zm4rn0,mir-ust,17271470,0,17271470
terra102fg79pthz8vpxfcjf2xd6fnv9hzyfl9377m8h,loop-ust,16552775,0,16552775
terra1c2mevdkq8z7v6e8z65qzzvfrggj7xh2esyv496,loop-ust,864755,0,864755
terra162adlmzg5uf8xxgq68twy7p7yjjcv0m3e5k8r5,loop-ust,359879725,0,359879725
terra1z36stlmfjumkv3g9zq0yp9culp40yzqhq5x4hx,bluna-luna,89647565,0,89647565
terra1c4dcwz8rt3tz958wa2j0clmyg8zqcfmapf5gf7,loop-ust,309176325,0,309176325
terra1j6a0kc5p629zqaazxa88hmlmydmr6pdemhy4hf,loop-ust,61064613,0,61064613
terra19m6f9xv3hfpj5fkwxeyvakv3majzp9cxf7rgmc,loop-ust,10035874,0,10035874
terra16mvrn4at74pcv5sn5k3znhlp8d03cpplqgh5uh,loop-ust,402052895,0,402052895
terra1t4qeztemuq5kads9a3gc753s3hs9wvvl2wadhc,loop-ust,1944981,0,1944981
terra1r00rer83gx9vn96gaev7ke2gs94ufkm3y0hsqd,loop-ust,1070942,0,1070942
terra17ghq6wut8my69hglyucr52kvu6m7qnrl22et6m,loop-anc,261298672,0,261298672
terra1n8vuf9zjw3aru5jp6xxyp9fugtpkcl886yhh80,luna-ust,15738622,0,15738622
terra1rfzjamuj3m7vkwkd8egfj50hc2mukwms9re0tf,loop-ust,8532173,0,8532173
terra1mcfyljxvsq22vraxj3ugtzpg6up40tq2zwy9ur,anc-ust,49144027,0,49144027
terra1e9jfnqnmhe734qef8wp2zhe6pkpnpxmjlc90xz,loop-ust,732299774,0,732299774
terra1q4fakr3zdss94kktgfrm9qxuy9qw40a203j367,loop-ust,256408561,0,256408561
terra1naterz8zpfng8f0feu7dt7h4y0rtmn89mly8h7,loop-ust,14037745,0,14037745
terra13c4susmjwc90ahfy2eevyfrunx594yveyzfj3s,loop-ust,431276850,0,431276850
terra1gmc556l8ddw9rx7fkevr8tl6t09mwg7eq89djm,loop-ust,4293369,0,4293369
terra1c7kkr40av32e8ksf53xktlvmfa30tufj8hs5py,loop-ust,1599467,0,1599467
terra183fluythz42ped6kmhe4auvjsnj7z9wvqqv496,loop-ust,945164,0,945164
terra1dm2tte9zmj68qyaxnve5r2ddyu3ee2thuuyp4c,luna-ust,3406356,0,3406356
terra1rz9amvndtdpa2nr4f3gg6wk59hcj4d5kc6qnq9,loop-ust,91439444,0,91439444
terra1arsvlgut8qxrguh7vx3fkexxsrt7rlc60j53cz,loop-ust,65558092,0,65558092
terra1q2tngx85emw0rtvwl5k5su97usqs6qsuxjelre,aust-ust,743134974,0,743134974
terra1ugxpa76p8hswlnp7ahgh35esqwuf00pfjewcrf,bluna-luna,298872,0,298872
terra1zs5q5g3g4zm0had8f5c0j8xyyxvlthyrn6ah9c,loop-ust,1072863,0,1072863
terra1h7ujf2zn4mwnp37tsq22mj3ya4a8sw38t2qur9,loop-ust,9469515,0,9469515
terra13us2972zsfj5lff2sxg6yxdpp2t6fxf7t3ew0x,loopr-ust,23886196,0,23886196
terra1mq6e4fsp943c0lxspt9vzwklvh04t05mktzp25,loop-loopr,12520295,0,12520295
terra1xddkrx7smnedtaanm79pfhyl7ulytldlsuzz7f,aust-ust,47337237,0,47337237
terra1hvnkvt999pnnhyqtdw30wvrequucfjk8ylzmra,bluna-luna,4978153,0,4978153
terra1vrmyfyhwa9l8f6sez2f5z5g8nv68k0y0vgu0wj,loopr-ust,52978557,0,52978557
terra1knvk49lshaan26ft3rars0hj7fwe72lvrrqh7h,loop-ust,38928267,0,38928267
terra1hsxlf5pmmpcsy4xwqp0k5jffsfvhu9tswhh2lm,loop-ust,907944,0,907944
terra1qec6mqsms8z0k698kxh0722hj0pd8mq8tq23ga,loop-loopr,7551636,0,7551636
terra1eag6eljlm2ftm9ah82qn7q5pt5p6hcgsp98z3k,loop-ust,865599,0,865599
terra19ulel7ywf0m5ww4tv57mxl7xadfr0t8jdpjm2g,loop-ust,977947,0,977947
terra1qajhgwnyk6x28vv48yuhtq5s2luqehx095z45g,loop-loopr,124232251,0,124232251
terra1a0hvpdjau3pphc9hwtc4d4hdvf8lu5fl7fuaq8,loopr-ust,214687705,0,214687705
terra1n33zt2mkr8tz3ru5lp8e7fhhl5zlxgpxkru5cr,loop-ust,9049835,0,9049835
terra1dc9ac2g82ey3vauwk4xzwc3kxz7sz0g28x4q73,loop-loopr,142494617,0,142494617
terra10qwm80ccf0kqtzp4tu9queu3uprkx5m2pwfvfk,loop-loopr,6645728908,0,6645728908
terra104zxe47rrnc58384f3fftd9zyzj64nmhgqrqkl,mir-ust,2283127280,0,2283127280
terra1wqu5udwu90a2yrklwu0g56hda45m790nf83hje,anc-ust,877783701,0,877783701
terra1u0vwzlkrw58c477nzx6rr96h8yu2e9s5p3llum,loop-ust,4149582,0,4149582
terra1l6crfkvf60cr6tfm2l02sxhyu0gh9fz8wdcj90,loop-ust,854938,0,854938
terra1wfs29y54k2p5uq5sgx7gu82tvnzur5dscda64f,anc-ust,108803994,0,108803994
terra1yfpjq5qymh0qj3wlwc55khpm48yg0xmygr260d,aust-ust,1438894594,0,1438894594
terra1smusxgwactgq9w4566lgr0p4fvxdwuxew257u9,aust-ust,45226260375,0,45226260375
terra1qwtfmug0z4245l8vln5894x7nvxykevjpcsfjf,bluna-luna,875481356,0,875481356
terra17cm9dhkl4t7kwzcku7gwu2ne0025af66edhmmx,loop-lota,30568235,0,30568235
terra1e4c5r9t7cs67fl5fkfn5jshhqpvnjuhtw88mxc,loop-ust,83049748,0,83049748
terra15ek432k2q6hj6f6929r35fzsfq2am4674065hq,loop-ust,54212545,0,54212545
terra16rr3nq8andz8s95tfsu4kw5d7ppexkpm3ejer6,loop-ust,16993989,0,16993989
terra10x58u8vmean93tuwm58lznddqww2a4zyt475d8,loop-ust,4261108,0,4261108
terra1zc22aslphuhg3qhs6sk86h27gtxkkf8tf44l9n,loop-loopr,249288544838,0,249288544838
terra1tn7cu75jjax3gggnl3r6k32nqwespczgdu2js4,bluna-luna,7708569,0,7708569
terra1qwe342jfl5kspg75yvj4w2hlkuetxdy4vz9z76,loop-loopr,1434590020,0,1434590020
terra1vzjfgzqp4l4p8y5pke6kkx8q0l6dzwl35upj7c,loop-ust,20025865,0,20025865
terra1przahch2tjkq3zwkyuun5m2suvn7p5az48epud,bluna-luna,9967117,0,9967117
terra1ynqztd9cqmg5l53tqh2hxe5vmwlyemf22lcv6q,aust-ust,448382781,0,448382781
terra1gyl8elz4wq3a3aykwcqc6tw8p2y0zxa32vk5wx,loop-ust,6473041,0,6473041
terra1clhtsq6h8zlmwhacsu2dunpdyw028rzpzawccy,loop-ust,3122049,0,3122049
terra172zxnnyrqpzaw906kaqms75g9h5kxcf8f2gq92,aust-ust,477055667,0,477055667
terra10hhc2j2a4pads6gx0ln5guuh3yewwjvs96n29w,spec-ust,4074191,0,4074191
terra1f3xvdz0y5x2mrdh3yaceahgfrj0rjt763cwceq,loop-ust,206510742,0,206510742
terra19umenajz8q8q7wwcp2r7ta3txygz89y4uankff,loop-ust,17223676,0,17223676
terra1ydzq669an34hxjg2nmv0xqnhkk2xgpkuddkthu,loop-anc,4716557,0,4716557
terra10prjnq4k98mgn3nzcjmyjs4svtk6gpt9f9t9h3,mir-ust,164442194,0,164442194
terra1hx2wek2gjyk2rxw5r6xe47maz64jsjqvrhpsu7,loop-ust,886550480,0,886550480
terra1qgnzhadyj3cqvk8jrtptcmvsjjywncnj4ada3d,loop-ust,883716670,0,883716670
terra1h7pxkvkd7ruflvmueskxgxj65h84s4meja0afs,loop-ust,2113022,0,2113022
terra1sq69rt6lhceen63du6kue9yp60hcut2tqd5eyq,aust-ust,214825038,0,214825038
terra1r96lgwkt3kcukfpll6kfc8hs3j0lcchkn0demn,loop-ust,22514543,0,22514543
terra14mwle9y7k0uwfrqzpx92jqx2h7jequyyw3cplw,loop-loopr,78270190,0,78270190
terra19yxjfvnm3ye4v7unlcwehdgrj2trm7jjlz3g94,luna-aust,17826955,0,17826955
terra1e3vupx9zknv03aztewwxy6ueft4myetywqkdh4,loop-loopr,1726707,0,1726707
terra1gmk6587tk9apqrrfrdrya4rjs636rcmkzuhrpl,loopr-ust,206380215,0,206380215
terra175v29s7e05jlkh36mrt3zp34mhr53c2wwzm0m9,loop-ust,458116512,0,458116512
terra1q6djsutghedzprqcunt9qeqld0wvu4hdwqvye5,loop-ust,23031369,0,23031369
terra19hhp5zcqr2dncg4rp7tg43et0n0x45892pzlq8,loop-anc,202064246,0,202064246
terra1zw68hvngx9a6l027zfyzmsvdz5uvhvwryvu6ey,loop-ust,404470,0,404470
terra19jsujj2tmfhzxglnp95j3wphffsufm9lvxslp9,loop-loopr,20029675343,0,20029675343
terra1g9srkhvmfrnsly2p66ycgwulvz24rqhwwxaug3,luna-ust,1277946,0,1277946
terra1hpsy67z3vqf2aw2gz5yyxfjka23uef4kk9amx6,aust-ust,9217473678,0,9217473678
terra1rqdeuzxqm2yvy63a07u9zsdw0ltj4radwzw3ex,luna-aust,16912311,0,16912311
terra1ga280u2wl2hargsvhkucgffrmcqsgr2ufd37t4,loop-loopr,8195309667,0,8195309667
terra19fj2hpgk0g07jd99hdwg08qrt3g7386lu6nc34,loop-ust,12043270,0,12043270
terra1chm9w5p6mw7mk62l3drgd6xq6phw070904xq4f,bluna-luna,6985798,0,6985798
terra176swcz86k9240l44q5eghcvqnrlsefgeqcl8wp,loop-ust,8350879462,0,8350879462
terra1tar455e5a3td9m6jw7q59amwx3ruez9jxppa4g,loop-ust,1934385,0,1934385
terra188edtlwx5tazwv75y4a4n5hw2yy43t4hppdaz5,aust-ust,267856911,0,267856911
terra1hqlj96lqvldd7d6hcre6q8y8nlcdgg2dxhxdn8,loop-ust,428992,0,428992
terra1d8ccaxf3z7gvew9w6e7g92m0zu6l8j6n79ucy9,loop-ust,9935998,0,9935998
terra1pm7tr83nj08vllmzzv3gt9pzxup2s9ypmmwf5q,mir-ust,3676068580,0,3676068580
terra1yk4rl87223f67a0c0syqr02zdujagq7rzxe8un,loop-luna,1749607,0,1749607
terra1wl84mnd3e8438wq4849khcsrjmxq6qh2zzczhw,aust-ust,491912744,0,491912744
terra1h9h7ld2ne5cyxcz320p2f7judcpcfltvh6d45f,loop-ust,1711248,0,1711248
terra14vk89danh0l9jlf5r2ujj8a8jxctx55cx6hlxc,loop-ust,18217808,0,18217808
terra1qmr868ux9knl9zue6qtuu0xx9yl3863nwlu88l,loop-ust,8513,0,8513
terra1twl25w0yec4xd890w0qatj2vvw9sn3q5eaqn9u,mine-ust,1764209893,0,1764209893
terra12nh83tsxl804x0c9z6tleyksxfv87w2nn0esye,loop-ust,4478435,0,4478435
terra13kczmrhzjr8yc3wnd3zy6hv69mady3t6dunalz,loop-ust,15890412,0,15890412
terra1v535j8qtg3k7zw6mrgm5v96feruhxe0p53zpfc,loop-ust,1060580,0,1060580
terra16ecu5vky3wagufff7cnvkmkgt79rwzyrg7vcyf,aust-ust,8962618,0,8962618
terra13sqyxk06exxvp3uvzfsa0t86c3fvlhryrjd089,loop-ust,1086673,0,1086673
terra1utvzcz0lz9tw2yhqhqqdmdu960x4nuz89qx9kt,bluna-luna,47747736,0,47747736
terra1lhfhq200p4j4nacmddx4dfvumhnjm6w5zt77fh,loop-ust,1780460,0,1780460
terra128y4e2ms6m323n9jzlsghas95cjwgfce8w77w3,loop-ust,72690984,0,72690984
terra1cp4tx27p4msppvd5qtydqlh30xrx3skek8cel9,loop-ust,1928521,0,1928521
terra17ghq6wut8my69hglyucr52kvu6m7qnrl22et6m,loopr-ust,407155819,0,407155819
terra1u78fpc2j0fmxm4ar85pytz53e882wzgc6fr9gs,loop-ust,240163,0,240163
terra157tk393gz6es9n2rv2vrt99at47y4cq65x3ry6,loop-loopr,3967513744,0,3967513744
terra1dm69us9vpdtlcvcj40pq28aadtnga9mlh4s8mh,loop-ust,5801554,0,5801554
terra162956lzysmm7n5kjgarexsm2g5pcwzeaa7mylg,loop-ust,6031391,0,6031391
terra18dgyufwuynlpg3a5gz6dhwtefm5rgdmft9k6qf,loop-ust,57055096,0,57055096
terra1dz2ht5p7pycsswqj6jj9cktvpz9yu42pv0dy85,loop-ust,78919116,0,78919116
terra1uu7e9k45edcghz2m3tljzwpq92ef5rwmg0gc23,anc-ust,56235652,0,56235652
terra1j6tspvvck2map44dnvnuvrt0mjpk7vu0mrnd62,loop-ust,1804814,0,1804814
terra103avycrl6n7nev8q6d58vpkhh3sl4a6jaqsyu4,aust-ust,1345333085,0,1345333085
terra1qe7f6hg7k82nx7rs7v79dhl239ug20aqnk6a25,loop-loopr,1623073401,0,1623073401
terra1xkuqln9xrvs8kxpejlzechzzys77dx20u8yvr6,luna-aust,3741319064,0,3741319064
terra1zq356tm3afxmkzp2urh6jvnjdaq7mqs7w3pdwe,aust-ust,89626190677,0,89626190677
terra1h0vxxpzn77kzq4zymvphngw2r5eld4tcyhz27j,aust-ust,15221732,0,15221732
terra1yqx5mg9xmwtw3267t6ju2sczvh95h7d6qealvn,anc-ust,1746790998,0,1746790998
terra1tuuk3rdyfdrqpud7j4ld535xjhkz5kclse8ttv,loop-ust,3209299,0,3209299
terra1d9p9gfru862ftlecq57tlgf87y2eed2ah02483,luna-ust,55012639,0,55012639
terra1j485yt3dfgxvpqyfwtm6hw4f6q9vlku5qx0fc6,kuji-aust,445086049,0,445086049
terra166ha76r7rxvwnvtq4c9qcwzd9vzwg7eqxvklc8,loop-loopr,910358715,0,910358715
terra15cep6dy3jlwpdxmhssx0tjj6dk9fjnp0n7j37j,loop-ust,23272276,0,23272276
terra15eyhm655n4revhrezv5xyf83l5qg9np5qmeah4,loop-ust,284849,0,284849
terra10hugxd42dhrcpjqct7c4cprnm4d6qdghvsxtk4,loop-ust,100335194,0,100335194
terra1hslnvzz50ctq0z24vcqskcmt35xdt0mevm82uw,luna-ust,17740059,0,17740059
terra1wdnprnt5g0sdhe90puj2tpde0ux5psqep4775r,loop-loopr,3676768051,0,3676768051
terra1vn7v67drgft5kt664474ncht95ty67rgmnlxep,loop-ust,10360331,0,10360331
terra1kps6682dfaqyxqetnc47lt2vt8w3ducsrpnd38,loop-ust,51022084,0,51022084
terra1aqg3r3j00gtu96qfkt6vd46vqza7e5995pjrq5,loop-loopr,15004643,0,15004643
terra1x2ppsk4ardxpa35rfx2xthup4snnpzt38g5xav,aust-ust,446880745,0,446880745
terra1wum665u6zxsle9xe3le0jrv6rvd9umcr9vh7mr,anc-ust,42532692,0,42532692
terra14yag9wzxfu7qz4jggver3cmtp7tk6anls68g5s,loopr-ust,12082125,0,12082125
terra1emahc7339cvj85zx89qsqk6vw09k5epmpd88wd,loop-ust,6062177,0,6062177
terra19tsnul68a8u6dnjrzl2f985zcjyktfm45nksn8,loop-ust,1042876,0,1042876
terra1az0cpv4a7lkwhysjdllpufgehwf58rjllswuge,loop-mir,380139557,0,380139557
terra1zfxlkk7s27davxddcpqltcj7fqljvz29suvgym,loop-ust,18049901,0,18049901
terra1f0uxn5m0h52nq3xfn3h95qexgl9d4d7daullp2,loop-ust,48876748,0,48876748
terra1gz544648v03dvsajvyapsq04tk9tw3tpc7dm0g,loop-ust,1100491,0,1100491
terra12r6hsn9fa5x9zzx3quw5zvlqt3kqenj9907lkz,wewbtc-ust,43921,0,43921
terra1hds4dj6fn9cs05udltst845mp7jq7nte2hqva8,loopr-ust,679023696,0,679023696
terra1nech6j8xv237ne9hya4t4fhvl3cx59faujfff0,mir-ust,5219196617,0,5219196617
terra1pvelwvd8dj5t7d8wz07p2z9gnyz3e8js6hfxhq,loop-loopr,4776026773,0,4776026773
terra18scrv2es6mhezutclnnckj0tswrymkg5xp67gq,loop-ust,2158789,0,2158789
terra1pge9zu9zl72zfx89lnpepzplrd29k00gmlgzyw,bluna-luna,47346409,0,47346409
terra1ccjzv80m6vdpvu2krxg8ck28dngwp0s8d9fln6,mir-ust,93512208,0,93512208
terra1jwpqnwsp5wvy4e5vzjmyuv3x3ee9xh7kk7jsds,loop-ust,1830530,0,1830530
terra1df5y59h94gc8ndpvlyu8zsmfn5vxgyqtjdasfv,loop-ust,4781060,0,4781060
terra1suzjjmkc8pl2zgw3c6p6jpegufsnvsmzetx6r3,loop-ust,585984154,0,585984154
terra1qwqzclhlv8s32twdxsj24uav3wttdhazev67u9,bluna-luna,49782892,0,49782892
terra1zh2lafaukr5c84wd9794vck0x5v5kchhklfde6,loop-ust,29310602,0,29310602
terra16f0fpj62tzrsjae60g5w227nrrwt5nuarlg62a,loop-ust,15335225,0,15335225
terra1xt2hw6wuh73ng7q3yh4cgvjv856xz9uy7ayyg9,loop-loopr,36089703,0,36089703
terra10e82l2trv02p2p5f7ft0ls8udctnnm2hqy0q7y,loop-anc,25675402,0,25675402
terra1e73ce4qur84xff3anthtvdap8d7nw2l4gy44fa,luna-aust,65987090,0,65987090
terra18lmzl4c6uekkg7ya95r33vr0ducjlud2pp97zn,mir-ust,61404038,0,61404038
terra1laaxprkh4anfzqnwd50ftu7e4h28szref7j65e,loop-ust,830792,0,830792
terra1lk0lnjnyt5huz2emk6k8eglxgds4u6xzsyraqs,loop-ust,1511133,0,1511133
terra10l9vl0xftu66k5vav25vsnm7wv2a8rwqn80ff2,loop-ust,969594,0,969594
terra1nmyuy27ynt3szftvzphspnvn5hj5mf2mpej748,loopr-ust,3687027747,0,3687027747
terra1mu0kszahydhcjwavt4qc9jcq8azw2tkjqznye7,loop-ust,1217090,0,1217090
terra1wgl7q0wqvf373jnq0d9q8yac9s89yx7p2vfqqq,loop-ust,9552925,0,9552925
terra1mzatx9xfn9v0y20rf7yfp8rrz8r33amlwc9umv,loop-ust,2589094,0,2589094
terra1l0hpg0l8wfmcl94y5hvvsecp8dpuyepmskrtcq,loop-ust,9522109,0,9522109
terra1zznawvds0dllpsumdn66tmn65dl3eh7g5w5rtm,loop-ust,2402972,0,2402972
terra1ershv72cl63lfmu4dw9ylhw43lgrsf3x86sk9k,loop-loopr,1257726265,0,1257726265
terra1cal4xlywphgzejrwcdpgeu5eyeaauqpzy6n58h,loop-ust,9797824,0,9797824
terra1lf6dsq27y2jnarcta2gr4xsvm4uyhupdl2tn0c,loop-luna,3169534206,0,3169534206
terra19dxpugzd0mqhhqkzske0mcmjf65tw75l34vj3g,aust-ust,668906962,0,668906962
terra1zpzrmcpmaaeepq87xa93fhehs5uwdf2280aku0,loop-ust,8198413,0,8198413
terra1lfydn66adz0ru8mux32qjgt0tjskc50frp0rtw,loop-ust,61617247,0,61617247
terra1q4lze3v8acw6guyzregh9v3kazk5vpqh0lwqnk,loop-ust,259604646,0,259604646
terra125zlt43rc7qk2dhdtanyqk3t6dkcru2fdvlrh7,bluna-luna,5756082,0,5756082
terra1qtswpw9snh0hd5454zrq5jrt84qghht488l29s,loop-ust,2655393,0,2655393
terra1cvpjnh70q0jsn8m7wnnf3ty3vjmrm5lmxrz74y,aust-ust,106626098,0,106626098
terra1g68x25hpxtf4xpcfhlwe6r8s9u9j4ju6pc4hav,loop-ust,2178093,0,2178093
terra1cs8dcwmx0680x0sz54z47zqw3c0zsxux6v8zhd,loop-ust,890443,0,890443
terra1j0w4vh4lkrwanqwdu7epuf7nsgeragva99dvqy,loop-ust,970105,0,970105
terra13s8rw82j4etd794m7907t5g8k8jrfz9zrmk3f5,loop-ust,128561428,0,128561428
terra1x8sqsul72m53435ajsh5zamp9y50p8hm2gm4s6,loop-ust,6942629,0,6942629
terra1ea2uhqsjwap6y350hq5f3fkvmlc49zj9myrr2z,loop-mine,112255634,0,112255634
terra1dydmqfqrt03k8epg4yv3lshdv9gml0whlut0sx,loop-ust,8791898,0,8791898
terra1dzl3hmk4unlzrppugke4hmk0wh2qggmqstjkkv,loop-ust,1706150,0,1706150
terra197rrasa42sq6hcg5r9tx5rfrehx43r9yzhev0h,anc-ust,245797917,0,245797917
terra1zjws8uapsel0cr3gx333drfgmm69jnpv0xl8p8,loopr-ust,316367871,0,316367871
terra1tw88qdx6fhmjp68usmlhq0ymrfvjt2nhgr2w7u,loop-ust,39148293,0,39148293
terra14vpegaet5402hgjg4klyvc3w3kkrwt20n3xkw9,loop-ust,2877306,0,2877306
terra1c4tcun25s8z6l50lxq0zpd3zrdrn7jk0m7rh6d,loop-ust,8551178,0,8551178
terra1d4ugnaw3var6d0eq2zfe0l37vrr00tyxpfsu3m,loop-loopr,384419109,0,384419109
terra17t6zwajsw82q4egfpm2fu8k94qde3j903snwgv,loop-ust,2319755,0,2319755
terra12cdz9ryvfd0cgnqul3lkzgzqnvttdr75ssaulw,loop-ust,591604,0,591604
terra1t36yr872apqd3zx7qfnf806gd5rrwxup4smcv4,loop-ust,14720,0,14720
terra1kcl4jwk48ehfw0ugmexejc20ctu4wu334ge3xd,bluna-luna,5030634,0,5030634
terra1pylah6dqd65kgngpj5ez2r4qrajtglapnvkmz0,loop-ust,7175080369,0,7175080369
terra1adh0mzhe50ts4f6k2wsqpg9dsxkd4gx0a7at6m,bluna-luna,57798088,0,57798088
terra1yhzzyu8vt6e5rqr9r4vg3aqg3fuq4g2z6na5w7,loop-ust,4668416,0,4668416
terra130kqlf983w6pvj60zjfe3klqyqwv6963q2fm2w,loopr-ust,25185397,0,25185397
terra1v8xcwwh3s5zj5nr5tck5akjuuyxekp7au48mym,loop-ust,111089452,0,111089452
terra1g24wchgq9q2mnjrqu03szw6thdf88alg2e8fpp,loopr-ust,13630590,0,13630590
terra1pv55rgss346hedgf4xsvz0jmwgadag5jugn3dz,loop-ust,2299082,0,2299082
terra1ngj83mnlnlluy3zaxl07c9dqwfmrf077fl8tm4,anc-ust,99887803,0,99887803
terra14vathc3czcd8cjsu8qauv5xyyt3r96k5f0n9sg,loop-anc,87198372,0,87198372
terra19lvqmyxgexhc9vg0msp3820jfh447zvlcvl26t,loop-luna,7585203,0,7585203
terra1sctqzdhxhuhqnmzhdumru5sk3tfe0tnhgxkk5h,bluna-luna,10375630,0,10375630
terra14y544awa8jw8v5tll90xawcgj7ug5ykumneh9s,aust-ust,174109912,0,174109912
terra1a963jrk4g56r09p355t5cudhz2duxumt45ydfn,loopr-ust,12247013,0,12247013
terra1s40y0tghqgyqxf3kcg0mwah4amhm0cclu8chym,loop-ust,3793989,0,3793989
terra1jd6gecmykfx74nmcv48nzk4nxcvfk37cjcn5za,loop-ust,7510817,0,7510817
terra17chxnc76d34wuwzg9lx0w0el2tv90te6xan829,loop-anc,2502884963,0,2502884963
terra134hf85z68d33ytv2mc9zkv029panhgdxlar428,loop-ust,7210755,0,7210755
terra19r53wx9ujedqldwemkv30hzkr6yhn6s7z5gcmc,anc-ust,1368324753,0,1368324753
terra15jjs0d787gllq54ghmdg4ynydglvvzcugp0nyu,bluna-luna,100040592,0,100040592
terra1ahxe5dtpjuwfn4n8m3m4fc54qrtxu58yajm490,loop-ust,4391214104,0,4391214104
terra1sztj8fvv5qzrr3s589lt42ywtdfwq6w8fl7zlk,loopr-ust,313039618,0,313039618
terra15tjwpdw6lu2gx5vfkuysxguzz44qearzuwcvq8,aust-ust,4481776,0,4481776
terra138d4glyxlkyj7r95hpzpz4su7gk6glz0708502,loop-ust,45582052,0,45582052
terra162gtgqtz9m8gtqrzjx5rc393apmqff238ltstv,loop-ust,238122240,0,238122240
terra1kqz24u4hfdhnss0xkkqm2v8yhdczyf848rz60p,loop-loopr,247258995,0,247258995
terra1al2f7ckk6z0rhjmfvrmmskxqft82jvnxyknkju,loop-ust,1780735,0,1780735
terra1kf65ezda6n8qnk7j8v0d3gxkp4eyvrhtcwwzmw,anc-aust,231026218,0,231026218
terra1qse3es3qdp6rcthuu93kttx92fdwgd2x3f544p,loop-ust,13168291,0,13168291
terra1284ng2yw4xmtjwjx80kpqyhz6rlzqnq2jjgcte,dph-ust,2158703519,0,2158703519
terra1cnl3hxu7eltarc35jmlsz5kdlez5vnac0k44r9,loop-loopr,826497108,0,826497108
terra19y9ka4tr7ntwaqjxq9ug85vvnf86hdn99cz2zk,loop-ust,983051,0,983051
terra1q5szxdfk4j26e35tyr0k2f26hs6u0jy8yj8s42,loop-loopr,1622983172,0,1622983172
terra1dpjnl6368mf92r23a46ajpepx3qa87npw7z7ey,loop-ust,1613431,0,1613431
terra1ry926yn7pgsmthxdvwy4x7ykheqjntjw9wy7ez,loop-ust,10770719,0,10770719
terra1zsujnxcqmu3ef493xj92sjkgz55rvx5fq2sekr,loop-loopr,1966792112,0,1966792112
terra1unzqd956t5kmdqlqkzcd5k0p66zxdjv20h9zdn,loop-luna,269997871,0,269997871
terra1zmut73xc6l9p76hzafskan2nycx2y7gn6d87xx,loop-ust,93427804,0,93427804
terra1wx9lumtww7ue8zhcr04es35pwmdhs7scuxme4m,loop-ust,446542886,0,446542886
terra10zqnl8s79qv5yepfltwmcjj0puklqtvw329ztl,loop-loopr,11700056255,0,11700056255
terra1vw634f03t9e7ppz09vtw5aeswr29jk93wavfuh,aust-ust,447103139,0,447103139
terra1dhhtcywyl25up3fx9gpfhukzkvw0ezmq65vagk,loop-aust,49333912523,0,49333912523
terra1etwq0q8wwnmq7322kz4v6ff2dcvwfm634vdkqn,weweth-ust,3656689031,0,3656689031
terra14lzw27g70ycjp5a76fc3e8s3uz6qnh3q6xdqyj,loop-ust,455742,0,455742
terra1tqr2z207lw04y8azltmc648ydvvcfxg4hkzgmz,loop-ust,1447106,0,1447106
terra1hh43m7cm2wf2s5succ8guw4h0vwnjqlxjll06m,luna-ust,44071712,0,44071712
terra1y3qx2mut32h465n4j2a0ed5d5r3rl75l2y7kug,loop-ust,352844657,0,352844657
terra1sze2tnq04mwsgsay029mshxxplyqlnjtvx8vr3,loop-ust,4327270,0,4327270
terra1lf067v9z2vvpqes6emgqg9rglcq0r84tj0vy6n,loop-luna,2104727,0,2104727
terra16tqqcc69zmhcmxu5c8nxv4lqrjgrd8ewf28nlz,bluna-luna,3486100,0,3486100
terra1dhj6pl9ke4w9zqzwwfdthj7kqlx4ahj8hmglva,loop-ust,54032324,0,54032324
terra12mpelhpjarymyur0rlpztstdq2fp4pz3egdjd7,mine-ust,15473408,0,15473408
terra1k5thgf7589pw2ggtwyqh7y7n0zczllq3yhfrd7,loop-ust,38325285,0,38325285
terra19vjdtwjj4pfa9rkzd5zngmjk3kgknwnztqk4ru,loop-ust,784191824,0,784191824
terra177rxwnskx6cgk0z2jfc4rdq3g2pezt7a4rte42,loop-ust,4595863,0,4595863
terra1scvu6z0p8h68vf903n4v5rp28fcwej685e9z5h,loop-loopr,626286480,0,626286480
terra1ctvreez8s0c76j6jx5lq7mvau2e7ns8h44r84j,luna-aust,52232879,0,52232879
terra1ncrcgneytwp5k9jj26gktcru0fa3n4eldmwkwt,loopr-ust,669632,0,669632
terra16katt9hthkhpg0skxa2ktektfeppvfxmfd0lan,loop-ust,4597950,0,4597950
terra1m2r4xm9csd2m2hg96frwxmxyjzdrlyvwuk6rut,mir-ust,145404510,0,145404510
terra1xjpfprzsr028y3uz46qmswft8d6hxtz2sl5kjp,luna-ust,957241013,0,957241013
terra16jdl5gp8ypg5087l7567ccv4masaglawmg8hte,mir-ust,570912851,0,570912851
terra10mxa5vampfwv6g6sw393xmvwwrk2kulecct920,loop-ust,15241391,0,15241391
terra1lx7dyxhmgmlfwrl3ldnsrgck5g4p2qcmw375y9,loop-loopr,131818335,0,131818335
terra1m5x68hzewzz0l857w3g5a5rpnrt2mg4st3fugd,loop-ust,47262872,0,47262872
terra13n03wdxlmmznymray9ptv23wy5s7uzx5famrsf,loop-ust,4618236,0,4618236
terra17q8ztn5s8472pmf3pvcnl5skcju0syl6dzra3z,loop-ust,846991,0,846991
terra1st7ehthnxh8w244c4hn07xmjtn2x3hvuduyvl8,loop-ust,31722475,0,31722475
terra1n6rd6n2mesnssg9y33jjwp27mu9khnwnecsxxh,loop-ust,170665750,0,170665750
terra17ywth9n946fnulrj8vpgqsjq0yqyw6nfk0xdx3,loop-luna,34478408,0,34478408
terra1xwer2j2vlr6q2ktmmfpx2hw9cgxpe0w9p4ew23,loop-ust,10967826,0,10967826
terra1ljkmye9dwuzcxt57cpmltpgk88l6ldv8dd9x0s,mine-ust,23989468,0,23989468
terra1lzka49l2vfz20z9pdfqkdwtdsvvu5mcaprankw,loop-anc,247315620,0,247315620
terra1e7dc934svrcdwruhm3q3e34pwewtu7puepan53,loop-ust,2147162,0,2147162
terra1krhh2j4shhekdz332xy8tuq3rz39jae47z8xt5,loopr-ust,17549651,0,17549651
terra19023z9lnn8zs3mwxrq4c95wzdpnchqefc6kv9c,aust-ust,39670696,0,39670696
terra1h3yxc966kefuame9xvmy4qr98e6ku7dkuqxfsk,loop-ust,15093650,0,15093650
terra1rz0h2n2qug68lh7gr2xwajam04t8ntaselwqu7,mine-ust,4081784,0,4081784
terra1gfe2mzncn7kr8wnvjls6l36un6r9z33n7qyem7,loop-ust,1311306,0,1311306
terra1jyqw2zg7jvvd8a7x00xmr0l5ada7k05ulfelvr,loop-ust,465172,0,465172
terra1c7pjd49v5ykralhk0l0zwg92av8z736rnweam9,loop-ust,4848586,0,4848586
terra1sq40sr7u9ajwtvdx085ll80rqtq303vlqq3y0j,loop-loopr,173897586,0,173897586
terra176aray05ds5tg5w258gp338uc9vew4k3635g83,loop-mine,14553081,0,14553081
terra17w68u9tsvzxg8jpn6qqeampt79gt2c9dquxjs8,aust-ust,32003623,0,32003623
terra12ak0avz5gruke4sc93c9rpkags70f9saszjshf,loop-luna,24226964,0,24226964
terra1jhernq3v3r7v4ak638m4nkky3edvg5uavza9a3,loop-lota,40126938,0,40126938
terra136ugkvtdyccfpxvxgkekjfzghj7vs2en67epku,loop-ust,4642677,0,4642677
terra130ftycq2fthk20kl7w0akr63qxyg99v0uf8dg7,bluna-luna,197194515,0,197194515
terra1np9wth90u64kw0cdczz4t2dauc9awmh963mhsk,loop-ust,433818827,0,433818827
terra1pmp5pn4jdaew0e2tryz373e8whac40esazmcma,mine-ust,4682047,0,4682047
terra1m4gspdkyyvme9w9gexa3f3avxp7ndxg8gjn055,loop-ust,39936317,0,39936317
terra1x890xvepgcp0hlnrcqwe9kdsvefqtguyaqwdwd,loopr-ust,35202682,0,35202682
terra10tuc8xcgarqhvup5jsqjgetc6ljc9hu9p9l87w,loop-loopr,1882944219,0,1882944219
terra1gcjmf57kgf3635vguszvqhy83r49gkdkmdtnpv,bluna-luna,274070791,0,274070791
terra18gsgfhfjjpk8dkx9s9tyg8qv543569v4mv7npd,loop-aust,158828178,0,158828178
terra1ycjqjx4wzqg4a230p7has9wzvrrfgjfxhxrv6f,loop-ust,128627914,0,128627914
terra1a5lfpdfpppmmgt47834uv7wdarzhjytk96e3n9,loop-ust,9518088,0,9518088
terra1r5dfdwfzwwrw7nlhdwzcn8rm00g205tksac0ma,loop-ust,16615427,0,16615427
terra1lkysv8mns8krtrqapxugnf28euzmjcs25u455w,loop-loopr,3157248897,0,3157248897
terra13g29ygl8n2ert0zparkp6q5s6xj24fwsflw96m,loop-ust,15164675,0,15164675
terra1ajf7py8mnmxch37mge6q5k3guvk9q73230fxdn,luna-aust,88432673,0,88432673
terra1ytqgf527mw90g80a8chr4wf5kg5jrdxav0te9t,aust-ust,445770081,0,445770081
terra1nuu7sz7cjvtpl4ff9kn2fwycdmj8szd4muynj4,loop-ust,8814529,0,8814529
terra1vc0276emqcrjkc06epccld54x47p8hdet0uy46,bluna-luna,5078696,0,5078696
terra1h63xd86p9l8uda59dy0458v25c0yka2gmrp4gx,bluna-luna,7476260,0,7476260
terra1pvcpkcmfqlvcw0zdkt8svae5nwdm55tmzdzt0h,luna-ust,246437713,0,246437713
terra1380v000rspymwm7wagsrwg6pnfvw3lvmjd89fj,loop-ust,436420879,0,436420879
terra1sjjc3hjakgu63f5mqtulpydp6re7f3jtx03a5s,kuji-aust,1553248569,0,1553248569
terra1l6s5g5wjlf8j4ccn78386jvv9nm4c8u8t0dzrp,loop-ust,2139962,0,2139962
terra138a22wc8yjxtsan93ke3wgtkk45q4msra0rlcx,loop-ust,4630675,0,4630675
terra1y0v9rgxwdth0newkyz7uutl6e4ngdrt9tz5dcf,bluna-luna,18299047,0,18299047
terra1e04vk9s0feyhfw9sp94e3huf2qptm6twqhe4qk,loop-mine,264815615,0,264815615
terra1phxjryjpe986xfrps9z3ldwtkghkfjk0gjs2zj,loop-ust,2555262,0,2555262
terra1js52c5hvpss7e66szp2d50a6gq72c4xqlf5pql,stt-ust,232580,0,232580
terra173q56tvmjdesrc7qy9gnwv7dq6zs73jx6cpu6k,loop-lota,56892,0,56892
terra16406yjf2wfvyedkj60ryn4hzl7j9cpxqpc5z7t,loop-ust,4054730,0,4054730
terra1n5mn6h0ky8xpw0r0nnzknda5yht2r898p6a23h,loop-aust,76722362,0,76722362
terra1xs6zz4fh2skz2e3n0uns2l2e5rhyrafp4j36rz,loop-luna,3450511,0,3450511
terra17v9wrxxtu6xqmp7npzep3yvn9eapwu0f2t45kk,loop-ust,15411126,0,15411126
terra1nrg8s0wtd2z0xyl26u669qh87qcn2ql0wepvhj,loop-ust,60892823,0,60892823
terra1cq46ye4kjrhtg2me34q27x86v7j90m7flwges2,loop-ust,1020312,0,1020312
terra1c7zpvzhzhraa2a9n893mq7ec9z3z02tyev0sc6,bluna-luna,4991073,0,4991073
terra1spd4cn2x4fdthzjrw8fqyejus29sa2r9wm36s5,loop-ust,20518285,0,20518285
terra1vtj3dxz5u0v62w3h5m7unzvzer7t27v2zutgux,loop-ust,1794226,0,1794226
terra1q4kr8l379tg4agtszp9gwvlamlm4ld5kyls7jd,loop-loopr,1175843970,0,1175843970
terra1qk92zyxkpjmsp7q735q98gcy0serct86rev9jw,loop-ust,1080665,0,1080665
terra1ypfmj94w79et48g79gwav4w9x7hxakfzty9y3a,aust-ust,22318381763,0,22318381763
terra14um45x52z3mzxzgtjqfqhw9wx45fj5hnwre8ze,loop-ust,182655951,0,182655951
terra1ppjchzyk0l4dz976283dl75q6tydgrmw0fqte6,loop-ust,22941636,0,22941636
terra1j84cfypwlc8garyrcu567fl3f7k7hyuctqn94x,loop-loopr,1101662200,0,1101662200
terra1xl9pd64vmxe92z49shjh4dxdqvmqnt2cewpa4a,loop-ust,2129481,0,2129481
terra1j65n9nvdjmghkf3kcadzdxeng3de2980qye4mj,loop-ust,44698,0,44698
terra1f97f7fsluhq9p737mlp84y9dap43dvqvwmqnjd,bluna-luna,11882651,0,11882651
terra13m3h7m6vjxlpmhmwun0lahltfay6f38r96gqv6,bluna-luna,10067779,0,10067779
terra1g99jqp279qtxakg0mkcd5xdpvdyxjtjp9vy22n,aust-ust,135723918,0,135723918
terra1mrz2ed87p8qrzjexaya2h64ret2c90lwddzwj3,loop-loopr,63265935,0,63265935
terra1u8u5p3fs70dks6u6qe48st5pqta9zehg7uj7u7,loop-luna,5599049,0,5599049
terra1jzgfuwa0xmnszwpyphwldmzu5zumhf7ykx2pl7,loop-ust,42865423,0,42865423
terra1ngcgmr8vk97hx5fzk0c6q02jfujjncdjqm8qqx,dph-ust,164966083,0,164966083
terra18xf5lzpqld9dusq2qqkhruecneg6zac7fp20ae,loop-ust,1031698,0,1031698
terra1vkqtn7v3twmkf8fyle2x6dey03ft7xl73sggrv,loop-ust,5372146,0,5372146
terra16je9xehyk2cnkqmct52mdrta6lda0eflcj6y0n,loop-ust,1147792591,0,1147792591
terra186hnmp8d5yxszw5qmtylnx56a250skyvjz07xw,loop-ust,757602114,0,757602114
terra1az0kzqtrka8h3sywln3vyypq6k30pwpmvvwz3n,loop-loopr,1253462430,0,1253462430
terra1nqyt9rt0fstaahzr07x2ss7r673celz03pvcrv,loop-ust,599750905,0,599750905
terra1c444yf0ghrg72ru0f0725u0xr9l5lnee6rx0cv,loop-loopr,7811402639,0,7811402639
terra1jlxsfkjn4tjawzxdyk3jvg2a5dlzyx3nrs2ar3,luna-aust,1202258631,0,1202258631
terra10vx0xdtt5krql8uph7j33jwlltkcv2slrwsx08,loop-ust,3780415,0,3780415
terra1ujx48uq05a3hy0ug3aklr7f4du8aj57y7sry56,loop-loopr,5493357128,0,5493357128
terra18d58y3knlqhzltk68hzmsnyqwrs46e3jkvenv7,loop-ust,760277316,0,760277316
terra1cf03k52ya45rf7kmjzkq2mfkrl3zhgzpxtzjj9,loop-ust,205858865,0,205858865
terra1g3mrrj7pyukylk5puw767vd0m78fnazjhzxxx3,luna-ust,308716,0,308716
terra17kzl5fkea42tvm0h8vzjl7uxak0vavj4uqh42t,loop-loopr,3818622972,0,3818622972
terra1ml7uzel2scdagdjfa88ec8mh8wd8k6s47l8mke,loop-ust,6241718,0,6241718
terra1rljmsg3lcyqy7yxmduycf2x6r9gq3wd24fyqt4,loop-loopr,18782361304,0,18782361304
terra1280nr2jwlgydcenz0ptf3t7hnx2m3kq2m3s5ry,loopr-ust,316263837,0,316263837
terra14mjph9dwsffmcx3z845hwk8xqwqmf6es35my4k,anc-ust,522751742,0,522751742
terra1ktylusduvmnxkh75a38wrvk39recz572nese3a,bluna-luna,15503459,0,15503459
terra1t5c6xnwxj6z3rw2hpa6r9yqdly4ryvp8parqy7,loopr-ust,11798229,0,11798229
terra1e6r5k7hwzymwlp6fj9mztz0jvhfqvsp3mpcdkr,loop-luna,315900950,0,315900950
terra19agcl3adegkzd03d44ywuzy2x6kykg7xjgk4mv,loop-loopr,38442525908,0,38442525908
terra1rvdmz6kmr7r97ng85v3njc5enpk3x3e3vaywmz,loop-ust,978144,0,978144
terra1gglfaacyc7z5dzknmyy64p6lt96m8gw8s2updl,loop-ust,47058368,0,47058368
terra1mtwmykpefv0ev40z3rtmkxr84prtykhakmx546,loop-ust,1272049,0,1272049
terra1um6m89pjrx0qz8shp3px520mtkzkqaw67t837e,loop-ust,175373848,0,175373848
terra1n943rcllnkph0st6dn72tgj82gyqqxuatncykw,loop-ust,4587506,0,4587506
terra1yy6f78ua5q86447ezv5qjsp8w8vu0834c9amq8,loop-anc,89870269,0,89870269
terra1qrgcw26n4234glr3akhhy0kzjd0me7ahwrd0ra,loop-ust,1306767,0,1306767
terra1cp8ykvfsrnu78ug73svne4j6xkf7dfxsxkvrzp,loop-ust,720746,0,720746
terra1dsm5266g33xfmegezpwj7q8aszlr8zzqh9tj9q,loop-ust,3667000,0,3667000
terra1jmkm8tgpfnewup7vmus9xlxgy5k3nx0l5fn254,mine-ust,5082301,0,5082301
terra1ltfhcfa87mu0vv9z92gx96vj7850mqhpse6y4l,loop-ust,1422149,0,1422149
terra1gjl3nkanxmzaqmn25dgjkrsst8q6s7u2nrz265,loop-ust,52013774,0,52013774
terra1aj2cracmdgxkpt0f7qr59fkt2ptw98dqq0zung,luna-aust,523541519,0,523541519
terra1at6f23sxgmuuvk8nzahdattfmjemygpytwvvyk,loop-ust,208821142,0,208821142
terra1eggnxy08uch40xj3wkchl9h74v3e0nq4tc3d7d,loop-ust,3965641,0,3965641
terra1hqr8qdnpq00l02xxk5cwf0rms5q2k2ztcuxqqs,anc-ust,88517968,0,88517968
terra19ker7hptj7dylhws5ew6xfh4nevyv84d0z5hku,loop-ust,5419966,0,5419966
terra1ajsx0z25rtad2hgtpteehjafnjmd7tt4dmz9la,mir-ust,80771003,0,80771003
terra1zekas0ajqf37g8j6mtvk7z0g4c79kvccsf6czf,loopr-ust,11775070,0,11775070
terra1hppefqufuetxkyzhvrmw5p27kh3myyzrac6tn3,loop-loopr,964092563,0,964092563
terra1wl5469cxfrvemumht0g9wq0vyagdns7cv3c7ue,aust-ust,3147031,0,3147031
terra1v5a0ksf3sxa8zaj9j9kx76xxzlg02m4e8l90dy,loop-loopr,2462805363,0,2462805363
terra1et2vv7dfll3q0kfn4qs3yyj9rxpx2ty8jnyrxk,loop-ust,198504554,0,198504554
terra1vueel2n8vuz25va9p8yj080d64n3uf9q6hnt9d,loop-ust,8469757,0,8469757
terra1h4l22g22vaufxn9ah5rtd04xhrvjj2cqny5w3a,loop-ust,27510367,0,27510367
terra1xnuklv64d62ptzll0qxjk36hslhujfragnxmlz,aust-ust,116251604,0,116251604
terra1qgmad9mef7q5g4crvvnwz3qjr5znjvc5537msd,loop-ust,317673427,0,317673427
terra1unq0s5h48vxq5tmm54q5c4keyju369thj3499q,bluna-luna,349450,0,349450
terra1t6qmslv6fle2gfjcakq6d3tv70sl35340add2v,loop-loopr,5413522450,0,5413522450
terra1237qa4s72mdm9h5e4wjm7gfu6fdjmykzcyu9gf,twd-ust,13937613,0,13937613
terra18avq7xgy2u5uv3wnx4t0uhat99pjpm9j86lxdg,aust-ust,895454820,0,895454820
terra134hajshskhhwq62q2jm4nsltufjkdm80krkyll,loop-ust,1771854,0,1771854
terra1rwtjll5584wdaapctyqgwfpwl9pk00vpw685ln,anc-ust,307189174,0,307189174
terra1kccpfuvlkjmsyrq56k6z22yd0qda0qnuurrwhe,aust-ust,10112260,0,10112260
terra1f4cca3h73yam2dym2q0xzckufnm50f4l5x7la2,loop-loopr,323842671,0,323842671
terra1tqd9h82ze3pmjh0556alzvvq6yztwsnfmg3wjh,aust-ust,1250271957,0,1250271957
terra1awkdrxsxp3p3aafznu498dx84glkrs3za06j83,loop-ust,267657,0,267657
terra19g3590u5uzfhnukuqfaav3czfrrncvuk5m523l,loop-ust,1056230,0,1056230
terra1hszk4cnslncvr4rrl0xl6uhumnh3n809x9zyya,loop-loopr,155136383,0,155136383
terra1muvvcra9yntwce0mkek96ukr7l3r576lqdp9az,loop-anc,515922826,0,515922826
terra1w4ndjrgkmhp3ecxydsqew4q973klecrffphtx3,loop-loopr,130310063,0,130310063
terra1c07vxp6gk0faqgyf2ke5hnlxum6ep2c6jmpzpc,loopr-ust,115779288,0,115779288
terra1m9r9srtwl098wf3rmuxec5rp4g0l892r8ny8tx,loop-luna,11475416,0,11475416
terra1g6fn6yzcc0dd2gga7psjvzl3nk9d2v4v0vds7h,bluna-luna,1998233,0,1998233
terra18d4uy8xs32rjamqrd64a3gn3srvvmf5n7nk2r4,luna-aust,8148656,0,8148656
terra14xfkxz8ymskuy2av6dlp9h8zttjs3lahej94m9,loop-ust,405992,0,405992
terra1932y85mr8ufrxzfjphzp4y7jz6nggdzsxz925c,luna-ust,249293,0,249293
terra1paetxgszz48vmksdly6cqy9yd7s04z7mlw2uev,anc-ust,58835246,0,58835246
terra1d823ejd3h8frmtcw0p57dl4dy9dy7g8y5jyack,loop-ust,878660,0,878660
terra1ztheal95k2hcy27jys6k2hju070q7ycc497vfc,loop-ust,53047159,0,53047159
terra1skxzqavfnqrazcd2lqa4kphmuqjyaa3cxmgder,loop-luna,11924777,0,11924777
terra1j9xlghkxtx5q3qu0t060sfyl8jnzmmcvkc6tne,loopr-ust,12123139,0,12123139
terra1egc0m6tsc0atldf3chaplshughe3kcwrq537hw,anc-aust,29565119,0,29565119
terra1sl9nwnzetpgzstq5gduk4xgakqzl7kkz6xyaek,loop-ust,71972,0,71972
terra1tet5gg98zxucfm7gfpv8rym6ue57lurq8qgtyl,bluna-luna,72218043,0,72218043
terra1a772t03pzde6kr3w3szpa22nugq9f67q6ludgg,loop-loopr,73325589,0,73325589
terra1fmudl4fx32fs0anz3qrra7966nq6dpuajeler8,loop-loopr,4342318227,0,4342318227
terra1p3fdh9j0q2ncywteeaaxmh5t8j6hw2h4mas5py,loopr-ust,100228301,0,100228301
terra10saqahpquzyrut600alhu5943yauya2u448qr9,loop-ust,7384395,0,7384395
terra16rjnq4zn79sz35rt8d7dp60kukqnpytwwqy8n7,loop-ust,10687409,0,10687409
terra128d4tqg3k8f4uzzmyxzmu672772d7hmwew2xcs,loop-ust,2658481,0,2658481
terra1y2tmncsfr9pk7ah7pr3malms9d5ljny0ckvrve,aust-ust,184376668,0,184376668
terra1nech6j8xv237ne9hya4t4fhvl3cx59faujfff0,loop-ust,1296258986,0,1296258986
terra1sr5p87xqzlk4chvxyef5sdu69hap92spv8xqmp,luna-aust,2589205,0,2589205
terra174q6ejwd9rpwghp0dygu97g9x6g4w27rw63vdn,loop-ust,19256968,0,19256968
terra1q74qg0vmekfndu8dxglk65gdajt7amenh0dxwy,loop-ust,3548462,0,3548462
terra1qm2xqvpjw3gynpxyygay8ngtwe5ynwpj6056jg,luna-ust,13534306,0,13534306
terra1sycqxm5mm2xj880hzntflvrtgjgsq7aq6sv7h3,loop-ust,18189660,0,18189660
terra1cam2fs5v3hwjmqgsu7zfqkhpj7f4pspg8g9sqx,loop-ust,72874610,0,72874610
terra19wzys5ra92qylapx8glgj6dcpwzrx39ep0dknu,loop-ust,451282172,0,451282172
terra1zn0k2qn2ujgxy88efxae8djqy0tphqg50a035s,bluna-luna,538048763,0,538048763
terra1npdypxgm8pcmm5gv4pev54rsrwp6fgglxahnmz,bluna-luna,18140931,0,18140931
terra1e24cjy2saua3p6dag5z9hgzx8jv0fw7tua5jut,loopr-ust,6172101,0,6172101
terra1dt9qpx9qrt2wl9e7qy6277z2848dmlh6yvhj8e,loop-ust,4869750,0,4869750
terra1esxf644q8qf3r4sea0tpygz8w79h63w44d3uzz,loop-mine,185144019,0,185144019
terra1p03m3wsn5e80mcyanh5msdaec3t6us59nn284z,loop-ust,9378892,0,9378892
terra10epul476m7wufraudp0rpxrfsy5kc9mzqanyt3,loop-aust,9701510831,0,9701510831
terra12xvw0j8sgvwa32f6wmvd7vwytd50g3amgrpnxj,loop-ust,10163629,0,10163629
terra1s9zltz036ss7zwvnetzt57a0g6x3vage34rppn,anc-aust,1921521886,0,1921521886
terra1lgv8mm7fyxpy5ru8dzv9t7hdn8cpplxhk3z5km,loop-ust,7959397577,0,7959397577
terra1tvsc7vkzpskwxema6ykruhqu73u55lrl7s3353,loop-mir,783540132,0,783540132
terra1whjk9rvvgtqrx34s4nfzt88fhkeuapnxpgc5da,loop-ust,152734275,0,152734275
terra16wly3uqzp4lrhmndxpjxuqkcvquuxxclmtnths,aust-ust,448693092,0,448693092
terra1zju9lkvwjfsg6jarvn33aaefhtrctkfv3a607j,loop-anc,39441963,0,39441963
terra1yxp8mfpsrtt89wtjzwn0mlattt9yac07f90ke9,loopr-ust,10941742,0,10941742
terra1gyx9d4xl8yeeg7udcmj4dhtlcjjdqxxapq6jc6,loop-ust,7489467,0,7489467
terra1ash2780ne584hjqxf7vu4n0sy2attwzrg5utlw,loop-loopr,8984414389,0,8984414389
terra17u8pjmfafwg5ymq6jjcnx9n87gkgavkmt5hllh,loop-ust,432370,0,432370
terra1p9gk722zvqn4dvzqz36dq8a8qe0shaf523dvam,loop-ust,2472278091,0,2472278091
terra1du5jz06z243zhnjhkflh03ktyazvn6sddqwag6,loop-loopr,35293866819,0,35293866819
terra1t9nasn4wrcrgc4898lka369vnu7vakhq7xsdx2,loop-ust,834206,0,834206
terra1sc6rcmgftpcywmq4l0eld6yt6weqqayed0ay8t,loop-ust,1026889,0,1026889
terra1h7x23fwh6uwvcgcvgdtx3wck48fgulmdkhfa4y,loop-ust,9769608,0,9769608
terra1hqctfy476tpqm4n552lz40vjxw2ar4lwrgs549,loop-ust,94138,0,94138
terra1pul8k7rn5tlt9k0nyncmaau4559ml64mny6r3z,stt-ust,14895231,0,14895231
terra18x0lyr0cknc4je3kdfx9fw8uqa72kae68t4w8f,loop-ust,73787829,0,73787829
terra1zmd9aznfjlxgxetshky3jffa7yj9j4kqm0634h,loop-anc,1395820600,0,1395820600
terra1sjl74aykzdzqay7e0rx7drmsdwun6ehsr67ypt,loop-ust,33914855,0,33914855
terra1llw3nnrfn4kq4npz0jn37aqpqda7gkes2p8k5e,loop-ust,1122039281,0,1122039281
terra107lvqjl2dxstcdll0uypkzhs0qx2ufne305mcu,loop-ust,2405008,0,2405008
terra1fgqgr342dhaz6e747tpakwuknwhane0lg09wng,loop-ust,56454891,0,56454891
terra14unj9vqr7t69ezsvs9v99dx4mfr7gkgx4j4lpa,loopr-ust,7020760443,0,7020760443
terra1p3yjcppwk6yke4ve3y0wfa2rrs9l5nzm8ajhhk,loop-ust,8552613,0,8552613
terra1ph6eqdgu5uvaqmnalf36fcwtp2q23krs6cyck7,twd-ust,723909,0,723909
terra1wfh3txp0m5cqdfj4ap446xawp6sht4kwnp4zda,loop-anc,3793087461,0,3793087461
terra1yl87aphc788zzmlsxyuuputvvsn504qwha6nc8,loop-ust,152025199,0,152025199
terra1w4fu73h7cqruvtg7r2px3caaemlexxwk93mpnq,loop-ust,6146862,0,6146862
terra1nf24fyzfmn3f4l6qld08ssqleznnzwnxkfzxd6,loop-ust,7992353,0,7992353
terra1rzkje6v6x8h0wm39y3h80mmt257jc47x48z8ef,twd-ust,17956038,0,17956038
terra1lqppq8v8spa43hw8nytdwv3tu7chn22gxykeew,loop-loopr,263128269,0,263128269
terra1ysdha336ulycwt85zjrzccmyu69hfwy58xe4pj,loop-anc,397300317,0,397300317
terra15qwaxvzpgv85rvegx8cpcquzd4maepzaftnrtc,loopr-ust,21943171,0,21943171
terra1cdr88q2c430w7p4k94exgsevp5tmg4qwny32xm,loop-loopr,87964365,0,87964365
terra16u6k5m4nf06fuvqhme2yg4d7wmwq2fu6q7xh55,anc-ust,69115616,0,69115616
terra1uayc0vafuw5492hl6e4a68tahl3ffwpslhaycl,luna-ust,10699926,0,10699926
terra1fmlfyhaq8u2u8rmngqnufrwacncsvje3jgrmnp,loop-ust,97371846,0,97371846
terra1rjghqpgj60pkazf537gvvpjvpgk8ljqczlmn28,loop-ust,2743165,0,2743165
terra1aryer0glj28959h2r3rn49uf2phclc2zht27qr,loop-loopr,80024732,0,80024732
terra1nnfpz3g85cyp55ek06gpefqs7khw4ccuyrzdua,loop-loopr,145565296,0,145565296
terra1kd4u0t68g8jkl94xl44l3fkvrxrmjdxvqgfz6c,bluna-luna,24901645,0,24901645
terra1w3v476l4vtzz8gvqtlj6mtlwflu5n2cgjtwqr7,bluna-luna,49872117,0,49872117
terra1uajtrs3rkpm9mvhlnvz4uht7ypqyruytjec22t,loop-ust,17634857,0,17634857
terra1w96z6km3j07n2vca0cpk0qdq8axua84n89pkju,loop-loopr,120748668,0,120748668
terra1rccr67f2ahjg84jwdaeluyeyxj05enwkm5hzza,anc-aust,268040821,0,268040821
terra16ray3lkp00anpvv78nspvdc6t2jhc9rtrjmj3a,bluna-luna,67086713,0,67086713
terra18sl4gpjusm4qff9n36u6w574ryq6vz8haacy64,bluna-luna,3985678,0,3985678
terra1q2p83k8cqkvtt7vvw5elxwa40sle8krs4qg0ds,loop-loopr,758121792,0,758121792
terra1uq3tnq2hf8xzvs22l3dd6c63zas8yj9kq2mgds,loop-ust,14901053,0,14901053
terra18la8vwepqmlqm9dl24c2qrhwwrvjv5yms4ckl7,loop-ust,959568,0,959568
terra1cygvjlqtm8ha55fauvedvjlva9vuxrw3uuj30c,loop-loopr,288548554714,0,288548554714
terra1yavc9vcq2fg8d3y8hm8u724gjl8v52l3g99a6w,loop-ust,2983322,0,2983322
terra15cpauw5zdfssvnm6rqm4sh6nplmae27xu8wht2,loop-loopr,350020406,0,350020406
terra1u87jtkzpfemhkly7geur8s3g83rgnx92d8khqz,bluna-luna,17675108,0,17675108
terra12mjm7rqj5lhv6aausjf5xcrlht6mkkqa5lnw2y,loop-ust,2108729,0,2108729
terra1t78pga724n3f7qjwzp9977rfx2mvehsx6rd75k,loopr-ust,558515879,0,558515879
terra1h4t7ypxmrw4rg7g3kjcm669ph7flp7mm6g3e47,loop-loopr,4073657116,0,4073657116
terra12aec5wgvkskfjthkp5u84nyfcs9tql2f5yegur,loop-ust,126116346,0,126116346
terra1hjwk3ps8vex7vg40jnnkm65672ym8mu9lsyqr4,loop-ust,276431037,0,276431037
terra13xykutyn0404muxsldsean7q5agg6e4vuat878,loopr-ust,50979016,0,50979016
terra1yrj3gkkjjh4m3pz6pd4gwwjvhnzzdpkwpqk4y0,loop-loopr,11073545,0,11073545
terra1tujlwpyx30v4catqq75s7hsfrxxfg3vdjvhdvn,loop-ust,24702964,0,24702964
terra1t5xggty935du9lmkj48r6kt88g0um6tdgrn0hd,loop-ust,9401185,0,9401185
terra1vc23erxaj3v7m7ktm8j8nfk4lfvqkqmkgtke79,loop-anc,6200441,0,6200441
terra1hp5eqjqka9xhcl70uw74yfau3vylduxel54gcr,loop-ust,15426653,0,15426653
terra1naxwnwyhcnrztla2ea33nxhs33xledtzzt2sqy,loop-ust,1801303,0,1801303
terra130znx0awxt5mmjvd59qh580a8df6drktc8xypt,aust-ust,1492826746,0,1492826746
terra10k8p4c9pynxw8zck0fncfepueyyrn5fahf4aks,loop-loopr,2440157145,0,2440157145
terra1hlkw4rvs48pua0j70j8p682zjrfj3czd5y3h5t,loop-ust,17648826,0,17648826
terra1krtyu60vg7eyejwxnnmc6atrw6c6wphm0qvvn8,loop-ust,1037593,0,1037593
terra1d9873p9x08zvh4m2q4vtmcmq7stqjnscd3dsfh,loop-loopr,874647730,0,874647730
terra1m6ewjgxy2zh2xfu0cl85r9tvc7kmdcz3ewlpn6,loop-loopr,18123581,0,18123581
terra1v2g3xc09j7ptlw3e3932w2t7pg203kcu6sfdey,loop-ust,4562472,0,4562472
terra1pd3rws0qrddw09p8gh9n9avrng0zetray96uxr,loop-ust,977831,0,977831
terra1dm5h38elkmlvw776h8wu53kpc3rrcpegg8ky8k,aust-ust,893469188,0,893469188
terra1at6f23sxgmuuvk8nzahdattfmjemygpytwvvyk,anc-ust,70290570,0,70290570
terra1n5k2ce4cf6xyt9vpqr30eshu47fz0yqaexcaz5,loop-halo,1853469250,0,1853469250
terra17nelsls0j5jawzvkmduvlq4c6t0ldmvnd5sskq,loop-ust,3673623,0,3673623
terra1yytyxgrwj46ttqll93d822aynkt9zjdrx5cwjs,loop-ust,6600839,0,6600839
terra1rdgfs8nsunzguzmyadzrp8qrtnjdcqnyrp8h8k,loopr-ust,152821572,0,152821572
terra1tvnw4zr406r4la4697cg9atcdv5xtuuez6zy8m,loop-ust,5229560,0,5229560
terra17mg3kpvvqsy3j0e0rfpcck058n20kxv9a38wrz,loop-ust,19253870,0,19253870
terra1vkmr20284j4xghvnctunalphmmct5ywlqwepml,loop-halo,23762862,0,23762862
terra1gcfa2ryv2m524jytrzalzm2uchdutfs079yerc,loop-ust,1780247,0,1780247
terra1xja6uuhxa9wam64p2utjjfaeygc5rd98grxqy9,loop-ust,20629444,0,20629444
terra1f28zxwy0zfxzxlex8xawcwydwymcrjfswcfwat,loop-ust,3652868,0,3652868
terra1u58xv7dyxc3dwkjszrvn0phm5cl2yr23n64j23,aust-ust,2145717035,0,2145717035
terra17hej9p223m6dkdgwwh0he9l9u52cmgql7t5dq8,loop-ust,90101,0,90101
terra1adfd0ugjv4fs754pe5e2jg8sc0q5jtg4hl7hju,loop-ust,33834554,0,33834554
terra14hejz8fmhfs4ea4syjq7ztq7m452zfldwyhhed,loop-ust,2426176,0,2426176
terra1pwe2k8gzt5w2ghgjpfxprnms77j5dg94ccmu3u,loop-ust,5444376,0,5444376
terra1yj6y8xsu55nuvf45wztkmndclwh8ehqmreejn6,kuji-aust,329168691,0,329168691
terra1e58znpmf2pfu8zx4lrq7p53dj7vqsk8vqxtvfp,loop-ust,2796793,0,2796793
terra1d2p98p4qp8q6gmkl7297nyws66z8rehqqcuj2y,loop-ust,1934708,0,1934708
terra1sx4k35rq94rp8fysma52drzvg55rkm0443t7vy,luna-aust,2481865,0,2481865
terra12y0a7vefm7zg9dtc2mtwu6f8da6mxrszh0fz36,loop-ust,1795602,0,1795602
terra15vkt8ht5h05cnzx6f0wa0nu289jsrp80rpjgxt,loop-loopr,116439758,0,116439758
terra1vut79c0s5scy7npexz3cjtd87u2exfp6u23rnn,loop-ust,25409364,0,25409364
terra1u3glzryc0xga8djrw844r9hrpexl8s8qmd9235,loop-ust,5117051,0,5117051
terra1s8dp09vn9fhwmhxwtfntdz0mpf86jrc5ta5qvq,loop-ust,143222532,0,143222532
terra13ax77fyp2tzk9f8j7300m0wq2jnqcj7g6hg2ty,anc-ust,468376761,0,468376761
terra1t6zxwg4j34jfnk3w3cswgdmadyu9ej53qxw3pf,anc-aust,5991647,0,5991647
terra1365w2waag6us2650zqld32r56dwjenk9jl5y3s,loop-luna,27676859,0,27676859
terra1376t0w4qe9s7ckrgua8tx6npgrsnn2cpw75ql7,loop-ust,445727,0,445727
terra177azk4wdqgevpcsd78qzee4qzdwgtrjltt8jjg,loop-loopr,316776313,0,316776313
terra1cex8ad77czq5heztuphdf3ucuqkta2v2tllzup,loop-luna,179220426,0,179220426
terra16e0fndunqtgjycu6cx6vq3lhudc4t58se446qq,loop-ust,24801658,0,24801658
terra1j0k9t9szrsukj74jzgzpf9tx3nnk40vkuazwxf,loop-ust,1101359,0,1101359
terra1gqett665z2y6jus4dpq4d7erlr237y65ykxe49,bluna-luna,6574481,0,6574481
terra1wudfk037zatzeq5y2uk65cdxfrlnd063h9wtn0,luna-ust,4171589,0,4171589
terra1adlzjujzsk3mqw0lrnhzr5f3keeh6yqkdu9074,loop-ust,21748030,0,21748030
terra1wqcd25trd6ya6h6c82ahrtq9wu0p3vmg0ka7z8,loop-ust,603336846,0,603336846
terra1muyknmnujcljs86uc3qpcqvv9vh8pvk2pe8jnu,loop-ust,731333528,0,731333528
terra1c0ck6tc3st6x9fq7dvrt9ft6esz28wgzpk50hd,aust-ust,136370876,0,136370876
terra1ewcc39zh39d8pzdaka20a25fj3xees7mx498jw,loop-ust,11899959,0,11899959
terra1ujy04r607c3js3er03apc43lcg3cyqy450zs08,loop-aust,3003304426,0,3003304426
terra1404hgfq7077gwwfvhh7l4e2s66jdzfqy8pj62n,loop-ust,8587632,0,8587632
terra1hgvv2dsx3j5xfdtl43z05xjpxq6eg0l7xmfwl9,loop-ust,13287098,0,13287098
terra10n2qf63ru375m40nhxrkfhlnsn8cfj3uytfqtd,loop-ust,3438783,0,3438783
terra1swcwwfpa5rdpdfksvtarqppcdaumdekanc4j86,aust-ust,137973239,0,137973239
terra17yqjzvpyen62a7zann65f06ywgqmrgql83n832,loop-ust,12573498,0,12573498
terra105sxgkqgqnk7m36309rufnf8vsz56keey8ka25,loop-ust,1836705,0,1836705
terra1zcsj3slrulv9lpjnf0wvrej0e8dx8cydljf5mx,anc-ust,6631634,0,6631634
terra13q2nr6js22nyxs5sgfenz0dvhstrcalfujevhj,loop-ust,5740750,0,5740750
terra1jmmjm0tu2vjnhk3xwvdrpn52nph6wud63tyw6a,aust-ust,61468609,0,61468609
terra1mn2zrkd7z2myewy8dacrghynwddge879zsk76n,luna-aust,1318265986,0,1318265986
terra13huzakcmy6pezpr3gwhytuz872xy0w42m4nmqz,loopr-ust,61881659,0,61881659
terra17m4p2avfmasem7c38lszc4ucv44zwkg9vt9r48,loop-ust,607089320,0,607089320
terra187z5m5rg0v40ang2q6xapw0ust005skjgyh24k,loop-ust,3229023105,0,3229023105
terra1gdkdf6xt573masfeqgtwhkn2kj4he0uax7t9z5,loop-ust,13285787,0,13285787
terra15pa6g2gg28elmzxgg2mvgd6qwlymg0a30z9mee,loop-ust,2064286207,0,2064286207
terra1nw2l46cv0wara25d730tcrlr2kg5feju492g9t,loop-ust,2055717,0,2055717
terra1g2qj6f6frxnmflqnlum4jeu70e0uhrczk45vc9,loop-loopr,261231892,0,261231892
terra1d647cehxxfeurhqdqgy46533n2hdw8fjgyap22,loop-ust,87802126,0,87802126
terra1uf5j0tm3zr9vzury7deunackenjqydhu37d45t,loop-ust,97521787,0,97521787
terra1l28zh06rqru5rudmqp0ma5gyavglw7psdl3t3j,loopr-ust,73559823,0,73559823
terra1yuelmwwqd580nva6uzrjthr6syq4rplqz9xmdz,loop-ust,28495507,0,28495507
terra17jvtad85uqz6h9uak9s3py2tz6gdeu6a22mdnk,loopr-ust,484044918,0,484044918
terra1g99jqp279qtxakg0mkcd5xdpvdyxjtjp9vy22n,loop-ust,1286707739,0,1286707739
terra1uztpamvfntpwgwkkyhq8j23a5smdjelgxcuqt4,loop-ust,7008563,0,7008563
terra1vlgdag75yenml9m7r4z9l9nqnvpnx3j3dk7cad,aust-ust,539811394,0,539811394
terra16u6k5m4nf06fuvqhme2yg4d7wmwq2fu6q7xh55,loop-lota,113675306,0,113675306
terra1fvzmj7hnejwmnh6sq34alkkn4xnuym4zwczrj9,loop-ust,4093379,0,4093379
terra1y0vetk3luuwxd38qzmlhkj4ckwfk9x8xpxvjwz,bluna-luna,8562687,0,8562687
terra1hh9l0qww6nvapt27hrmflj9wd72cpm4cuhhka3,loop-ust,1060197,0,1060197
terra1j6jpfadtztkr0g4dga5yj8v80jf3qhxzqt542t,loopr-ust,10599638,0,10599638
terra13lx4repdzlr8u8nl6ac9tv9l54tp0dq8kwp47a,loop-ust,22376939,0,22376939
terra1amqfxuh8mf0zvxmsl5z8xp9hklmrun2rpfc7s0,loop-ust,23207150,0,23207150
terra197suf2z6jmmz0s7l0q2w40myj5ky4uem4dxala,loop-kuji,249687071,0,249687071
terra1g7cf6xdl4skupj9xdegzyvx83vpjvn8jnanfr0,loop-ust,10647842,0,10647842
terra123r9rc9ws85gjgzf453ekdjclm3qn6y6uchr7r,loop-ust,56100666,0,56100666
terra13q4xh3jp8npp2a3hk8f5rpuj9jmw2fg43z03az,weweth-ust,202106,0,202106
terra1p9ge7cxy8fznzpy3jtzgngc7ttwgaz37ngyvj9,loop-ust,1721290,0,1721290
terra1cy6zsegjy84cjxn3xf7z9yrkljl8pqemc7ym27,loop-ust,2056193,0,2056193
terra1epx7ghmdwr80zv3wcx5jn879j6e7j9dpvzave6,bluna-luna,20714845,0,20714845
terra1s8vtq4yvs9k2xrd7q6sc8636wnfdnk28z9m2s8,loop-ust,863518,0,863518
terra1gdttj4xuzsazyu5dtnsu5jqd0e793vu2htuhfh,dph-ust,186425447,0,186425447
terra1zn0gxydv2ajqev254ulauy0llzu6qjd2uyv4hj,loopr-ust,11708079,0,11708079
terra1pwx6qqwpdda6j0uwpjrr5lxkm7nzdghcms9hsg,loopr-ust,790600723,0,790600723
terra14c34eh6cjda7jc9r5ls3tqs93j276zfppp57z2,loop-mir,420175763,0,420175763
terra1cx02aedu35s3mqpj58lwlzu80h5nl05j0hnx3e,aust-ust,445406652,0,445406652
terra1ne5ts4uqpwqmerjamf5dwarrcq3dcsnaanquls,loop-ust,30898064,0,30898064
terra1wu08fu0eg7dnjfjaj84hkq39ek8sk54cwjeshd,loop-ust,1264661,0,1264661
terra1cv7h8q5t43rscey4lm0z7f8ypjstu2nj4pjt9d,loop-lota,24544038,0,24544038
terra1axyzhcaakudkyffkqc8yhpug4thhr57x3nsaym,loop-ust,780199408,0,780199408
terra1zxjll626lrtxqlgsdapy6uw8fkzul9s54jkwrk,luna-ust,95454527,0,95454527
terra1fpmt3a743mqeeyj5w0fs3s47wg6rfyrwkvx759,aust-ust,3126910737,0,3126910737
terra1cx0jm9pqspzcrr5vykaj4vks2ymt5esk7t5ezv,aust-ust,524547474,0,524547474
terra1rqrgyy9sj228n2vzencj9rmw65sa49czxzmn7y,loopr-ust,268902342,0,268902342
terra1lt3h3erpxy2az8kfazclj9rpxkgtaun2t3h06h,loop-ust,8426200,0,8426200
terra1pga2hzts8hk7s2sfa7rs0mqxdp6tc2ds8k3332,loop-ust,978609,0,978609
terra155mgmr8y6h720s867yne53dww67ctal56pwdv8,loop-ust,5098358,0,5098358
terra10ff6t6ehfmwnv32zwjq6rhdd33m79zlsxq9jgc,loop-ust,11803726,0,11803726
terra1vvqm5yga97lnfqkuy2skqmj0r2gylv2zqzf8uu,loop-ust,1321467,0,1321467
terra150nq78xvfy2kh0gv9e2p6c0xsek9lg79u9sar6,loop-loopr,1758418696,0,1758418696
terra1djqthzmrtd39svgz9zhfggg5hkdc0d70n5mjq2,loop-ust,1031638,0,1031638
terra1h6ene7huftdkuncvuyuqtm069cz03h35x5y33z,loop-luna,641343944,0,641343944
terra1q45l0ty6sr6rmxd9kqct2dc3ltw2a6ww9r3cj6,loop-ust,10146567,0,10146567
terra16ymrr6qcksm8xxmssex295ymr60xq3w0nzaddh,loop-ust,2396938,0,2396938
terra1xcumyjz78v64mcyypsw2uz0jydqe50drc5dzge,loop-loopr,22403710817,0,22403710817
terra1ltd9p6ptc8ya83zaz69mncdtc7rc979qujwlcl,loop-ust,228153341,0,228153341
terra10gc46jqmxgzyhdfa7702359umdcye66m97txyz,loop-ust,6683958,0,6683958
terra1dhs877rjpl7k0s853qg6qu5mxzds6qnc9wy0fs,luna-aust,1216226243,0,1216226243
terra1qzwgp24yf4j25umg8kvsg7p34p9usn5mhsh0c8,loop-ust,886111,0,886111
terra1wl9l4mg3l8dfphzthns9eh8ysprra09wcd98nn,loop-ust,4284307,0,4284307
terra1hv3hzwpwe4khfn8cs2qy3xyg6q4tvvkgjrwwus,loop-ust,981503,0,981503
terra1gg2z8lnmhzxajcqhm8lx8k0sv3w8mlgg6f6k6g,loop-ust,21510131,0,21510131
terra1gcgevwfktrd0lxel6wqy3jm6epds55t0j36qlx,bluna-luna,13404196,0,13404196
terra1jrt6wdf2kuhh3zpytpas9hcust97kcwl9r4ewd,bluna-luna,434869,0,434869
terra1kl8clxavrashe0zfc0dtkjrl7hwq6267y43yzs,loopr-ust,109456179,0,109456179
terra1ax6t5fv5mnhjrr9q8juhn4nr3asd8fdwj4wrqm,loop-ust,9783819,0,9783819
terra17gvzfxeumre0rx06mwv4qtypzd3c7tac52n72h,anc-ust,227628779,0,227628779
terra1s5vwza37pjk5zwwphqhkn8094shkzaghvftu4h,loop-ust,1259773,0,1259773
terra138pntdhw73wtc2gq692wpwzaup3yxx3lmnwvec,loop-ust,32973932,0,32973932
terra1gqhra25mzg9tztd9kd9xvgpq7qz42l8u96spvu,loop-ust,239942129,0,239942129
terra1e2th0kz7zehjy34etxw7sgsmaewlp82upymtxy,loop-ust,143064,0,143064
terra1cpv9zxp230943e5ug05gk93cy90zh2rev04ud8,loop-ust,41233379529,0,41233379529
terra1c2jt5qagk3l5kva6ltd0kypvtgtzh95dzrduc3,loopr-ust,2519288783,0,2519288783
terra1gx8l8jv3uyjls80m55fv2amcw58crk9t0fuj7m,aust-ust,4467285498,0,4467285498
terra15ds20kxd6f9c46hqa2tmxhnrpqnvhwu0tmqyvy,loop-ust,5297833,0,5297833
terra10evvr2n5twfmscyskuz5gzu6yep9pqy0lkzk75,loop-loopr,5155370140,0,5155370140
terra175v29s7e05jlkh36mrt3zp34mhr53c2wwzm0m9,luna-aust,1792512904,0,1792512904
terra1w36ehk28366cy28pk0q5p7g7mf5rpq02nvdqq4,loop-aust,117560849,0,117560849
terra19y2a76mc74hv6dmg7m6nm76660wgaxdsulxcje,loop-ust,6235884544,0,6235884544
terra1qdu9s02j8f22d8e2p7q3c4u5jknvutquw2z56j,bluna-luna,77791685,0,77791685
terra1gr7mnvzrmvns2ham7fxhlw0sp9lq2xqnwuwrkx,loop-ust,808995,0,808995
terra16up2atlyy5lhfejhn68fecwgfyrsylrryevmum,loopr-ust,12399699,0,12399699
terra159c4yjku50494c9l0l8jyzvh9r6rles0u6mhee,loop-ust,65157365,0,65157365
terra1ullj2g9my9h04euxav9z879djz9csvm6ltr672,twd-ust,57693,0,57693
terra1r74mh36w5c3u66s008pykhvvu3pz06pz6ugn4k,loop-ust,82490249,0,82490249
terra10gd60hv9wtu9pl5x78psme804zazzmsckknwuq,loop-loopr,5750534834,0,5750534834
terra1m0t3h4hur24tfh4hllcttpv0w9lll44kmzzpgy,loop-loopr,8294338483,0,8294338483
terra17yvx5lnxmmthnu5um85rteyy45vvpyhcekm5p8,loop-mine,52963837,0,52963837
terra150f9s3lpr82ylxu99rs52h9pw0vy3fdtn7wrg3,loop-ust,87584460,0,87584460
terra1qn048qdv96eacw0ftzmdnen7xwkt4ejhk2r0ur,loop-ust,474281,0,474281
terra1wwu858ytl9the4ltu32a0k6pt0cxkrg2xx662k,loop-ust,17602385,0,17602385
terra1v65carsmk0m8nfvvf0r08kktfayh0f62q2uxwx,loop-loopr,12507805818,0,12507805818
terra1q3e27w9se2t8nqaqztx5p8rkqa0jqtx9gw2l49,loop-ust,2604437,0,2604437
terra1d9c2nk3j4mt7f9kdc0veam3nzyh2evsy7j2a28,loop-ust,3197670,0,3197670
terra1ek77zqs8hv3v9ptyh3k4yfwx25qqq07y3h2ptu,loop-ust,5459457,0,5459457
terra10j0q297eadv3jhaz0uamf4jpt8q7yva8eu050g,loop-ust,47580743,0,47580743
terra10y2cq2zy7q3vupncwlcdgekgdxfpehar7ap5ml,loop-luna,66056221,0,66056221
terra10mtf6ue4p96l4hfxtsjj5nccstcf3r9yt3cn33,luna-ust,24162141,0,24162141
terra1nlrdmn2zv5fgs57vj4c78kwczvqf36xrhrlvy2,loop-ust,2739897,0,2739897
terra1khdj0l6evvns793plzdzuswpzmkzxczdjvwvrn,loop-ust,8637715,0,8637715
terra1w0m3ar55jtecva67vgvk3h7d376fh25c0pk3rg,loop-loopr,69132650,0,69132650
terra1ga9asdr56806aqjlrseam0s5vqswh6grv6lucw,luna-aust,2827636,0,2827636
terra1fpt7z2ef0zfyn79xyf5v2dxaeee804ql7tpve8,loop-ust,81626,0,81626
terra1ga5svaha84eakqswqzptwxpu7ps9rtnt79ldmz,luna-ust,86601,0,86601
terra1m58m67umq3hlnjsz7vd602t237xjm5turkhwf4,aust-ust,1487099769,0,1487099769
terra1ft4gc4c4yx8e0mfgft9598ycc43uzptrctn66t,loop-ust,980170,0,980170
terra1vu46nwa2w7pvvzqk5jpe4ffszm0p605rwrttyx,loop-ust,4314196,0,4314196
terra18n885ppjd0rppp233z24m62lmv4rwcsp7cv05l,bluna-luna,7964027,0,7964027
terra1u8ad6swsyz5mvywqwdh0nh6lx6m53lkmm3ftpa,loop-ust,9967024,0,9967024
terra1zphdfqgkn8uwtm5euz08z9cza4zujc8d9dwydj,loop-ust,1904060,0,1904060
terra1uxamd4pzr334xt9ynkvv30vw9vaw8mh9gzfxzm,loop-loopr,18307429069,0,18307429069
terra1s5g8j8tgxncleczwmc5ypd29ru5rmwus4hlkc3,loop-ust,61170433,0,61170433
terra1m40jwt3drzcvxkqypzdfzz9fy0pcw9j05dg5ax,loop-mir,129558455,129558000,455
terra1vskw9rkgd64689yh73sna22pz9jeuagskwsur6,bluna-luna,65066159,65066000,159
terra1csfa9jlrvl6x28hwpyqk8wzlt684pstmtrfz2c,loop-ust,445739459,445739000,459
terra1j20x5gv6yfqzvxhp3ge3q8hlvj99da30u5gj0z,loop-ust,11885089,11885000,89
terra1ugdwv6ed5t97yzqx05clej8yynn75ustewnkat,bluna-luna,60120298,60120000,298
terra1ae4pxe3sltd6cgprrvkys7fxxsd9vfgdqdmjsz,loop-halo,367963328,367963000,328
terra127f5wutgwlf2xp3dz699tan7kdk5ptfqhm3zzc,loop-ust,17296687,17296000,687
terra1c08kyjvmw2mykdd5hv00e7fde54t7sdq94446n,loop-ust,90315551,90315000,551
terra1zzqm4xf6up7qhzjl6vmaf42cszjxt03y7wvuke,loop-ust,24819056,24819000,56
terra1vxe9zamlshaegzqjt8wscm6zkn6em022e44ev2,loop-ust,9310284,9310000,284
terra16h3kkd67kaj6tyulvfjp0r25h3r3uk2e9q94pl,loop-ust,177794267,177794000,267
terra13h3cdetfh2sqslnmnllj0pda8n3qlqzres7juz,loop-ust,13335482,13335000,482
terra1ve5zj6kat5kdndk4zmxah6lnckxkjgjc3udnp5,loopr-ust,928788203,928788000,203
terra1uqzwmahy48cul2mzx34623zadav2ruu29922ep,loopr-ust,14771252,14771000,252
terra15y2ceyed7u95svwg6nf4kjunl5fnukjnl476ph,loop-ust,16873171,16873000,171
terra1267j5802re7a3qe7l3yt97su83ysj0wcnmzqnh,loop-ust,6442894,6442000,894
terra15wfd2pns45vxg2dtd7y7catu5ne2qvvwhpgxkt,mine-ust,274892178,274892000,178
terra1zpfl7hn2ymtn283d0r24zgmkn3ueq9mn7mdv23,loop-anc,4967468931,4967468000,931
terra1jq9euslp2fp3udu2x490vsdsvzckal7jdkhgxd,anc-ust,267490984,267490000,984
terra1pu95j4tw4zlum6uqgle0atelxhvml34334yk9j,loop-loopr,204490069,204490000,69
terra145qg7hrh7jheksdpxhwmapdx6m725sztmd6fv8,loop-ust,268788630,268788000,630
terra18t7xhf66pa3n07mngssaeavcm72dwjuatpe433,anc-ust,577913314,577913000,314
terra1sva0d0ndj6mzj9p0lqvfh7p2epn9zzehgwr480,loop-mine,23791225,23791000,225
terra1aaprn9deunqh4gyj0wfwaexgpw3jq3fkll7nfd,loop-loopr,971176349,971176000,349
terra1dv4s2q9c7lnh4tgrkaruwxp75awz50yxa6aaw0,stt-ust,15199311,15199000,311
terra1wq66659lnd3xfhp04zc5ugew4jjdc7ucuatdyr,loop-ust,25003319,25003000,319
terra1vhf4pmkl5c0sz8x2jze8k4hacanqtm5nrl9hmy,mir-ust,546760159,546760000,159
terra1825cy4yx7eug3f6m99h8yqydylms3gyflc54zp,anc-ust,1783524524,1783524000,524
terra1afcxzwkf2d9leq7jqm4edp3zhm6hmxcr0uucj6,bluna-luna,881702,881000,702
terra1jx0mh2dzn7rgh4x0zesswy78l405ev9waff599,aust-ust,2115893042,2115893000,42
terra1dpllsdz6vmcw4cw3sg0day42v29n5wdrzem28x,wewbtc-luna,3483931,3483000,931
terra1pe9gxszyrmrqjfj5gngds672de93h6zf9pyf9t,twd-ust,6575328705,6575328000,705
terra13vxc5ywlqpk5k3lzrsv3fwv3wz3q2gtmvzkhp8,loop-loopr,2470308488,2470308000,488
terra1l0mm2mxn7axvym9wt5kz5jchssdhcalmkytz25,loop-ust,51580344,51580000,344
terra1u9stegarmgj9gnxwdy7dtwe5epp3anx4cd9u6m,loop-ust,13238306,13238000,306
terra1w65n0ht7ynh2u5h7vqtazvwyu89qjmv4gq7ffk,loop-ust,301020836,301020000,836
terra18xp433xty2xmn6a32zpghk5medhxmt7v2q74df,loop-ust,10573613,10573000,613
terra15a4mlth8rgypx6hhl49wg5qy4j455ht27u5x0u,loop-ust,13393936,13393000,936
terra1k3amqp87l9dnn9py858u543stq2qhkjylfvkxn,loop-loopr,412655178,412655000,178
terra10mqxtnvqh4lc3uhpwgv2kw4c7gtvmrstkxw0xx,loop-ust,567738304,567730000,8304
terra19dgukjeuneku5heze4ly0qze7s0hmekrgtrl6u,loop-ust,534678224,534678000,224
terra1hrfeehxkpcp54d8s50denfm93qcpvvypk4lgxn,mine-ust,2497820878,2497820000,878
terra1apjh78mjl2h6z0ynvwur2vh9gn365lzct06zqn,loop-ust,133412844,133412000,844
terra1y945wth8wmycp0ewl95cwdppcg648xgc5ls680,mine-ust,121738935,121738000,935
terra1v9rhtk42jcf9yeuynj6syssymkqtwy0thuv58h,loop-ust,922686590,922686000,590
terra17n97tlmyd5e53fqyu9ju2l2zvds7lx6em8s3j4,bluna-luna,16159496,16159000,496
terra1rxrletacekn3aekaasvn5twzt4kq59xx03qjxf,mine-ust,52303602524,52303602000,524
terra1xuzu48vp63hum2qlyqvkrs5eac9rmgkcplcrg5,loop-ust,22478825,22478000,825
terra1sat3wp06xjqh8rpdcjaasvnz55hkdgrcwp0kqj,loop-ust,8335261,8335000,261
terra17k47nsdsxs0yzn3rm6k0gu0vv92289msa92naf,loop-ust,1886730,1886000,730
terra1ql3kum60xvkwjmauw4u8f5l2cfd7evzpgzz5et,loop-ust,4915757224,4915757000,224
terra10nwefn6ggsds6gseygfnhfn3mpw9mt3cefh2ch,anc-ust,46590958,46590000,958
terra1vrmfcc60ez4xc8wsw5jds5wwnn655wf7sxysl4,aust-ust,17091060023,17091060000,23
terra1fzh5eyxm92vad8p8749350wgz2eyuvdzdj9975,aust-ust,229560313,229560000,313
terra1jy62vw4ldzv8hhztlemk7q25z85ehxsvcutkuu,anc-ust,1087484719,1087484000,719
terra1cc4ydms6yttlkjzj8tmyka3g6ngdfktxvxmy7y,loop-ust,4135378,4135000,378
terra1su9eezuavy8g9meurwns94236en6aug8mqymwe,loop-anc,70343945,70343000,945
terra1xavusjxgufmt0f9lspd33z0r44dmwlafrrrcz7,loopr-ust,44050124,44050000,124
terra17mjea5jfu6rxpzcj6zga5af8ppe4majgnv690g,loop-ust,12416312,12416000,312
terra1wftqy77wk60ewe97r8l8gzn7hnl26x9hkrnsal,luna-ust,2034542,2034000,542
terra1gwz20wfy4an7qvtd5r57p0knqsed2pyp8ntxj3,loop-ust,2177421087,2177421000,87
terra192xzxk0775qxu9w4y8tqladgx3grxjnep9kae4,loop-ust,195263255,195263000,255
terra1q6yg270jeavwd786gyphw66s7rqc4epkvcnzyx,loop-ust,153087760,153087000,760
terra1c5vuh7jpxthpacptp5y4hmhjpt96lrm67c7rae,mine-ust,79464027,79464000,27
terra1q9tl0an3rd4c3sfmycafq5d3l2r68693w3h04v,loop-loopr,2086409286,2086409000,286
terra10ummdvtmwt7clhvnp7lmag0zxdssrx6pht0dpg,mir-ust,32636370872,32636370000,872
terra1mmw7lqulaxqeqt9456v8fkhcptlrgluf6ascl4,twd-ust,4440895982,4440895000,982
terra1nmhh78s88ffk065umtpxm5dpgwf7nnafj5yd0d,loop-ust,92132389,92132000,389
terra1ytl720fxgq4r85ljjp4kz7hq7gn2a66u7m4c45,mir-ust,7460942005,5051598000,2409344005
terra12fdtyrwwxvcm69tygtg0sfamdkd9v28qsyhga2,loop-ust,165240163,165240000,163
terra1309ztltljskhg24gpccc2jknxrumqll7dzhd38,loop-ust,81029262,81029000,262
terra1uhahgxhee3y63apafn6xaxl7ausvn68y94cu4u,loop-ust,35845573,35845000,573
terra1zmd9aznfjlxgxetshky3jffa7yj9j4kqm0634h,loop-mir,970845861,970845000,861
terra13alvjhlpxp9fq54sj0g34j6mqf75zp7g97yw8d,stt-ust,71282468,71282000,468
terra1nsynjnjk8u047cwhwvc5f7nvafxnue63sf6gva,loop-ust,250326556,250326000,556
terra1vw6l4phpej8gjl0au469vrgrr4ky5rrax82pd3,loop-lota,116231957,116231000,957
terra1pv9cl6m8ddhqnxl9r0m5nltxmfw2lrm9hqwrdm,dph-ust,745570742,745570000,742
terra1q6xc4s5yhj7eagsc9jgs94w32zd5g4uhhk435r,loop-ust,16983558,16983000,558
terra12fx2exq9sw0qazzlt4n9gpvmg6u7smmhcjgu9q,luna-ust,6666221007,6666221000,7
terra1qwqzclhlv8s32twdxsj24uav3wttdhazev67u9,aust-ust,2676012360,2676012000,360
terra1c3c2kfgw2agsjhhlpkmajmerrxa2z0wfj6qnq3,loop-loopr,1076192497,1076192000,497
terra12u225w04x0j9hrhf899nf2wddwjm8fpmcduhs7,loop-ust,19438591,19438000,591
terra1ar9q2cqn2ee9mjhp376548m33td2y6fv0r5mqj,loop-ust,1230283645,1230283000,645
terra137p6kycrrcku56wduk8rv34c7vj826gjvqlqxm,loop-ust,139793236,139793000,236
terra10xkx8u688q9lh5z0cmau7mundv2kuuc0wyhwh3,loop-anc,44458746,44458000,746
terra15m47y77f3ynxt3uzljnf670s9ukdxtsrsu46jg,loop-ust,2823949,2823000,949
terra1eagrctkw0f0kutee6mfwg7pwft8t5afy9kd8x7,luna-ust,490851083,490851000,83
terra1ws22hqky3ylq8664ksu2ewqp5k2pvuk8u3rwlf,loop-ust,15188721,15188000,721
terra16shgz48eqhpv4gwx6tnf7hmsu38rmcfskp0hmv,mine-ust,29016552,29016000,552
terra1wu5upupf8wr7lu5grdjh7nkfne3mjxrgft3az3,loop-ust,4767876,4767000,876
terra1kjw6zt6udveger9nyhgv534n3llezqfjvdmm4w,loop-ust,71510766,71510000,766
terra1p6heecy3r53e026krd3kr8txg9xhhh6jgrj99z,loop-ust,17376985,17376000,985
terra1fpgcwsf59mafs0vktkdn0c3d405zqeqp8wh0dy,loop-ust,2716323,2716000,323
terra1g266fp0ss6u94y8w03vxcfhdxrdw99q9yj86vq,loop-loopr,1632843973,1632843000,973
terra1vqecqjtgy5yg0v7j7vh7e9307u7e4kxjpamrdx,anc-ust,151660766,151660000,766
terra16s3up5gs44emnj20va02dc8cmutf5hdk8udevd,loop-ust,51360860,51360000,860
terra1q9mwsjtemgtljrv8pp6xflr2yy5txcpexpkga0,loop-ust,63613094,63613000,94
terra1klxazgs7kmvsu8l0qzqzh9fhpfcqh9u34fmaqx,kuji-ust,1189076035,1189076000,35
terra1thrwcstwp9m0nurxwknzrqtvpy3phv7jnnvm70,loop-ust,1921691763,1271000000,650691763
terra188p0vym34ll0ln2hya7sf8vfjn9gk3z876c52y,loop-ust,3366912,3366000,912
terra1uq2ke2qlahv78hggpfjcfysv85eq4a6qxh7lf9,loop-anc,4274272,4274000,272
terra1fsyg5tt37nvs2lpkxct6cffx3etvxjzq0yfe5g,mine-ust,1193697090,1193697000,90
terra1kprdqty6jgmu65rhnqr7enytkeere5kqf6lhga,spec-ust,7429331,7429000,331
terra1s4s7ncv5m74xkcqf32ptxr5tvy5gr68jvwxewk,twd-ust,7637681619,7637681000,619
terra18mvljrawqw90tvq7h37a4a50wnkr3h3yghlex8,loop-ust,301383818,301383000,818
terra1hf9mk664smhm09mxwvv2dm2f59un5c7umnwk4r,loop-ust,10292275,10292000,275
terra1upedtquug2xlgpl8fe85tj6rryhm2u4eflwg6c,loop-ust,4758866,4758000,866
terra1g9q0u6refcqcgl0tjpyllhpd90ycedzqq5ept6,loop-ust,21521989,21521000,989
terra1eauh0nqz58cgyv9e9h7796we3e4a24q3zkcp23,bluna-luna,99911449,99911000,449
terra1lzklyycevlr2glvrtf229m2ym7fjynyf3yma9n,loop-loopr,11092953444,11092953000,444
terra1w70xm7kr4cmrk0awya2knu298hvvd8sjtf49s0,loop-ust,8861106,8861000,106
terra15dn9n3ktw3766ks8zkuaxmk972kr333kznzc57,loop-ust,40965156,40965000,156
terra1zpfl7hn2ymtn283d0r24zgmkn3ueq9mn7mdv23,loop-halo,22009204336,22009204000,336
terra1p45erstanh7zkccrch20amcgjqspk8l9hyv98r,loop-loopr,253558039,87388000,166170039
terra1kut2vh6t2afxwxkw0458rrzjfjsw0z2dwzg9qu,loop-mir,22158582,22158000,582
terra14vm4ldzua9lp45wscf5a0ztnl4frpg8j6d3g34,mir-ust,698394555,645891000,52503555
terra13mjnvlz7adghypaf80zzw58c2mkp5mcf6epvuy,bluna-luna,2342727,2342000,727
terra1yp5y6a38tpfgqdrr3u9mx9jktrpz3mmsvylge9,aust-ust,9297365283,9297365000,283
terra12dw3dn34aqyum8wkr255dt79tgp2nd2wh3gv9t,loop-loopr,26465772527,26465772000,527
terra1c6zxrm3e4exjem4wvzmvv9fnyljny797je8ujs,loop-ust,85573116,85573000,116
terra16d8gh82kuchcncpfjjv9lwtncmeecl24lcevn2,aust-ust,2681010144,2681010000,144
terra1nc8gd829errqza235setae2zcjrp29j7dmak8y,loop-ust,19447437,19447000,437
terra1600d8v76rjyvfz325mvgry4h9ql3rc8cu8xzcx,loop-ust,26773022,26773000,22
terra1ux56a8ss29q8uaj4whcwqzg0774etw3xreghqk,loop-ust,8612702,4719000,3893702
terra1rtjmksjkt6qj6ju6lggjf65cfdcrhw48l0ty35,loop-ust,29722110,29722000,110
terra1a39tmflg9g2qnyaymjucgnwuscynxel38y6lwh,loop-ust,7550587,7550000,587
terra16r0g6gxeqc7nndctxl2tr0xcu0xz3szgwgptze,alte-ust,250999845,250999000,845
terra1e3es6z6kkyxqmmakxsur8d9w55ej73547nlec7,loopr-ust,6542129108,1635532000,4906597108
terra13y0y6fwnz9x6y2rpaxe299vhlt9908hg75efgz,spec-ust,2880067,2880000,67
terra13znmn4p7tmgxrp4j4dwrdr28hdej2t6scwhq2c,aust-ust,205339541,205339000,541
terra13s7t0alp92wxyrf2h5wx97xphahp42846l6dh3,dph-ust,1396418819,1396418000,819
terra1una03wcx8v4eannc2gphpfc3aps723jv6tlqxk,twd-ust,320471725,320471000,725
terra13q7f03l8s73ypd6q8e3wpyswzx4qr9ajsvvtkn,luna-ust,26123504,26123000,504
terra1a7lcv5s2j45294tylzldcmd0r0gew0a6pmlezy,mir-ust,1916925703,1916925000,703
terra197suf2z6jmmz0s7l0q2w40myj5ky4uem4dxala,loop-ust,15246825,15246000,825
terra1cat5sn8qg2hrju4sw6enf5wgh47uk6mgwtlfuu,loop-ust,255140362,255140000,362
terra1srlplp95ls38t6z5qmfka283tsla3npvkmxtwr,loop-ust,256452734,256452000,734
terra1kgcahcfzetr8nv6e3umx3sp8n8h62u9fun94vc,loop-ust,226827176,226827000,176
terra1a6g69kvgrkt45a5he59v73p9v4uh05ex7vqlyy,loop-loopr,4364742666,266938000,4097804666
terra1vgnja9zjyn43499dk8mrw3kf00q47ysrkkygmn,mir-ust,2517378249,2517378000,249
terra12fnsj4zsf8t072vwcx5e3q2qra6vpmx6wtg3ns,weweth-luna,1811651,1811000,651
terra1zdulvdgsp6jhexhr8va2f3tewxvwdrl764uvnt,loopr-ust,43340728,43340000,728
terra1ern7r8uxe5c0k3xzfdyqr4twtemcu9raz6v7u7,loopr-ust,28239140,28239000,140
terra1rgl8gnnlfztwum82sx2dwu4wsgquh30aflvprx,loop-ust,639383036,639383000,36
terra1wshlc9qaqhtmm6e8wt4e7cpcndry32utgua4n5,loop-ust,128421648,128421000,648
terra13szg0lsygrdcmx7fqk39feka4juzyapx798ex2,loopr-ust,12711956,12711000,956
terra1z93a9tkstkmlshyhtuxkcd20j0m9a7ankps276,loop-ust,17895035,17895000,35
terra1luk4mnkrztvrl87zhsjaga5paukc33gfckz4z8,loop-ust,103688059,103688000,59
terra1237a8r7qs8ewqwwyycn59tdq9zz2r0s3rlr5r7,stt-ust,322131256,322131000,256
terra18dc0shnv6nqnvw2zsl2xcjym56zzat60lxv0um,mine-ust,23449436806,23449436000,806
terra1sva0d0ndj6mzj9p0lqvfh7p2epn9zzehgwr480,mir-ust,8713080,8713000,80
terra1ras0wl3t0symvhsp9ty3u9r750exrrqklrahp2,loop-ust,15609751,15609000,751
terra1kmeemk9rmw3q2p2x8szaw4d4kwmue9vgkwuqkg,loop-ust,22765595,22765000,595
terra13cn0yvd4huyhd4u5xp2qp9uqdk5l8wmm90tu7l,loopr-ust,7399721,7399000,721
terra14kk080jjp4awv9v47jyd9f0vfw9yfzwy89zcqq,anc-aust,74372909,74372000,909
terra104ql4k3d7ssjcr5f4z8r30atfvw2mlhmjkrsp6,loop-ust,431320142,431320000,142
terra1xes7sjlcnu5k948vpp55jf0pxrnc8rukwwz2tg,loop-ust,258658616,37548000,221110616
terra1usjv053tu8tnza3n5w84xlzx9aza5ccr27ed8t,loop-loopr,2299661158,2299661000,158
terra1h9lugxqhl6d7kj626hjtgmwu8dyqpmf0ptqsq7,spec-ust,17723432,17723000,432
terra16cjangjanlj37hn0qy27ltz9gxekecll0t9el9,loop-ust,348570764,348570000,764
terra15kdsyt4mpcc9kmnzhyu2ee8p0actugmwtjjhtv,stt-ust,25808084,25808000,84
terra14wnqwna579umju8zpr58d2kk5dpma284yy3ayz,loopr-ust,1096882528,1096882000,528
terra1udfycjpg580kwj8kn42zdm0k0f72dq66q59fp2,mine-ust,5058715154,5058715000,154
terra1zjdr004eeyq4fuaa4zfzzen0jf2yzmuguft6q5,loop-ust,11553767,11553000,767
terra1nfjj4wk5kf9lujvx0faz3dedan8fk7yzy06ttq,loop-ust,91291396,91291000,396
terra14wj0rusdtn33005z68j29n2qg7wnquudjsvaut,loop-ust,106991934,106991000,934
terra1wdxdg7c8l27ez5y4mlttf8l3dngzkjl8r0n9fl,loop-ust,24762719,24762000,719
terra1gd95f5dryatcna62e2zxqw0a33jdtvh4nm0vh6,loop-ust,4723431,4723000,431
terra1g57gmk3ftg2qfrajkccu8k9unz6vwhq78xreyz,loop-ust,8923261,8923000,261
terra1eg079clt4t03h873qzj7f6ftxxv33jzhje98xu,spec-ust,7740495,7740000,495
terra1gynn4s3k8cwny33xl4uhlqwsjpkrff2vrlft0l,mine-ust,3356927201,3356927000,201
terra1z84u7v4kvvkqx5et4t5ydn9ncjufezqgkekxqg,loop-anc,12042839942,5739638000,6303201942
terra1unhs5258lv98ktev8sd82hkdghf5kecn8rtsm7,loop-ust,135807148,135807000,148
terra15jgnxpr5rrf6tx0ffsz07m30pzv6nnf0ghfjl3,loop-halo,4190732924,1992116000,2198616924
terra14f7ta3efpshqtdlynt3ftph2hk20dfd3dtltn2,loop-ust,8773299,8773000,299
terra1dx3tagatamvvum5kt3d0xlg7lnzxyz4lvx5u74,loop-ust,24419242,24419000,242
terra103aq4qp99y4vea6e73ll23ykuten4ksgz34k5n,loop-ust,44122277,44122000,277
terra1xdzxx93y4uklmsg5jl274u0jd50d8x6stjssg6,loop-ust,329058575,329058000,575
terra169hv0c0gerl64652wu0t9cq4rzv9mwu9352xnm,loop-ust,377867089,377867000,89
terra1gxr5msgalwdklmd46c6ncd8p7rxc9rhlej3tjg,loop-anc,25662116,25662000,116
terra1c8kmddc4wyemvzh7p08wsgwapx9ysqcckdulfv,loop-ust,1939178,0,1939178
terra1rccr67f2ahjg84jwdaeluyeyxj05enwkm5hzza,loopr-ust,531166019,0,531166019
terra1r8dt86095pwre8jh0dgvgk5mk3037h5uv54adl,loop-ust,45650694,0,45650694
terra1j4wlucsw9y4kq2y92vukdv44syatl2glqrkctk,loop-loopr,1160655710,0,1160655710
terra1lpztpedqsugajhj926k0wxx5r6fyt42gt29w3c,loop-ust,185937,0,185937
terra197pl0xrzxy6raeevgt237233g72up8h0gyu5qk,loop-ust,235443,0,235443
terra1swu30hlk66jaz9a2clxhrvws43tu92326awn75,loop-ust,4382528,0,4382528
terra1v4ywee28spdnldcnqldtrcnhgwuq04s7km5qms,mine-ust,461386200,0,461386200
terra1twvdpvltfc9uj9pugwsevnm45f43pjh43c6d96,loop-ust,9265019,0,9265019
terra16ashwp5sppyukqareksgvlyzuyhf952cq2799w,luna-ust,3263624,0,3263624
terra1mrwcese82njh54n93vh72pgm767lp02pgjqeu8,loopr-ust,14672817,0,14672817
terra1yhad3ga5yh0fj9n5s5mw2kv7la08jwrrjnlx87,loopr-ust,419654895,0,419654895
terra1m0vzqpxk6cjvszc3au3z40k0q8zjmd3mwps8s7,loopr-ust,878199990,0,878199990
terra1alyp9gq7xu4synxdyh4ukjk66zfhhlxc0nj9ph,loop-ust,57169722,0,57169722
terra13ldgmxsq2k8drvcjq23jn4ysngs3hhq436glk3,bluna-luna,2488015,0,2488015
terra14m0czjgyuhx7gfs53nqprj8y9efza4ccf25xks,bluna-luna,13134080,0,13134080
terra1x9j00d9rpam3k3x5xfjudn0j55k4zgft5ju0jg,loop-ust,141412568,0,141412568
terra1lcteskukfsd35w5mdavqjpj0w0en24s63fqdug,anc-ust,1729768523,0,1729768523
terra1u9mwe8wcv6lwv7pgfh3umvhz6g9uasupgwgh5e,loop-ust,4164176,0,4164176
terra13jsxsaru5vq4hyxkh56fu0ey83rk23wwdlla6a,loop-ust,39633031,0,39633031
terra170amst4knekpftr9w3mxdjuu73hf9382f608pj,loop-ust,1589278,0,1589278
terra16tmmlr9hutww78amn5ny0396axyf77lhudv439,loop-ust,15972346,0,15972346
terra1nf06j7k73u6ynwdv0k6n7xk35dg2u6kpqq02t2,loop-ust,1200692,0,1200692
terra1m09a6h6rc4ez4sfwnj3svzmv97gw8rdl7ep80v,anc-ust,13264561,0,13264561
terra1r5m93hp8ur23ztvtpwnqqhvydj5l9xl99l0zjl,loop-ust,4597964,0,4597964
terra13f6aeqhmtrmeflnkwaqyq3hgvp3yp0p5uf6u9y,loop-kuji,1007571231,0,1007571231
terra1z7g9c9qpxyk098s05t5gkc0ffajzr3azltff8r,loop-anc,1824543056,0,1824543056
terra18mhcu75yfxdpmvnuseypqzalws4sk04dxj0len,luna-ust,420897761,0,420897761
terra13m3h7m6vjxlpmhmwun0lahltfay6f38r96gqv6,loop-luna,31950323,0,31950323
terra1c52l2cxxcltsu8z4qqjc33lyt78efc85zhcfhk,loop-luna,9114153,0,9114153
terra1jecumv54vxkdt90aw2k29tpyall3rz3qat3czx,loop-ust,2912572,0,2912572
terra1e4nrkhde6mzfag68ywwvwd7g4d4zxkv0n92gdr,loopr-ust,18807055,0,18807055
terra1mlu9qn4a2vraln4futedqnnmnyzef9gjzzkhv5,loop-loopr,1571168036,0,1571168036
terra1920gus72csnkfnwp68rfema0x300uaznaczgwg,loop-loopr,85416926,0,85416926
terra1xwyr5mw889vpexpjyak0dwpwxkuf20pcengl54,loopr-ust,23283538,0,23283538
terra1utss0uv9sfdn56ak80pg5llt2t4ejpsv9n5yqx,loopr-ust,15111721,0,15111721
terra1zjkydl64h9fh3geuwz9hnqxcj847hy0s88xyqe,loop-loopr,835620578,0,835620578
terra180e98sgpnwq62v2wv8klqz2t5n5w0sr3q863t5,loop-ust,1882961,0,1882961
terra17atv34nxhqezwkx2d0u2mgvd2ugts2th3a2ugx,loop-loopr,4949979928,0,4949979928
terra12dlffuu9fqxxy3w2x5saydzyq8ej73rkztmmwe,loop-ust,1072,0,1072
terra14mjph9dwsffmcx3z845hwk8xqwqmf6es35my4k,loop-loopr,16461255587,0,16461255587
terra1sxmac0jw9sdl6kr3paswftyph8v6hec55gp9qn,loop-ust,319718986,0,319718986
terra1fhhjswlqltr8tz2suafgth6t3kwrfn8vmcm6gt,loopr-ust,39439609,0,39439609
terra12r6hsn9fa5x9zzx3quw5zvlqt3kqenj9907lkz,loop-ust,257142802,0,257142802
terra16zkg06ggycs7gl8gt3j50k4rfg3277ucyz6788,loop-ust,1761081,0,1761081
terra1qqrqtl8uvn7mfre0vxdxvczjv663zmc9q9g363,loop-mine,60429761,0,60429761
terra1x9tssnvakstuqyj9vzc24dmkj0flu3twj3fdvt,loop-ust,1462782,0,1462782
terra14dpaujqr9me05wls60p9hyd4d6xhywkzdty8rr,bluna-luna,100281812,0,100281812
terra1xch2aj6spu7x4su6sjufvz6newu8fvs9q5kfva,loop-ust,3263435,0,3263435
terra1ltgqv0g8hs7x2yayzgfvdlqgw6236m3k3gsq44,luna-ust,31564404,0,31564404
terra1sz6aeah99u4awlwyyrxnq0etp6r3lzeyj7u2ey,luna-ust,83933709,0,83933709
terra1zn5qp6mava8lsqxm07ysy0d03tlp25032g404p,aust-ust,4926291,0,4926291
terra19styvxhdrut3fpct9gdwax4e2vgzmcqa00sjfh,loopr-ust,14619894,0,14619894
terra1m62ce3p2yrjle3vlve4nxgn8e6gp9xqffjqd8h,bluna-luna,997307,0,997307
terra1e3jghr3nuqcc5n5nn9gr4wp8mvegej7j4tg06e,luna-aust,9839372,0,9839372
terra1hc5yvre2kfdxjk2tegj2ya4t02qsxppw64rfxc,loop-loopr,79697619,0,79697619
terra17sx74ryxlhm97ck5cq37gy2gj570a46sjnyj4r,bluna-luna,2593879,0,2593879
terra1ns8ga5ny5l3ltrm8mewck7j0ns08h6lck2eczu,aust-ust,2690683794,0,2690683794
terra14eyca4vwscdc6n4yfa966lr0z98mwvf5v4pud5,loop-ust,219043100,0,219043100
terra1wa6ndfa47e05r9t225fyx5upnwzlwum3u97d52,loop-loopr,5162668496,0,5162668496
terra1pcwl9ztnsjms7xgc023hu4uxs6y4ck079l62sl,loop-ust,15437406,0,15437406
terra1acz7cz8gsgl8aegd4tcwglg0twxe20ce9wtk69,loop-ust,12070124,0,12070124
terra1rzljj7t7a0rkzf807jepuktwp2tgpvlhtv7a9k,loopr-ust,61460,0,61460
terra1f8x8yrrny2k9ehk4us8mw8j5k5cak6yelcuez3,loop-ust,101523196,0,101523196
terra1n7rsagg02l66up8gsgqzrk6enkp3pwsj8qqvnj,loop-ust,110233861,0,110233861
terra1lhqz5k5mnx8s7p0ueq5ry0cy68wc6h2qkl2yhu,loop-ust,3587281,0,3587281
terra1723t8eeq8f3ee27wrx5jw22e4txfygdv5qs4dv,loop-mine,77618245,0,77618245
terra1pn478yv8dvkq4e4dhwr8hvkqlkparya7cvwz3x,loop-ust,1335928,0,1335928
terra1wfh6slkm6mu9rstrwy504cnj8j2mgkfav7qwfp,loop-ust,4103447,0,4103447
terra1ahxy5qul2pg2r0ddk3045067u40eh5kzg6y7fr,aust-ust,812515787,0,812515787
terra1hn9xufxhgjvu6dfxksdztzpz57d05w3afjjylv,loop-ust,13527437,0,13527437
terra1q2249tuawmau8hf95dtfvf25429wt55d9xrlk0,loop-ust,8170742,0,8170742
terra12rv27wcx082ujthumazgjgsy6azpzepk04cset,luna-ust,32518329,0,32518329
terra17gnyed8yn8myvmcumftpy85cxzgh8wef20tvjf,loop-luna,1421427580,0,1421427580
terra1ethpd5tq8yxzjkhqzv8yx7s4zglj2rvc0yta00,loop-loopr,49427642,0,49427642
terra1xlfqprlm8fdu83qw5s9t7j63j9lywth6cl5tzv,loop-ust,2956898,0,2956898
terra1ha2walukrrufathrle7haskfgmv2excvghhq4g,loop-ust,5720691,0,5720691
terra1wshy7ga7lamctqtgvmz8vaq9yenp0r3lj5sslz,aust-ust,537688392,0,537688392
terra1ck39nul2qhvexts5mcnlx7sytnwxuwkvp3z9p9,aust-ust,983643883,0,983643883
terra1aw86hw5d8fe6tttynj89h65q0mplu9glusqmjw,mine-ust,238220697,0,238220697
terra1pc78wlvmxuf93sjtw257efsyu2sm8e9makpf2t,aust-ust,86989784,0,86989784
terra1ucj8wc9p52xmpmu9dxylz0gh4qr2uq63fmjnlv,loop-ust,1744957,0,1744957
terra1ehz2cl4zswehlmu88dt3777h5pjw87vlqcmru2,loop-ust,5695359,0,5695359
terra1m673695txylnaqwgadxhp9ulu663ruqhr673gm,loop-ust,34297911,0,34297911
terra15djv5gga8utkt4cpa7eawszu9da5rlasr0fuwh,loop-loopr,4457340260,0,4457340260
terra1nt6j4y7a43lxpx6wr2duf7g4e7ujaql6axwh55,loop-ust,110108444,0,110108444
terra1n75r5ye3n6kcw0asft09uw3ge8sar9swgctfw9,bluna-luna,13920534,0,13920534
terra1h3lrgp83rtg735un4r3y3lcrj9en0v9vkxvtwe,bluna-luna,7045640,0,7045640
terra1s384xh0tzyg82yd6hqyhv3wwp32t7j7emkvd9w,loop-ust,42140146,0,42140146
terra1h2uspa0ctk7sj09grphqg04vwnuklkm5l0rvzn,aust-ust,26865632,0,26865632
terra1kt5tfqz8h9rww0dllnwl646cfrpzramjgsl7z3,loop-ust,16950602,0,16950602
terra1xn9yma6lzzdhmdzewh0vq2rmlpegepktxnaqrh,loop-ust,17433889,0,17433889
terra1hple2unud55lcucq6mdsh5trt9lcvu46jefct9,loop-ust,9480127,0,9480127
terra1h7c6kxys36e3lwfsgqh2wlmlxym3ldzpq44d0s,aust-ust,2632997003,0,2632997003
terra1723hm8ddxd5atg74nmhdh0v0x6n67gs5ayldhp,loop-ust,467954,0,467954
terra17g368mzxvzdg9ceuewaanss6wtjr2nn7rn2kwu,mine-ust,2374317,0,2374317
terra1dv4s2q9c7lnh4tgrkaruwxp75awz50yxa6aaw0,loop-halo,745879782,0,745879782
terra1hq5xa4nj3ac9l2mcqqfnhe3lrq0m2k638llg8d,mine-ust,1460711709,0,1460711709
terra1e7vj0kl02s292gxpnh2yp80tlg5l0aeqsdycwt,loop-ust,3964256,0,3964256
terra1kt5jtmme0hq0pa7ludvvtwkq9mdasp95ca6wx4,loop-ust,12765407,0,12765407
terra1uj750pvz07wv82t95r4cdll4jh22nc9slpk44c,aust-ust,1229409071,0,1229409071
terra12ykyyr4cf7v2cl4448kg6w0h0eujuqg8ny0tsh,loopr-ust,41643793,0,41643793
terra1cs7wjvn4w48tkdw4tn5zp0sycku03c9r0qydeg,loop-ust,1071,0,1071
terra1zmf998fmdg2rsgmn3pwlmkk43luxt8x8g5u8vc,loop-ust,1075142,0,1075142
terra192c5wqhsr8d7ejgeprql7xzy76t05kea9pnkfu,loopr-ust,334485542,0,334485542
terra1wxwf68vask3vtm5g38kv6ts77828wxlmvehtkf,loop-ust,4153330,0,4153330
terra1rc6vh28rw8ptwykkugul5dsz9jjdfrz58agqlw,loop-anc,1442708867,0,1442708867
terra1yfqrt83xgh39hen29qvu3lvqsrjss9zz46qzv6,loop-ust,48250684,0,48250684
terra1w93w9wueg3ks0k7v9fcg8rm3zfxus5wcwhr9a3,loop-ust,464126816,0,464126816
terra1wx2zl8lum6rtc5u8j8ehqw87pzfv7v72ttxtsm,loop-ust,23537243,0,23537243
terra1ra3fy8x60hfzc7yu5sxnn2prrh96sdfydv5vy3,loop-ust,880178,0,880178
terra1pdzmyp9zjmgksg6drrjk8stadj6lqcm5a8a2hg,loopr-ust,29653229,0,29653229
terra15djv5gga8utkt4cpa7eawszu9da5rlasr0fuwh,loop-anc,33868054,0,33868054
terra156jq5vuglz4hp4jhls48n6fv27uc3jrg883vwy,loop-ust,3614447,0,3614447
terra1cak7wqw4hdesj4r9vwz272880rtnah59y2ydgh,loop-ust,57913454,0,57913454
terra12wkxcycnsxatn3qn7vs5q4dhd9ws3ltgmdzflu,aust-ust,66573170165,0,66573170165
terra1he3j9ajltqfhw2egk4ry66h47c442yvrvs4utt,loop-ust,20925620,0,20925620
terra1yrfux2jzyqf5uuf6j7k7rd5d82lnfhhf0dv3az,loop-loopr,16229823886,0,16229823886
terra17f5gv43qutuawtsnm26lqe5upzqzcqcmvjgra8,loop-ust,71894296,0,71894296
terra1vhwtsd9u7359vd52khpvrmdrmklyqdzgjk5med,loop-ust,8239993,0,8239993
terra1cl6mvuhhhnzkzzrg32pqh9fy0zepz2fsftxdc0,loop-ust,1923507,0,1923507
terra1a2afzfnv9tcc00wtq7jv38nwaxgx0uzxng26ft,loop-ust,42785964,0,42785964
terra1wnc5apch778tx36kyest0pflygxghh37pxcgvk,loop-ust,28084498,0,28084498
terra1h5739j8c0tc6m2xdxk8fegdxxecnqdgd4kpp8q,mir-ust,113497666,0,113497666
terra1v64muuucqqnlnt304ncefttcz9fpzamj97r8yt,luna-ust,3491556112,0,3491556112
terra1tqdrvqg2kx8hltr4p8vprfv9awqktg32zamx3q,loop-ust,10403408,0,10403408
terra18u39j5syj092tnye0x09anpn4w6tfeq8rw9a9z,loop-ust,106121364,0,106121364
terra1zwqs4dja0le7xqhnv42yj0p07eum56dcxdzny6,loop-ust,8184827512,0,8184827512
terra1lzhqvac074p78useqrp86mu6gtj4clp4gfll6s,loopr-ust,1224950955,0,1224950955
terra1x3jea99wc2gn573khp6mhwwj5759qgv3xxjca2,anc-ust,4431934,0,4431934
terra1h89mzcfx4ejk97v3nwu2vs3pf8w7lwxyhxaw3m,luna-aust,3378516,0,3378516
terra1ujx48uq05a3hy0ug3aklr7f4du8aj57y7sry56,loop-mir,189201135,0,189201135
terra15aaf8562t3gf4yg04gumkf93zv8v735lxm87cd,loop-ust,7401024,0,7401024
terra10clrhtlmdca3ssd6akn0r9hc3lhn2c5tyvkula,aust-ust,8394736130,0,8394736130
terra1pl9uvnqhnfk8ny697ajcf0ga7macpr4yntymt4,aust-ust,1794129,0,1794129
terra18wh0cyc59f5lrd7e26yj8rzdgsywsfslrwxq80,loop-ust,14258023,0,14258023
terra1kx2z35r74fhxrt84nmc3eyhc7d0czmkfryzlg6,loopr-ust,465216420,0,465216420
terra12fgpjetvmy5ugke9mc2dzjq0kg4m57y4nvwk0n,loop-ust,914252,0,914252
terra1lplgm462mhpzcp2xlce2dgh2jwuukfh5la6k6z,loop-ust,27908100,0,27908100
terra1adh0mzhe50ts4f6k2wsqpg9dsxkd4gx0a7at6m,loopr-ust,848037830,0,848037830
terra1ng48vrh49e7pv3yzuhqa7l8preft2qncjcxfqw,loop-ust,6249135,0,6249135
terra1y3675vrkagvp6v9ju6sv5wtx39kcdxdauy6533,loop-ust,977701,0,977701
terra127tsd9lzkxwlnwdwv3zrf28w9n9ruvv6gffhdx,luna-aust,116883187,0,116883187
terra18adx7mtekdezchjrp4tuq7hs753mw4lvgv2e4f,mine-ust,66674987,0,66674987
terra1dza94r9l53crtecq8ew3hszl3hecg6glcvt45w,loop-ust,4449171,0,4449171
terra1h6ene7huftdkuncvuyuqtm069cz03h35x5y33z,loop-ust,2800503893,0,2800503893
terra1vg2ha7k0eamkn5mtrqz9qwjr2c3rlzfat78r4u,mir-ust,196775545,0,196775545
terra1t5r59l2262wtzz7dydj8u3ulq3l2669s4ncfdf,loop-ust,836400662,0,836400662
terra1rp9ermtq3eecndjrjma28d70zh2jvf3gt09dj4,loop-ust,126785,0,126785
terra1hu3k34run2xshnfjwys48yg9235sagm86erjnv,loop-loopr,1710350564,0,1710350564
terra1w07vn2w5wc64xze8trj88m2ylpkg53tcwf07fn,loop-ust,4292680,0,4292680
terra18669v3xmq3xy6e4uzf3jz3e5y2ykgysspcf938,luna-aust,41869273,0,41869273
terra16sc0xv7ft0txsndvmv4na8cksvqpprknreajht,loop-ust,587692362,0,587692362
terra1kcxms5ytrtlcqtjlftr5srfchltws0e2xfvp37,bluna-luna,2312392,0,2312392
terra16lcs0fqgmkhwjsrerlnzp5gwqza5tx6mzg32ea,loop-ust,46292078,0,46292078
terra1swgngtkmnp4pplzp4xh6mjc2yd902kyem885v2,aust-ust,44718927,0,44718927
terra1vr066cyaxum3t45x0f57z3g65zys5ptf5esdef,loop-loopr,3753091820,0,3753091820
terra1yqvwnz079wr8zrlw5d8chtlajntrhqgpqaye8l,loop-loopr,389950,0,389950
terra17tncrvwgh49zju8uxcnuwz3up43x0lyh43h8r0,loopr-ust,1234546732,0,1234546732
terra1tzleud8qveezjxhhm94cg73f8ce8dcrquxxaaw,loop-loopr,3140311360,0,3140311360
terra10v7wvnmchc47gssp05zflal43qq4554ryj2hvm,loopr-ust,10233102,0,10233102
terra1jfrzn0x2x9h3afv4q3hekeehn2grjajce683t3,loop-ust,1420248,0,1420248
terra13r94yc5fsxqd2786x6cuv52ff2jpfru9gxvh8s,loop-ust,942432,0,942432
terra1g7xmj0vehs40uyq7h6kla75ydm04xl045sk95j,loop-ust,16826632,0,16826632
terra1jlchda8zk90ka05eu4masal4h0ca4njz9kq0k0,loop-loopr,194907041,0,194907041
terra1ygm3qee43h6wgc7ja2xzzv3kv8llcpuuv7txv6,loop-ust,2798283,0,2798283
terra1zdsd0yjz499r8k8ss0lay4kepwdjrg4adsc5cm,loop-ust,32116589,0,32116589
terra1ska2fnypje5j7w72n5wztmpw6zv2afswngcyj0,loop-ust,944401,0,944401
terra1gsv8pehfvrknn5pz54un8jaje7ph5w056ztlnr,loop-ust,25580054,0,25580054
terra1ys7wn94l4vn5397095q7t5k7vuqegc6425fn29,loop-loopr,5352051049,0,5352051049
terra15t9d9n6cmcy9xrugwc2j3zflx8g0p7j82rdl08,loop-halo,536392939,0,536392939
terra14pda4uf5kfgx6w2j84h5al05x9vst34s8ru8xy,loop-ust,1844812,0,1844812
terra1fgslmch2ymlrwzqunqtyq4ngmrrfd85qazk7ad,bluna-luna,3009459,0,3009459
terra1f4hhs5vvja67gdz69zkn29cwzz9xvgy5cg5g90,loop-aust,71679292,0,71679292
terra1p0mnmxgzmftynkym0n5t0fq3wv2mmzszpc0ejq,bluna-luna,16558567,0,16558567
terra17eawngla68ntx7erhzuhjfxgyhq7u7hd58d6uq,luna-aust,158428075,0,158428075
terra1mvvsnxnxrcucumsmswynuu9fuh08rxrwlj57ta,loop-luna,31754482,0,31754482
terra1eky8v34e5zx24rwpw4zlwzf4d494umd8ff5uxc,loop-loopr,16333901835,0,16333901835
terra10equcwdzj5lcfj9nxk5g7h2ne8km8ggdnkd7j7,loop-ust,4078971,0,4078971
terra19aqa0ya2fx9s99ju007vgcec42t33h6xtm7nu5,loop-ust,283038682,0,283038682
terra1mjws48cnchcgvj9zj5e9l9jlfcjk7qkkumvqjm,loop-luna,1510133,0,1510133
terra1nzzae4kf39mnhweyl6ft66veqr39grzvm6ythp,loop-loopr,2853832778,0,2853832778
terra1068u9vuzk9cymjjtg4dqnv2n26dlpx47g77cgq,loop-loopr,151406411,0,151406411
terra1pwjf94z4swqk6lkqs75gmpujlcvhmu20g8ac5p,alte-ust,358204447,0,358204447
terra1nhj9297p50gydwrynt5awug8mdv53kyknhxg56,loop-ust,17070645,0,17070645
terra1sjqn3v2tqu5skjwh5yzuu6z65mq63j2c7s8al4,kuji-aust,793057568,0,793057568
terra14cmva67pxg2y2urzp0846qjn5uutqej04vwew9,loop-ust,766298649,0,766298649
terra1sctqzdhxhuhqnmzhdumru5sk3tfe0tnhgxkk5h,loop-halo,1206594089,0,1206594089
terra1n0qwrywyyewl6ngtgz5fd43jmynxugf4eesdsp,loop-ust,1753298,0,1753298
terra10rk0slze6fucqwegl2eak37efp4kr94v0v4sy4,loop-luna,241970820,0,241970820
terra1nt5ajy88yp5uxmp2lw0mypjecks2llzev5alrn,loop-ust,8293596,0,8293596
terra1d87ynhsfsa06zmtuvgq9tqy60qkhsjzxpglels,loop-ust,2844386,0,2844386
terra1m7zvdm4aleeft62f5y437y88cdnr7t87dgx3zw,loop-ust,926032,0,926032
terra15tgnmre5ryhagt7quy6znvsz0grz25e9u0k39v,mir-ust,577295948,0,577295948
terra1j0q0ft0ashc7030gxw6fzkhuynm3v6ta4kw7qd,loop-ust,1723018,0,1723018
terra1gtj6cw2aqr3ea8hq2p3hwu0d43krsug05qaza7,luna-aust,1056069864,0,1056069864
terra1pfw3n7rwr6tugvf6n9c8kzw9k8c8yyhjn9s8jx,loop-luna,15746558,0,15746558
terra1wjyn9fe34am7j9fslr5vrrjwfj4mfpnh3ccd5r,loop-ust,1075649,0,1075649
terra1zr74223xq7pn3t3fl4sfw5ewmzkcqgaump3sr3,mir-ust,235597865,0,235597865
terra1lqjp2mhtejg246xru6urf955fu2ucf6f6u0knd,loop-loopr,571146148,0,571146148
terra168f75xc8swceeyrs6ggau4nghqhdmeqckednzx,bluna-luna,152654217,0,152654217
terra1ewvk4v0zv6q5kduxl4psdtrfcfzml9tzf5qj9h,loop-ust,4576242,0,4576242
terra16p5dkwaczuuszkp6h484e3t50nkxezy4390kan,bluna-luna,1392772,0,1392772
terra1psf4p54u7wx7fen6pvumeys8r4zfqygfq0tf0l,anc-ust,22577212,0,22577212
terra19vw45rpfvf6wummg2da054mmkqxg6xrap9yc5x,aust-ust,209783052,0,209783052
terra1c2qgghsakxp8ywc7dzhuyr674s8tlgyazx8jmp,mir-ust,13237775,0,13237775
terra1xz4kew4kplegxpxqczzw7xkkg3yds6xscrfc2a,aust-ust,214664086,0,214664086
terra15pzgt2ndk24f6ga53mgmvqdjrx2wcyddapkdp6,loop-ust,2399199,0,2399199
terra1nau2stuxwhw85g8h8903jwvctgrlemfz389wxc,loop-ust,1067254343,0,1067254343
terra1v65carsmk0m8nfvvf0r08kktfayh0f62q2uxwx,loop-ust,763128992,0,763128992
terra1s6l2r879phq78jxnk86zjqpc84hufzntqqamqg,loop-ust,106144361,0,106144361
terra19t5kmq3stpn8kctn7r8r262hpn02tre3u6x44k,loop-aust,80859158,0,80859158
terra16xf0f6gm9yyfec30ewlaxf55af50pkt5s7cxwt,loopr-ust,23870897,0,23870897
terra13a0evnxhcf6vn8mmeflvx8582dqf9kx3699ccy,loop-ust,34380752,0,34380752
terra16f03wzw450s05y4p3rgvuzsfhnm050aqlah5gf,aust-ust,46053413,0,46053413
terra1k9tshv2jg3vs3zp02pu77zepdkfeg5nqvekzqa,aust-ust,19384893599,0,19384893599
terra15hlazyqcd0d9q8eeerzty94720pat67uc00tu8,loop-ust,319251,0,319251
terra1kpf2a33kct344v0e004r4dlmcpclxn82vvm6yf,loop-ust,117434656,0,117434656
terra14lqfmryda85avseex9n8ajaeqqnvagk6chtm24,aust-ust,347769934,0,347769934
terra1vuvs3pasev7rz7sv6puy28fpwe8uzxvc3m37c9,loop-ust,3007999,0,3007999
terra1apfur7ja0d42h0f55xv7hwzt2pf979lynntwlc,loop-ust,48754645,0,48754645
terra1f37khs2lg75en9df4vzn0drtkzazg2pzk9tyrx,mir-ust,160262015,0,160262015
terra1x0dl8ldr8jc4qwvu5fkjagwskv47gag48wnpjm,bluna-luna,3954351,0,3954351
terra10hnwentn5jv2ckgxzvn3ujflyu63ky7j2ax8h0,loop-loopr,2681918638,0,2681918638
terra1qn28jvukq2xhze65qa359dqcptkcqrc2wky676,loop-ust,17203456,0,17203456
terra1ukq65n8w5ve3g40ewutxerv4d8tpmddedey73z,loop-ust,1074689,0,1074689
terra1mr3nw329379qr8cjxl6hm4q976y34cnsnxqh0s,loop-ust,6595103,0,6595103
terra1rxcnsptzgzsgy9stk7r697z8jzfefykenlucxy,anc-ust,13849344338,0,13849344338
terra1h7qllsm4ll2wgh5jqraegnphxg492a05v9sk8q,loop-ust,10727476,0,10727476
terra1n646qefnnr3fwkfsa60q4w67rmmsu9kzdyjxxl,loop-ust,5297069,0,5297069
terra1mqr494qedgg8s7ux8drtgt06lnemmh0ty3f44w,loop-ust,1172447,0,1172447
terra1t7gw8rd4d8qgzjnyd9actxz6hwg0cgtyah78xg,luna-aust,42030164,0,42030164
terra1hzn0g3twzgexczevlxnq5nd55ug53tl0pvhwjj,loop-lota,25677760,0,25677760
terra16putve0yp36jdqytr85dch6tlpy406ykwe9vfm,loop-ust,38418707,0,38418707
terra1a5ydszslun67e0mg6tm4dj3n4xk0jq0qfc72hk,loop-ust,27363213,0,27363213
terra1fex2hzyh7jnu57lnsde89g0kmsatey2tav006c,loop-ust,3766582,0,3766582
terra1sv5uqwvfl8cm2hujtzmrzjmgkk3h3h3sph0q6s,loop-ust,923673,0,923673
terra1k7n3754aemuzuunxyjj5cnmp60l3ht9uyzd8gp,anc-ust,34925814,0,34925814
terra1xhs7aev2kxce7v34r0qhdthdhp770z5zf0xl8e,loop-ust,208885614,0,208885614
terra17hk2xzrshqxae2sz80uurnlqz09ya6ch7fn3nv,loop-ust,3231578,0,3231578
terra1jnwgn5vac02kcts2yealq7636692q0j5guc9pv,loop-ust,80525317,0,80525317
terra1furfcs253zxttjdzyu9ymf8s3d6jtqe53jtvzt,anc-aust,269439089,0,269439089
terra1nqtvm6m29uuqpzs7kewgqt2e5eyp7f0faq7xe6,loop-loopr,13896030822,0,13896030822
terra1py57q003jugr49s3tecdshnvxylkvnt8ej4tqe,loop-luna,67502643,0,67502643
terra1lsrd0sqd9fsydk9j8u6fsrftqxn5tdt2l2a80u,loop-ust,5871379,0,5871379
terra1zztegfq6cne8ytfnrp4dvmtv9ch66lekaw23ad,loop-ust,10204105,0,10204105
terra17zwfvqcln3g2k2dldyq8glez0xndlwk6ympe05,dph-ust,4966163123,0,4966163123
terra1nthy96w66l8pcw8l8pypa08zxemlhpwunjejz8,dph-ust,3179180,0,3179180
terra1altf6g25n6uzc5ud37p7slsh4vyg279dh8c46a,loop-ust,846019,0,846019
terra17n0zkhcwgvdaqtd0rscylft5j7ga8aj7xhfc4c,loop-loopr,11782866,0,11782866
terra1zce4ek6kruwnxcmsz2hqdacy33sxp40agxrek3,loop-ust,3326501,0,3326501
terra1u349z974jwpd5ajctp8rgarr87ld8egm6d8r2d,luna-ust,19807610,0,19807610
terra1gv0cpmtpg0lpclexuy4ka5elnvnv3jc5eu3rax,loop-ust,385339,0,385339
terra13yh68lx706tt3kj8vflmd35lkrcxuaxa8zcmem,loop-ust,1244898929,0,1244898929
terra125wtmwun8csta5kvhe2ddepnl3htrxl5h7fr60,anc-aust,113529616,0,113529616
terra1up9cmxsqe5gr39n9wlsj4quy0twf7gccznfrqx,loop-ust,567608754,0,567608754
terra10t4gm3fp8esy35pwwpnx0m79etm9p2zxey7e2j,bluna-luna,9956558,0,9956558
terra1n5mn6h0ky8xpw0r0nnzknda5yht2r898p6a23h,loop-luna,9958911,0,9958911
terra1y7uz54xuw09n8pp438aquvxe9uj6d2x88mdzuw,aust-ust,161847956,0,161847956
terra1gwz00dtatdp0sj0ya3mkg7a7f24hwlklgwpkla,luna-ust,24964807,0,24964807
terra1kegpq49e9f9r3rccdmcjta0dsp2x3tz5vqutcj,loop-lota,27631946,0,27631946
terra1x66k53sz5h6d4uu9tdvuygx6m8aqnewr3352rq,loop-halo,5120807801,0,5120807801
terra1jq4ppza0ywaatl0s9u4a5a8rnd7qkflnr73eqq,loop-loopr,1663930156,0,1663930156
terra1krms60cal45zf5wkehp3pmlnnk7jnkyd385jp3,loop-loopr,543796132,0,543796132
terra1eejg3m86zvg6lqj4a7pxs9ryyfduau6hfxn4e2,loop-ust,17100228,0,17100228
terra1dlrn5v6tqztucq0xvvau483mysm0jg5yqqxgmm,loop-ust,126238296,0,126238296
terra1m3gkpymferm5n5vs593d69jg9vlmha4jzynk2f,loop-loopr,77882253,0,77882253
terra1849v8ahxdx7zgh8j6f8v89t0wwjzfzlf38e8t2,loop-ust,5034066,0,5034066
terra1mezwqku6d4pzlnkj0dtupt0raklf6al72y0h0h,loop-ust,19543362,0,19543362
terra1mku0fdwlsayy6gxg0pafvmvyfa47x9mckms7wx,loop-loopr,31701819805,0,31701819805
terra122hy2a7gq5x3760f30t28ws5nmzk9szj7ywfup,loop-ust,863860,0,863860
terra1y02qar5fz0xxzcs8558rn4m3hqt082ayt25ppz,loop-luna,90180259,0,90180259
terra1yh2xw6t8t77gjulrzxgg507k0xhjzvpq807h6t,loop-ust,368420922,0,368420922
terra19ywhds0nuhtkj0lt27yhudv4weh8m9jvlclq2w,loop-ust,1111008,0,1111008
terra1h7xez5tcvdaxyl3gv6mwn2yphmyfreks8akp8h,loop-luna,14105786,0,14105786
terra17uz5vx0mkecu6vaqr5467r5f38acgphjaprc2g,loop-ust,1421803,0,1421803
terra17yvx5lnxmmthnu5um85rteyy45vvpyhcekm5p8,loop-mir,5795664,0,5795664
terra1l7g3my6y8kexrul88mp9nl79d69m389pexdqjj,loop-ust,944928,0,944928
terra17xgtss89wt982cq4uz85zneshd3zjczqhhhelz,loop-ust,1617451,0,1617451
terra124uadfpsshjem6mfk3e4vppjuhp5ky9lnx9yfh,bluna-luna,47872356,0,47872356
terra1y9rnq26rr2ykxk6dnkn5j3s56y3r9crxcx0d5a,loop-ust,1635698,0,1635698
terra1rz0h2n2qug68lh7gr2xwajam04t8ntaselwqu7,loop-ust,36761770,0,36761770
terra1ug45dlqnmh609ayfw2nhldag4rm9p4faqswckf,loop-ust,1732909,0,1732909
terra1z8jx6w89extc7r20au3t9s8ggqzhhwkm90azud,luna-ust,389969932,0,389969932
terra1gyhzecjy8tseesgxu0ayqsgq2rep5ac536s49f,loop-ust,951,0,951
terra1jujmjt8duhucwyx773mrj8t5tmsmk6e65u2uud,loop-loopr,4187268613,0,4187268613
terra12qazufy8k8hk4kzwvc8t42n02pslfxetyspg8v,loop-anc,54291304,0,54291304
terra1ynkenz3ru5x7el0vw96yevt9unnpw865p2tq4z,bluna-luna,865443296,0,865443296
terra1jwrdkpna2due46radgdg5uwq7f8234zjdyg254,loop-ust,3664446,0,3664446
terra1s0q7pdgfc0ax08zzqmz534g5wx9yfxmyeg2qdy,luna-aust,227197285,0,227197285
terra1q7kt4epwze530ukzac9kqkndf59j375xhgsukj,loop-ust,1145502,0,1145502
terra169kayr82phyhmd6g2dkhmhyfdd2r0njstdt8ag,anc-ust,120133438,0,120133438
terra1xgeyhs2xnvm6vn7903z2lz0k6c8suq2w280apq,loop-anc,33807806,0,33807806
terra1g9yr9grfxuwas9tmsc64g9ggktam4ndtpqrg69,bluna-ust,580841024,0,580841024
terra1xcumyjz78v64mcyypsw2uz0jydqe50drc5dzge,loop-ust,187443645,0,187443645
terra1xcgz6hnk3ed2c9eh4jlz3gautchs95p5kwp8pd,loop-ust,320723986,0,320723986
terra17yvx5lnxmmthnu5um85rteyy45vvpyhcekm5p8,loop-ust,126647676,0,126647676
terra1rsdtm47e3lg3774nnduvs5ymdqhyv7jhqg0fk5,loop-ust,1038501,0,1038501
terra122pm74dmt9lxmy4hgy5rflnluc3nwqg4suklxq,loop-ust,1371254,0,1371254
terra1zagpjfnnhvmngcvrplajlnrns6ul3v76x7tws7,loop-ust,1125946874,0,1125946874
terra1zgwfgh2fqu4uew4cawx2duwrt46dry0e3z9wmk,loop-ust,377226968,0,377226968
terra1ftg87jymk8tp2g5q92a43jdam8kq5v75sj9zvz,loop-ust,1823739,0,1823739
terra1j9hva0vppckw9g7qujel0zy6zw7gjrf7lp2egg,loop-ust,2932363,0,2932363
terra1nlw2ylrm3c9s9an92u4qv48ld72lc3knv68w7t,loop-ust,19542108,0,19542108
terra15d6j3xlmlqulwg6hmls5dwztfm7h69uvnaq5fl,loop-ust,25376650,0,25376650
terra1pll06lhch56w26z7t60wv0m688pdvh3qnrt4xd,luna-aust,22799871,0,22799871
terra1cxxwazmykt2raugem6rtajv2zjxa6kp270c07j,loop-ust,4447698,0,4447698
terra1f75nly63fsuqeughmng4yj0jfn3hyv2u2hvca0,loop-ust,9806849,0,9806849
terra18fs3weda0ey9wx6ugc2lxd3ecwta5gaq702xk2,loop-loopr,8128472715,0,8128472715
terra10nwgkk0mw9kvhh5l9g0m93rvfa6ftercstz42y,loop-ust,1072219,0,1072219
terra1asga036x88ccq8rumdzujdzacz2htdm9tf09f2,loop-ust,22445877,0,22445877
terra1a92l20hrsthmhztzjk24em4zva7z23cqdtwt3d,aust-ust,37219328122,0,37219328122
terra150mqcfz8j49mqxvd53tz2wmleus4526qwuwfju,loop-ust,1033282,0,1033282
terra13axaf6t5yl2kff02a8wdhdq884fehm7dqxvghk,loopr-ust,299915,0,299915
terra13mumrswsd4pqgcwdruspyv694d20rn9fjawrhh,loop-ust,4666806,0,4666806
terra196ymjrnjelrhldr78l0rvg6l2p6tqg0e5z778h,aust-ust,2680102604,0,2680102604
terra1ctmgrkzqdytnpd3x2kvcgrlq6yyadl6l66s678,loop-mine,13872424,0,13872424
terra17u67wnx8xmydf3ff9dqga39vfskq9a89lw9u76,loop-ust,3429572,0,3429572
terra1rr84q2qdtulplwes5z02u7lgpz60rr4f6gfq5e,loop-ust,9097946,0,9097946
terra1xr687jfq277uzf6s74zd8v2lje5mw0539cy40z,mine-ust,1462949338,0,1462949338
terra1jx8upauuhrd08e5jk4xvp06su7lwayqkaswkjg,anc-ust,55899363,0,55899363
terra17f28wh248ylhwqf5tdvdhv3f4jlcgaeger65ar,loop-ust,2796260,0,2796260
terra1typn8rzjvyuf2ka93dwyct0sqnqtdkkt2g9a85,loop-ust,3112546,0,3112546
terra1eejsfzt83rs4fcr52kvsvllugj9zqf5z7g85lp,loop-ust,1918412,0,1918412
terra1mhcnlye9lhssgc0sm6t59497t9l87fzf864nd7,twd-ust,6229568,0,6229568
terra1nndqq50xlvkfg2tuqlrmdqyjc03tfppcu3lf85,loop-ust,1913510,0,1913510
terra1yyt5jdqykqxmthfgvmuf9jzry4nmztqu9a7pd6,loop-ust,3259546809,0,3259546809
terra18l278j8gvkr98uhlkm82h2l3c9gh4jn5syd88t,loop-ust,1036065,0,1036065
terra1sqgme5tdc78780vqhcmex9cugw4yla2g9zs5p7,loop-ust,1841255,0,1841255
terra1r7znxqcczwrun3d8a2ev9xvatvq5nz4qa5gqxk,loop-ust,2875949,0,2875949
terra1xv9gagynw4tcd8pxkharhfxweduy29gy93v2az,loop-ust,11414650,0,11414650
terra13lsgnknvwfg4grud5qsvpe87r0569fhjy2agwu,loop-ust,318928161,0,318928161
terra178pvctw3jttrfw4hhtvypdgm5pquqjwfsatzkv,loop-ust,26290858,0,26290858
terra14djucar92hzzq438aptlxfx37huh26xxmvj7x6,loop-loopr,816909225,0,816909225
terra1l6vnl02wqjjgpxkx2r8p9k0w6emvruuugumy09,loop-ust,21985704,0,21985704
terra100gn9hrlyqmjrwtnwxjvp2zn4gg2zlh346fvt5,loop-ust,907190,0,907190
terra1px3l0z8v9fclmzwpjtv6h6ahgwjm828heh2y83,mine-ust,199553,0,199553
terra1t78m4674wc6wgljzssfte5e8ydl4plytlcz4mj,loop-ust,1841641,0,1841641
terra1cdx4dtwljcpg0lrmdfd69jswfkdpravkzt7rq4,loop-ust,6626270,0,6626270
terra185tx6j64qhu6tmmyw5rs45g7eqvh2za6hck77y,loopr-ust,961808266,0,961808266
terra1eu47vgrh3xs3cz0d2mqnrzt3mc5dra4ftu7kl6,loop-loopr,75139857,0,75139857
terra123l3gxhaqdnlc20jjqm4wx5ynr6q2rmx0zuw4j,loop-ust,9062192,0,9062192
terra1dn7v2zm6c3ueplmhec5ru6grxjnx2l9lzsmcey,loop-ust,10602265,0,10602265
terra1pwjf94z4swqk6lkqs75gmpujlcvhmu20g8ac5p,loop-lota,57917608,0,57917608
terra1vfzln5lxv704n945dskvduuyr6vj8fwy0ytvlk,aust-ust,44755215,0,44755215
terra17yullckr8uejfn4a39n87mufvlrjevfq46wh0u,loop-loopr,246741035156,0,246741035156
terra187zk78lq8t2ga448l8l99dmu4ykp3ylfffdshh,loop-ust,16292652,0,16292652
terra13x0mt9rl702xcmn27p5540cyf7ruwlvykacsx3,loop-ust,6086707,0,6086707
terra13tkzf5raavkhxa2m0jzs8g7e8e29er3d5tns26,anc-aust,6754927,0,6754927
terra1qknuf24zh6y6gmez6k925kmfer5tmnfyf2gws6,bluna-luna,148741279,0,148741279
terra1q8e4ntr7n7y8aenlftsfknfmsnea8pk0dp2t86,loop-ust,10613202,0,10613202
terra12te3sdtymqzsunkqes8q8v2j43quphhndlnxwz,loop-ust,612914,0,612914
terra17tcy22992eej9fgvanuvmjm96ahrvtexvs6syv,loop-ust,83921,0,83921
terra1fk2ephmetreelakjpschd8crg3ql7kjx7d0r5k,loopr-ust,7108613,0,7108613
terra1nh9tc4d8tna4hcastvccl9wywlwmzs56qw70uy,aust-ust,3775455840,0,3775455840
terra1cy865xegkdnyd33wyqfgkgjcf7e54sxkcy5p0q,loop-ust,22681369,0,22681369
terra1u0pmxum3s7fzptnuggzejtaw74jstqrw57t67l,loop-ust,667149954,0,667149954
terra1k2ahdetwst6nksfy85pyu9c0z29xapx0acflkg,aust-ust,315013318,0,315013318
terra1aw64kvga3us98d8qf8t0q0kc2rr4ryv42y9mmn,loop-loopr,86845022,0,86845022
terra1x96zh8ku48wpn4qr5z4uzfnydujsptthgnky7x,loop-ust,2305189,0,2305189
terra1fs2d30kchvq42s9cr3sghufxpphfhkyyjakcsp,stt-ust,60079424,0,60079424
terra1x5kgw475a6grx9jtz7sg8ggq5cc0hskakwvcaf,luna-ust,82617156,0,82617156
terra1w7dmgh6r5t8vml7hqeujmt6c4hfq7dkh7nsxu2,loop-ust,361493,0,361493
terra1m0vzqpxk6cjvszc3au3z40k0q8zjmd3mwps8s7,anc-ust,30429565,0,30429565
terra1hl6nrqkg75yrduc2324wvyevtzdp0rxyfaqpzq,loop-ust,13951386,0,13951386
terra17dy03gzzxlv0ejpyzppdrgnuah3xpwrdmsq77n,loop-ust,3000868,0,3000868
terra1aapg4f9e4aaxz6wnrmnrz069fv7prua20qvkjz,loop-ust,160418774,0,160418774
terra1vzvcad0x9v7phmh4xxyujlju42anjj88u9yh4k,loop-ust,4293195,0,4293195
terra1vk4u3508fdzxz8vvn3hlady7xqk3y5fm78m5wk,bluna-luna,7882134,0,7882134
terra1x342zsdexnh3qyh8xkhdujw6vax5038d0znc9y,bluna-luna,1295974,0,1295974
terra1r7dnm2cemlgwdka4tcltt55kr39ep2468qrra5,loop-ust,8979715,0,8979715
terra1cl5j0wdl8f88zs9kwz23ksfrukcpsngh5026l2,loop-ust,43921633,0,43921633
terra1grqa0kpy70jf3tfkaup3y9vv42rfhxjrmalrdj,loop-ust,8718310,0,8718310
terra1cc88zcmwzdgd2udd5q73lly3a0m7hshgd5ucak,loop-loopr,220882734,0,220882734
terra1nm97vysx6uvn7mpxlgs859jgya95um4fdttr9d,loop-ust,19146191,0,19146191
terra1hrsemlawr8lmapvhf3cyl5gk528s4ya85aps3a,loop-loopr,115843973,0,115843973
terra1pjwde95thafhyv5hdqs5zxsnytjn9qz6pgkk9s,loop-ust,34063906,0,34063906
terra1kg6gyx57t96qd8xlwcdymf82plm8vkx9uqhcwg,loop-ust,4167873,0,4167873
terra1dt0t5yt9lyxyg3vffhkntsymwkcza2kndtl8jc,loop-ust,430864301,0,430864301
terra1ttf443jcwwu4tgznaucznfgrdjf8prn07fq492,loop-ust,2752745,0,2752745
terra132w5j873vdl2erkmmz0spadnzy03lhdjfw5g0n,loop-loopr,348754585,0,348754585
terra1x44rsq5hdfmyn3ugm2ca0dwywfph3gw69a5nvs,loop-loopr,845016590703,0,845016590703
terra1kdkuwmyn7fntdcn95cd373nc9nftnt76eram2m,anc-aust,7407080,0,7407080
terra1wvwn8kgpq7cgzyu99eg48wsty60ygs5twtdvnw,loop-ust,719945,0,719945
terra1e0cafcwlpyg2d3c37sawste8ral3x0ys28hujd,loop-ust,127826597,0,127826597
terra1q8gcauau72jhjtxvf8xmej4ltgxafrgtq20s83,loop-ust,3652616,0,3652616
terra1x5pwqh5awpjmur6u5heda2sg62fvr2n0xaygv9,dph-ust,154663092,0,154663092
terra1mmpp5a2alxtwftf57fqvc3gj3q6qjfn9ukgmyd,loop-ust,2360177,0,2360177
terra1yytfvxtpyr0zundty89y8p8s4dguk94gsqwgsu,anc-ust,553505163,0,553505163
terra1uw8pehf23ccwy3aqe9t2eed0lzzylnv0ks238l,loop-ust,393248,0,393248
terra1hgk2kqdxw27q5dy8f4e3w9flar3w6cl09mz37q,luna-aust,66208937,0,66208937
terra15zw3nk4sgsxepa0p6gd0pa733q0ekjuv2g9jvv,bluna-luna,126411843,0,126411843
terra1jd85ec46dek5xdvycssx9r0va9xq8mhqpeut85,bluna-luna,1994394,0,1994394
terra152pd8lln3d4aunrhn5pnyqjt8yl8t0t7jd7j6l,bluna-luna,6871345,0,6871345
terra10j2c6x2a2qq5eajgtlndaz92zt07s7a4zsnn3k,loopr-ust,100299,0,100299
terra1yqk4e4e9mx6gyg094sfzq6n8tmzkz956kxc8td,loop-ust,150832489,0,150832489
terra1mmp8uezv8rp6la5lp6n0pee3fnw6636nee7zjv,bluna-luna,32572629,0,32572629
terra177d8c4kd2ad93p39yer23728f5u7gssxf4mtrc,loop-ust,9143316,0,9143316
terra1tvkmw7v00d7wkde89ml0mvpdem47uhzyeql9zl,aust-ust,893693480,0,893693480
terra1kapttr3hws7t2mv8jzsm58e38lnxrwt8dyqwe7,loop-ust,968621,0,968621
terra1tsepwe4sh5vkfcdu30vyuyypugq8hjjpr3cxua,loop-ust,123641422,0,123641422
terra19y3dt8rj5e38jke4y9h6l6uaj9edh6xpaw2kz8,loop-ust,2804906,0,2804906
terra1xgw0jcpcsq8kvl82qkmzvwxdyeg2keehnun7te,loop-ust,10287028,0,10287028
terra1rhfcm4shhagfey38970gajntayz59rwk8jwxqx,loop-ust,1403263,0,1403263
terra15yqxg4akvnqarn7fe5dnt4487tcsfa4zvzccn9,mir-ust,29683648,0,29683648
terra1s808lu3kulyhwf5x4axfv3ntvef3xqga6yc5uu,loop-loopr,1842415129,0,1842415129
terra1lwp54ejc92z5vynecdjpxvaucxsy2gqf9pppwz,loop-loopr,3864860383,0,3864860383
terra1w0wuyht4ue8dfsmvvu3ycr9mdq9m8xft9w80lk,mine-ust,198343088,0,198343088
terra1fauhmv4z9gsycecd4lkfum7tw3x3j0z6w46lyd,loop-ust,3256344,0,3256344
terra1qtn6un3cev0swrelq9z3dfvpd77k2usrqnljqw,loop-ust,49312590,0,49312590
terra1zerlgq08f2m6f556746gzucs2d467ccs8nklgs,loop-ust,456481,0,456481
terra13qg4htdfsmt2jq62x0qy97vz7pn4curn508pzp,loop-ust,8822106,0,8822106
terra1necxmrnc740q7zzk636x599qfdquasa2xtvzwd,aust-ust,892886724,0,892886724
terra166p78304ddpz87qwc3h55khr4pcjyyn9w9pk7d,loop-ust,39318649,0,39318649
terra1ltsjelkgypgxqaqx8a2fxjyhdnrl7vt22p0zsh,loop-ust,1304196,0,1304196
terra1cmmnp7r8kxgssv3m5n4p3rvsxy9dw9wt8y6gq2,loop-ust,1925313,0,1925313
terra1hcj6qer6gh6qvc0pad792a5gavqnuul30umc6w,aust-ust,26764409,0,26764409
terra19k85gsahz45qr86gn5t0ym7zac8nlm6v8k5ps8,aust-ust,3670651441,0,3670651441
terra16lufhyw0fsv3dztpasxcufwavl9hwj8gg0mk0p,loop-ust,3244345,0,3244345
terra1rwpqt4phfudka3xw65z8y2h284y9apejrfwhlw,anc-ust,55088265,0,55088265
terra12d328xxgmqehgz4kzgggky3msn56x84he56de7,loop-ust,2025313,0,2025313
terra13w2lmejglfeqd6uv552yutg2zrqp2d9l33vzd7,loop-aust,122442455,0,122442455
terra1zlgxxcys5peq8wm45k8mk2qw9jpp4hxxaws9v3,luna-ust,812046,0,812046
terra1ej7pj580kd5h6cc65xeqmlc95kkf9ld7uuqsxy,loop-luna,299486474,0,299486474
terra1m9ravzw8telwyn003qfm42vl95wxcqmt2zg5zf,luna-ust,2037288,0,2037288
terra1nfdgeegxxncjeq39nkczlk89ewf9p8luqadwvq,loopr-ust,593237363,0,593237363
terra1v7em7cvnxuy9vjdf52u2s4fpxljatqquepkgx5,loop-ust,1334497,0,1334497
terra1xtdpnp9m77mkfv6yd72uthsu0tfan7646e4ucd,spec-ust,225352182,0,225352182
terra1mja0wzl4ydvkhrgvhn6dqrp730ry0h9ssna5ch,loop-loopr,592779310,0,592779310
terra1n28qt27zpkjvts49p349eyrst3rmm6fafc376y,loop-ust,1983437414,0,1983437414
terra19pkx5x34zhd9rvr4jq3t096ukvknsxqfptnwt0,loop-loopr,2425643747,0,2425643747
terra1eqevxetk86ne8k8c892ln4r74ujdzspx9yvw3g,lota-ust,1490534,0,1490534
terra1mla6dah78dl78ax7zus4fulxnlrnz4ywfgg2ms,aust-ust,4774326255,0,4774326255
terra1qv996tg42nzaf2qc3ksz4cymtsgrwx5nvwjedg,loop-loopr,31094958810,0,31094958810
terra1egz7v50kqg72dehr74a2ugtem3nf0rfpydkvcc,anc-ust,416499640,0,416499640
terra1ljgwxy40cmsflclx4efca476v55s5ykp2r8fm3,loop-ust,4089507,0,4089507
terra1c3aw623rajh0cu9r4q8smwjn76sj4v446jawj9,bluna-luna,96999712,0,96999712
terra129q4pr9m0wykaeuqpe89qhedn37ysnumrkh6zz,loop-ust,4624874,0,4624874
terra1ffukk9lch6dmta8qsn68rvh6nt0zgyuu7jzsc7,spec-ust,10862991,0,10862991
terra194m789hc6295tax648w7ec5mfsx0lgd4hr2u5u,loopr-ust,9675504,0,9675504
terra19qr84dj2mmk6hm4uhkhf2j4kq8vuq5rez66pxk,loop-ust,956006,0,956006
terra10xur49ewvu4nls59jvewfsk3jz4gufnafjdayt,loop-loopr,10337867,0,10337867
terra10sxh748rnm86cy6cm6uakrwsm6jg3kx27awjwt,loop-ust,21499788,0,21499788
terra1cq4qh2jr980yq2m099gqwusc5d4nd8uwnx3h9j,loop-ust,21222977,0,21222977
terra1far459hys6k2w2qsj72lwr02vsrknzsk4qr93l,loopr-ust,38687992,0,38687992
terra1qhyuv77nhzqmcgaqagkdx4q9gqfkq7ne00kuy0,luna-ust,3225047,0,3225047
terra1z7fypzesvdl5xe5v4ha33eqnk6nklsahced9xv,aust-ust,44875005,0,44875005
terra1pdwswkshs3f8tn0pl5tx2dr2g6q3zxqu9atggy,loop-kuji,4044085,0,4044085
terra1tnut8y8sc695ssex2dy8kp36gwkrl2v0asjqd3,bluna-luna,49820212,0,49820212
terra1esg8cmh8wghkrjycww3s9rq0x0r9j5ykk6xw9m,loop-ust,860833169,0,860833169
terra12dn8e53wprt7puqudn6g5xmwmdk56l7vnghrtv,loop-ust,130946095,0,130946095
terra1xflm6jj8y208p9nq69g9rsn70t6lxq5s2ft4q9,bluna-luna,2997833,0,2997833
terra18mvljrawqw90tvq7h37a4a50wnkr3h3yghlex8,loop-luna,168209507,0,168209507
terra1axyanjkanare9n2750asgvzfpzyuumtm02w02v,loop-aust,61805849,0,61805849
terra1pwmsnvram7nmgutmptsmfvr68j5l4p37jq4hvm,luna-aust,484935710,0,484935710
terra14jkkh3v59yrjpk6meusun6f5ghme259t5pm9gf,loop-ust,8530703,0,8530703
terra1l582vt42xgg3zlyfpwq27g3zx2ytr4jsdjutl8,loop-ust,109798601,0,109798601
terra1n30t2a9waqstzelnkn6e9xqh0vav5ygm2k9l6l,loop-ust,25234955,0,25234955
terra1jqz22s2e0eu7g6t4d3tx8lhdafsg4nzr95v2yz,loop-ust,4550914,0,4550914
terra1z6mpa4yqcvgxjsupj377fugjnktjzjttjryhvw,bluna-luna,10033512,0,10033512
terra19ux9s8a3xpedqxx7aumghrzr9usnepg8cpsywz,loop-ust,7707034,0,7707034
terra1x73ffecnhkf90552fh4guhzdk3tvss7kqgysr4,loop-ust,2358203,0,2358203
terra13smdwdgwkzrzd5l0hr0rls86gsfktlh68eeg8j,bluna-luna,18198347,0,18198347
terra1w2nara57h7wl9jrwf9xk0x04g5sserxaedazuh,loop-ust,2402272,0,2402272
terra1nfs28fgq2kaw6xuf35707nr4p5qvegpckl74p6,loop-ust,219882782,0,219882782
terra126pzsnvyfms9jly5cgdj9vyj8mr0rd636aqz7n,anc-aust,1535934439,0,1535934439
terra1jpstq3j00q67ywaj6xzt4fuutfq0y03jawtwqa,loop-ust,11757064,0,11757064
terra1r89z5ae75e37r9a3fl54wr8fvy5pr5xu7ceh4l,loopr-ust,50408750,0,50408750
terra10mlyh4ygfrr0ltp93s9jrjlxqfkw4q8snzxv28,bluna-luna,1001810,0,1001810
terra150qg7t9yx8tz58v3ympkfky0jgxxgksvn3nr3w,anc-ust,150667798,0,150667798
terra1s7gps55f9f0d5rfkuxekusn5nn79dm38elt9z8,luna-aust,99815765,0,99815765
terra1l55ju97e5mhcyz407l470y8ja44ztusch7lp4s,loop-ust,39098384,0,39098384
terra1ftpg9k3rqtls0c92mrt8eqkuluhj9qljz46f7k,loop-ust,8581262,0,8581262
terra137kq9xncmut9v043ctpzwk3n2uzc0xeczlxucz,loop-kuji,122433774,0,122433774
terra1jw4cxcvaf2drx3qr97tn258kx4hnhglff7qhcc,luna-ust,1061502833,0,1061502833
terra1uxtwn92ypxdvdtsa6nww8xh2ngvhxaa5fndgdq,aust-ust,20453033461,0,20453033461
terra1jykqeqqametqmfrk3elqtvrgqpj70mmfmqhnzc,loop-ust,3609457,0,3609457
terra1gjygfpfqaqj56fz86vlskctzyp5mhm2exh53t4,loop-ust,4445362,0,4445362
terra1cxljmykh0mfmy8kz7chlhct8wpztsrqj69afgl,loop-ust,968627,0,968627
terra1gyfkyhljehyn635wy46cxhzsg5hle88qaqy085,loop-luna,2787570696,0,2787570696
terra1a6lt2jgl8zm8y2d5gr9qj56k8c0egqzru5hca5,loop-ust,2739842,0,2739842
terra18l0ap5kgc74xm9nq3h2zkjk24wtufa06qy2mfj,mir-ust,1556884284,0,1556884284
terra1flmc4p8kcgswnwxyhnjx73etn8xkfsgfsjup56,luna-ust,3773439,0,3773439
terra1d0857e5rskzr3cmvy2ghz7mxl626q86qxaze7q,mir-ust,361118786,0,361118786
terra1cgwuvpstdzjzqaqlt3cc5vw9qqde9q3s2n3x2u,loop-ust,640737,0,640737
terra19lg2wt3w0cqn63de6zqsekafvahjh89gtuf5dq,loop-ust,1360185,0,1360185
terra1uhjlhwf72wlkynnj0m094t6cnh2em9kaxsad2f,bluna-luna,832279345,0,832279345
terra1spmk5c90nk4jq2sarpa9gaq9qaquas0vpgz9fk,loop-loopr,107214042,0,107214042
terra1r282y8kjy9egx8m5l33959lsrdg8ewekkv7hru,loop-ust,6342235,0,6342235
terra160lpkvyga2aq0whl632arjl3599pwy9v3ejpv6,loop-luna,16354936,0,16354936
terra1e6g0wdrv4sdwrdu6ffzccxl60yn34f5arf3ltc,loopr-ust,6578618130,0,6578618130
terra1j0ehzuqmhrmfqe0jk2egya9t05k8n5dp0ws4g6,loop-ust,1421480,0,1421480
terra1fhdj4np8llslm6f4d4ruhk27dfls7mahfhyjkq,loop-ust,94430151,0,94430151
terra1vk4u3508fdzxz8vvn3hlady7xqk3y5fm78m5wk,luna-ust,19737162,0,19737162
terra1rajsy7x4e58ksuh2sxzwg3qaddv3ftqev5m5yh,loop-ust,3213521,0,3213521
terra14pt9awhxwu5dyfvmealgkm23nwaxjndhwdchvt,loop-loopr,586592271,0,586592271
terra14gq2gxnf40290x6xflzwd5dmug33lcp8n2n9cr,loop-ust,977431,0,977431
terra17cm77e606sjmyyx3c6kk4v2p090fsza363gasx,dph-ust,273683584,0,273683584
terra1cfqu5258g8h0flczpwtj872nsm6r8edvslqgwa,loop-ust,14804601,0,14804601
terra1jv5rmunam77d8fv8qe05z8fllj2566rsc5qvjl,bluna-luna,9962504,0,9962504
terra1rj3v2jcdywrzw2jne3vps3d23hp777dcsxythf,loop-ust,83853253,0,83853253
terra1jznsnheug9hjuwsftsyqyt9k20q2ldtpv67wuj,loop-ust,3619115,0,3619115
terra10xkx8u688q9lh5z0cmau7mundv2kuuc0wyhwh3,bluna-luna,47834966,0,47834966
terra1lj9k0ywhrnqf3ksuhnlrgnhkx2um5jp895y857,loop-ust,1089085,0,1089085
terra1arcwuc6q0k0fjp7kzgr5tnnyckykrmnz90sdy2,loop-ust,4702676,0,4702676
terra1ajs63cg4nhfxz8gjdfprwusdq6yxdgrrs8z2r7,loop-ust,2052801,0,2052801
terra1n7zcmqe2frttwty8v2y5ta3jd7y23km95xasu4,loop-ust,1904716,0,1904716
terra1e6zf8eatxa35kw6y9a3l8wylznw4hnapz84e7c,loop-ust,7208992,0,7208992
terra1y0rjztgqydn7ghuvkkpr93n7ad45k7qzdp2dsx,loop-ust,978151,0,978151
terra1rljmsg3lcyqy7yxmduycf2x6r9gq3wd24fyqt4,luna-ust,101907502,0,101907502
terra1dvge94dt84fkxf8pudqcn4sf9ca3y2qsxv00yf,bluna-luna,22959290,0,22959290
terra1drd4xcvzvp59j68q673vk9se4akvmzyllyw6kw,loop-ust,139433079,0,139433079
terra10hklnw9ls82sukf7kjw644k0puzhz0559n5r3l,loop-luna,25523873,0,25523873
terra19ta0aazfntxkpd3kn6ptlgx5hq37mv36wewq3f,bluna-luna,558629650,0,558629650
terra14h88mg2lzcc0dxtpfa9ndl98whre976p55xkme,loop-ust,1584109,0,1584109
terra13yx9umuw8uyks6ufcgjllanyw74rrd078z46ng,loop-ust,1268201,0,1268201
terra1muyscn3ngzatxr68k5ddj3wcjzwaptsg6pc0vq,loop-ust,25658559,0,25658559
terra1295etyk99ra5x3e2suvyp5yv7jd5wcrys9hmc2,loop-halo,3365190912,0,3365190912
terra1hgmvpdngnde9jzj0rafqj8hgw90vzuarsgahn4,loop-ust,155748135,0,155748135
terra1ngz3g0avclt0xynst38n0qdwrkagt7yw5x7eju,loop-anc,56417258,0,56417258
terra16ejk55pujchgjruejhecnpuh39j7a7r3n8xxvy,loop-ust,22607715,0,22607715
terra1phjsq7y6txunfh2tvu79vug0qv4nep55wxxec8,loop-ust,1578403,0,1578403
terra1wpnn8jh75sznktu4nm374lvp3dpp492ad7uvka,loop-luna,9124232,0,9124232
terra19vuz7w3cxy5k0ae8mtp0tc4n7a4nz0mdy65qrd,loop-luna,1492071318,0,1492071318
terra1mux96nux23mf2xwcpf26fvrj5z8umd4nau7wsy,loop-ust,2115358,0,2115358
terra1r5dfdwfzwwrw7nlhdwzcn8rm00g205tksac0ma,loopr-ust,54837172,0,54837172
terra1f963h2e7tup9k45l9hmkc9gna98n8pt7vefxg8,mine-ust,4123983,0,4123983
terra1jhjwv4w2evg5ffjpare2zckc6u7tch7rgwqxcd,luna-aust,9254796,0,9254796
terra1lr3efuvhq6qcsw34v93h280rrh74rv36aan9cg,loopr-ust,100539232,0,100539232
terra18yd34l3ejtymunacvcqrjmz44e256tun4r7wng,loop-ust,7766248,0,7766248
terra1jcjhd8xrngcx3zyf0axgww9sudncrsssw3hc5h,aust-ust,211679916,0,211679916
terra19mk6mlwrl44uytga0yz9cf55epvnnu5cvusy97,bluna-luna,599084,0,599084
terra1kgn7hathlhfnja2wfc349t4t7cxxv7yy4hn2yj,luna-aust,49051881,0,49051881
terra14q0hxulug5s2gu2kvhgx44yc0ktu04vjyy4qr5,loop-ust,141902,0,141902
terra1lxvemkkpg7hueht8mrsvdjwpjmp38y9ykyt8zw,loopr-ust,55618427,0,55618427
terra1mnzz3vvsuqajkl20gv0ks2mv7202c0a0wqtleh,loop-lota,114267585,0,114267585
terra1hn0zy5x4640p80jy3x79smg5ht4zzwk05wrpah,loop-ust,946502341,0,946502341
terra1l8zyfk4v4frluvt79tpyqkm6gnkt4ypvkylks2,loop-ust,5480252,0,5480252
terra1quwn6h4nznmrkv5mvjt7237u7xe2hw9pj9sr28,loop-ust,3366865,0,3366865
terra1n7ludq6t8vf27yf0vmpc7z9eml6k50289px5x4,loop-ust,40531816,0,40531816
terra1wqp8nnfcx34505wmmaz3u8qhl9zvxz4srj70fj,anc-aust,4230520396,0,4230520396
terra1tvcp4lr3qhceg3wwz7k709vrejcy2d9gkvxpc3,loop-ust,1924291,0,1924291
terra1n4er30cmmax5eetrc7wu2auutpt6ztvw2gu64z,loop-ust,882470,0,882470
terra1g84gds5z892per4hhqh6mnmgfwqjr47tqtxpxs,twd-ust,25126479,0,25126479
terra1lzp2a07jayf2jh20nkp0z28j6lmwhmspfjhlqx,loop-ust,5556542,0,5556542
terra1k7s2tvqjc69fyv6zcty3f67j82u563cuvylkzd,loop-loopr,1545160904,0,1545160904
terra1tq8zhlngrtydws4jy2ydu2khhcxavp22h7mn7u,loop-ust,6946547,0,6946547
terra1xjyeh0cthk8qjrdhc4e4zrcnyq4ah59w0hw9uq,loop-ust,1683682,0,1683682
terra1u8fnxupyethh6fksrxq4z3temqlgjnks97n0xu,bluna-luna,4656846,0,4656846
terra142m09k05d7vrp448g8ysg9uclnvxd9petcaz40,mir-ust,655050608,0,655050608
terra1h87v0rvjclenrau6k3jt7k4wqs0hywgldg4mdu,loop-ust,163823810,0,163823810
terra1cqusat9mv8z0jylefz3qg9ssh8sg5tjvp563jh,loop-ust,14816711,0,14816711
terra1h4uwwz3h2ggrywx2v9dcu5mp5syg6wef55nqkt,loop-ust,10687877,0,10687877
terra1zgv5dprvcs8rclesn7xdn8e9q7jepe3q9tn5ht,loop-ust,1031855,0,1031855
terra1dc7m86q6hah7uztau2v26hhjnrav3ds80vl324,loop-ust,2654632,0,2654632
terra1g9twcftmkxzn005judkrpez4h9eusvpenyvdjg,loop-loopr,4445988316,0,4445988316
terra132x65dw2fmnysntyx3wec288udhvdmw8drqmc0,aust-ust,161285708,0,161285708
terra129xs0gu6rvmnudtklja0dd5j0y60f7v2uxmf3a,anc-ust,45851152,0,45851152
terra12lxef2f7jxxjnhe8qdu9ufs6y8zy2quyde34rj,loop-ust,1735013,0,1735013
terra15rpaemjq5rhqxjnzph7493fk2a3llzcct7n6k8,weweth-ust,2412742,0,2412742
terra1qkkcd7k8axy90nherkwhmfgcndyyljfveve9px,mir-ust,97349032,0,97349032
terra1hvnkvt999pnnhyqtdw30wvrequucfjk8ylzmra,loop-loopr,2910200965,0,2910200965
terra1uc3t0f83494877nz0zu9lsfvapzsksdrt3qtgl,loop-ust,12000784,0,12000784
terra1as52tsm6jkw3y0km4lczrp2pmd8jk8gsmu85ks,aust-ust,524438831,0,524438831
terra1yhp0gus50swfyutnrfzynkcqutql96dgzf36um,aust-ust,133884453,0,133884453
terra14racck6gzml2tq420vq22uakk667awz7r7t7js,loop-loopr,1176621280,0,1176621280
terra1gv3wqu4dpym253mjy7hwlvc2lxupqxmnzdmfpj,loop-ust,2367125,0,2367125
terra1su4e8ykctjsz9xqgazvfaqz0kyrltjx7jf0l5e,loop-ust,2247967,0,2247967
terra18tdt67d0g6mfmfu02e4c99te7hadu6lc9ek7xc,loop-loopr,98809898512,0,98809898512
terra1mj5n6msss3dauk6pugddnn4rkce4hfe4j04vr3,loop-ust,299749933,0,299749933
terra12q7f9zspkj0lqpqlv444g0skd4u5rlqt00e8kh,loopr-ust,86458775,0,86458775
terra1rgduu9qf2vdrjpu50mnchuasf5q0fu33fuvm80,loop-loopr,2906962326,0,2906962326
terra14x3rjyxejdj2wq32cnktt769ura7rgg75mgxcf,loop-loopr,758581927,0,758581927
terra1jsxp6a26dcdhel37mke34nsa4aeln9nycvptwr,loop-ust,341021407,0,341021407
terra14gg8zcx8yy27glefvurlvg6trlgvwt3s7ejzvv,loop-ust,338007819,0,338007819
terra1mugaud6ucn74fenjcne6jxhdtkf3428pfhu7xn,loop-loopr,24575860436,0,24575860436
terra1egq02z2vahs7lf7wqhxpphzjaye38zzcjaldqd,loop-ust,47352030,0,47352030
terra1u8znqkyxkmwhz886whuj6hrqufnss9x5vmsr8s,luna-ust,12351809,0,12351809
terra1vzp7tmv3v77fpxr5gfxuz5fr4wlqd73xdhx897,anc-aust,42805570,0,42805570
terra10g4j0azn4q0qwldremxl9q80yuckrfclya29dq,loop-ust,443884,0,443884
terra1qevc96gpa0s72yn34fkx06vlen4n7luwxmwghn,loop-ust,9546813,0,9546813
terra1jnpxguy2wtsn3ceklr9zepzus0vsg0fqytmup3,loopr-ust,32391453,0,32391453
terra1qa3axtwe257z6a8fgepk05nnky05cg2wuvpvud,loop-ust,164573194,0,164573194
terra1xu8p9dwmxmp4tfxy4049jzucgx2zkcflj85syw,loop-ust,1823038,0,1823038
terra1jv0j5sc4szzpqeezrttvzwhpp3yq7aydjhv3eu,loop-loopr,449896338,0,449896338
terra1qax672cmqhgmja3jjahnydanjdlmtpsvztsyng,loop-ust,48915154,0,48915154
terra1gtj4p5k64pm3h2lzwrgsk3u3p2sq0zln3clapk,loop-ust,4006087,0,4006087
terra1ctm9trz0q8we2lffxpen2a6mu0c6tkp4mhzeqq,mir-ust,42921904,0,42921904
terra1xyw4d4c8ythzsw3ausuv8ycsz9tjpymtjfts3y,loop-ust,145962457,0,145962457
terra1wagjhw9fg7f80j9crvz4a34647x87fwnw2047s,loopr-ust,33755933,0,33755933
terra1zgl6p8e36xtapyc3q6699rtt8txc2sfm95qu2p,loop-ust,2530399,0,2530399
terra1psf4p54u7wx7fen6pvumeys8r4zfqygfq0tf0l,luna-ust,24060932,0,24060932
terra1masjku7vp0n0j5xgp2ysk663tjzezdw9zp4gtl,loop-loopr,44128311,0,44128311
terra1l5zdya4vmklzfa4jzrzlpve533w83utuun4enf,aust-ust,104482121,0,104482121
terra1ze9cu09l00268a4r03932n92duy0z74qmq2lk6,loop-ust,945200,0,945200
terra15uaw8cm7rmrrd6ydvnxfmnwzdklf0vr2ezvf6h,loop-ust,19015180,0,19015180
terra1asawujc8lej0mdh684v64nk62jh5mzy2t4sfty,loop-ust,2130071,0,2130071
terra1p6wphme86x2v55kd9jtetxyg89akesjtxrjcpu,loop-ust,38449142,0,38449142
terra19lmz2hw3tw0cfqxxm68xrpel3k2tcknqkzw6g3,loop-loopr,327098056,0,327098056
terra1tvgz9kl9z0h343evth7mwdnvjd8p4al5zlgccs,loop-ust,3210818,0,3210818
terra1pmczqvvhmlplaftyctgln23kmwmnw8ypp76pw4,loop-ust,242546946,0,242546946
terra1qqnt9zvjs2r9k6twlw9xkjc2dmx8sj30ncud3g,loop-ust,17663744,0,17663744
terra1nrfaycul8qhtar8tcndnfugggfc22qrws7dg8s,bluna-luna,421564484,0,421564484
terra1lj9d8q7t6se5wmslzqntwxa3vsjczt54eq9j7l,loop-ust,31602597,0,31602597
terra1whartvkghe88khjmq0zshsd2p2mg7dfn9dkt7e,loop-ust,5629791,0,5629791
terra1g9fltn735ea9s8jnvw8rvum63nnzp9762fwvlp,loopr-ust,26192599,0,26192599
terra1t7cgctgrxe2kgluyuj50djwmpfekpmpv8whwjv,bluna-luna,2035703,0,2035703
terra10frvpzkdew7403kln7msjwvc94kzmd27ckthfl,loop-ust,1605526,0,1605526
terra14lgvhj3khqkfta88alhmunsjdleyjuczvdydsf,loop-loopr,2912539466,0,2912539466
terra1pqq0xyunczu2dfnk446tdggfuxx73vwuafn2j3,loop-ust,7310122,0,7310122
terra1lfnadl5mzvtnw43cdru3k3me6j07mp9jhk0n77,loopr-ust,102355342,0,102355342
terra14rqgfytxjg6sxy0m9qy50ptf9t3uc87a0hw749,loop-ust,4686158,0,4686158
terra1ttt87c3jcre6qtqnle08hnx2xp79aynzar8tq7,loop-ust,8679,0,8679
terra1gn54mrdykeunfvp98n64k7sqgwsfcwl9fr25qt,loop-ust,32951942,0,32951942
terra1tn7qt38jpn5ftqwv8l5uc32ejq5xjw45wt5eqz,loop-loopr,84918847,0,84918847
terra1jv9qpgmz4rguaxgg6vyr74rq4vz8h7umas5me3,aust-ust,1467014193,0,1467014193
terra1ahxe5dtpjuwfn4n8m3m4fc54qrtxu58yajm490,loop-loopr,18701029641,0,18701029641
terra10facy7vmjc64uf5gqfvxzwgj5knvylw5k9uv7g,dph-ust,656627029,0,656627029
terra14dx5gp4cchn048pvr8uugaxftlk309xczc9rd6,luna-aust,178491730,0,178491730
terra1admhwhrq59a9n4srf5wetyg95znt0grp548877,loop-ust,676604908,0,676604908
terra1umkermkvx66llyn8cy0ncumnprvupl0mck8jty,mine-ust,15141572949,0,15141572949
terra1gzk8xzluhaujdadllw687swfv65dmdw346hlam,loop-ust,1058560,0,1058560
terra1txfmnpf7zk5gqg2fh5hsvm0jkcd4lxjme2dj67,loop-ust,1044937557,0,1044937557
terra157tk393gz6es9n2rv2vrt99at47y4cq65x3ry6,luna-ust,18329391,0,18329391
terra1vkpyj97qya6khndvsp0sazekhf7yspnrvfq9nz,loop-loopr,1060062190,0,1060062190
terra1ra0kckre0uzslz9pp995gch4ryuguuw02qe9v0,loop-loopr,61968695,0,61968695
terra1gfpucc6dtr58j3tmtmp7kha04cuu3rthpnx5nd,loop-ust,159145855,0,159145855
terra1ekaazr08tzhc54s46e2zey58h0uhzd2t0n4ar0,loop-ust,106981204,0,106981204
terra12rdarzc575nhr8lpheyh46vft6u9t4ss45k9sx,bluna-luna,30452169,0,30452169
terra1agsuat06s0g4kevguah8zyfkamtn780xcwuz4t,loop-ust,4337641,0,4337641
terra10lqg6w08gkjyvkzlam5lw2z6ewlc09rfg9vntm,bluna-luna,27434590,0,27434590
terra1c6fwmjau5qmj37fe0j0u5t0lvk2lmq84xsdapk,loop-ust,1128183,0,1128183
terra17xy88zma6hv3k2d057hc4umcdguhutentg6smc,loop-ust,805424,0,805424
terra1pr4y9xps4hqa660sawl58n8lfnug87lskse6k4,bluna-luna,199002266,0,199002266
terra1gf4ukth5u43dk56w2n4gm2elc6dvc89dk9avff,loop-ust,17260497,0,17260497
terra18gc6dfdzs887t2slk26taluegqtyz6rec657jq,aust-ust,291273045,0,291273045
terra19gfnw0kaxtmc2vrjwcmfwq7ymueqkqk9emsk9w,loop-ust,47733464,0,47733464
terra1rfvxfnpe745ldpwna5ga7j2kt8f64upafceu2h,luna-aust,87234344,0,87234344
terra15djv5gga8utkt4cpa7eawszu9da5rlasr0fuwh,loopr-ust,860235396,0,860235396
terra1dxf6l59m8tlt3w67dntc9v38hrmx63gaslq6hd,aust-ust,5230095549,0,5230095549
terra1s4y3dah7nsyyyj90c2rhmwujxjeanpkz7raacl,luna-aust,2442091399,0,2442091399
terra1traa8tfs5qw77xuau4ml3x4z9g00ldet99449l,loop-luna,412618591,0,412618591
terra1wh4ns8tvyln8j4c80rncxnhlmghllucnwvcr2z,loop-ust,12324116,0,12324116
terra1vss6racyqrv2afz7sca6xwyjycc8nwyap4zlgm,loop-ust,65801407,0,65801407
terra1k9gd3cajguv8wempu4gpxl063xllsk4uk6m8jt,loop-aust,2568878991,0,2568878991
terra109vfs8fawgmvu5sa4p5jvdgf0elg085a7cusmh,loop-loopr,2234417481,0,2234417481
terra13zxh59w60tu8qj2e3u9cdyrgghz3u9ew4hv7nv,aust-ust,12483731543,0,12483731543
terra1akzl5f2y5kz5qmrwx82dpy6rsemw7es92xev7k,luna-aust,115443211,0,115443211
terra1mzpqkcjxj2q2sszh4pv2y0s6qy6xmqfe2t8hhx,luna-aust,558536617,0,558536617
terra1sh7zx37cswzjuqt0xardl3qzzlmq8vev4g2pd0,loop-ust,3306840,0,3306840
terra16sefreurtx4htkv4v9t9q58xzceztwd82yf56e,bluna-luna,4832735,0,4832735
terra1l870sczqjrwuxanen5703nwq4xkygsugcx3x6w,loop-ust,167347,0,167347
terra14htrf07d24vr2wv6sj97s72aws0ykt7yclv8fl,loop-ust,23537891,0,23537891
terra19kvhwwxj6dehfc8hs6qtve3dsu8nvp6mmmc6ca,loop-ust,13815359,0,13815359
terra1qdptygarnmy46l0jm26nyczrawq79l2np62kck,loop-ust,11426474,0,11426474
terra1m6qvdqn4ae2dzu33xqfamc2fq0e2y5z3n3vkqh,loopr-ust,347976395,0,347976395
terra1vfdy3xwdl37ugdkv7nxfnxzzn8qfl9q3w5ej4e,loop-ust,4849486,0,4849486
terra1m2r4xm9csd2m2hg96frwxmxyjzdrlyvwuk6rut,anc-ust,19222171,0,19222171
terra14a92aw0mc7hpnqt9we6m4xryf4urxvxe3pwtn4,bluna-luna,4561058,0,4561058
terra1gs6rq3zz0x3pkc6wu2npkd396qnu504dxd9kju,bluna-luna,100522270,0,100522270
terra178skjzpsqa2gaepzkp7tc40m3q46ua0u66pvn8,luna-aust,44712930,0,44712930
terra15jv6y7pmjzm2dqltefj9uzueh76x60pka76np9,loop-loopr,132745382,0,132745382
terra1584nezshl3rxyhpkezw2gdz2yf8jsgq2278x6k,bluna-luna,57366866,0,57366866
terra1ym470fuc4z7s3c5935489aw7u3xqvkwqtjd4yq,loop-ust,547465053,0,547465053
terra16h7dfagg9j0d3fqz4xyr0k06mm22vzrdv702xm,loop-ust,888355,0,888355
terra1079h9fnhltcekqzx02g3ct8qqp9n8ys7f5lfzc,loop-ust,4847925,0,4847925
terra1vew7m34gtrjyqjrq382sa0cqldwj6am7mdm6cd,mine-ust,33370621,0,33370621
terra1gatat6xpyketzmx08e8f2m6lhtvjdxw9pvxvpu,loop-kuji,1377019780,0,1377019780
terra18jcs0mtlznw4kcg8kks28endl7uvfvmsuug5ru,loopr-ust,8691645633,0,8691645633
terra1mglhkv8urt7wlh7g99h4ntgv98w6f9rtfwh7wm,loop-loopr,1794509009,0,1794509009
terra1hg49ccz3j7t0c0yzg4vfwdsfkpjrjgccjch42y,bluna-luna,160787777,0,160787777
terra1k2da36xetmg2lk4sf52v5uk9wmgl8ecqp9nu74,bluna-luna,19184354,0,19184354
terra10dzz0pxnp05glm3rz6kw6csq5q0et9qwkege3m,loop-ust,6008730,0,6008730
terra18gz99gpekjh6fmyjhgzm08khzygsp57thkpju5,loop-ust,25596766,0,25596766
terra12440pud8fjlc99nh2rtsrvgpej4w0ncapxjucp,loopr-ust,9591675,0,9591675
terra1k3htjy2w9rn0pdgw44mclqkrgzv0kpeu8n9t62,loop-loopr,10613541901,0,10613541901
terra19f9net22r2wjvxmpzwfnp7frcqp0et420n9uw0,loopr-ust,12970017,0,12970017
terra183qrflcmtmx3x9n6ls6e2sq2jhlfexcz4f9kfh,loop-ust,9108494,0,9108494
terra1prga3yuqnk4plcuddvcydysqwl57he3du5v92r,loop-ust,838287721,0,838287721
terra1ufz7cr47d38jhw2wuzjyc8xwdpf4dx4luzww2w,aust-ust,141524475,0,141524475
terra1dq44nrcfuf52euk8zc8g85z7p99prhuqc9qe7a,loop-mir,132646635,0,132646635
terra1hhcvjdru7cpku55ttmmp6el44l739uqgwzyu8h,loop-loopr,67776664,0,67776664
terra1c9aw9cg23jpf9gvsx9c3h74cfjumml9h2p4qm0,loop-ust,19388742,0,19388742
terra19gszrwreju786yqr5eecqzsmwzpelnsnanck9r,loop-loopr,205002385,0,205002385
terra126qqnt900wmr0j240ph9jfc7pvlwvknw3t6wlp,loopr-ust,773658261,0,773658261
terra1g44a0axy98mk8lj0hh45fx67eg8mr8mjpa6cyt,loop-ust,653432,0,653432
terra1gzc0hp5rrnt8yjrr2hm4r9hzlrlsh4wn3qu92f,loop-ust,13687287,0,13687287
terra13haaz5sm2yy3jgsdwt4gs674u8xeucevmlrvv9,loop-ust,17328974,0,17328974
terra1djkrankzvuetnnz0gr28hljxayj2yaymmxfmcm,loop-ust,468380,0,468380
terra1lxw8fdv40ve20g8ru2lz6dqm396ann4sn62lg8,loopr-ust,5279933,0,5279933
terra1pjfq7tdzw5l0fgwecy0fj9pmtlq6hg0drymgwa,aust-ust,236612332,0,236612332
terra1ncrls3cpwuy755x840mjgw0q3sa4t43ejarq6l,aust-ust,420017757,0,420017757
terra1cufsmnw2st5qv9rfayuz54h59k9tm0lw5v2n7c,bluna-luna,5043278,0,5043278
terra1jvkxdd83ga3azcved49fr498v0ulalqkpse9up,loop-ust,273288991,0,273288991
terra1256w7uyf2d6hkmuj5mmlp2yzq3k7mak62rj43f,aust-ust,2739389415,0,2739389415
terra1d56umjsfe96shcsu0ras3jy3xa6j58gysk3tky,aust-ust,4605369367,0,4605369367
terra18mmz8v7hzlm08eu3pr0taqsqja6qr86xxdc49u,loop-ust,1304972,0,1304972
terra10ce3664e52thvut6ytd0ctma59v0t9yfjtwyfz,loop-ust,11342476,0,11342476
terra1fz2d4xuc8frx9nzhk36d074fdy9q2ztkuqt48e,aust-ust,403015566,0,403015566
terra1528yhqx9ltcjjudqrfd3eunc55l0tec46ryxfs,loop-loopr,6176627,0,6176627
terra1upadwp7ekdjful3rd4jq2vupwv99ck24jk94sz,loop-ust,19799116,0,19799116
terra1klxazgs7kmvsu8l0qzqzh9fhpfcqh9u34fmaqx,loop-luna,27977559,0,27977559
terra1vj5czjyacr42nfzj7z5zsvsml0az5wuxsf9k5j,loop-ust,328524,0,328524
terra1pdx65q2vsqcevxnaev8jwr22u4xmmgf4n7ak6q,aust-ust,534733482,0,534733482
terra153r3pnnhntjrahyx0wg6a0drsxcs054mvjn4r9,loopr-ust,15489679,0,15489679
terra1hcf8vupqf72lk984wdh2qhfg4007ty6r2uzktx,dph-ust,112931763,0,112931763
terra1kn62am3gy0rud3dzxeahq46qxe5ntgp06py837,loop-ust,3123305,0,3123305
terra13znmn4p7tmgxrp4j4dwrdr28hdej2t6scwhq2c,loop-loopr,1807436025,0,1807436025
terra1yhrujcuzrsf5v4jtf27h49knz2ccwes9v0u7g9,loop-mine,118800761,0,118800761
terra1mqy9t4jfg6622skfa0vva978ykw3kcxfgqu6sz,loopr-ust,10480898,0,10480898
terra1xqnscjlhs2m6fv0m9xn34awpxr5v8remur90pt,loop-aust,451881347,0,451881347
terra1dy0rrtfyae30sx03z2469xwle3w5exp7cugcvf,loop-loopr,899838612,0,899838612
terra1t2dumsntyn236ddauf46ez26cxfc2atqffgqn0,loop-ust,548185506,0,548185506
terra1w0tdkrv6srajtd6ca3w9nmzvt9f8q4pfa3u0ea,loop-ust,25368683,0,25368683
terra1tws5x3500hn9c747x5kfr5ckv7sx5z4lsgazhp,loop-loopr,13310082,0,13310082
terra1hwr0une3scp6c4wkp43hncvfnmu5gdf43hhztj,loop-ust,97669439,0,97669439
terra1q0rwvq7qza7jflpgurdtgy97lx2ujfqmgf5gfc,loop-loopr,21045185035,0,21045185035
terra1seypjc60w03zeh4myjn8gsch7x9t7sd0409xxf,loop-ust,1710873,0,1710873
terra10qj333vj56fdl6favvae4sy5869fvha5amtltg,loopr-ust,166684105,0,166684105
terra1una9dsuf6d3u7wx9mymze0lsg9uaepypqpewws,aust-ust,721331553,0,721331553
terra18m5f80he2mtk0jtr0e9d26mcgccu7znhun4258,loop-ust,1774778,0,1774778
terra19jhnlm8w8pcy8n5zxhymyt86g0s3gfem20vr4s,loop-loopr,17225724,0,17225724
terra1cm5atvfr3k48azjkgpvpk85t77hc2zpyt4kmgv,loop-ust,165634,0,165634
terra1g8kuj400xukl654r8ez6sf3wn2xzh53j6wfehq,loop-ust,3870233,0,3870233
terra1whhs49l04ezamrwtwtdkjz9c0ztveux7crvmv8,aust-ust,2301333572,0,2301333572
terra1nc9zaayfpsqa4lvw536hj2xcg6pqpan3zy500t,loop-ust,812953,0,812953
terra1njmvuz2c34mccd5uy5a8yh2u0q5a52wj8l6zty,luna-aust,91933929,0,91933929
terra1vzacxnad85702ue8e4cz9ycfgvghgs0zu6tpq7,loop-anc,15368822543,0,15368822543
terra1g5n2jvx5g8w7kkntpgzssvzap07pqh7r9xmux6,mir-ust,2076624384,0,2076624384
terra1zhsvjgkpmcc2rn7dc0elmncsm979ncvzral0t2,luna-ust,1411479055,0,1411479055
terra1rk9w5qv43mn94raau44slw8rpsuxgn64ntmzzh,loop-ust,4324484,0,4324484
terra10z7u8hzv06udpl5scjnk4p374l4g7fm8uss88h,loop-loopr,85760569,0,85760569
terra1vwsfwkwt5dgky37wyf99evqq5t92nwzpwmxf6e,loop-ust,1756440449,0,1756440449
terra19q744k3kppmupym6e5j0geaj46t0sv5lcha6we,bluna-luna,394125290,0,394125290
terra1cm8ymlj53zngq0d02mv5ajd8ar6w8y02x2je48,loop-ust,3704960,0,3704960
terra1w272a5yxu5kaksepw2cm8qz6kfylsefy985jd3,loop-ust,38364933,0,38364933
terra1lce5cmqsmnyw0p2q80hu6u6lrpgyylg3vrj9dt,loop-loopr,1051160334,0,1051160334
terra1py7jy2nflf3k5ulpwvt4nxa8spy2ghl73hwjmw,loop-ust,3538504,0,3538504
terra1a4vqppulv66kj8c5k7w7l27xwu2kz8xlmade3f,loop-loopr,3984208472,0,3984208472
terra1jk7yesf85c7ke2uwaj7agqtce75h5k7fuqh6s5,loop-ust,1057174,0,1057174
terra1fkzqjhdv0c7aafvgcgpv0pmh6q2648pzlkdcgk,loop-loopr,959754795,0,959754795
terra1agyee4e65g9n0sq4fluq649tsgchth85yddptd,loop-loopr,1025517847,0,1025517847
terra12fp9y25c388tfr7lfpp5u6q0ll9u8em2aq3lx8,luna-aust,12023077,0,12023077
terra1w2aawle8zw44zrfg36aka2cy6nlehq3x8gwvdl,bluna-luna,1244193171,0,1244193171
terra1js3lhlxe0e4sswftmwz8udtjuxczhcylgvlhcm,loop-loopr,1294703895,0,1294703895
terra1levjxctfqhkneynnf3p7lnvhpyf5tewnswzkz5,loop-ust,13326963,0,13326963
terra1qw6f9z83zakd4wnfxgdydc2dfp659qjuq9qj47,loop-mir,67469741,0,67469741
terra1qe7f6hg7k82nx7rs7v79dhl239ug20aqnk6a25,loop-luna,103578,0,103578
terra10e82l2trv02p2p5f7ft0ls8udctnnm2hqy0q7y,loop-mir,43500567,0,43500567
terra1u8najrce7ha7u37gferfswk8m94242fkwz2fks,loop-ust,1433829,0,1433829
terra1xe64jzk5dqda0vg30pefyspyhkakhu7d4j9uzu,loop-ust,404456,0,404456
terra1ecvhjzz005l5q2eyz3s5px0n6nnt9vlpr0gauf,loop-ust,4278122,0,4278122
terra1gd9s6366cgkr3qp6xjuwtmj3w3tgukaz553h28,loop-loopr,9241808039,0,9241808039
terra1tch7sfyp4m9set3ttrenvn7xw0nns6lgf5ew2x,loop-ust,1006040,0,1006040
terra158c0xghqg5pwtq60cd0tdmmstk6wc4cyvph74p,luna-ust,14358346,0,14358346
terra1qlkj9fky8p8cvuuw6hx33swrlruagwk2swy7um,luna-aust,3474598397,0,3474598397
terra1k3v43ry8e6a3hglqxrc3sxerf4cs60zz9cmgz0,mir-ust,9511869,0,9511869
terra1a8wncpvj0qryk5w90eldryf34ghawetr35zyq7,loopr-ust,101955032,0,101955032
terra1463ls4ud9tzt0y7ltwzwdtm4uhwpw4dcuwhyef,loop-ust,250329909,0,250329909
terra1ky7xarqx5t30hqhts6w670hsyd3hu469llrc7v,mir-ust,2325953320,0,2325953320
terra1gq5un65xlt3ru4t0l73m0wedmzjh9ffmr6g03g,loop-luna,2080277,0,2080277
terra1s9myvr3wa0el6tuy2jqa93p5hq26j0p0cr3luv,luna-aust,59355550,0,59355550
terra1n453palrx60qm58y8w3maqyvazzcz5s9h0a7pu,bluna-luna,4997643,0,4997643
terra12yypmu9jg2chg5url5kzfj4q9l2qdycmc2jyws,lota-ust,258687361,0,258687361
terra1hty4f7ne9v26d6lk9km2s2fg50hv5ruat5hnhj,loop-ust,2863559,0,2863559
terra1gr29ms8ghvgtncxz0zaqy67e0cvjpyktffltpl,aust-ust,99855934984,0,99855934984
terra1mn57mggrz4xhzzqr9r4dqfs23as7garxfl2axp,loop-ust,1682426,0,1682426
terra19xy46jf7tqmvulxh2xwgvc592vhpaxcqctj8n9,aust-ust,44585181,0,44585181
terra145p6p49av768mhs3qxlmal74yhrxjsvdgpur5v,loop-loopr,103205943683,0,103205943683
terra1g6kgn5azm4ga0hft2q2n92tj0uvns97fzsv6mx,loop-ust,3975806,0,3975806
terra109sdpcepecfjv686ntluqm74krvmgr9qyvuux7,loop-ust,7955206,0,7955206
terra10qve35qzgm6x429e49vwkjuw59nv3whm6xty63,loop-ust,10702670,0,10702670
terra1ngukxcqxky57unmlfu4hdmxll6erq20mzlpssf,loop-loopr,298096309,0,298096309
terra17mgtf3rx0y2x5lk4xdumtj37etdeukkm6ja8va,loop-ust,47256435,0,47256435
terra1j5gedkvjvp7s8eafz4fkh9nx3p069kn7qfumr0,loop-ust,1976248,0,1976248
terra1khr0qjnp4ywx2275pyj7la320u8c5e7hx6xu0z,loop-ust,14966108,0,14966108
terra125kfpue8dpawcdlu2s0mfj8vrarknwxn8qj6p8,loop-ust,3195795,0,3195795
terra183wp7l5fxx33dqpkrteyfc38q5xlwkn7nshpp6,loop-ust,9355985,0,9355985
terra1rys3r579967ygl3ke58k5g3nft9ef5q7342c0l,loop-ust,34849920,0,34849920
terra1mnc5dejrvcjz8a2n9vcnn8066jrk46pmjdla8a,loop-loopr,4506176791,0,4506176791
terra1c8kch7l4hw5v29axkv5v4uc7zfqvs0l2cw2t2f,loop-ust,911581,0,911581
terra14vzvr3n30hsamegp5syacmtplxwwdfg0t5zszd,loopr-ust,116834264,0,116834264
terra1hw0cjvydvj270rag0fvt6djqhq7lryxkzjplc5,loop-loopr,32738288,0,32738288
terra1kwtft65ydugry8sk3wr9fzawqtwmh0qv5t0vus,loop-ust,330088930,0,330088930
terra18qdx94pe6k7785pkvzezv7tdd60p4csgr675ph,loop-ust,9038436,0,9038436
terra1hmmvfr8wkqyyvtu7ate6d63fjejekftf60kn4y,luna-ust,2847404787,0,2847404787
terra13ngj352k76dwq8mp7p5fe8795tyd2lsn0gyhsl,loop-loopr,6404967392,0,6404967392
terra147sdhzzfrn5538zdczruz7j8jus6rjjxjyevm8,loop-ust,56102547,0,56102547
terra10pa0qv7mrqst053zhv9hxxt9mwhmr45ggguygs,luna-ust,199886639916,0,199886639916
terra14v7kh7xzj5eqkup9j7neh09wv94nsmwkmh5x7l,aust-ust,2862469029,0,2862469029
terra1y9gnxqee597ywnfuqccw80qcrgsewgp4qatvsx,luna-ust,44726360,0,44726360
terra1ywu72aanp0h8zlfc7r2xjs3shmkxxswl6zruwy,loop-loopr,74784733661,0,74784733661
terra1y04zj7dtlzueetx6w6fkhqn02gs37l5jzw7kzt,loop-ust,48571115,0,48571115
terra1r0y32pxlkhzvpv89gpr52x06wknpxwlpqzzqkc,loopr-ust,14442333,0,14442333
terra1l8lhecyyxkt4pefhl4rlv30mf6yuzuew9fhxlk,loop-ust,1873837,0,1873837
terra1vy32qvfc92pqkfhf6dgn8lqptmw7sl7ry8c5ny,loop-ust,1995005,0,1995005
terra1kevpm92pncyu00q5h2vk8tdn36d0rxrulnng5d,loop-ust,16125313,0,16125313
terra1a2ufaeyp5hfdl25fasql09ur02d2sye3zjdwh2,loop-ust,24673805,0,24673805
terra16de9tfjl4qa9kkej435vztlazya0d37g0kljqy,loop-ust,94989169,0,94989169
terra13sfa5825lclvnvucm4629c3v5a6mxxaw3s9q5l,loop-ust,16018870,0,16018870
terra15p99079xdc75dedt8ysyckdul3useu8zt4p4c3,loop-ust,1032049,0,1032049
terra1msyjtmepm9mujhkshcsgduhzgpdqlwwhd83xpy,loop-ust,373816342,0,373816342
terra1zawaxxvp4z37a58pg5k982xc9tvmw4jsl55lrf,bluna-luna,35364374,0,35364374
terra1x4ytsw8w7jalkn9ht9v2ux4e60sgmk52qlnk7q,bluna-luna,9836482,0,9836482
terra1ewkj97g3vh2sx4c0vuqm7kntlqhk59qp3k5ars,loop-loopr,9488310326,0,9488310326
terra15fwj6ep8fvcyc0tsut9pz6rlpga4l9xjq8e65z,loop-ust,21001816,0,21001816
terra1fyk248m0lky3pqcxqcftt6fc0rdm4nc844ztzg,loop-loopr,241799664470,0,241799664470
terra14q90c0h2hyr0v4ytx79088fvu8zvmj48gdperc,loop-loopr,2425585644,0,2425585644
terra1fm7qyu0t0wu9rhgufa4tgmnm7859dfdv4ejsfv,loop-ust,40459901,0,40459901
terra1d5mpzcch2c0psrvw7hdwdcgyxpzhncth305d43,loop-anc,320236000,0,320236000
terra1knfnk40khg3xq86gkmge6egxwt6wszlwejsl47,aust-ust,89138280,0,89138280
terra1u8fgmkqtffzk6ffmtcq2xlk70z3428ce2hqqpe,mine-ust,1244221,0,1244221
terra162adlmzg5uf8xxgq68twy7p7yjjcv0m3e5k8r5,luna-ust,32022939,0,32022939
terra1tqk53ahk03l40nwrred9l6pj54crfdx3dzazlh,loop-luna,54590437,0,54590437
terra1k0jjuv50zxgnaxne7lgmj5ytuepp8np0kegd42,loop-ust,5144293,0,5144293
terra14x0997ynw9nlj567qx8psnrz8u8xhzfrczpcmg,loop-ust,2130149,0,2130149
terra1fpg4y2u7j4t8s2h2lwzv5k8xwufx7anz3jl3e0,loop-loopr,16433993969,0,16433993969
terra129jk7nkptzcnmsdr6cxa6zu9mm8lgnvwfrlmpa,loop-loopr,1824223903,0,1824223903
terra1edfqtcmgscy62gvn3gspsemh4xgldqjkxyuvh9,loop-ust,1882763,0,1882763
terra1xh9ed5n78sngwfy34s8mn3dxtre2tvxje9heky,loopr-ust,25694634,0,25694634
terra1844e64tf503650k8nkcv6qtdjza5su2r446gwv,loop-anc,11523710,0,11523710
terra19u3lhn5kw6z56aaqtlmy33sgunc54tkw4uv45m,loop-ust,46609902,0,46609902
terra1h3pg5f54n6pqnt7sk04lqprmps3n49nxzezkgp,loop-loopr,991389006,0,991389006
terra1kwn05d2dfmc6n65wrnwjh07qnf54zh0nvm3h62,loop-ust,1427225,0,1427225
terra15trm6cpjecgt30ckv3qf33q6zhp9rql4fwsxyd,loop-ust,1072868,0,1072868
terra124j0de985etj7mzds83gjrkq43eu0cf8vzysv2,aust-ust,899101530,0,899101530
terra13g5pr5nvn2v8sg793jjn2u9y0zkf8rdqjek9ms,luna-aust,96130996,0,96130996
terra1sx4k35rq94rp8fysma52drzvg55rkm0443t7vy,loop-luna,1609568,0,1609568
terra1qvjrzynh27dsljn40n6r2dvaqmkhcasfg2y7ge,loop-loopr,5632846361,0,5632846361
terra1feqtlvaru4lszqnpjesgfw8splrg7u27wwwqac,loop-luna,515439429,0,515439429
terra186kp2pthl6jxr4326z4m6gy3klejc425hk5v5g,loop-ust,967538,0,967538
terra1jqgd5rtw0j96sjkdg380ktmqxhp246jr3kvhnd,stt-ust,4671126,0,4671126
terra1u6xvmlfd9wkaw6vp95vs0cmcgflt8uz3664lsp,loop-luna,118394484,0,118394484
terra1qqfnx5dy6yypynw53n7xfgkhvx2eptcksvw76r,luna-ust,1126637,0,1126637
terra1xu55hqv20zx2jfd6tanzx5q208x6xqyukmnqyd,twd-ust,3926053,0,3926053
terra1wkqeaqzjf0ref3gwe3rwwpmnte0lvxuf63rxat,loop-ust,1974071,0,1974071
terra18ycp43c6gn246eqsvf0y0dma3xzntjdk2y454u,bluna-luna,1733363,0,1733363
terra1swuv2tasf5x4gk0j4cnlvzs6s9qw5qyrlus3d0,loop-luna,5389924,0,5389924
terra1xcnkvyglm36k6z8y3j6ag8dwvj9688gy5f3cv5,loop-luna,203658455,0,203658455
terra1jmdcrwqj47y9fttgxjhj2dcvzvlatxc5qcmtjn,loop-ust,31718393,0,31718393
terra142dhrkj7h830knwa5mtzlxtwd4jnw08fzd7jp8,loop-aust,119555361,0,119555361
terra15scn8vej7v0969ecup3udzj6mgr08qzhlprnnp,aust-ust,227942798,0,227942798
terra1czka2eycealr9dnnwp8mdzevgj5v5xnseh4fu0,kuji-aust,15997250,0,15997250
terra1w44uxgt25u8rzpetmcz0kcnc39dtgh6fw77zt3,loop-ust,1143017,0,1143017
terra125wtmwun8csta5kvhe2ddepnl3htrxl5h7fr60,mir-ust,17658067,0,17658067
terra1dmvjwuwu75s58y0mq4hlzx905328299p0gc3m4,loop-ust,27231461,0,27231461
terra1vnr32hgk90e4p0r98xhaszetew8m36hfug8prj,loop-ust,473229,0,473229
terra1pvve843rzaxa4cawy5qmwh7tyekjpdfp9pht7w,loop-loopr,120000023,0,120000023
terra1v0aklw34xwn0x6w2e0dhfe3rzs3aaxwlehdx7p,loop-ust,136049165,0,136049165
terra1yxsus7qzr8ax3ld6d6ud86eqgsjn5cz9wh2jdf,loop-loopr,373217381,0,373217381
terra1ych066pkdywd85q0atkdzgnhw2yapcann3tftv,loop-ust,14491943,0,14491943
terra1t6jskvhfftqd58ukv77uh3h6qnyqczgal03u8u,loop-ust,339983985,0,339983985
terra14dd6ukfdkrevxl7nf88rngm300x2kc0h8paavm,loop-luna,3665760,0,3665760
terra1js52c5hvpss7e66szp2d50a6gq72c4xqlf5pql,anc-ust,5683,0,5683
terra1al4nshjr8u8mqzgk8kxnu3x4aufay5qdy57lsj,loopr-ust,33215672,0,33215672
terra1rsmsz4zgshfuam9xfnrxn9kje4w3tvqlsm3g6c,loop-ust,4281670,0,4281670
terra16g34q9zj3drluupmkffypyhe6a66mzxatw56pz,loop-ust,897579,0,897579
terra1guk6vrxpd33qtp6njga05ttcpmts2j049jt47d,loop-ust,2619030,0,2619030
terra1dyhlmeq8e58w8hys35auuk56z2cr83kdajeefv,loop-loopr,133525793813,0,133525793813
terra17c65jfu57cf0lcytzpn0ugauu9g2fxsdterrls,loop-loopr,8317900814,0,8317900814
terra1cjlj353lw40vky87mkhtgauf9phf74tmvyy4ly,loop-ust,2758383,0,2758383
terra18avkgsq0r58dgc7z94lnrk0lcnme6zwysrghtu,loop-ust,4767371,0,4767371
terra14ncvxzmf2e6cz8lrecnsl5e5dfw7e97fyp5f27,loop-loopr,668365456,0,668365456
terra1s8amd5vwe38k69l25f6946nswuf5ecd05axt3f,aust-ust,179876285,0,179876285
terra1sj85ym4pe2pttd00nyedp32qdephpz2kx2kxs2,loopr-ust,43683130497,0,43683130497
terra1a8ur2ja00s740p0emm2kv3r5c370vy94lp4whq,loop-ust,60175962,0,60175962
terra1vus3lhn7c0y9qjszd5xpvf77p3ksaw0h2affgl,loop-loopr,2716632017,0,2716632017
terra1d2dvpyha6x0vrfjrhsd9sqegghw6g7fmx8ytlu,loop-loopr,193576560,0,193576560
terra1vrlxkllv5mj646kg6qp64atwmzntqtl8zg2jr2,loop-ust,7318731,0,7318731
terra19746lcegysktt9pgy3hcjg6t8yzu9lz5qehvz7,loop-ust,1194765,0,1194765
terra14qylf744qwfvccr6ku9qlhwa20e3tzjsvhfyfg,loop-ust,881690,0,881690
terra15r6nr6r3clnhfu6un52cg384qkptqhj4cm96nq,loopr-ust,25255114,0,25255114
terra1nutx5mck88aq90vu690khe0pzpeax8rwtvaz40,loop-loopr,7003012482,0,7003012482
terra1ayw3lu3pucp2xftrtfncrajuvl7vset9tnjuzp,loop-ust,139979529,0,139979529
terra1z52uxjjzg26w6tny02aggl6gexu29ej5n9w9nf,loop-ust,2949187,0,2949187
terra12fsdaf2yrqs3fhf4fkd3cavy86xsrkxcl7zfla,loop-ust,908068,0,908068
terra1neqy7wxe4kqnuyqazk0xyhur7adn0n8hyn5f66,bluna-luna,15335995,0,15335995
terra152eqxsq9wlkd4lr9jrld55ww4qrcdv4s0vx5sc,loop-ust,319765681,0,319765681
terra1dyy2hwc86nq6v23ew304ry87m8usxsr27y4evs,mir-ust,20455331915,0,20455331915
terra1m2dgtd2gratj0mwga9xjuvgu20exr396vnx5hn,loop-loopr,3817653831,0,3817653831
terra13g6gwz89pv4s6uc3x9qdpznxw2mu7z6qal3sgy,loop-ust,4158750,0,4158750
terra1kxxf294lrtf9480k9c6zew7cfgd0ydp7jryn37,loop-ust,96999961,0,96999961
terra1ghwm750fd3a5mfcka8lsscudrjxxss89zx20kc,aust-ust,57588130,0,57588130
terra1kyqtqkps5splkq8er8ltuzskeycr2nj2d54eh4,loop-ust,7586549,0,7586549
terra1xn6p2tcuk30kjrwnd474ppwr5zxcrsqz29t7h7,loop-ust,11395990,0,11395990
terra1hwunqvgq2s367054h9742vat00rxknsce85wk2,loop-ust,10051584,0,10051584
terra13mkda6rwy65c3xpdcz6hqsa85qmux98s4htrk2,loop-anc,100145380,0,100145380
terra1jnldwtlsy3wsynsp7x4g7z286wzt44ggtw5q2w,loop-ust,16225147,0,16225147
terra1hmglalv6seeh2tfjnhxydpfjmj6ftd95qerv0x,aust-ust,606122982,0,606122982
terra109vkdh523gu47l4huwngt2puwzaat8nqaa2lv7,loop-loopr,129698481,0,129698481
terra1uhef7vuqnakurrkwpll8p2q0aue76mn6a79xyy,loop-ust,2736816,0,2736816
terra1ugu5r7vc3earggq424j72ptms852gwxcz5sfgm,loop-ust,3532496,0,3532496
terra1hncv8ej02v86fnu680mh3pdzsatumdrh7c4s7j,loop-ust,1466988,0,1466988
terra1lzxmd48pqzvkqkst207tg4m967wsry233nr2d3,luna-aust,59940185,0,59940185
terra1kkhx0u7rzd5xwavshkkysxeaxgs903c24lp528,loop-ust,38008648,0,38008648
terra1mn0zdm3epfcw22zjyzxqgrjkgepdql4gl5ugx2,loop-ust,590779118,0,590779118
terra12qhkskn6ecj48lc44xyh8rtnd6zqlvwn6mhcdy,loopr-ust,19023615,0,19023615
terra154yg9ra32uavvr23a9tc3gv8my80tfhgrmdnzz,loop-ust,13907257,0,13907257
terra18kt4dxr9mkj8tzhs8cevsgagwmuxyv67lxjpt0,loop-loopr,65109067,0,65109067
terra192nz76f7al0lwrktm4zvcjh6s46z5zzmty5w93,loop-ust,126780773,0,126780773
terra1txpdcnz505faaktmdtqsurvmdatuv6pu0dx098,mine-ust,297678,0,297678
terra1d59fzjqr2ply833qfm35dreecx568dpq8stazm,aust-ust,13197736,0,13197736
terra1w54s37dq7fhhj5am8735ty8ccwj8nvtapdu7wc,loop-mir,131348184,0,131348184
terra1xz4kew4kplegxpxqczzw7xkkg3yds6xscrfc2a,loop-loopr,4769459684,0,4769459684
terra1pd82f70wda6v4zs9p3kuuwym67hk7ewmyxxlg4,loop-ust,472918,0,472918
terra1mcnw00pexdpcswl2faed9f39kvpksxcxg2v73l,loop-ust,42299839,0,42299839
terra1e80m6djnfkkqw03md9693yrwu5hc6ldvuetpyy,loop-ust,6471516,0,6471516
terra1sewqkyzynd7pfs5pndm8cdpukgf6yfl7utplkz,loop-ust,1092289,0,1092289
terra19pgwj5t29hnqvn7nt363w7lpvfc4e22rpta4mm,mir-ust,2408252,0,2408252
terra1slh2yvplg2ugd5aur27r8j4upl2ec9rc8shtsf,loop-loopr,30837094827,0,30837094827
terra1sa9arfkt8muxvcfddd6x964p6stz0gqgxemfh3,loopr-ust,320371447,0,320371447
terra15a202ephmsdmvcda7280hcmeduj6nhm6w4hx8f,loop-loopr,84647479,0,84647479
terra1arqqxkzwd6c8v956apaemse8rh235dykn4rc5s,loopr-ust,12313666,0,12313666
terra1ucafm2ydsxq525c6z2x2zk3hfpsvfzzl288ca0,bluna-luna,14887502,0,14887502
terra16audaf0zwyx08ftx9uhq3dph6l7sjvhnk3uxjm,loop-ust,16875290,0,16875290
terra15477a6e8hu2eaypn8a3lfw9dhr82u37servx44,loop-ust,2426003,0,2426003
terra1wv3tg37lazzfu0rygmcxq405xds3uuagjspyzk,mine-ust,275739917,0,275739917
terra1567wussdyea5wpx7q28e2a6uatz0wk6vm2ckd3,loop-loopr,31411547965,0,31411547965
terra1tdfs685susldpy2ddzwqcja4qujv33tumyjhft,loop-ust,1529317,0,1529317
terra1ms0h48g500763pn43f9229daxkfuy84gtjdtvx,loop-ust,273525,0,273525
terra1yw3k2gr33rq33vjfqeejzzezfd5xl7j5q5em0d,loop-ust,33774747,0,33774747
terra1m0yumczyujuztulxw68v3yu68nt8ggu5k70ytn,loop-ust,954634,0,954634
terra1p63078sly67rrxna29ynfkpuwzrn75dn6g4me3,loopr-ust,18889547,0,18889547
terra109e4d87djfp2pnem0xhpxgw2ejr70unn985q64,loop-ust,40780507,0,40780507
terra142xwdqwc02z58azcawpfmc9pxmutdtx9s5kre8,loop-loopr,11895012,0,11895012
terra122ykdpj4pzr6u98uzj2aepl39z0kekv3azalx7,loopr-ust,4096108,0,4096108
terra1u0y4897s07yvr9c4efyh0ae94wde5cv6csfldr,loop-ust,16261568,0,16261568
terra102av2gsndemejx4f90gkh4wlq3glxdptm3fh2z,mine-ust,207640,0,207640
terra1y02qar5fz0xxzcs8558rn4m3hqt082ayt25ppz,anc-ust,333438108,0,333438108
terra1sg0f2wv908allekgp4fxf7xstufndq3atwkpwn,bluna-luna,19912085,0,19912085
terra173eyqv72zzjd9zey9lnymsnf855rlcpfc605rd,loop-ust,8572,0,8572
terra18al8et0pf2keqdt5e4vet03tw6324uxfuxdz4c,loop-ust,3974072,0,3974072
terra1ntzxudqzhyh97zwxwmxtkvcjwlnz82gjl7ayvj,loop-ust,909890,0,909890
terra1x0j2f40dv7q2q05f6shv8p9gx6d62jmt3x52lq,loop-luna,31245434,0,31245434
terra1nxsclewnyrr9agzuz9ng6vnfveuyw0zhthxyrw,loop-ust,21235484,0,21235484
terra1dfy3rs8h30ul2c4jn45swuqng4f9y3fc77mect,loopr-ust,6253168,0,6253168
terra1yezwz9xpm4fpsf0nalnftel36s5agp795k3smn,loop-ust,901544,0,901544
terra1ssexjtum82z20x9pagz8g334p0540ssfulghp5,loop-loopr,516647215,0,516647215
terra1k445z88zc9klpzd9qmsepcly746ywfya4aq9ym,loopr-ust,41421937,0,41421937
terra19rd409gnnwmvaerwgvt0vmlpqu0uajferchsjw,loop-luna,63467808,0,63467808
terra1dv6t7hpumf08yjmepwfds2xanqr375rvggwxm2,loop-ust,2334400,0,2334400
terra1nh4s6kd0dmqpe7xfcf89mhzprur2anjezeynds,loop-ust,2228743,0,2228743
terra1skq6qmu836w5mmydxtkp9f8ha93aq6jvd8ev2d,loop-ust,4285260,0,4285260
terra1r40pcn0a0um2d847dkc23mkmevrx3upwcuuh5h,loop-loopr,191738550,0,191738550
terra1p5cgjqxjp4v0sdsystn4p2mdmplwqzdjkt7mwx,loop-ust,2650592,0,2650592
terra129kdy7qdk5r4qgrenqdd6ftjjuvcc3hqsy0fgt,loop-ust,916052378,0,916052378
terra1cndz6eaqe3vw027wm60hhey7rxqfmw5gjynqcl,loop-ust,100108824,0,100108824
terra1epy6f8zpjl7v4mg9vx2ahdyntaqmndamayh6w6,loop-mine,214075988,0,214075988
terra1pn8y0rn2edw7vz8zewy2eew2nq6k25gx60p607,loop-ust,87087781,0,87087781
terra10e0epp7wgkz9za9k6razndzusf7m05nxymzhr0,loop-ust,29044830,0,29044830
terra1kpcmkvnycvlhz9k4famfqk7tfcmvl2czydhfpg,loop-ust,894354,0,894354
terra1l5axfwcfqkvm0d4q89wv7d9ff8rva23w58tw3v,loop-ust,20381468,0,20381468
terra1eflvuq8nxd3jvnqezmwylewg6mc3jdusxeh6ye,loop-ust,65174787,0,65174787
terra16z5tdywfvqxgv7q8h0m7wzmct4hmkf2vvcuq8e,loop-luna,48000350,0,48000350
terra185h7mr739c20zj73lgws3ve90dncxex7u566dh,luna-aust,215659201,0,215659201
terra1mdhuzxz7dafkzg5cwehampa5xeqk9rtalnq0yh,aust-ust,893960,0,893960
terra1c0x8s8zmjlgelvdwjsvye20ltczmcr2wht4mkm,loop-ust,4413975,0,4413975
terra19umenajz8q8q7wwcp2r7ta3txygz89y4uankff,loopr-ust,10888971,0,10888971
terra1y43d0qaaklqfth9u74c23petwjhg2prfws9ksm,bluna-luna,2234352734,0,2234352734
terra1j8gzur4cwqfuka5wuk9kt3cypu7llgqyx5rs8y,anc-ust,16558291,0,16558291
terra1m85v9ffn0qw3kzs6mk9xrsw4rssj8a7psqckre,loop-ust,1068835,0,1068835
terra1edpsl4sa6hj8akd5emcaekzhzff87gdn4gf604,loop-ust,960979,0,960979
terra1usvx0jc4sqlcnfjpw9894x6mndgyk06sk8a9zt,loop-loopr,87628710,0,87628710
terra194jgsyqf2fmdtm5c4gustvxp0we0l8cehw4hpw,loop-ust,189185466,0,189185466
terra1l550s48ra8fjdaunzga6yh7zykqaqrjum54kgr,loopr-ust,10939484,0,10939484
terra1xpd3juyfflerses580xt072v0kszvfcmrq0jgv,loop-ust,5057474,0,5057474
terra1f6dtx5tutd9ufd433c0pasl6ukk22x05vs53t7,loop-ust,1608519,0,1608519
terra1ugeag5muep52r0sntegdnwxsf5hlnz2p42v9rw,loop-loopr,410900429,0,410900429
terra1qcy4zjd308detpaewps2zuqk62vr6692km548v,loop-ust,15221544,0,15221544
terra12fyn37jxastywtzxdr7pdrzxyn3aax8mgw5qmf,loop-ust,911384,0,911384
terra199ychwnvdfklmyjqhyccvhl26ch93h4llvvmd8,loop-ust,1086136654,0,1086136654
terra1g2t0pra2xqsqpq6p39qmgy0e2k554w7lsfy42z,loop-ust,176982,0,176982
terra1k20amk4tahxgaec2qpv7pp5w45weq5qxyxn8e5,loop-ust,91858920,0,91858920
terra1e9vk7m5g2shsukqhnvw8ta25xg3rv4eklt0rhc,loop-ust,44188563,0,44188563
terra18nvlyg7c46r96t8lxtr67np6fsfz7ffph4m7yq,loop-ust,468356,0,468356
terra1h77wcwq43lrfq5huant8zznj0ng4ymwcg5clr9,loopr-ust,89590112,0,89590112
terra1hs30xelwrkg34fwq3wqg6ey897efhudvhrft8g,loop-ust,1963077,0,1963077
terra18hjvpzfejmck3rpxg8tk490czqs534pryr0gqc,luna-ust,78283,0,78283
terra1eaerumkx520k5gwd439gmngg5lnk54vm7qwwc6,loop-ust,11879890,0,11879890
terra1ugqkd8q9z796gyshwea272ytgwlw8w76k38ujs,loop-ust,10955567,0,10955567
terra1ps8huw6lx383fzslc74x0apkzly75e0h685qvp,luna-ust,9363674522,0,9363674522
terra12857m2wdkkhyrldxpduptc54ay563k6s3j85u6,loop-ust,6337180,0,6337180
terra1ds5ygdm5h5a64vpcy75uc4rp8627mz6g90k6q8,loop-ust,649937,0,649937
terra1wzcc3s9z0h6y90n92gn9jaxml80qrg6tngk0dd,loop-ust,34087629,0,34087629
terra1deay56gkfs86mfdd52qu3zy5u0nxd52phad9l0,loop-ust,1835523,0,1835523
terra18fmuy3zcl6mr0d7mnu2zs5n0p5cntf593xej73,loop-ust,42724517,0,42724517
terra1pednhh4gl5mdmcnu3apvcyseuasf6733x6pfax,loop-ust,3913098,0,3913098
terra1ywu72aanp0h8zlfc7r2xjs3shmkxxswl6zruwy,loop-luna,960268063,0,960268063
terra176aray05ds5tg5w258gp338uc9vew4k3635g83,twd-ust,4004249,0,4004249
terra1mtza8vx5vxry87h73j64n9vhazayrlcwz0ffs9,loop-loopr,2105472521,0,2105472521
terra19hh3vdu4zmghvylcv23wza3e8xsdfcgnhp0mxw,loop-loopr,16336583960,0,16336583960
terra16fp7fqqj3464f4e0gzqn253p3g0au5z87dfvsk,loop-ust,763546467,0,763546467
terra1wcwaqcdmugprqut55g93sdpujaedme7cg65s7m,loop-ust,1824500,0,1824500
terra1afah2zktfx554nkrqzpprt4t5x94a2lm8zeml0,loop-loopr,17732381,0,17732381
terra1e2sj2z38p6hx93x3hyxjtqr3jrfe3k3urnzky5,loop-luna,4561067,0,4561067
terra19sescu2wzkj382l2kg0fjad5l78trcg0rca593,mir-ust,118547987,0,118547987
terra1k8y4q9yg7hemzjwjygu6jlgmzfzl06vyzu6jjg,loop-ust,4109294,0,4109294
terra1vhwdrv3d4htjhneqqc388wpm0x634xkj8k0h4v,loop-luna,18720430,0,18720430
terra12t28xpwf94x4uqpx729qz8rprj0tqp6c8jvfaw,loop-ust,8254872,0,8254872
terra1zfxa0zetj63m57neu7f5lae2ff5r8w93xp57dd,loop-ust,908464,0,908464
terra1ecm6k8qt8keduner824ux5p88mxlsnhy0wqsad,loop-ust,14275010,0,14275010
terra1pqztwtmyt648j7crgwrxd3jthhux88hp8wku3m,loop-ust,2414152,0,2414152
terra1xln3z6qedadtw36jlhm43kmce06f8juvwp6rgl,aust-ust,2200577151,0,2200577151
terra1kgm645r8r40lh37px6r9wdjmdqnhvc5mw54uwd,loop-ust,655787,0,655787
terra1006lghxe6kuan7j88gkg2wjhyd7kvzn4qfddxu,loop-ust,21848050,0,21848050
terra13k3lvh2tj665la62w7s5ve0644m5suvp0nvfm9,loop-loopr,1355210487,0,1355210487
terra12qcthv54clj4a4y4hqjulg408pp7eyxczwgx6w,loop-ust,9219969,0,9219969
terra192n4wj9wtnfmg89ze62ujgjplyjmg5t3klxpl5,loop-ust,8656,0,8656
terra17xzdwvv83kzjppju7c5qrafjzz8k5jxca3txr5,aust-ust,1048978936,0,1048978936
terra19vf9dhccr8mw3ytc4zgn2xr8mvmx0mfqvwj609,aust-ust,1688521996,0,1688521996
terra12m42sgr9av4n5yfhv22xsyv28xum7kp34afdu0,loop-ust,16425796,0,16425796
terra13m3h7m6vjxlpmhmwun0lahltfay6f38r96gqv6,mine-ust,8091158161,0,8091158161
terra17cx9v6falpzt3lf3zxhkwg3rcl8vq2zu7g3fct,loop-ust,5949174,0,5949174
terra1mv9n7qkgq7wfwwpl0f6w7shau3lx99g3lg0jnw,bluna-luna,14922173556,0,14922173556
terra1rdgfs8nsunzguzmyadzrp8qrtnjdcqnyrp8h8k,loop-ust,10343746,0,10343746
terra1xna24x5gyelhjyeup36hncczl7hux3aq0pra27,loop-ust,787905,0,787905
terra1tjgxpg658x0vkmtesqys6ghvfe83h2mprc4x4c,loopr-ust,336764348,0,336764348
terra13gcw84m90m36ct506pm4cg4wv6m4zljfhglrc7,luna-ust,12797520,0,12797520
terra1ry2dengz04w67t45yghf87zeez2lpxeyt4cszt,loop-ust,2770785,0,2770785
terra170c2cc686uakrtyrjqx6z3ch0c7pr88vu36erj,loop-ust,15456635,0,15456635
terra1eps6km2s7uvpgegjwu2qc4xttphhsecdsd87ry,bluna-luna,199812075,0,199812075
terra1e8w3600tv3h7g4lkqst0a2unhvn5mmrn4znx76,loopr-ust,10969299,0,10969299
terra1hprl7u0gv5e75sd83s039znf80jkdnjt5prmuh,loop-ust,38625578,0,38625578
terra1sd3dug45phhvz8pa40zp0lq02t08mzseu6unpp,bluna-luna,2090355,0,2090355
terra1wvnqcn4afx9ks56dg040gg6dvdk36qpnqe7c2u,loop-anc,39104310,0,39104310
terra1d73sts94x5ukjl4z97ynqu809snxcqp47w48fe,aust-ust,357557466,0,357557466
terra1l4dfdrv5a2e29dqj88u66x823r2zy6twl7sw9e,loop-ust,49642761,0,49642761
terra1rtnr69eku653d9rslsgkfngnrs3yjj86ac9en9,loop-ust,72470509,0,72470509
terra1wmujlv8qc2rwjt4ucejvvga4rktt88pz2kmkr3,loop-luna,25096965,0,25096965
terra1a75phvmw034slnut267uju5cde8v656tj4z2c4,loop-loopr,260931992,0,260931992
terra187kg7q5nrkv2jr9rs3mf8m68390sqlrrfhspvu,loopr-ust,14006601,0,14006601
terra169s7pylf06ss8m9rpy7s82rc4jhtd6mlhgg0j0,loop-ust,1073192,0,1073192
terra1ru0lraxxgzu5ztf23a55l2zny0kams6pcznju8,aust-ust,8826846024,0,8826846024
terra1w0tdkrv6srajtd6ca3w9nmzvt9f8q4pfa3u0ea,loop-luna,764991,0,764991
terra1jrd4rangpuwwrzdlt3fyh3lwwq9mcur94lsta3,aust-ust,313764093,0,313764093
terra14k2gcvqkfdpu8l2ycvnm6k70044yjn9kvacv8g,loopr-ust,1287350802,0,1287350802
terra1t8920n5ywt4mzgsnfddzsezvq5eqgdumcg9gv2,loop-luna,3243306,0,3243306
terra1f0jnkgdwykksmwh0nlqm6q4avj7h8vnr85j28y,loop-loopr,5785393826,0,5785393826
terra1v6p5v5cgadlrfhgmhrfqz46pqsay8lzm2khu5l,loop-ust,6568852,0,6568852
terra1z9nd2fs2anle28wcglqqxwe5gvkkr9jsk5euln,luna-aust,6808692,0,6808692
terra17g9tpu0u6hpukmvsa2uj200jmvrnl8pfdcevzl,loop-ust,216257083,0,216257083
terra1cjc3pvtqt3kluzjs5ts3xqzv35t7ual50htsep,aust-ust,891538298,0,891538298
terra1ulvc2vzmkw5s4us3hnw94n3zxyymfk3kqx4ema,aust-ust,534829685,0,534829685
terra1hrdx2tmxmlmlh4ujwp2407yd7axyalndmhwhjj,loopr-ust,13895917,0,13895917
terra1zrk0y55knrw5cc3zvwdfvxg5xwcjycrls0hqd7,loop-ust,8569064,0,8569064
terra1amawjf7qf4pxvses4jn7m43w4aflje3hm399fm,loop-ust,906026,0,906026
terra1zt2fuyylx6cmf5fzx5mhrzwkzx9vlnu0uusxck,loop-ust,4719701,0,4719701
terra1gxuw3sw48jdtcnsu2l5jymx2lfthcxntc5echx,bluna-luna,27944937,0,27944937
terra1p3qe3vkda8x7td3taqzs7a27jyw427pgqf6mq5,loop-loopr,7049611221,0,7049611221
terra1mtfr2263d3n5qaw5kex2yzxasxr63kl4yw07r0,loop-luna,18303328,0,18303328
terra14ep40pp0l6ylgdztghzhek6vwahlu77aehzamq,loop-ust,1019501,0,1019501
terra1gpksc0kv26avgeeg09rp4exx662nc6kafhuedk,loop-loopr,1837393682,0,1837393682
terra13y3lhtv7nc03na45hdvrsmwz6drddf9svgq9cr,loop-ust,15604842,0,15604842
terra1gfjn7u9ntz0yfslsucqw4l72fh9zwk86dgxk8c,luna-aust,102876303,0,102876303
terra1rzugvwmstu46t834uz7fpnm7ywvyl9nznt5gg0,aust-ust,938523169,0,938523169
terra16v3gn7kf73sna5wtshsds7eal0prn8zd8dl8mf,bluna-luna,22337707,0,22337707
terra127mmqut88ypupsxnt3mtp9mj6mvh0eldxshw2e,loop-mine,37443071,0,37443071
terra1pj8pst2aqs00nsk8xkkku6ha85zzk4repsxsnc,loop-ust,2482841398,0,2482841398
terra1jzrqmap9kq56fnhxcm3qezckd3yt5qg2nyqmfr,loop-ust,4306442,0,4306442
terra18ekueytfk9vtcqtu9xe7546kkgplutqj92x9td,loop-luna,5305885,0,5305885
terra1we77ku7gh607pcukq4wt76m5qxskj3qz3t3zzv,loop-ust,76562343,0,76562343
terra1etwq0q8wwnmq7322kz4v6ff2dcvwfm634vdkqn,loop-weweth,15219998004,0,15219998004
terra1k7wc8jk73c0q8arx05qc4lh0f3e83n322pxszr,loop-ust,2528421,0,2528421
terra1ahtdw5pd9r2sd5syw9crg0d3c2vw8ndkcme6cx,loop-ust,4611030,0,4611030
terra1kwhhs92nxtxwj6vzkxyjvvux499x0cen8pkpx2,aust-ust,2915601447,0,2915601447
terra15p492n7cu7usd2q5uvfwa0q8yx38gkcy65hyea,loop-loopr,8743397721,0,8743397721
terra14k2gcvqkfdpu8l2ycvnm6k70044yjn9kvacv8g,loop-loopr,769144696,0,769144696
terra1huru4snwwjzzfql5wsttwygq3w57temqt5w0wc,loop-ust,1904306,0,1904306
terra1hp5eqjqka9xhcl70uw74yfau3vylduxel54gcr,loop-loopr,212722289,0,212722289
terra1n4ngawpgs3f7y3sat05plgnk09jstjqh6mvcwn,loop-ust,27075502,0,27075502
terra1m79wu7a2fktm2xlu7eyt4ma3swztt0d437uzel,loop-luna,36301751,0,36301751
terra1cn4a226f2s6v0ygyez6mwqvunq9k95j3q8r365,loop-ust,11213162,0,11213162
terra174lu0wt7y46md8k24wlfq8tccrta5apsxv4lvz,loop-loopr,4694956488,0,4694956488
terra1dq6e6tfgrphw27pj3lwupa22n7csmqh9497as9,aust-ust,85893728,0,85893728
terra17uvrvfe2ss9htl3gwymh3j5up90kykvulgfdh4,loop-ust,8493004,0,8493004
terra125hndndlymkcpv8wly8j376lm5tvfkk0lnq60u,loop-ust,1478974494,0,1478974494
terra1xwk5vzknyula2shhd6y9ltyl07e0pch3jtesgm,loop-loopr,15752944600,0,15752944600
terra15fsmful9w2uqag9sev9l2d6armplwue8zqgdeq,loop-ust,886278,0,886278
terra1tfhm9tcpu9t9megdk3k0deu647yzgtwsfqvz9u,loop-ust,7219147,0,7219147
terra15evtme0nujmv6v9arehter2ynypq5rk4ucad0m,loop-ust,7089425,0,7089425
terra1eladdxcqqju5x7gww9206ufhxrs050esgp4uwz,loop-mir,7835611,0,7835611
terra16gzyhdyr30dm7v9cs4x0e2xgvure9mjxa7xkzn,loop-ust,925925,0,925925
terra1a6r778ahuxl2ppy57kdh4fm593yhzle5usx996,bluna-luna,995297,0,995297
terra13dj6ax9jzsuy07quh9l5p89padjrn6e0fk00n8,loop-anc,228850366,0,228850366
terra1x46cese08vqfmf7h3k64qedhgmpr76y90e22ca,loop-loopr,18086543046,0,18086543046
terra1aaprn9deunqh4gyj0wfwaexgpw3jq3fkll7nfd,loop-halo,21258299,0,21258299
terra1p50hreyryjup0qapuccyz79t8mc3xmzk62u0km,loop-ust,35224238,0,35224238
terra198vpskqw7fv80pfg4jlhngtqahlxfygu2nqq36,dph-ust,100552371,0,100552371
terra17vwd85cuc00lpheefzjtu6pcf7zlnuzkg7u0m7,loop-ust,1813745,0,1813745
terra1q9az24sk6r34utd0hyvwg3gysl8l2g3fr0vesx,mine-ust,2923643,0,2923643
terra12wqscdgwtavqvn4fjwy4mg527dx5fglyv8hxc2,loopr-ust,29019660,0,29019660
terra1xlxyvlt5lz58qu6fndz786tlveeflhdy9xyszx,loop-ust,2110811,0,2110811
terra1gr4jkynql6ma4ygj9mt843jxwqrfgm0trf4ljx,bluna-luna,17921464,0,17921464
terra13mmtk2kpnrxmvr32kk8tlnerz45dazjaa6wpgz,loopr-ust,202519124,0,202519124
terra1flw9k7zlkj3vprm8xk2p9rk04a3r3dux0rps0y,dph-ust,53085145,0,53085145
terra1kngj5jftw2kdgduvm6559znugpzwd0spw3s42a,loop-ust,1464756,0,1464756
terra16n825scttgggh40jj7aprhangwjmfmhz8d534m,loop-ust,5214409,0,5214409
terra13tq75m9zcs0pd764gd3qjhjrc5cn76qapj5a7f,loop-lota,19768441,0,19768441
terra1f755v6jsldv46xeqyz9vvr3nu0jlcywpwkcztl,loop-ust,1616670,0,1616670
terra15cpauw5zdfssvnm6rqm4sh6nplmae27xu8wht2,loop-mine,60018493,0,60018493
terra1zesdh3ukyykcnpu4u9hjfthwk7rwjed4092j7j,loop-luna,82740715,0,82740715
terra1mul83yr3z35jfva87uzsyx3zxcrtpnw564xqg0,loop-loopr,529410152,0,529410152
terra1pvcpkcmfqlvcw0zdkt8svae5nwdm55tmzdzt0h,loop-loopr,114774034579,0,114774034579
terra1fh59xquedtfgzwjl8klej22kzyhmt0vzfr3dsx,loop-loopr,852120076,0,852120076
terra17vuwy9pck4nu8rq4mm0qr4sscm3wp44gxk5y2q,loop-ust,105145216,0,105145216
terra1k72rqaxw0hep6l0kpsffym7v083lq7c6cg004w,bluna-luna,2754992958,0,2754992958
terra157qwp3etlfp0d9cvpcwwrkqrzadqekgqy0f06r,loop-loopr,31805074,0,31805074
terra1tk65fdv3rzslsxf5pmd00nk5qfqu44xq7hk8pe,loop-ust,958213,0,958213
terra1azrn3mfzpkn4vw8w98x7457qqj3eh923egl6hd,loop-loopr,12274855,0,12274855
terra1fh3wmkh5rllyc6e55npgfmkjxzaf8fweskqsx3,loop-ust,32582105,0,32582105
terra1wqaa027c9q76xkeuv24hvht0sk68a6rvzaq4lw,loop-ust,30875003,0,30875003
terra17kj7euq7cyedllkm5z57svvq2quxmvzq9gxfy2,loop-lota,4541103,0,4541103
terra162gtgqtz9m8gtqrzjx5rc393apmqff238ltstv,alte-ust,2371875,0,2371875
terra1g3ejmmfe6jusdslg2h2adsrky8efjxr08hakyq,anc-ust,92579344,0,92579344
terra1xvwy5s4s0p5qqcpq530309rwrqe7nfygpyxzx9,loop-ust,12618715,0,12618715
terra1m0ns6aafmnqq4664aemjudl8n27v7jd8w2dxar,loop-ust,956752,0,956752
terra1ex6psqlqxl3kd6m6skwu3d2ex3e0z9qu4fzz3m,loop-ust,3319307,0,3319307
terra1hz8fzj55qdpa7y3u5890pzf06ekml6xudjmela,luna-ust,220645588,0,220645588
terra1t6e0fsy3dhfs6ggavy0wsk6sdvyggsld3sm9mz,loop-ust,2272428,0,2272428
terra1xqxa9kye4zf4r73kpdgwtlr2ue4xkxcpxcndef,loop-ust,5168784,0,5168784
terra1avtljq4xmj2txdh0pph76788x7q8h0aujcx734,loop-ust,4127094,0,4127094
terra1a0fezv3wlxm594phh7yd56qz372xqjl7eyjkvz,loop-ust,5292402,0,5292402
terra149fqhd07y3rl3unsgmy0y6z2gdd9pmzdz5hy5h,bluna-luna,1259311,0,1259311
terra17zu4vy332sy9werem0saqngm4jwdf03sf9ltss,loop-ust,119679037,0,119679037
terra1yepdxk8g935ths8llzc6w68x62e0g5c2hc2z7w,loop-ust,291764316,0,291764316
terra13xnl06eewqfa9exkwwrk8q0g0m76j6n5eyaxft,loop-lota,20675896,0,20675896
terra18k02zcd0979jw8r8mxnhkp93aggssdha8fsadl,loop-ust,20965283,0,20965283
terra1f5sfurnswlx3xeacqyrajuxatzfy3pg3t2x29m,anc-ust,226393724,0,226393724
terra1flquv0c2nhehgam6ma9lp8gynak77pdn6y02ed,aust-ust,1026740335,0,1026740335
terra19wqk2xykx4v7cvnfu3wxe7ljlnufatzp3uw8v8,loop-ust,7045971,0,7045971
terra1dwzzqj3atzfxz0j0uqqvk0f99j6cvv5zxxwnur,loop-ust,649272796,0,649272796
terra12dz6j4c8sflucwvks3rrzkaj09gpgwta78lx8j,bluna-luna,18214686,0,18214686
terra14ncvxzmf2e6cz8lrecnsl5e5dfw7e97fyp5f27,anc-aust,12813187,0,12813187
terra16pwh2rzc3ljkaas04ewtgt47vvze00l6yt87x0,anc-aust,1365541076,0,1365541076
terra1xtdpnp9m77mkfv6yd72uthsu0tfan7646e4ucd,luna-aust,40963291481,0,40963291481
terra1pxdwmcwvctyjwz24e9n4gpvqxldkexg0kl4key,loop-luna,52617637,0,52617637
terra187uksvftnpmjzpec3r4hsuzvfqu82vrgvynjju,loop-ust,16948952,0,16948952
terra1g06jkkvyw82h6wdd6hp6hh2yhk3hqwx9tn68vp,bluna-luna,104031711,0,104031711
terra16vd33pp4yej9ptnnwjh4qz3u945sl69yxn27a3,loopr-ust,14011902,0,14011902
terra1hrzd7l2md68ex2uuwv3rp0hga7hrv48aetamsr,loop-ust,2113575,0,2113575
terra1hxd3unstlaayu8w94478e44j5782q2as9mm0c7,bluna-luna,24186508,0,24186508
terra1263t4u4aj03ydm5vd0pkg6hqmtdkt83acfnhk7,loop-ust,2915724,0,2915724
terra1madruer5vgvgef47ymdzz7l5uql8chmurwz0c5,loop-luna,28842862,0,28842862
terra1m5u23jwlfes89perf88ua7th8fwlqchw03drd4,loop-ust,2563791,0,2563791
terra1de8satwd95nz9klduv4v4vy8jkr4867xmnsfvk,loop-ust,1030966,0,1030966
terra15kf8wyw3cc6p37qpmmjtacrammdmpkf3etfca4,loop-luna,34494360,0,34494360
terra1nqhc43dv2n43lhlc8k3qr9p9mce3m4xn9rtpjk,loop-ust,1042303,0,1042303
terra1ldmckvq2ltrx2u34l432pew29dctcjchk8vlg7,loop-ust,693159,0,693159
terra1894h9kmhprfcphaf0eac4d22yc55er9xtqj7n8,bluna-luna,465351,0,465351
terra1am52wxummxtzhncv3llgxwgky58s2mafujvnd8,loop-loopr,31369083337,0,31369083337
terra1cslqzlnn4w698xjydcjshqu9sfwmexazynpx4x,loop-ust,16999331,0,16999331
terra1my0233d6vh3yftz3j63v9fhjuv8fe9r3lagnq0,loop-ust,177154687,0,177154687
terra1p4tm5u5ldwlu7fyul9mln8tfemz2n9jze852nw,loopr-ust,89256312,0,89256312
terra16dddjrhxukvjr3nqn0yu3nq4sayrppgpkdxyd2,loop-ust,300258543,0,300258543
terra1wazfs84x4mzxf9ggj02ve9pvultgrnpx7ngc2e,loop-ust,6387821,0,6387821
terra1pqj2erksw8t66wy3du7mm60jj2wcj986kvuusy,loop-ust,3826179,0,3826179
terra1ff0vc2vxuda9avtrgt5a845m83wpsrcxa8jze6,loop-ust,119081860,0,119081860
terra1l640avufna6anzkv8w8908pr89npw4nzlnhe23,loop-ust,40422,0,40422
terra1h6gjxjs87l9360hrpwkentpq8axz4hs87az9de,loop-ust,3929980,0,3929980
terra1qf92ey3d7wqtem7l8jx7vuxp22v4svxr2w6k48,aust-ust,2241690826,0,2241690826
terra1nspullr65zeulvptlfxdc340yqn29x4ptgfgf5,loop-ust,3707883,0,3707883
terra1nxv4hrgujzd6yvyclqel4aap8w45qmf4rlv2pu,bluna-luna,16442490,0,16442490
terra13nxc7jja4rpkf5ffns2p46c0w8vrdtgz4cfdvd,loop-ust,654028,0,654028
terra1sthfeddnpxuhf9angxe6r2rzewuhkuh4a9hvps,loop-ust,5474839,0,5474839
terra1rlm56dcc6sxsrtnlguq4vdqhghksqve0tv4whs,loop-ust,479041,0,479041
terra1kedeegvj95dgmya53sdgydyn73ym0ahd3umvpk,aust-ust,2643921170,0,2643921170
terra1d3wlq7n0drpv3a4tx0nxh2fvswdxfqch54pwlp,loop-ust,25279852,0,25279852
terra1rhxd2cq00g8kzu9n8xm8nagfcqssm56mjfdseg,aust-ust,17890172955,0,17890172955
terra1z7g9c9qpxyk098s05t5gkc0ffajzr3azltff8r,anc-ust,172595815,0,172595815
terra1ll0a5kj2khlzk585dv07nu6zy5yy9d626sf2hh,loop-ust,444332681,0,444332681
terra1qv8g3hh0g7mrkte740fxk50lsxpcfct859tlam,loop-mine,100269332,0,100269332
terra1lh7yk67pjdltmve22mzehk3e67p63v0jxpeagr,loop-ust,167102403,0,167102403
terra17xd2ydtxxcw554ahusqjmqdddeyt4uyjph5ddh,loop-ust,20980603,0,20980603
terra1rr78wc4vxnvydvet25l2gwxttsr795ws6nmr88,bluna-luna,3820435,0,3820435
terra1d6dxd8u22fxjxldfqt5ek94j89m5tn2fa2nt88,loop-ust,10421771,0,10421771
terra1p93fv7vmq3ut5epk3at9djlrecdwhw90fwzyzr,loop-aust,16836928,0,16836928
terra1483wvgwm72stvd6ma86l6p2cuzmt6cy2mepcjs,loop-ust,2848714,0,2848714
terra16xz06d2atk7ts0l9lfp63hscm4fw4znek9unh7,loop-ust,455311,0,455311
terra1unegznee9ltfrpluq2p7h4mlnw28vy99fdla9t,luna-ust,39810318,0,39810318
terra1wq3ky4k5phrnrwqwptcylw4ddz4glvtgmcs6e4,loop-ust,1090199,0,1090199
terra1qreryuj7ernp7cl38504vyl20de3uj2tfjg84e,loop-ust,39459414,0,39459414
terra1ydv8lm0sx9qmn4dcmym0dc8js2wvwndkmpks2v,loop-ust,5501569,0,5501569
terra1jvwfqgsw78ljhma8z64vh5zxctvrpup6lu4yx3,loop-ust,999220,0,999220
terra10q8jqjn7t9ks4p99wasgv0qtxkz42t6slwhtfc,loop-luna,1970481,0,1970481
terra1maj9tx83pvepqvtjskhjgpqrlred9xhmn32d95,loop-ust,24317622,0,24317622
terra1kx6m7f38dcmeql7ex5sn29w4umdvza2nrk6hyx,bluna-luna,12832070,0,12832070
terra1u9lk6n98aex4zjjldqpc6zdy5970xtcd67k0z8,loop-ust,4302002,0,4302002
terra1yn9xpzxfl7v3z08wke7kl3r5gfd6xnj2jgzg24,loop-ust,3032470,0,3032470
terra13m3h7m6vjxlpmhmwun0lahltfay6f38r96gqv6,loop-ust,20700465,0,20700465
terra158tc3j4rn08g5sf7tsl6qj9q20qgjjvwq0v959,loop-ust,4569209,0,4569209
terra1mgzlz9weu4h4yx0l70ncvuac8h4st2muttx9hr,luna-ust,803482196,0,803482196
terra1kdewkmdnranx92yxh94fk4s0l7vfds3ezdjyaw,loop-ust,17805782,0,17805782
terra18t3ylavfpjw7npxdjcrh3nu2auhjrr5jquzasf,loop-kuji,254008800,0,254008800
terra14valxp38d0ma578rdcrqfyxake34ct6dr585sf,dph-ust,1028888865,0,1028888865
terra1kld4dwvcwvney70c2z5vewzh8fcf24776jtmjl,loop-luna,2076481,0,2076481
terra1h3pg5f54n6pqnt7sk04lqprmps3n49nxzezkgp,loop-ust,622461629,0,622461629
terra1nfcmgswlkpvhxdkt3g9wu6vt3e8rcg6fxr45ua,luna-ust,8972903,0,8972903
terra1zlj0ehhksvm3903sj9mw5fl26086z9ammtx22m,loop-ust,1921914,0,1921914
terra1anrea300etau0c7qz3dxcgrhqd9mln8yfjwvgl,luna-aust,205957614,0,205957614
terra1pm40mwgnjsujkcwnlg7d5fc2annwjpjwktw7fc,loop-loopr,1227260821,0,1227260821
terra1mhcnlye9lhssgc0sm6t59497t9l87fzf864nd7,lota-ust,19797231,0,19797231
terra174y07l4uqytccv9n0kszc7l3sw53auzkqhvnrt,loop-ust,24189355,0,24189355
terra1hgu7hqrhyp4ycqm99uncanyytc0evapgc38d82,loop-ust,21945912,0,21945912
terra1fp2a6zcmpfqjuqk0phgw09dfwz7vlm0sv89tss,loop-ust,19749210,0,19749210
terra1e0c5zegyd74pa7902y4zc3af3ta8840kd5whrj,loop-ust,1101580,0,1101580
terra1gtwkjnfnue77kw953wm0l9kkhwasd2s5h7v06j,aust-ust,1334370638,0,1334370638
terra1rnq7ye4cam6vh33valm0ur9xwwncl3ee2yneke,loop-ust,15227154,0,15227154
terra1lv73kdqqk6awgx8qwt8hgwxw8v8kpx0p9nsl2q,loop-ust,23082975,0,23082975
terra178m5wj9zugw47s6jcr0prz6ayee3zfkqac47ul,loop-ust,4878293,0,4878293
terra1zmx2cuepqjnn9xeq0vfappaqu8lcd4dn5tk7m6,loop-ust,2349626,0,2349626
terra1ajf7py8mnmxch37mge6q5k3guvk9q73230fxdn,bluna-luna,56661962,0,56661962
terra125pj09j94lgsxt5qrmrlucn7fzd9klvtsgkpzn,loop-ust,22886985,0,22886985
terra1qgmq6rw24h33xesryr0a3r24zkrez3zfyy0l92,loop-ust,976546,0,976546
terra148fajgkn90pqmnq80qntetnpvvswl8ueaytgkf,loop-ust,4713296,0,4713296
terra16a6dvz4dgl9lurmtua70zc8gd48smwelf4lpqe,loop-mir,68745988,0,68745988
terra14dvccfnps74n30u548jgprv5jqueyagcp078n8,loop-ust,7975410,0,7975410
terra1q69a4et5qcsnhuzvjsnaksezqnqvnvx62y26ha,loop-ust,1701364293,0,1701364293
terra1h4d7sp0jqnec3ldl7un8vyvfdcnafr39wukut2,loop-ust,15186212,0,15186212
terra1ymzp79yss96dvmsw7d0sseu99w8ujqzsn3qtas,loop-loopr,8019363336,0,8019363336
terra1mk4ygkg8pv7zlp50xu9v98hzsgzl3m80754p74,loop-ust,891734,0,891734
terra18nul05mspgqfpg4pttt2rrdmnduj00qmc52nev,bluna-luna,74095779,0,74095779
terra13zwwz6w0r8mygw454gklgzsl2ww9lv33akpqnq,loop-ust,71955,0,71955
terra1qgkan9ajdc52lvm4p8mjyefg64slcykqjkevs5,aust-ust,11313295800,0,11313295800
terra1xlstzypy635uc2thhvfm8e99fhjesf2jpelp0x,loop-ust,5282692,0,5282692
terra1x5pwqh5awpjmur6u5heda2sg62fvr2n0xaygv9,loop-halo,377613417,0,377613417
terra1zxckxc5a3grgeamgac7gqucj2zf88dtny0xx0l,luna-aust,107138476,0,107138476
terra1386e55xtfg6awyw5wskalf4zcy0fs6nnptl3gg,loopr-ust,28670536,0,28670536
terra15hvlefyuc9s80dczd4n4qwcglxhcnrr2w952wt,aust-ust,267924163,0,267924163
terra1l63wg2uxg4ap5r03yku9s0t5nsstqm286jyfsu,bluna-luna,99758266,0,99758266
terra1slxqnl9g6meq0l58gtfv5magn60dxr03dcf8j9,loop-ust,6751288,0,6751288
terra1dk8pmyrdvk02nvwg6az45n9zlvv4rgpu2ckgzy,loop-mine,73857782,0,73857782
terra1mlsy8crn05w957y99ytcq8srxsq54xd47kcmzk,anc-ust,54508227,0,54508227
terra17d7k5k77eh8y02k8spwql6wdc5jacqt2asz4xq,loop-ust,5017885,0,5017885
terra1xg2c36n0zc4get4v4jknqa338eh9e5v9mqclf9,loopr-ust,15111911,0,15111911
terra17yv20veehnuztnng6whx2vplvelc39zlcjuuc9,bluna-luna,169103638,0,169103638
terra1ny8f8gv0a6udmxavu5zjwurvjl38e5ujwqf33r,loop-ust,981471,0,981471
terra1enxavc6m75s6hk0erct34cvvk60gmaynteyumx,loop-ust,110500668,0,110500668
terra1j5nfsg5kqt6yd77clp0tl5m9afu0c0vvnm6na0,bluna-luna,4987576,0,4987576
terra10jrq4ttt5d8ph70ukntqr0djgnuc5rkm7nd02c,mir-ust,583548071,0,583548071
terra17782ezwpkey9qg2n879dvezntkvff8yf9ty273,loop-ust,1031855,0,1031855
terra19hhp5zcqr2dncg4rp7tg43et0n0x45892pzlq8,loop-loopr,35153714,0,35153714
terra1pd8x9f80k37hfj5gpsp6veq2fsfp6fstxcgjls,loop-loopr,744283042,0,744283042
terra1ytxpfsmkt5ug0qzmsch4xgx2ywdrch4qjwhz5y,loop-loopr,22980674290,0,22980674290
terra1x88kpfrh85nz049x878gn6mehrpkahmvs5waqa,loop-loopr,9296410976,0,9296410976
terra1g0eqf2ppcuequk7nwe982hufsa2g0r5svgwcwy,loop-ust,55991147,0,55991147
terra1vy0nqje03md92uzw7y7wya0ykz7kctrsulszgn,loop-ust,36926739,0,36926739
terra107p7swhzfmeaf47qp2yl5vaznrykvayykuc958,loop-ust,5817743,0,5817743
terra1vnepad2hvah8cqm6sdu4na7zzjccxd32fj6w35,loop-halo,2035689109,0,2035689109
terra1zhsdqrwdd88nc5shftw3dzqssdunquhyrsl6l7,loop-ust,1031766,0,1031766
terra1tm5wlztawxgkzmr7nrhfx5yff5n395xnr9jr7f,loop-loopr,6930750711,0,6930750711
terra1zwqyaf6nnjng6g9pk6fl34thnv57a4p8ycw7x5,loop-ust,46183,0,46183
terra1759lq7l3a6lyu255m79kpvxzv4tktn8mtst8md,bluna-luna,49774092,0,49774092
terra1gw62fk66kqppf3ctag7zw64lcpf7yy8ng7lfrr,loop-ust,23757876,0,23757876
terra1ggdlp66wg2ynn7t3vjxus5qxslym53fv7fh579,aust-ust,904507677,0,904507677
terra1pvcpkcmfqlvcw0zdkt8svae5nwdm55tmzdzt0h,loopr-ust,31416080052,0,31416080052
terra1530pcn8rwmft3sgmltd83fz38g3pd8550e3tjv,loop-ust,10999231,0,10999231
terra19d66rjg7xmwt9sdy8wukh9p84qj66sgd5psc4z,anc-ust,2546212334,0,2546212334
terra1p43jdp0372uth6f75ta5gl0ngerjdd5pecthtk,luna-ust,103587596,0,103587596
terra1m2q9y6n9gr9wnumsjcp3lh4gyr7cxufljsy440,bluna-luna,31016798,0,31016798
terra1xd6pwx8a477wy93pe4935pwsa5nrkedtg4t84d,loop-ust,25558724,0,25558724
terra1sc9ycysjjul4z3kd567c540rgyymg2dpendvct,bluna-luna,58507923,0,58507923
terra1v5p6mhq0dkpf3f9tt2kyw3fnp0z7rcs42cu69n,loop-ust,147551223,0,147551223
terra13gkj2yt9slf5u6e0pa8uxkasf86nhg6p0p0e2d,loopr-ust,32388445,0,32388445
terra1x2ekxrmce8slfkewgwsret40d59222u6d6ktgj,loop-ust,32942061,0,32942061
terra1vgmq5t2mhyt9vr2j5sj6ycqylsj7khqm4fwamp,loopr-ust,4061494775,0,4061494775
terra1edchkz7jevm9ya36telekcfgwkzesaqru68nrh,loopr-ust,1218275562,0,1218275562
terra14ncgdfxfay9kuyj97f4yz7cl6dezynpwa5z8c9,loop-loopr,988617920,0,988617920
terra1vpfc35pl4adpn2fhcd8vu3tkeyanypxf09ney8,luna-aust,69052942,0,69052942
terra10jztvmh7vupxdmteazv6xn687pdxs0jkehhss8,aust-ust,61780486,0,61780486
terra1mt85zcmgvjalc4cep8ru5manw55s499fm5ural,loop-ust,18554655,0,18554655
terra1du7cchd392mj70ztg9wk037j632u3eq3cp5sml,luna-ust,4448271,0,4448271
terra1acdagkp9u2ux4qutpf0ckjzsezku9d3xta8686,bluna-luna,49906528,0,49906528
terra157zaaexhr6kp65af5umem8kasp6kmejtkadsu9,dph-ust,3574127066,0,3574127066
terra1kkzpgj6fmvayla8z3g4gf2q8kldq03cys6p9ss,loop-ust,5503169,0,5503169
terra19fwd2tllnth9yp7nf2y6cxvppewfhujcd3d080,loop-ust,156370320,0,156370320
terra1wfm5kg32ytkm50pasyp2j5c3vrn9ch4n8tzpu8,loop-ust,809351712,0,809351712
terra1g8t4qnhjytqemk063t885g3dz5ldu4kvt5jlzq,loop-ust,19543775,0,19543775
terra1vymymlkjkrc3nrav82gqlp66cwnqfmt3x6elw6,lota-ust,26178,0,26178
terra1hy43xcdpdgfed6yfe5xmt2kgqaas6d7x86vary,loop-ust,301508146,0,301508146
terra1rmu0q8jj5z7fynhug4lptfw3aflex25p35zm08,bluna-luna,2829837,0,2829837
terra1lx6frkpfezc6pdjjd6q9tlqq8c0d0zh22y8q47,loop-ust,12520279,0,12520279
terra1smgnuccp3987efl75dmlgndwq58kplmvj0zvgn,loop-ust,224103027,0,224103027
terra1fa24w3ev7tmte2hvyxht5fs2knr6rv85r7763r,loop-anc,5297509047,0,5297509047
terra1ssqgaaw5l0wjnvzp7gqe90q0c2rk9mmg2st6ga,loop-ust,888015,0,888015
terra1pauhehrk8jxgeg5vahjd6dgcnqr77f9zd8ds5s,anc-aust,243867236,0,243867236
terra1zm2svhyzsvtksh4549nvtmwmxultp82u7cq7y4,loop-ust,16285900,0,16285900
terra15jfg2ng3vy0p23jgcg4ghlzdumucs8qkpqccv2,loop-ust,23540525,0,23540525
terra1q2fm88ffdzxpmzpkrkw9nc82vq00zn8w3mn9f2,loop-ust,9480757,0,9480757
terra1pjn20kc9mrzpsmw7h3z80y30x8y7ucqv3ej5yg,loop-aust,82056346,0,82056346
terra1edchkz7jevm9ya36telekcfgwkzesaqru68nrh,loop-kuji,156447078,0,156447078
terra1vp0chvasu7aglcff2fa9tm9pdsalunyagk2d4c,loop-ust,946145,0,946145
terra1fp2a6zcmpfqjuqk0phgw09dfwz7vlm0sv89tss,loopr-ust,24068956,0,24068956
terra1cxcucznyea5qq3wwdce770ycg6u7alq48xfa74,loop-luna,2599471,0,2599471
terra1eqtgyy9ypywtyttf8jeknu3akhk7q2pxktul3y,loop-ust,702549986,0,702549986
terra1m6835vd4qxtudcv0e4q7ce9d7uqntrfgwgg9x9,loop-ust,3609949,0,3609949
terra1jj06w9mq53jxfjycrzvprqyxgzgvrx0u5nt0qw,loop-ust,3090726623,0,3090726623
terra1k7ef9aqvv9lnccq9v5yzkagq4ewea28sss20nr,loop-luna,59074300,0,59074300
terra1p8c27jwkxs9yd2x7rsgl4ylr6w07cu54s6zrh4,loopr-ust,1361204,0,1361204
terra1xx76x27r5pncndlnrd3205z5u5r6nh32fjyzth,loop-ust,5551283,0,5551283
terra1etud636dxf6w88kn7lfkec37j9axmld65mgysr,luna-aust,60721040,0,60721040
terra198jt43zuy2hktdn0ljp7slzl6e76kwalszrc8a,loop-ust,18225638,0,18225638
terra18ma7xr0zhqxejtdrxffktan0ct3gujyzat4nnu,loop-loopr,97360205,0,97360205
terra1w3f6lexksrtg9cvh3lam4saatcqhc36cwgccly,luna-ust,270819798,0,270819798
terra135p5c9sqq0ecgd76z4ydpk35z4de2x2zhe3z3m,loop-ust,9149476,0,9149476
terra1sflkymnxaaana6g7r0xcmete97s404mqnxdqgk,bluna-luna,3982033,0,3982033
terra1x0j2f40dv7q2q05f6shv8p9gx6d62jmt3x52lq,anc-ust,2608485,0,2608485
terra1krd5nu6x3qvz2ce8s4xa7nllgr970ln9upf24z,mir-ust,413415835,0,413415835
terra1d5gahj0egqg3g9lr5pcuclqct8ny8fpfq5smml,loop-ust,5132385,0,5132385
terra13jg2cv56k240nqqhdcs2cezru4gxzpe4efjtqt,loop-ust,1471089,0,1471089
terra1rnetzp4uzj2885h7zzqdlyqnjsth8hfg4cfd2l,loop-ust,969079,0,969079
terra1jm43hye4wpjuawvmuu2m2acdhxkqq79y0sy9kc,dph-ust,981068572,0,981068572
terra12c5228zkze07jxexewchzm8vk3rqz84dxfgk77,loop-ust,15882571,0,15882571
terra15aytw0dvnv4354kw80ad77556u692y0d5f258v,loop-ust,925616,0,925616
terra1mys4qu7gm8cnsqgefg4ayy98udj4hlgyf42pd7,loop-ust,10111248,0,10111248
terra1xsrcd838pj9tg9wxrgty3fz8pm9j0q9whgqpcy,loop-ust,3217068,0,3217068
terra1nr5pu0vtq8j249s9p9u5z0at3va35hwsqq4325,loop-loopr,182838794,0,182838794
terra10l4g44lwhsjly420agmh8wd59v9qheahkvnml5,loop-ust,2135552,0,2135552
terra1wejf7ftnfd8x4advl926znarrddarndkd5708y,loop-loopr,596563434,0,596563434
terra136c38eyv79h5swhm6etdgnuj0x8d5vg8cycmhm,aust-ust,10459910,0,10459910
terra1zcca4zv78ermq7tp0nqgugf6xha6ht0cmf2gyv,anc-ust,1863015706,0,1863015706
terra1lzdr0ekenjzvfqq4l8nuqlve72xkv6csk5l44w,bluna-luna,302127,0,302127
terra13r2fy0hfs44xyhfn7yy2fmwwd3uq93l6t8t3d7,bluna-luna,15923337,0,15923337
terra1q0fw2zrhn46cydyq3kr27pafexy8lfzzgjv3q7,loop-ust,26422751,0,26422751
terra1e6mc8ngdh20jelg3ucefnxwh0rx7ns5jlr9xv2,loop-ust,8408764,0,8408764
terra1dtpte3fctmvq0k9nxlumwq0z3f3xn299gh6wft,loop-ust,184546068,0,184546068
terra1yqvhfwp6f6ft8z8hy4kj3kmvfpmypkrczp8ekn,loop-anc,327749267,0,327749267
terra1ahd7d80ay6a9srjv3ug8p2ptxqerytdl6eqc73,aust-ust,551287188,0,551287188
terra17frc79z4z590u8nme30ymf5szqcase6yg2tdjv,loop-ust,30351550,0,30351550
terra1hy8qeaz6x27fp3mg5ap7jfkefxdfvx3tzn4rpm,anc-aust,549353058,0,549353058
terra1rsdwt2yqgl7sa0uz0le46vkj2h53krjq3s0zl0,loop-ust,4531846,0,4531846
terra1yj6y8xsu55nuvf45wztkmndclwh8ehqmreejn6,loop-loopr,665959269,0,665959269
terra1nkkr5s4t2qk5fps6ap558syq4quf3u3phvcvvc,loop-ust,3811428,0,3811428
terra10rk0slze6fucqwegl2eak37efp4kr94v0v4sy4,bluna-luna,7799473,0,7799473
terra13sa5zhy5w2upasszcx8hepy7g47f3p0vcy756c,twd-ust,81039449,0,81039449
terra1pturrul2wgghdc5930p2uky7x0elpqx093wmnl,luna-aust,4080957927,0,4080957927
terra1hvm4h2w3s06dsp9c3tx52llkd54d377lhn2m3c,loop-ust,887954,0,887954
terra1qywm5gnjkayvxyvg04sq45ph34v5e3ckr8dud0,loop-ust,5606696,0,5606696
terra1kyqj2uqahr2l85w46f7f79nex8eltskmqg295p,mir-ust,17985938884,0,17985938884
terra145qg7hrh7jheksdpxhwmapdx6m725sztmd6fv8,bluna-luna,1216335,0,1216335
terra1re00ps7a8wqgtpxkxsj5gwxw793za642jyskxx,luna-ust,117131007,0,117131007
terra1ksjntn2fa6e4vsputy5g0vzq75j9nhqwauf55n,loop-ust,7680001,0,7680001
terra1qswqxdp3zgfgmx00mj43g867m9htaelwvx4g6g,loop-loopr,29488258,0,29488258
terra15y9p0vdfnhmcpvw29w8d9qmfa70s96ja4kzwdm,bluna-luna,3980762,0,3980762
terra1jmkm8tgpfnewup7vmus9xlxgy5k3nx0l5fn254,loop-ust,1450166772,0,1450166772
terra1jmk7m93gatfd3lf6lrsmf8z53pmx50a84x39m5,loop-ust,9508822,0,9508822
terra1344p27j3kjwm3mcs64qcz0zk2hxq8ee289cr7r,aust-ust,17908613332,0,17908613332
terra1rrhgummlu0nczx0vzh5wzpdzl5g2hp8dvee4ln,loop-luna,48151472,0,48151472
terra1jqgd5rtw0j96sjkdg380ktmqxhp246jr3kvhnd,loop-ust,8060741,0,8060741
terra1rvfxdnpdrsls40089kutt4kqz8lgnsaf6vtvam,loop-ust,1774716,0,1774716
terra1ps3ya4zmr7k4dpwzd9wr5wad32dayetrrjpwed,loop-ust,3720703,0,3720703
terra10w6r4eu3fr0tgjlqs4yuwac409ruy6tea3qft0,loop-ust,5045333,0,5045333
terra1v5dqd8fdck68tlqveulqwctdctrcl59ydyrem2,loop-ust,392658815,0,392658815
terra1efhfkr7c2p6nhps8ncpd4lcvdgafktq7x9azn7,loopr-ust,15082222,0,15082222
terra14fxar744m7lwkzg6vkr458tum7av9zv88hgat0,loop-kuji,796936979,0,796936979
terra16ljkkz32hvcvl9mtch2m4pyukq8pwp20lq8tfg,luna-aust,7194750,0,7194750
terra1fuj7ejuvqr2tfj9k5vm57d8cqcxrg8ux7u0g8n,anc-aust,168452679,0,168452679
terra1cawk7qye78ja80xzcmu0jphu9q9tpydy828uk4,loop-ust,14727513,0,14727513
terra1w6td53s796hwjlzch5kh7zheqzf2n7fka0p5dx,loop-ust,1625397,0,1625397
terra133m7rjkr5c0g36k47dq4shfrw0zjxt0hpvrks5,loop-ust,1424344,0,1424344
terra1rhl3x8y43y6xgmphnczhsxfr8xr0uttlywx4xs,loop-ust,10159276,0,10159276
terra1sk9cfxsl7meuw9h9c7607ws7vgc5q4vqk62yra,bluna-luna,4877298,0,4877298
terra1ujygzvrwjhh8k0ffkvlcuqrha3ypt087yf306t,loop-ust,1091233,0,1091233
terra1pkc5u9dczgymhmfy2fx23q9lm6kuw4vpaej3ha,loop-ust,912261094,0,912261094
terra15cxz0t302rpaulec4rtls09dxqvrne0sxzr5hg,loop-ust,32821688,0,32821688
terra1est0hs03mcremstu4x2ns8sqp3cv4nwunxnmvk,loop-ust,375829840,0,375829840
terra1v7glm76z668vcrk2xp3n7luaj7tc0ku5lzjhkn,loop-ust,4961033,0,4961033
terra1k3yan507hmkrltgj7pp39hnn5fyw2fvh0t9n3w,loop-ust,917982,0,917982
terra162gtgqtz9m8gtqrzjx5rc393apmqff238ltstv,loopr-ust,331586156,0,331586156
terra148g88a24x70cnttxaz67r0zraxya667a68xcuv,loop-ust,3117458,0,3117458
terra1d7tvg5q98qly4fk6t3874cxakq5qgthm77asgh,loop-ust,80983550,0,80983550
terra1t0takdna57x6jlkln7a42e5vmzpk2s38jr7ejx,loop-ust,2048372,0,2048372
terra1yhrujcuzrsf5v4jtf27h49knz2ccwes9v0u7g9,loopr-ust,133084079,0,133084079
terra1ytqhcrde0h37ch9f484448xypqun4723rjy8mq,mir-ust,86639964,0,86639964
terra15m2ts8gmt5mwe7e7dr7at35yhftvhew443m4ac,loop-ust,33274742,0,33274742
terra1wah2c3ry5ahk8x7fd9fjdugq82a4zas5q5yqg6,loop-ust,76587567,0,76587567
terra1j4k777wjyjuq479jt32vfsqg74xf54kyusexhm,loop-loopr,627167104,0,627167104
terra1g4dp5s3jgepa5mhvk6s93lvuxt36rg20r8elkf,bluna-luna,7679201,0,7679201
terra1nzgsyg2t5an6309uw2cmce8ykj5y33xrert3ng,luna-ust,26325325,0,26325325
terra1fhmt7j6vstjnarrt5wtyplqnfq5a6rzmsqy97m,anc-ust,9303856,0,9303856
terra1y9krsk83lh6c5v3zcuvw86a3hflqh6mgpl7nnx,loop-ust,474665,0,474665
terra14cyv285lxyf7v0fq592zspdsjj4q733wsrmhxn,loop-ust,1995107,0,1995107
terra1tt3e85ejq6jezh0kf3qqjljjsvc8tsee0n0upg,loopr-ust,28518720,0,28518720
terra1zulazvv9lt77lk8lredgcql9xlsgtz8qqrfy42,loop-ust,4827461,0,4827461
terra1pz8lrtnj4cezeawsvk05qyj87n7sx57ag4ahge,luna-ust,2153993,0,2153993
terra176fwffw7egzhch32euc84f9t0lj28v8afh2gm8,loop-ust,3617411,0,3617411
terra1th2ngmqltayzm8tvf6k0n5nz7t0arx0hjqnsmy,loop-ust,2557998,0,2557998
terra1ktj50w620frfsn9ks3ueaxysprye2lnapp958f,loopr-ust,121091275,0,121091275
terra1c9n7ndmtzyk0rfwwj987ev2wje4weaah9p0aug,loop-ust,45380437,0,45380437
terra169kayr82phyhmd6g2dkhmhyfdd2r0njstdt8ag,bluna-luna,2386878580,0,2386878580
terra1mv44nnthcrvjd03mtelhglhhx6gqngsvuwsc78,dph-ust,50001616,0,50001616
terra10cy6w0f9q6yrnatdkzn8e5ydwvrkjn25hxkfjg,loop-loopr,340415077,0,340415077
terra1uqhenfv29jkjkv9pupmrhxk5dc5mzshrmhupp9,loop-ust,5370810,0,5370810
terra1uetlvx7kn3vn0mvjwfs5lmrv3x8k89lj9dqltt,luna-ust,58265286,0,58265286
terra1q6lf0h0tmh285wtuurtvdtxa0e7n99tjpa3duq,loop-loopr,3211769500,0,3211769500
terra15f2tztyzw7a8xyvwzlfnqv4y8aac8j5qdum68r,loop-loopr,21618409416,0,21618409416
terra17zfdauqnrsr0gvyp2jscs9fze4k3yyq5mz6a55,loop-ust,1300812,0,1300812
terra1r08leqmx9x3zwxjveyvxzdvqhd26njhc5rf44n,loop-ust,1029730,0,1029730
terra1rurcs4p6g9g536avcl5rug0gy9l267s4lymwz9,loop-ust,75084091,0,75084091
terra1wpkaprtjflccl0dr0fwp7a2x4yjr5amwra268w,loop-loopr,124370471,0,124370471
terra17a2ymajw5j09rw023c88jf42c2dsgj9wc3ylzd,loopr-ust,381299483,0,381299483
terra1phnfrw9t8sup03565kmsx939sz5ry9h6nft3yg,loop-ust,1537522,0,1537522
terra12jvre2zjyt60r96z45uw0unhrasjx47c8fuwx3,loop-ust,162012,0,162012
terra1yxrc3thta0jqrg7ymgz33pq48e6pdrrck3hd73,loop-ust,379888016,0,379888016
terra16rywt56fc08cjansa7t3svyfh50qsn5p350w2z,loop-lota,370760486,0,370760486
terra1aame6wh6wcprku44ru7ln50g95ys9ca2j4l47m,bluna-luna,4032425,0,4032425
terra1kxkjfwqezktsq7nct7jz3ctllvgkeapj508x55,loop-loopr,118606366,0,118606366
terra18540ekse2ldu62cjqt33pxazt5qn74n3y6zc5n,loop-luna,30558565,0,30558565
terra16ljkkz32hvcvl9mtch2m4pyukq8pwp20lq8tfg,aust-ust,64469443,0,64469443
terra1t6t2m75d6ej3jng2560aj95z4sqqt7cnna8wf7,luna-aust,2134849899,0,2134849899
terra1cnw6u2h2w7x0lanywjm8e5elzxhpd5rp2qza8k,loop-ust,191895583,0,191895583
terra1pp3vwedtmm2fd6wut6jlld5w896lcp5gyw7deu,loop-ust,30739813,0,30739813
terra19ux6fv44zvksd9k0cfkt3jnv09av22mgc06gs5,loop-ust,45976555,0,45976555
terra1q49srpd0gncs4eq5l4ljkdd5ggruk7r3hwwk7n,loop-ust,183582737,0,183582737
terra1rvt2cutu3m0xhnq7h2spcm5qt0zyqr8c5ggkpk,loop-kuji,1796071580,0,1796071580
terra1y7f8lzpgxz2w85p7lfq7d9sn9zhu6s7u79sy65,loop-anc,331410916,0,331410916
terra1d94l7h6d0uxntx0jzwukv4wvjjsdh0m9h02wvn,loop-loopr,6146768247,0,6146768247
terra1dlnqyp4kuhjsgetgx08ddsraq9xeruhmze26ja,loop-ust,75328158,0,75328158
terra1fdqnrff6vdq2pp8jk8n67r9sx0ppv5g2wr5h33,loop-ust,2244896,0,2244896
terra1fwcnt0rk2wh7zfa53g5druqxnre330u00562jh,loop-loopr,36466517,0,36466517
terra1lrgckh9eng4rfcf06hxacpkl5dt7lfvf5khaud,bluna-luna,60524780,0,60524780
terra1xkjccv0wjsa60twpqcezg62g80l5k28r7xjm4y,bluna-luna,15006933,0,15006933
terra16qmhk72dwathmj8l8c3scpnqkp5klypuj7mz2m,mir-ust,174481060,0,174481060
terra1h25nldxvfhvzx9qgvgna5zmqyp33p7kr9k0au9,loop-ust,4410974,0,4410974
terra1sqf3u7rm6ryqmux2tnn0mamy93q6uyhz53z64v,loop-loopr,32370134,0,32370134
terra1q92jc4xv0yer7wgg3mq3rw8zwlcdlcs4tadx60,loop-kuji,772848773,0,772848773
terra19ugj25kgu869qyw907ja7v3qwm6llcshdt2yjy,loopr-ust,10782004,0,10782004
terra1x66tr65f2hvw84nquha20ga7r6xd3cjzar3qz6,loop-ust,426052,0,426052
terra1s3r9pj5z0qkqkn6psvgnz6edhvuynscu9zhjqq,loop-ust,1014301,0,1014301
terra13vw50wa35c8kez9w58z2s4wkp2sgr904kz7g8f,anc-ust,573463517,0,573463517
terra1kcunft8rpq5dzytme5xkllazf6yjy7037gvgcu,loop-luna,31576630,0,31576630
terra16j6tgk8067stx038qem6enyvfr04g3u0xxp26t,loop-loopr,615961729,0,615961729
terra1zw08gm7eyltsffl57t74fmlpyy678xgn0pllsj,loop-loopr,1836452059,0,1836452059
terra1l7yzsgqqeq82tqtwe849nertpdmx73mf30edcr,loop-ust,24163231,0,24163231
terra1dkc3rymxlnhxfqyp7yrx7gxmnzcpfj4r0ea55y,loop-anc,455369984,0,455369984
terra14a995lht4rzr9h30tkm675q66a27agw4n86ke9,luna-ust,966112,0,966112
terra14z27ypgl9yvfq4l7hpvg7xs2kj9f0hg7v7wm63,loop-ust,49311292,0,49311292
terra18unaz48gqlr6suqq0k3xm9tj9ej63sw038pcxm,mir-ust,338345693,0,338345693
terra17c8w2zsvzcgup4s7uaq4h8zz9a9ddkvwakxvqd,loop-ust,17993482,0,17993482
terra166uusv36ae8fkhcunqrwdlnp6uw0e09mej6t4r,loop-ust,1072598,0,1072598
terra19nuwaralms00yj9wevx8rpjgs3vfvmdkjj9d6a,loop-ust,29695902,0,29695902
terra18k02zcd0979jw8r8mxnhkp93aggssdha8fsadl,loop-loopr,40810901,0,40810901
terra1js3r403xu2aa0vnd2gt8m5rcs9lm7fwvhqwxth,bluna-luna,3025599,0,3025599
terra1v3nvlhhf5vlhrngyf64le3394pyw0f52y92dyh,loop-ust,19117454,0,19117454
terra12vr2xl73s7254pdk3p3qfl6u7hcr0xrqeqshs7,aust-ust,2234174498,0,2234174498
terra14fzl8p5pkpstjxp0aand725t5st2m6yr2hdv49,anc-aust,235381639,0,235381639
terra1vlwmp6e2waq24rmt72vwjy0kkn8u0tcjvavzuq,anc-ust,14026019,0,14026019
terra1h8xw87zsf24x9tfvlqnchz3pvja3a4g7242csk,loop-ust,92045,0,92045
terra1uz03wa0lw8xmtrwlyv9yjaxzgfe27v4yfaa9q2,loop-luna,5978673,0,5978673
terra10mzvjhcc36evzm7t8qnmgfx2kdsymvfan0wz6u,loop-ust,4451599,0,4451599
terra10prjnq4k98mgn3nzcjmyjs4svtk6gpt9f9t9h3,anc-ust,472910276,0,472910276
terra1fhhjswlqltr8tz2suafgth6t3kwrfn8vmcm6gt,loop-ust,5187843,0,5187843
terra12tj90ddez4572sfx43au9dyyg2n9w62zn73m9f,loop-ust,1368965,0,1368965
terra1wp4apwdh4qvsj22r446w5j7w74pqskm0al77rw,bluna-luna,99717009,0,99717009
terra14f6kj9t3ny7uy7feyqrlwmfz4h2yc0lgptz5z4,loop-ust,981565,0,981565
terra1723t8eeq8f3ee27wrx5jw22e4txfygdv5qs4dv,loopr-ust,118355241,0,118355241
terra1a6gnzj7t0hpyk4p6eg52w227xknthel38mgm3d,loop-ust,1307488,0,1307488
terra1wk25jxx6uxu44v2tsj5cwcgqax6xww6l7qwth2,bluna-luna,499710,0,499710
terra1sj3a4ey4al8vfjgwm5wlla4hkxgqkcccpe5mgz,loop-ust,16113181,0,16113181
terra1dd33hxnap9l7fs8mn73wf6t607nvgsy3yaupzu,loop-ust,1651740,0,1651740
terra1w36ehk28366cy28pk0q5p7g7mf5rpq02nvdqq4,aust-ust,150136267,0,150136267
terra16q5ugshjhda46dfxn35ak0dp6lmmrn0t5xpfv7,luna-ust,382018523,0,382018523
terra19nd5t0nul94kg5wqheqznpxzjzz4aqc9nmdku6,loop-ust,2961370,0,2961370
terra1zqcx06upusnew22h9squm4tmcteqapuaxhnqf3,loop-ust,865025,0,865025
terra1j8gygwt7c8wkwflthakq0kvltnwsuvw3vaw70j,loop-ust,494230,0,494230
terra190rx6z7nwnxsv85kaf3tn22l5hlz3j2txp9uwe,loopr-ust,100550989,0,100550989
terra15rs5cqkvls0kdzjny02pkwm3px6gt5yqtz9a8a,loop-whmim,44766876959,0,44766876959
terra1zvkqvf2wsqtc9h6alxjkh0yvsgxxe26llzjasm,anc-ust,80830248,0,80830248
terra1fjquyucxhek7ut7h596mwcrhfllyr8mvurfpmx,loop-lota,693542582,0,693542582
terra14w5duydv9l7aktkj2wyg59cwjgqg7zk0seqm4k,loop-ust,90730,0,90730
terra1xcvufxxel4p8ns0cpvh2yxuugy8wxha8qyzu5a,aust-ust,178870134,0,178870134
terra1samf5q6qt2skj0wq4agpk6dwv84xstwsuvzgta,loopr-ust,11650255,0,11650255
terra19yj6zj56k55nznsgzn5vfyv9zg2wxgwlpsxdw2,loop-ust,273803723,0,273803723
terra1xwlhygssjl96kufnevlunazdt2uxe7asnyuxxq,loop-loopr,1641968216,0,1641968216
terra1gxx0p9va60g4zfym2y3fpgzrjcg08x797helwg,dph-ust,1567895042,0,1567895042
terra1623z6eqvfm0vjkj6fsu7d60rsyqnch47tzusnr,aust-ust,4070707959,0,4070707959
terra1eqevxetk86ne8k8c892ln4r74ujdzspx9yvw3g,loopr-ust,59554891,0,59554891
terra1rtnqzgjd6ngvpc7kclpg8pchj57rtpsy4cr0fh,loop-ust,41489018,0,41489018
terra1vmhwcettw5eg3su263xc39unedjvw9r4pals7k,loop-loopr,898292486,0,898292486
terra1zhsvjgkpmcc2rn7dc0elmncsm979ncvzral0t2,bluna-luna,1033127727,0,1033127727
terra13cskhceap2ztjkrmgygl2mpd5a3jz9kvgwh4zg,loop-ust,5142520,0,5142520
terra1ytwgmaq48tuasrpnj3uwnku6rs0heyj7ph8a3j,loop-ust,122091794,0,122091794
terra1pf9zk77785pej3z0w5c9gsdlaaxm8y52p0dhnf,loop-loopr,2347755168,0,2347755168
terra1zsk5n7sz68s9az3vfr7e79rlw3yxvhdmaz766j,loop-ust,937539,0,937539
terra1dshjld4l3lms6282cahjwlnrhnl4mlhjq5w8zw,loop-ust,101542948,0,101542948
terra1dqrptnuaxr3xhyjj7leplsw3pmxjpxpy2qpm68,loop-ust,1291443,0,1291443
terra1a4phu76nl26y7w55ylgu2ye50an0w9qstfd5ae,loop-ust,184658764,0,184658764
terra1y39llhw8mkgj8k5mr8ls2cc7fgalsw0kx39n4j,loop-loopr,2192197737,0,2192197737
terra18vm2fq9hmlwkphx5pm3n25v8t37xkv5w6l0amu,loop-ust,7787928,0,7787928
terra1vqesmy4stryr43ersmdgh99zrw9y60ckzzscck,bluna-luna,1298052,0,1298052
terra1lwtuumnjr7h0zz0amfdd3mppdvu9q5ksm0gst9,loopr-ust,58751195,0,58751195
terra1vf2x5ql7tmewng5ggca3dyl6vsx38trsunk2vj,loop-mine,3995761,0,3995761
terra14e2k9ekd46l96rsrqkyd0epu43arph6nx6hlvv,loop-ust,5591831,0,5591831
terra1fgufpqjsj2m4z4sjd5pwuc0fpyqh0745jrh45l,loop-ust,3014588,0,3014588
terra1cd2haz0dsm8hepknmm8f72ass76cvgkmttjayy,loop-ust,1929224,0,1929224
terra1u77023le5ngmfh0g03dulyjcegpyplqh80pp35,bluna-luna,150536130,0,150536130
terra12fju7zwgu2ak9a63j6z7028wt522atu4p4pyu8,loop-ust,31488886,0,31488886
terra1l8e2hzhrh0kym2xanrw6fmlgfs09zxvunw353z,loop-kuji,74428291,0,74428291
terra1pauhehrk8jxgeg5vahjd6dgcnqr77f9zd8ds5s,aust-ust,937372033,0,937372033
terra1uetlvx7kn3vn0mvjwfs5lmrv3x8k89lj9dqltt,loop-ust,94340008,0,94340008
terra146uute9tzuxqkv2ps04z05wl74mtye0pn38ecp,loopr-ust,62948825,0,62948825
terra19n9kgy7qy9tpg3k4q6e02ye5e2zyg43682r2cy,loop-ust,465586,0,465586
terra17clu8lsm72cjgvlam5zc37l7qxqzz2v872kspf,loop-ust,821600,0,821600
terra164qk6g4e343u3s7tskd6jkqqhq3fg4ty2w53wt,luna-ust,9666217,0,9666217
terra1nn35rjxtun8lc8n7qm6f490dln49hl5yme42ua,loop-ust,544343185,0,544343185
terra1z8jzgscau36mkkqqtstjape5pwjwhtyjva3h3g,loopr-ust,3025999654,0,3025999654
terra1as84v85aw6atxw5q78jehnu46qg7n8z63zrx8p,loop-loopr,426892337,0,426892337
terra1vcrua8f87v2s3e3dqzjm7vlr92yua69lds3300,loop-ust,11487758,0,11487758
terra10rk0slze6fucqwegl2eak37efp4kr94v0v4sy4,loop-kuji,730882274,0,730882274
terra1w5nqawclqg6jv6xnnr4zmqzu6up76ypdrt4qlw,anc-ust,3032480,0,3032480
terra1d0j59dw6vlc88lnzs35fvn3xgsc30fr5au4nxn,loop-ust,1846882,0,1846882
terra13vcxjcc8h4ldyc4595j9pg7w8eln5kvlne9l02,loop-ust,179547539,0,179547539
terra1vylqf24arkypeq3xfcc3w2353ksrrlpg9n33rw,loop-ust,477588,0,477588
terra1rgav22yqj908enuq2kpmsfmcn45pt4eq0swdhr,loopr-ust,14228289,0,14228289
terra1qqyqta5hy4agznnv3jg7q9l2wllrq57fz78uw6,loop-ust,4449138,0,4449138
terra1jvka4mytxmk54846hq2llm5x9tscl6ya5e0pxc,aust-ust,2683128370,0,2683128370
terra1t53pde0ymyhw0j9g0j8lkza74mn0kudx56uhjx,loop-luna,1808134,0,1808134
terra1vtp3jezxahg2e9cxl3nh7g4dfnt3g807ef548z,aust-ust,10462398,0,10462398
terra1rfd07w0c8qher5xpvlhrhx22km6uk7ns6mzrn0,aust-ust,12493283,0,12493283
terra1fhyvwh6s6kpqzpvzd4dq9gkhdz7638phdh0vwm,loopr-ust,1306423266,0,1306423266
terra1ltdk7vr3cq44zv5eu6w32vqrsr99whng2r7n08,loop-ust,5709083,0,5709083
terra1m79wu7a2fktm2xlu7eyt4ma3swztt0d437uzel,luna-ust,4159895,0,4159895
terra1enkv75wwd432wv9jyjqkrgy2edxjxmfyk6hael,loop-ust,15690844,0,15690844
terra19r5sjpae5g8hfv37hg4qsa4hxffepfudt6lpa2,loop-ust,3640612,0,3640612
terra18uq0aq23yykt8m9j5c42k33c9p5hxpf8rrzc76,aust-ust,268449902,0,268449902
terra1dtysmanszc9sjh5qjmkjjdcedtufh0al7se3ra,loop-ust,653132,0,653132
terra187hu4lhu929nhqq6vax2y0n0vez9n60ag5gpgs,loopr-ust,23571511,0,23571511
terra1fd6jdjtjerpk9gyz7zx99dk5rusauqg53funmk,loop-ust,1281579,0,1281579
terra1p8rpnkmlkmegred8rk5fd9a6w2fcvtrwtaxvvf,loop-ust,1856522,0,1856522
terra1997vd74cwujmwv8jp5dvq253etgpjhc7qm0jd8,loop-ust,981621,0,981621
terra16q4grmd4jcu4gzevfreed2dgjhkjzjqjqlzhw2,loop-ust,271793532,0,271793532
terra1as52tsm6jkw3y0km4lczrp2pmd8jk8gsmu85ks,loop-luna,102531375,0,102531375
terra1p4n7f55m2jlkl22ju8a32kw02jawkdfrupfhh9,loop-ust,6401743,0,6401743
terra17duzml7wymuzkkhhkw5x5l5mfjelkw73mf257u,loop-ust,9079365,0,9079365
terra1krznnda8rrpqzwn53fycwu9s2fh4u2nqvzlafs,aust-ust,424123407,0,424123407
terra1x5vx4gz2we7stfdnt8n6fuet9hle6xdwycnqu8,aust-ust,8943163381,0,8943163381
terra1hlqsrvpxeh8yqhn49cjyrvlpyp7guzg80h6f0y,bluna-luna,1008467,0,1008467
terra17uanc46u79culdpkzq5t2ctff8jjynueej90e3,luna-ust,76331581,0,76331581
terra1tjdqmlt9rpcn0vpwtg0uamlrpqfat26aw36llg,loop-ust,8464293,0,8464293
terra1cklych0t9uakv8m5lyk8a95ahm4z4287wfa49j,loop-aust,261784825,0,261784825
terra1ldru2znda2ex77ke4f3uf5gpfgmxq200j69edz,loop-loopr,4155179868,0,4155179868
terra19g792gczlape93994q70c2wnsquue0ysrvg9rm,loop-loopr,1046875231,0,1046875231
terra1yrlptw6dm73zj60cqcgv89e7ymdntv4j8pndpr,loop-loopr,3593784726,0,3593784726
terra1l5a80ktk0dhnzzk0lrrew5w0ps0kydwqmxcskw,loop-ust,28020353,0,28020353
terra1k05jupguywmwylt37dauhqypqsvp320wvak73m,loop-ust,1108338,0,1108338
terra1s0xy7x7l8vglp85tlr24hju6u5x7js2k76pym2,loop-loopr,2528804142,0,2528804142
terra12r3gekd5kqag5g0a7mxwx7xvpndaws09ppfx9h,luna-aust,23495394,0,23495394
terra18u0pakfurhckyfnn3w0x74gdq5ef56cvp8pp5w,loop-ust,1072684,0,1072684
terra1hwfcq3fq36arty5hjyyhjdfuzr40h9yy75dy2n,loop-ust,16721363,0,16721363
terra18rhs03u8l0yqhhcxx8gw2d8f7vgxj4ccptqgnw,loop-ust,1029488,0,1029488
terra1uj3eygrh8tpa8qhqcrzyfkcmpstyyxxryn7eyu,loop-ust,1010760,0,1010760
terra1fnptw4dmczcctefuxfudm2rd6yzfejx6pt4s7n,loop-ust,1088881,0,1088881
terra1a8cz2wf47n2s5k0sc963ewgwz3y677h96enf3x,loop-anc,777285586,0,777285586
terra1wyumm0j809revw43ry8t7cw6nxwha5n8h4p9gd,bluna-luna,8664602,0,8664602
terra1pagl4nfk05vmqxgyqfhxfqpvuxhev4c35l69er,loop-mir,5695263,0,5695263
terra19smpvlgluhfd4kqh40f6kpxhmh8fqj5pv4daun,luna-aust,997659585,0,997659585
terra17ktk03kdlx05vwjssjw2y7lje756tw9tgqxjtw,loopr-ust,14766415,0,14766415
terra1wfm5kg32ytkm50pasyp2j5c3vrn9ch4n8tzpu8,aust-ust,653934771,0,653934771
terra164qk6g4e343u3s7tskd6jkqqhq3fg4ty2w53wt,loop-loopr,1247011866,0,1247011866
terra1uqu2n0mxn96hd8xn6aztn7mx7ntltmz4s96csk,loop-ust,3854394,0,3854394
terra1kh4xnxfjcnupg6yyynfneeyf40mtwjlg8s63q4,loop-loopr,80703475074,0,80703475074
terra1rerse66ltv0ag5lx7a4kddkp5xkdd95gtkvj7y,loop-ust,15438048,0,15438048
terra1rj7prceg0zu5dw7cumgw9rnywjqvzs2h7ft6dp,loop-loopr,455650595,0,455650595
terra1thckpay2tt90y6ldu3pf3kuxgmhth96zyhswjg,bluna-luna,5907362666,0,5907362666
terra15jmazw0n8uct2xz0a24mxf6k3vv92l3mxkfrfl,loop-ust,45510913,0,45510913
terra1xnmq45nwvffyaqytak9x6g0jacnq78hprttus9,bluna-luna,49149764,0,49149764
terra1sy4pg53aekkfangm9g6e7rc5f05spfwda6pwmp,loop-ust,14148428,0,14148428
terra1lqum20zwewm6v9h8w3hquscuxl85fc85k7d48x,loop-ust,90603630,0,90603630
terra13vqlfe0lf6wukt0nxy49548af8eqxf02d3htap,loop-mine,18742041,0,18742041
terra10zp55ag67njd52eppwvvznqrzfu0rx7p486uvm,loop-ust,906739,0,906739
terra14v5lgj6gc3vpemcu54frllt88k6reqhgkk3hzs,luna-ust,40016632,0,40016632
terra1rljqy4vyz8kz5c5xvhcctur9d79v0q2ya6fh42,loop-ust,17804159,0,17804159
terra1gg5dzdmh2e4v4daauprvfwaknwlusl6t0uw5ft,loopr-ust,71876855,0,71876855
terra162adlmzg5uf8xxgq68twy7p7yjjcv0m3e5k8r5,loop-loopr,2143824991,0,2143824991
terra1xvdmtj0uc0qh7v33a0sg87hmdhxvkw2ht3pjn0,loop-ust,27631742,0,27631742
terra1hyfscahsgs99s6muhh2qzgssfqy6a5jldh59pp,anc-aust,301358763,0,301358763
terra13uanxtr3llvujskwx9rhf26q2jpmj4vpc545rw,loop-ust,38469656,0,38469656
terra1yfv94y9xufj5yk26txw5s9exc5evdw0fcvuaw4,loop-ust,43063860,0,43063860
terra1vz6sh67033ztla0gttujsxga7udla6l5krkrau,bluna-luna,24878328,0,24878328
terra1czhvv3a2t0d0fcu8clzdgsx0fafpmdqxdxr5cf,loop-ust,17942539,0,17942539
terra15pstkpvvruwy9fedcr6a5v2nhscz5vpjt245lc,loop-ust,67481221,0,67481221
terra1l3wxnptqlsjrxm628h2zqytfnzauzgv6jr604h,loop-ust,2405599,0,2405599
terra10uvk36cqflr484hf247h3p9sxchd8wvaq4u4j4,loop-ust,6099133,0,6099133
terra1n4hums48ee0y9gj5jhn3gl4fl3yfs2tx4aw2ue,loop-ust,2753152,0,2753152
terra1adeyrcexwefyszjc4r5guyjgwd3p3l9gmmy49n,loop-ust,12408932,0,12408932
terra1xwz6rl68mrxgf3f3snedavd7uhda7eltzn7qga,loop-ust,9303722,0,9303722
terra1cdfppy73qala03tz226p0qxjekqluqagcdk0ut,loop-ust,429072,0,429072
terra1hyq008k4x83d7p4fgkeqdg79kwk778hzyt3efm,loop-ust,4337607,0,4337607
terra1f84vpuxc7muc9ymg4qg6xsf5wm6ptpcmx3hufq,loop-ust,9618898,0,9618898
terra1zeyvhtedydxaws4dwwjuu8yd2gmtmt9gne9vc2,twd-ust,3287008,0,3287008
terra16yamna8dcqcfcdmg92ku6ekefxxq05ppnq72lu,mine-ust,2444851,0,2444851
terra1lt6jlke5raxzmg9ep3cs28jjh7kcnfxvw3q5zr,loop-ust,6102585,0,6102585
terra1yn7ta4m4epvy60ktpycsh55hql5wrc4xjfrjj9,loop-ust,431773,0,431773
terra18yqz0qxacsp02f5gtujnctzqvrpxgzwwsanetu,loop-ust,4177175,0,4177175
terra1nwyg3k8e49ztsjq6a6hxd58kkf9u2cx3etqx94,loop-ust,262262043,0,262262043
terra1hdgcza5y872a4e5h5sagelfle7728hlaylswga,loop-ust,231852524,0,231852524
terra1q52hfajytumzy834fr9s9h6lmxnxhrwg5kj09s,loop-loopr,328730420345,0,328730420345
terra1ad7gn2dnqpcxym4vng3465vxkrfxcpzsj36fzr,bluna-luna,75801343,0,75801343
terra19x9d0mhf3slm59klddcdk0w78hejf4d9822cy7,loop-ust,468374,0,468374
terra15v0v4aq4mxtfjs32ulzsepr8k6e8lv90q07esx,loop-luna,21070042,0,21070042
terra17r257evk5y8tr8zzznvngpz2tamk36qhv0l40g,aust-ust,19719985,0,19719985
terra16qhe8gm6w0vjdkrzfjv7xtmpl7mfvs7z7804cd,loop-aust,135568130,0,135568130
terra15jgnxpr5rrf6tx0ffsz07m30pzv6nnf0ghfjl3,loop-luna,209898910,0,209898910
terra1xka523e5dlhz7ut0yw3ycg8qrplfpjxznkgufc,loop-ust,4205263,0,4205263
terra15wwavuqz8z69qhqa8j5ssmam8324hz2gh375x3,bluna-luna,78770301,0,78770301
terra1lz87hn4lcnuc0mlp05e2mnhjjjkc4ev07lg0q6,loop-ust,2024900,0,2024900
terra1v8zc6glumtkns3705m50uhh5g7rgpau8nx5n2n,loop-ust,870193,0,870193
terra18ckq06ds7ut5xm0a2wwvk3kl2jmcqua5yg2c27,loop-anc,24535807,0,24535807
terra1jzynpc8hmp5zjjgcyq0g3yypn7sda9nq8uaqkd,loop-ust,5479068,0,5479068
terra1jc226hc9j9kdg785t3xae0vq6mhs5w5v5ycxnl,loop-ust,715666991,0,715666991
terra1e04vk9s0feyhfw9sp94e3huf2qptm6twqhe4qk,loop-ust,6429238,0,6429238
terra1qq79p62shx9s6urxrfc8xypv8n3c4tdtakkzy5,loop-luna,9940762,0,9940762
terra1aw4qtye57gxwg98mz4ve06y2npv5qe5g73rdke,aust-ust,268360733,0,268360733
terra1hp9exad795gjsdfmmwvaerc47heuz03y7zu34s,bluna-luna,2490594,0,2490594
terra16shgz48eqhpv4gwx6tnf7hmsu38rmcfskp0hmv,loop-loopr,186852498,0,186852498
terra1n00flv87m7m9wvl38zmrhkwkj6knm6r9cgw7tl,twd-ust,2423169,0,2423169
terra174twchx9sh0z33llvstqw4jnxygsjylw20ymtx,loop-ust,10244254,0,10244254
terra1emfkvg0j9gday2kkaxheflka9798hn8zuq5zcr,loop-ust,5705349,0,5705349
terra1q8rnpzvdsdh3ka0mt3hvz96kqgarwxz7acw2st,bluna-ust,588905,0,588905
terra1un60l92q58xh8pzz9h6c96xpx45rx7xfc5y9n8,loop-ust,915055,0,915055
terra1cy5hayf82sln6msx0alvkv474usyxpkmvlvdx5,loop-ust,402825,0,402825
terra1dccsl3s8q7j4sd993nv99neaau87zytet4x0wl,anc-ust,20640907,0,20640907
terra17zkj8tlfx60ut5dxtl3dzd47zd2hqx8srzc7h4,loop-ust,17881924,0,17881924
terra162k6l4des83a6dywwne7vzqpgvjcwk8d8vq6z5,loop-ust,743859,0,743859
terra15sy064cva7pjh6k66l5wwum5uwy27tyux8xjy9,lota-ust,104492459,0,104492459
terra1qyzz7fmauhkl9gmtpqdvwyuz8p525sdgavjlat,loop-ust,1019554,0,1019554
terra1d9ghpl4mtwhp3pz47j8e2lkrpm2krsk2t7vmz5,anc-ust,62357819,0,62357819
terra1uacd83pjed0c00s84tnla4v2mjfsxjkpe57sks,loop-ust,3647153,0,3647153
terra1yppnvs0c90udj5f2l6nqp560wm257a579m94r4,loop-ust,2056052,0,2056052
terra1r7ndeg5c659fmsa44pt6ge8ccp4pu5aj6me83l,loop-ust,1066288,0,1066288
terra1qapw9eyzkkdcls72pnxgcjus2xxuvgakxyuxyn,loop-loopr,309561730,0,309561730
terra1gd9s6366cgkr3qp6xjuwtmj3w3tgukaz553h28,loop-ust,191266992,0,191266992
terra1l550s48ra8fjdaunzga6yh7zykqaqrjum54kgr,loop-ust,26418965,0,26418965
terra16xqx443tg5awcxsydehx7xvagulrt8sxupmtt7,loop-luna,21779027,0,21779027
terra10u2tmcm2p7urtzhrcad8ur6rlughg2jdv646n3,luna-ust,45269167,0,45269167
terra1nq23nymxkvxtkphn5t65stcxy4s5l5lplyz8qj,loop-ust,22830541,0,22830541
terra1dxhv49z667ws34y9qlac2m3q0k0nh6fe4nveym,loop-ust,1006484,0,1006484
terra1qhttumsfu6y853c9f23fdmzek8xpeakl77a8q9,loop-ust,1841121,0,1841121
terra1kt9hzl0m4ej6me9el7vkw8fd6qp9zyk5fhfcqp,bluna-luna,15478482,0,15478482
terra10vhcw4r63yu9dp99qmka607gnkver45sy8krhf,aust-ust,79238584,0,79238584
terra1y32feewp93qsr4zx3jwcufd7c0t6rrtshjy0m7,loop-ust,27950717,0,27950717
terra1zmhsx82r934c8ldnjfrvmze5emj0rtatcd3vdn,luna-ust,85362474,0,85362474
terra18uw90qm9dnk292ennts4kpgrycp43wqf8vtkr7,loop-ust,11372457,0,11372457
terra1te698wdu8fpxlfjzcjhlpjnre0aqhv3dv0mzwa,anc-ust,104339652,0,104339652
terra1dnkxze5ptnwmnmknjydyk8fv9hwygzluyakcs0,luna-aust,3737120931,0,3737120931
terra1n4060070gt3h8dee6du7fe4ler25rs52nelu5g,loop-ust,30454163,0,30454163
terra1dhfa85kc3xauyvs52hmvunpqtx20r3pmwdz2dc,aust-ust,269137886,0,269137886
terra1xgeyhs2xnvm6vn7903z2lz0k6c8suq2w280apq,luna-aust,36056115,0,36056115
terra1syhem7x7hy3ymwdr3sn6hry2zpll7x68pf7any,loop-ust,68797083,0,68797083
terra1d979mzjta6ev6pk2n0srucjqe3f8k5kpu5l7qf,loop-ust,1780866,0,1780866
terra1rnevntw635uez72uc7qy6ls7c70yjee5ehtg7r,loop-anc,19965133,0,19965133
terra1mpjmeefgcl4sz4f0aaq2pyqyzgygkwrgm50gun,bluna-luna,15255114,0,15255114
terra1xg37u349veke6qt2umnc2xuq98c55lt29plxtm,loop-anc,17919763,0,17919763
terra10465kka86fslf9dgqz8l2fx0wd4kztyack554f,loop-loopr,427264864,0,427264864
terra1lyy3z3gu93ptljeqzxqd6np0ku68kdcj60023l,loop-ust,40932850,0,40932850
terra1p93fv7vmq3ut5epk3at9djlrecdwhw90fwzyzr,loop-loopr,6259584673,0,6259584673
terra1ql5ghx4p32vnnu63fk0450tenwshhlsffxqtr2,loop-ust,393927057,0,393927057
terra1jrx6766fxuhts2rl8h0maw8g4s4dkenhm2wwgj,loop-ust,1070976,0,1070976
terra164fzwq6xtlqmks06cdj3zafr8kk22dughxpk9m,loop-ust,1081064,0,1081064
terra1g27h6f77gp46p0fks83capug73akkmck5gj78r,loop-ust,396947731,0,396947731
terra1zc7t6q2vlpaxe9vx9ckjy5w0yafdxa8j5jtmr4,loop-ust,432390,0,432390
terra1fq3ft6ah8d0gksczq6nt4er4k2zwzyx7hl96yn,loop-ust,204803245,0,204803245
terra1d8wt3e05exvk626rduensptwc75xax4l494c6d,loop-ust,961327,0,961327
terra1wnh075fkj0vxfx9jq5nkc7f6dpxwa29yljmx8v,bluna-luna,1985026,0,1985026
terra1sp605z8e5ryz0s565xpcm5exuwzh2qfnsvxt37,loop-loopr,650025722,0,650025722
terra1md40m34fc3gmxy8a66k2sd34mzxgqy8ln5sqm9,bluna-luna,303562927,0,303562927
terra1p8jzmx8pl4emn06mc97hpmt9yv06r28tps83ua,loop-ust,10581104,0,10581104
terra1adwuuztz8dyrd8s26a5jswrcawtxl59weaah7n,bluna-ust,2317990541,0,2317990541
terra1dvaqrds42t6506hyh3nc5fx7rafmtchutwgelf,loop-ust,10673309,0,10673309
terra1s4k6d8lktwumvgzk4g2atdfmx53rxe3f08yemq,loop-mine,18115469,0,18115469
terra1ajy7c0cyp7yxdktg4u58gppgevejudzp50frpk,loop-ust,32452525,0,32452525
terra1344p27j3kjwm3mcs64qcz0zk2hxq8ee289cr7r,loop-mir,102271479,0,102271479
terra1mk05ssjxarcn70egh9d3pjp7vrxl43wcvfzffe,loop-ust,912274,0,912274
terra1vuhzjhwqmps5uv3atmt6esm6p32ve264x44j5r,loop-ust,20536537,0,20536537
terra1eyqtpapmnmvw9jsetfrfmgrkzwr4uyhpcm5nuf,loop-ust,951,0,951
terra1nqtvm6m29uuqpzs7kewgqt2e5eyp7f0faq7xe6,loop-luna,98207293,0,98207293
terra1223kqd88v6hmynflc2s3z4pyc272xf7hk8s240,loop-ust,7093323,0,7093323
terra18n0dkglpd40axk0jlmk8qk0pezf9rea62ungxq,loop-ust,638029,0,638029
terra1l7z7xy3l4k000l83cg7c3e86w4kcw4j6fyht4w,bluna-luna,3835570,0,3835570
terra1sc2tsq7rvcvnsd5gx9xl57hrtx2ptv0aynufn2,loop-ust,12167181,0,12167181
terra1r6lrmd4au3r95vzvpc5ka2mgjwax57zx2jqsw5,loop-ust,109619407,0,109619407
terra1pa3v0ctpmxxxtpe0898nym7uxf97jcsp6yqwms,loop-ust,1367155,0,1367155
terra1vjmxx5h6g5lakjr04egqpcp8jz2qv6nrajznyj,loop-ust,440873,0,440873
terra1adh0mzhe50ts4f6k2wsqpg9dsxkd4gx0a7at6m,aust-ust,89274551,0,89274551
terra1m9sh0xchqz7f0ua4rc2v4n7su8utmjqlg4vrmn,anc-aust,424335310,0,424335310
terra10aad5lutqexm7n3hnxpm6ycnlzutp0fx26dpny,loop-ust,1588346,0,1588346
terra1j9ruttn9jrxtzmz5l3elhv8fuzg4kq0d5l865z,loop-ust,1442141,0,1442141
terra13f7dxwd2ty3y499c8e78xtyhnhwqelwv4y4d53,loop-ust,7799870,0,7799870
terra1ln4chp35ftw50j4ams4qhwazwj6vfc0k6xwvfk,loop-loopr,81155030,0,81155030
terra1ghn4j70cwty37ddk274vskgdza6ywmcs70jt20,loop-ust,352042260,0,352042260
terra120jkt054r4t9nzwg5p5wqhw5gfuly0ghrgld6g,loop-ust,14956159,0,14956159
terra1j048wwjad348ksa7x22u9pzk96f9xr932tzfca,loop-ust,1623582,0,1623582
terra1m726n7sx0ujq6eyt274wt7lz38ah2j6cjrm6xj,loop-ust,430292,0,430292
terra1yp3vwc4hry2c39js6e0atrln8a3rc7893p70v6,loop-ust,4420102,0,4420102
terra1l6h97ya83qufazl46herr8dhwueq6y855n96eu,bluna-luna,5475977,0,5475977
terra1rd3pc6vn8j674h9pma4cjr8756kpj84gdtcv3u,loop-ust,110448606,0,110448606
terra16uxwpkugf4ennd5axfjygrxerz2mndm47sqnal,loop-ust,1271636159,0,1271636159
terra1ntvjqg952aqlhtseeeyvgatufklxrs4txd2wsl,loop-loopr,365184975,0,365184975
terra1qrdyyzj0tvy28kc2s8r5vy286n44fx4r70mqc8,loop-mine,21740160,0,21740160
terra17jzvctn809uht5ke9h2mhh5pfzk9tqxy9kekwj,luna-aust,159247225,0,159247225
terra1slthumel648zhxmd7wqdp0kdpqs0ss5q4c2z2a,loop-ust,2925093,0,2925093
terra1jgwtq3hpvfassy2ew7h9w98sml7tgu8zs8x0xj,loop-ust,3227792,0,3227792
terra1pq0z9g4xuf6we26d8jwwhgtanu3ear8nqecmgn,loop-ust,179619,0,179619
terra1qztncrvhm9v996u903mpeyvh3gpgntn5chtwtp,loop-loopr,337099068,0,337099068
terra1uhac2zaal9fqpgx9vcu7zu8cx2lgm69gf9j742,loopr-ust,127275776,0,127275776
terra1yu0dfeze53kzsj3zvuhp9e8gl4crpya8vsat6w,loop-ust,39059930,0,39059930
terra1pm7tr83nj08vllmzzv3gt9pzxup2s9ypmmwf5q,loop-mine,36833405738,0,36833405738
terra1uy7w5hp7svqq97gadjxxc635vj6693wz9rxcnd,luna-ust,851689,0,851689
terra1stv67yanv4emcpwy3xtk2xgry8yznardd2uhdy,loop-ust,9979220,0,9979220
terra1u84m000q88cr98netlxhaeumdxvdpgjh0h94qt,loop-loopr,55474472,0,55474472
terra126qqnt900wmr0j240ph9jfc7pvlwvknw3t6wlp,loop-ust,513480536,0,513480536
terra1pmh0g8kmz4gyu5ctfm607n37pmdv5m6t3ewam9,loopr-ust,5292102,0,5292102
terra15ppardgndd0t8u2ly3wrrkg8yqg635hr4g4sca,loop-ust,2036343,0,2036343
terra13um8w62a6z3n6yhhs2svqc3h4h7gfrvl64k5z7,mir-ust,358010424,0,358010424
terra1tptw97x4lpl3n774e4mu9lk4lmhspe2mfrqmpm,loop-lota,32891037,0,32891037
terra1phju0synn63p43jwwde8qjhaeqrrjk7mapgp72,loop-ust,2101972,0,2101972
terra1f6fcmrcfkmzuq4d3kng5jcnvfmfqs4kz08tph5,loop-ust,10251999,0,10251999
terra1sknxy6mvwpn2tp6wjftyd888q3x8skrp3msf36,aust-ust,3534616264,0,3534616264
terra1yljt04lpa2fnywjhrwlucsjrnshkxlv93y378j,loop-ust,155488720,0,155488720
terra1tw2zmzhjwx5m6sttgrc8fdj0phkr9qc4hrqemj,loopr-ust,1408716933,0,1408716933
terra1lz66xmwv05lj8a20wfgtu8my4a57zl4cfvu5lu,loop-ust,1081036,0,1081036
terra16g70mz2rj2yxspllv7tagugq0sc8ex68n329nt,loop-ust,20154996,0,20154996
terra17cjktqcz52jy7cwlcw88eqyyq8w67m5zt696js,loop-loopr,95259203,0,95259203
terra10c0nfjfzjtx7kq4yse0772hl8eddq3xjm2q5cc,loop-ust,21074992,0,21074992
terra1j5x8re75u9ejty9wamltv56qp3ayhvm3fwru8y,luna-ust,5537822,0,5537822
terra19qt5su85qclm2kldmcmuvykthx90m4xv8mdus3,loop-ust,9884004,0,9884004
terra1sv8rnc6n6u4cuf8yj7x0jukm3alwvr5hqz0hye,loop-ust,13583201,0,13583201
terra1jtd7gs9dezuhczgsppxccq6uvvyhe3wws5xvzd,loop-ust,8384657,0,8384657
terra1davgyeh93dzyw2wg03lyjcrfdsva6xnqw3acw0,loop-ust,1093888,0,1093888
terra148v44ys0n846jvwj39lsfysy9lqsfazs4d9led,loop-loopr,780984822,0,780984822
terra1kps8hsyyk67myjg9lautn35dx368d6przh6wkc,loop-loopr,489825394,0,489825394
terra1prfrregx7dv8frgxzjw3ec7yntzkd4xzzvevvf,loop-ust,3401514,0,3401514
terra1s343gcm09nh9t30xyqdmtajrj0lkw54ua4fsvq,luna-aust,2502845,0,2502845
terra1dv4s2q9c7lnh4tgrkaruwxp75awz50yxa6aaw0,loop-loopr,15933117458,0,15933117458
terra1dccsl3s8q7j4sd993nv99neaau87zytet4x0wl,stt-ust,16966466,0,16966466
terra17pgfkddhng9lzvj4yyqph8t237mwqellnwmquw,aust-ust,754764582,0,754764582
terra12e5mdqcvnrdg8sv7v7v5r97hvxz7x7l4t4zkyn,loop-loopr,18699304793,0,18699304793
terra1y7t4jgmykaphvl0rjqzx68h7mkcn9w2hh4l77t,loop-ust,1864495,0,1864495
terra1mllj9uxnssuxyn3x85rn540dwdj0vjlqrrjwcp,loop-ust,881962,0,881962
terra1n4fqtfe7tcpv5rhn92pfj56tdyug2vs6uu3nt4,loop-ust,1435029,0,1435029
terra1nla9lu0fpyv2p2rl3dw66yvjs7m8pju3q5pmrr,dph-ust,42630084,0,42630084
terra1jxvkvtqkrhxkm5jyrveuz9uflw59jz8my5pm0m,loop-ust,932622434,0,932622434
terra1jq079m0u83273j0hktsjcyv57t74hcfufu5r87,aust-ust,10611171811,0,10611171811
terra1a429mmndv57ma9jnztp84jj0p4j8adx39w7ugv,loop-ust,6121840,0,6121840
terra1sua3f4uh9afrd8dkh7h3l5mlkj5a527hna2nl4,loop-ust,2710857706,0,2710857706
terra17vuwy9pck4nu8rq4mm0qr4sscm3wp44gxk5y2q,loop-loopr,214608618,0,214608618
terra1yc29k8czwmth7078lppqjlfwut5ster5h3zsrs,loopr-ust,3148682,0,3148682
terra1k6zxdlz9auyq3cnl6658cuyyxkpr0tp35tqwjz,loop-ust,53614026,0,53614026
terra1s35nuqgj9lsgm5e2w39gswpnt2r0zeca74gspm,anc-ust,83915994,0,83915994
terra19sekwjvgwk9mm4krwvxgrrtne45rqc6px9cp9d,loop-ust,6084882,0,6084882
terra1gzuaq3g3ukyszkquj397fk4pplvdhn45thnf2m,loop-ust,9412046,0,9412046
terra1yrqp29hd48wmmcc8f66k90lhvj4q6t0g0gadgh,loop-ust,145122101,0,145122101
terra1q3k79plrg4fwjttsaqndjuvvuev8wls6c8j04l,bluna-luna,1000506,0,1000506
terra1r6aeqrkty5w72qfmgku6c5jm52anrmumtpt4gf,loop-ust,1070,0,1070
terra1p4f2vgxwg4ur9gwwkj72g8f73tpxuwe4w66jdl,loop-ust,49007951,0,49007951
terra1e8t5dccjpsqwvtjmwkx6ujjuu55wspezdqee0f,anc-aust,91733960,0,91733960
terra1d9mx9n4qy42nkhjdylcy963t04t5cywsc6khfj,mine-ust,4614604739,0,4614604739
terra1ht5sjg0m43ge9hvtg00n3mpryeuxlleq4gwpt0,loop-loopr,12877426353,0,12877426353
terra1z80vruw8suqle0mjwvspk60959lh5983lc3gsk,loop-loopr,36271698206,0,36271698206
terra1adh0mzhe50ts4f6k2wsqpg9dsxkd4gx0a7at6m,luna-ust,10472775,0,10472775
terra1ytl720fxgq4r85ljjp4kz7hq7gn2a66u7m4c45,bluna-luna,880907128,0,880907128
terra1ggu7kunqecncuwmv82xtq0t4e7t44we5getgqf,loop-loopr,302943526,0,302943526
terra1474fuw56k0zgrye6yw6gyge5z2tknxlvr4atnv,loop-ust,8319434,0,8319434
terra1xwkh0lndx3ksqgvm9y2s3cdezczwnaxd8xaujl,loop-loopr,407779112,0,407779112
terra163qhvuthzzhfvy0xwhpr4arp482aegjfsuhlz9,luna-ust,20113650,0,20113650
terra12wdwaryumelru35zm32s9ejdc2dsqlfzmwxj8s,loop-ust,1902864,0,1902864
terra1p3qk8uksj0vpf09kjf5urg6vrv8ha2pedv6yrh,loop-ust,14370459,0,14370459
terra18f8qvpcn6655yxkpm6wkfnn0kytxreuupt0czp,loop-ust,165555304,0,165555304
terra1pvwermmw7hlrjxzxmty5v64gga8ynekdpemv6r,loop-ust,146685982,0,146685982
terra1lue2ecl97fac6draahhxp6nwjz37fg44u9ktxp,dph-ust,10345563196,0,10345563196
terra1mul7vmaugvt6wv0yma0qplp52uvs0xez8ctqwd,mine-ust,69285988,0,69285988
terra10x0aaa56zrwj5t36msfdcx4jhc86y2h02shjpl,loop-ust,48711379,0,48711379
terra1sthraad7e2kwzc76c4qj0u3ptnz47w94ndnur4,loop-ust,48806775,0,48806775
terra1nesgv8azlljegqlm92jvug58qrvzlf2400vhew,loopr-ust,1043501098,0,1043501098
terra1r2edkzh2fvkn35wc7edywrkecgwjdty7d9jdqa,loop-mine,20882128,0,20882128
terra17w25ehesd60rv77ztlmnha2989fp7a77dycj07,stt-ust,87653741,0,87653741
terra18zqan9wrqpdl708ya69utnzswl7zxgaa65yy2j,anc-ust,1072989739,0,1072989739
terra1r90n57sktcc7jqvnlg2xzcwyhkjxmt23admu0u,aust-ust,9405509406,0,9405509406
terra1fetywh7k8snf4qhmd9mft7x9g928cr67zaknu7,loopr-ust,6144463,0,6144463
terra1jx6446aep74z39ljtgypj6h0e2caf487gv56nh,loop-ust,8567156,0,8567156
terra1u6frhp6pwhsyctre4azs74dcezcpvvfa7h4f56,loop-ust,1118720,0,1118720
terra1khz8mhgvkzqqpmvpusj744jwgzy0cyvdn0a56n,loop-aust,197743260,0,197743260
terra1zhmegmrt427dlpcd3kvt4n5aytds4xwx56lkdv,luna-aust,26069151,0,26069151
terra1x4va2uwwtfuyfvgyspfyaend6jjms0jyzvqezu,loop-ust,1995962,0,1995962
terra1zz96n27exe5fsu2me3mgmg3qfnjvnsjpp9tj49,loop-ust,165495829,0,165495829
terra1essp6d20gr720v9m603dz67vhflca9a36fta8h,loopr-ust,367174034,0,367174034
terra1ngvd47nh850zvyw7229dvvur3q7gxpm2f9h86v,luna-ust,111612485,0,111612485
terra1q2gwg4wtzv7xzylrseuxcv7pujq7f2yj9v42c2,loopr-ust,173427945,0,173427945
terra1el9qsn4a0g6m6f99xwrdnsxjt27uwn53cnxug2,loop-ust,243244876,0,243244876
terra1ea4n2au2jh0hx25axa22admagu5uxlsl9uaku6,loop-ust,282351458,0,282351458
terra1fvhng7c4ftzphqp0n0mvr0cujtpl7za2ckkh6k,loopr-ust,37605696,0,37605696
terra1wq2q54h3ukmm5vltghgftqm37w9s7rlsaff96z,loop-ust,49767762,0,49767762
terra1tgux97ela9tfpxaqjsyjp0kep2j75vhk8kxv4c,loop-ust,17096792,0,17096792
terra1p8ag555ks3uxhjntx7eedepsvkwh39yxknry3p,loop-ust,8117959,0,8117959
terra1cva4c2sjfj3eug72x3duyat92v8wtp8ypang6j,loop-ust,424887,0,424887
terra1wda7prarg6w93n2yjak78l783cjhds54ml0mpp,loop-mir,3113317885,0,3113317885
terra14u5pss9qakeflrz6l89ry8mz3uvwcs3w4r38ac,loop-aust,69898804,0,69898804
terra1w0mmx83f380enfl5yul6h08r874xrqfd9lm4ar,loop-loopr,248404140,0,248404140
terra1wutxzvw8vf4xnmv97vxgu67df9zak9kx7zsstk,loop-ust,1516521,0,1516521
terra13dg82rf6gmtsgtnvpjpg955rhnh0twehk0whcp,mir-ust,3662793832,0,3662793832
terra1vh9azxglftlk63q75ankcnht7zdjh8nyjajafw,loop-ust,47557,0,47557
terra17cz879yl33xkvyflwma3rhn6x5dskxy4p92jgc,loop-loopr,12102651279,0,12102651279
terra1puqjcpyt7lhkdpekr9pkdvdz8dmuhvjgt65r3p,alte-ust,155160490,0,155160490
terra1zg7wneqglmu4sdtxanght5qunmydkyf9dc2jp8,bluna-luna,5889850,0,5889850
terra1598v7mhh6j8f39ammllr0qn4t7zfjdu6f04fv6,loop-ust,139511095,0,139511095
terra1a9nnlxzg2lpg98gafn0mcwwx5f8t2tsrnwjfxr,loopr-ust,285731328,0,285731328
terra1cw6m6szwnyj8dt7z67s37ew9nq8xpfacqr9d3s,loop-ust,21437157,0,21437157
terra1nldyxfgsy0s8t33r3garh5kajpdcaa4sxf5yvw,bluna-luna,11945948,0,11945948
terra1etnnylvznjgacehew4hxdauw7hadd2xgl93cak,loop-ust,44180525,0,44180525
terra1m26vc4pw3jzf052ktnn0mcrqw25zjkuh0smhja,loop-ust,2047603,0,2047603
terra1pnj739ywv4hwszs8fytzg97vzz78mf6lm2d69x,loop-ust,31459564,0,31459564
terra1huu4v7j98zgsphgxa9m5v3c849y47q0g0spqr3,loop-ust,3364653,0,3364653
terra1h8hlq0u740qcq8yqhl4zef6svxlmv29dwy099c,loop-ust,8320217,0,8320217
terra1ukwjrdgtlvpv2wz4vyymdm5az7ude5lnjyw4d9,loop-ust,9145016,0,9145016
terra1lunsupwyjpqzvq4y3vv4zakka64cmvuesx4wsz,aust-ust,492116206,0,492116206
terra1m2zfnj5zw8ckgp4tngs2y9frpsc48vds7dnkf6,loop-ust,1417289,0,1417289
terra12p9tuvsp76ltxp9zz44yfn96cmg835cpavc8wh,loop-luna,620603,0,620603
terra1yrrp3a4794ahh5l0732wrt7n8xyg7ej53qxsrx,loop-loopr,489809308,0,489809308
terra13gky23ql66c0seaw855t3cxh5f8gdxprveejw9,luna-aust,219799238,0,219799238
terra1dz94arjs29a8sc6rkvum83z2p8vqwfd57jytvy,loop-ust,35284306,0,35284306
terra1ck3fuacu9p6m5df6gvpygzzzuxn2rmrg7m266k,loop-halo,218358661,0,218358661
terra1760dqx9kft6ggc4hmejqu0v9fm2quhe3tch9qw,loop-ust,46387084,0,46387084
terra1txyxrj8k8nmtyea350z7s989hn3n37gxpyfze8,loop-ust,2426250,0,2426250
terra1r7nn4n4rutms7rsc7t0x2dr4duvq6z9mcl0d0h,loop-ust,3260910,0,3260910
terra1dztkl4sfsvgxxl0nyet7f9djj5c4r27nax0pyr,loop-ust,10316176,0,10316176
terra1ferstaeh5l3sgzcnur7fvucxx4zdw5ckldv9s2,loopr-ust,49982295,0,49982295
terra126gf26pdlk5gp8qu27l3crsjhngaaa4vrjtvc2,loop-anc,190659431,0,190659431
terra1q3uxyc707ljt8fpq07lvhwjvzaprxs7t57zqmt,loop-ust,214006349,0,214006349
terra1ej30yeev875tynvea6e8l7vmlrlm3wtpj7c44c,aust-ust,24367926779,0,24367926779
terra1u9cu03rhqsw4stge55w4ru3v5fufn2mqz467ex,loop-ust,320764461,0,320764461
terra1mm57ld4tehte6z8n7mhxf5dn28skxzeyrhc3rx,loop-ust,115978757,0,115978757
terra1e5lucufr0v9mus8z5q4pretqpt4aztxake404y,loop-loopr,1156819874,0,1156819874
terra12hn0tfayvkps347gf2sklhmfwnsj354vjpwxlg,loop-loopr,165473653,0,165473653
terra1aq7wfxhhrnyfmd9l99aeg9hk720z4q9zk7qsy2,loop-ust,5882913,0,5882913
terra10vlmwd6g8h6h92dqlf0sh48e4x5m23ray4ke9j,loop-ust,6083542,0,6083542
terra1wfv4z5zmwnyvyld8640k37jzre7prg7ec40qc5,loop-ust,6843810,0,6843810
terra1mfexj80nv8gntq7pszq9pd53qlf60p5xjhjkw5,aust-ust,5147097324,0,5147097324
terra1fryz0f4zarqqa3ufqp7zuwweqkewv4qrw46ppf,loopr-ust,27235006,0,27235006
terra1yuvtw7pu3qx5djllguwc2r6xfkf7yzar4tnnlu,loopr-ust,6222192,0,6222192
terra1xw977882xrl73lgclxp8rx886x0c9sk5sf7ycd,loop-ust,4028156,0,4028156
terra1qxlxm6vuhw25us4kmm9lqeqwptg2h2p0aefpfa,bluna-luna,66341759,0,66341759
terra17fe98l9pk9042e42t8junwlrkwm0allum0g452,loop-loopr,119106514436,0,119106514436
terra17funeryr3an2hswd7uqe43preetf50fdr733n3,loop-ust,225883030,0,225883030
terra1g62h7064v6jr3wjnyntpl4nl8jrsw922nkgafh,loop-ust,951423,0,951423
terra1pta5gp6yywun5negx2ayyqsckmwjdmtdzw86pf,luna-aust,236833477,0,236833477
terra19j5ghdgg8c85n5ul6w677vh2x5hawz95xryy4j,stt-ust,120880583,0,120880583
terra1fltevtujt9z3rasn02m8nyspvzax0j6d4u3luq,lota-ust,8286829,0,8286829
terra1yj5uqscr64n7flrplc302kv59az4sk7n84r8dv,loop-ust,6169241,0,6169241
terra1mm8uc2a5s8q9z5n5pz2594g7m0rlczynv6vecr,loopr-ust,5116540557,0,5116540557
terra1q50k9x4p89fl8mvhl9yjwvysud5tsjc2djnc2e,loop-ust,715768,0,715768
terra1m0eq5galerzkd7cag5t9rrj7fk5fqlgy25vqgn,luna-ust,1566154,0,1566154
terra1wm3um7kh43syydtejptqs3kvacd5xmgyuh3ml8,loop-ust,1032483,0,1032483
terra12xsjw702qc2c666dsgyamla83c5uej2xzkzfa3,loop-ust,45791397,0,45791397
terra1v5nzpfq068rkuxu4lh43hul6ykvpw9cmtx5lvr,loop-ust,112509777,0,112509777
terra1t68uzfn8mcz9qmxmwu6mv7swyayzspv5hucevg,loop-ust,117985625,0,117985625
terra1xwk5vzknyula2shhd6y9ltyl07e0pch3jtesgm,loop-ust,2016950636,0,2016950636
terra13mumrswsd4pqgcwdruspyv694d20rn9fjawrhh,loopr-ust,52011183,0,52011183
terra1cr8gvqj86duhgfpvjs5x237v4wfsf0qykacsjx,mir-ust,50174284041,0,50174284041
terra1fn5p9juy4e8sscxdf4nr8e8sk346jv97h9k052,mine-ust,66973503,0,66973503
terra1e6nauewc02z0vfx628vxm2g07exvgqu3sr88c9,loop-ust,657231,0,657231
terra170yv50c7trywtlwh4wgy9wq83pvuf4u5fqcchc,loop-ust,5177534,0,5177534
terra17lapk5p993ugazmv2uuc2wdrn3qveqlh7hklpj,loop-aust,143955380,0,143955380
terra1lcmsfkgepdtajmdrup69kyhdak8pgkm9wgusf3,luna-ust,117464913,0,117464913
terra1rg9kpzdnk6melg93dq8ngn9y9ph6mym4tfqdn7,loop-ust,86032390,0,86032390
terra1hu3k34run2xshnfjwys48yg9235sagm86erjnv,loopr-ust,17102842,0,17102842
terra15matu0y2khcppe8qn38n4hfheen7lj7cxzdvjx,loop-ust,2125777,0,2125777
terra1vccpg8fg3r4fkf4xkxycglscuxszytdwhxmzfv,loop-aust,5562324,0,5562324
terra18whcjz8qmjk2hgwr6vqqpxs8rk4wx6en72vvrd,loop-lota,7608589,0,7608589
terra1vn7hy9tplazadp2fv3tgh8q6xxwgmkgj8awj8j,loop-ust,122088,0,122088
terra1d43eemlhe827mgql2zxm3hr0fhudfqgdsrkn9v,loop-aust,162047925,0,162047925
terra1jet4d2cnejtre4vmexnue2p8jq9gxecruqdlgr,loop-loopr,43587430,0,43587430
terra1w75v88fgh9hkjgmmy9ep7rz4s24c2rldusqgy4,loop-ust,797210,0,797210
terra1ja4l93a3slmgt95lanhkrrsckkjrmwdnzzar8r,bluna-luna,39857070,0,39857070
terra1s6wqjngh635mljy9xg23emjeml8r75g0l0fjln,loop-ust,449199331,0,449199331
terra19cesd7qufuk57e9zhjy9mwwugve75evz50d2md,loop-ust,1014528,0,1014528
terra1wl84mnd3e8438wq4849khcsrjmxq6qh2zzczhw,luna-ust,36659108,0,36659108
terra1ru5aca8ny9phq5dhmnpm4nudp92dlx0306msg6,loop-ust,1789339,0,1789339
terra1pc26neqzu4e8suf3psc95jk8mz4ps9j09rccqx,anc-ust,249770761,0,249770761
terra1k55yskhrxazspydqarkz66k327zujxauteaqz6,loop-ust,447097,0,447097
terra1g0dd2v6sr7m4c8gq34lja85srnxhuc2mph3nye,loop-ust,65021952,0,65021952
terra1gwmarmer79hmevkxmd40w8m9cra2sf27rshze8,bluna-luna,998182,0,998182
terra1puf0jykdga820g2ucmlnu42ntha2frqtuscn68,luna-ust,17023240,0,17023240
terra1pmcus7jzsngvfkrc2rxf9ascd7naply0r3eevv,bluna-luna,283635,0,283635
terra18rcppfkes20qa99r5m8nuzacvdzwte2rfhzys2,loop-ust,46476896,0,46476896
terra1vrjw8yr4a777s5asjref7rpy5n8hvvfdj4f3r9,loop-ust,1030647,0,1030647
terra1w86ph6g070xk0xfjeuh4drar96gkkgmuasnawn,loop-ust,1617662,0,1617662
terra1vam7l08rxnz28jq8jrusq8ae28f0zq300sxxn7,loop-loopr,30194959460,0,30194959460
terra1vt5d0stun2lfk8v268g9ttjlvh3uhk8n7dkwjp,loop-ust,1075697,0,1075697
terra15hw0asds05xzfkhgm8zat6ta6rwgyquwr4cjnu,loop-luna,1601033,0,1601033
terra1w9z9dffvv8r50h35swp8m9wngrtfy5l86xydtj,aust-ust,1098176740,0,1098176740
terra1ap2shjm9dh6zyg8ml8tnfdjvptmxjsladv2gwv,loop-loopr,114252611,0,114252611
terra1eladdxcqqju5x7gww9206ufhxrs050esgp4uwz,loop-ust,23864564,0,23864564
terra1xwkyjw9dujsulf3anvmykck8w3xldw5ggm6vkx,mir-ust,56187428,0,56187428
terra1dfztduj5yd9ftvfgvnkgz587gqmkh24ughurms,dph-ust,344241763,0,344241763
terra1w6vkmmvl3vw2cstd79dp3j3m4wtmmmcahhxgzk,loop-loopr,1006314954,0,1006314954
terra1pttr9n8znet54vv2g6ea08sw0ddsprq8l9fj2n,loop-ust,4749916,0,4749916
terra1xr3y79mdgpnxxq8xhhyxu6eclhhn0tvt7xr4rw,loop-ust,13890724,0,13890724
terra1e7rmkjgpnn7a59npr2t3jzfxs34fnphrzrzca0,bluna-luna,29847170,0,29847170
terra1snhu0ajdrj9gt0vvaspcv849e3e8jdm5yjfz43,anc-ust,21490539,0,21490539
terra1x5pwqh5awpjmur6u5heda2sg62fvr2n0xaygv9,bluna-luna,141509052,0,141509052
terra1uuwu7f7ksce2zlcv4avgyux035wfvpz660hm2r,luna-ust,1224447,0,1224447
terra1chm9w5p6mw7mk62l3drgd6xq6phw070904xq4f,luna-aust,122819170,0,122819170
terra15yqxg4akvnqarn7fe5dnt4487tcsfa4zvzccn9,loop-aust,1624009221,0,1624009221
terra1l7jwxdajkjvghc82r79s8pxez29xe80y8c608q,luna-ust,11918796,0,11918796
terra15njh44a2c4lsxvcrc9vu0yt8g5cxtysukkjxwl,bluna-luna,5591413,0,5591413
terra1p74yvefzw02pewz0h23vzy976gvns52sgzn483,loop-ust,9440468,0,9440468
terra1f2u538nfq2jdz9sxf488uvns7a9p4fdnr50y3y,loop-ust,1917089,0,1917089
terra1yj9cxgq66ct0rpzvfler2r7y8kke8ut4pp5gju,loopr-ust,14703179,0,14703179
terra1hgv0lpt9nrxgrzflrkmq8pw3f9q79hjcqvxqwe,loop-luna,98732548,0,98732548
terra13fc2w6nn0klc9w248ktzwszasxl0pkvlua7myk,loop-ust,54330949,0,54330949
terra1gd9s6366cgkr3qp6xjuwtmj3w3tgukaz553h28,bluna-luna,36117455,0,36117455
terra1vungp7mdlxdpwz0tlcfmmjsjvq64fmhet9etkf,bluna-luna,107327636,0,107327636
terra1xyj2thfle7y3n6w8xz94f89eqrwsszd70gskwq,loop-ust,2226778,0,2226778
terra1fvhng7c4ftzphqp0n0mvr0cujtpl7za2ckkh6k,loop-ust,77570528,0,77570528
terra1g0d02sedxf0mxaf6yut370jcxsk8ep3xezqt2x,loop-loopr,76982196,0,76982196
terra1d0sjy45dqe9rk4mj4z2wv7yzv2tfmdpznmmu9v,loop-ust,5234923,0,5234923
terra1ajsx0z25rtad2hgtpteehjafnjmd7tt4dmz9la,loop-ust,104791690,0,104791690
terra1q8pl7ldwhg797pmpunm8vyhxqwjlk0dgjum35y,aust-ust,125476858,0,125476858
terra12gstuntpp4pv6vz2xs46cm5ql9yul32cta2v3v,dph-ust,113174435,0,113174435
terra10rgr9tn4g47wjh2m32tsx5sjsu6nzqd5vk8f4w,loop-loopr,23678401,0,23678401
terra10vntfy2rp7eueq27xepzmmumqwxwdrxpz3jdm6,loop-loopr,105406120,0,105406120
terra1a2auxuekl80cmnvugvcfv5ld2cvh2w65e4rk0r,loop-ust,9475346,0,9475346
terra1kfm2splkukl532sr6vcx6dcryhwtdfrz7yepg6,loop-ust,39028434,0,39028434
terra1jqw5090svt83cnxjzqv654vvuyxwrwqh7rxa5u,loop-aust,23026706,0,23026706
terra1frv8dlwx86drdhlhdshdkuq9hdtm8qtvq2x4h2,loop-ust,37996773,0,37996773
terra1pxnpzycpg4wkagtgdyaxfmrzmdat0tz82udnwr,loop-ust,31152274,0,31152274
terra12ak0avz5gruke4sc93c9rpkags70f9saszjshf,loopr-ust,212371039,0,212371039
terra1taqcj5ksuyqmnkgw2pnarz2wqfhju03x3lc7ae,loop-loopr,4007547470,0,4007547470
terra1x9wv8naeqf30ap55a4whrwqfuwzx00pp3gkzdu,loop-loopr,780374479,0,780374479
terra1xpa2l8tf9759pg0hvk5zh6rc33sv6vwywqawja,loop-ust,4942392,0,4942392
terra1v35s499lfvnqxeyxlq5mfn9qupr93whtcg2g08,loopr-ust,123965359,0,123965359
terra1s4z2lduj50rm84neuwd8kw5las5qxk528026u9,loop-ust,935529,0,935529
terra13mrppwjk94z2206yuecpnk0hukwytqp000hs9x,loop-loopr,332216222,0,332216222
terra1peanvwrezjlx2d0muc6wns2u7jktq7lx7466kj,loop-anc,340519314,0,340519314
terra1vzp7tmv3v77fpxr5gfxuz5fr4wlqd73xdhx897,luna-aust,19871669,0,19871669
terra1xm7n6mxnfc2mskcugftw59wsqectz3qva7y4hk,loop-luna,20139766,0,20139766
terra1muvvcra9yntwce0mkek96ukr7l3r576lqdp9az,anc-ust,298489437,0,298489437
terra13qgveatdwtfhpts4ptx07qdzfnqqy9k8uegk4g,loop-loopr,24032677073,0,24032677073
terra1y248g4caftzarjtcftrkrudtv0lsw99dlc8h5l,loop-loopr,51100868730,0,51100868730
terra1pm2exxqhhpltvmrpggxs5p28s4354ucslva838,loop-ust,6526874,0,6526874
terra1fjtls2j658mdwdfhtgsdu0pv6lmcl76gtj6au7,bluna-luna,1397083035,0,1397083035
terra1qdcv5utvdzyx88jr89j0ec9aqm2rgs8s48yh57,loop-ust,20578664,0,20578664
terra1v0eyj3l6czwspheazy8vu0t97dseteu22emm7k,loop-loopr,980329060,0,980329060
terra1fl0mczc6v0lpqmrlcz3kt0p3v5l89tdlclse7q,loop-ust,10468085,0,10468085
terra1tas2n6prrvcsd890hxp6f2untpcyd6ywfheanm,anc-ust,853998168,0,853998168
terra1jmxyydjy3l2uvgdym9kvjrlmev8zsy3mgcc833,loop-loopr,85359985,0,85359985
terra1fn2wtc3w3qh9hgmmphrg57mtgccm3zyv392zkt,loop-ust,2109273,0,2109273
terra1m62ce3p2yrjle3vlve4nxgn8e6gp9xqffjqd8h,aust-ust,52497612,0,52497612
terra1gfyar9l7e8cngnkyu9hvpx5840sl7kr5uqtagz,loopr-ust,1475949,0,1475949
terra1ejcc63pjfhv8hdvz38jah0rv39vz2q2pmjkt24,loop-anc,13496240,0,13496240
terra1dce5ry2fxtrrjmmxevt5nylnvw8djfulq0ed7e,loop-ust,3741924,0,3741924
terra1flges4ujy0f5js0yvpa4cxqamr95rc2slk7eng,loop-ust,8997818,0,8997818
terra1mvztjn4drq0mpw3h5p5d78r4wjflqjhurwyvps,loop-loopr,374887046042,0,374887046042
terra1hwvpvlc4yhh5altmuuwq9g90lnkv08etw3y8k9,loop-loopr,514550601,0,514550601
terra1jur307d5t2hdheetul892c9zq4xusyyta0n8jg,loop-ust,18382600,0,18382600
terra1pup87mqke65g8qljj3n9syxe0ta2ty6d932dl5,loop-loopr,1193780664,0,1193780664
terra19tada2qnteac6hqnc75yrr2s5e73feyfddcsgf,anc-ust,1796548911,0,1796548911
terra1fyynesztjgmnaeyhg8jgyvmjq9e6tzfj53mlm6,loop-ust,1805143,0,1805143
terra13xykutyn0404muxsldsean7q5agg6e4vuat878,loop-ust,4635575,0,4635575
terra1tptfjs30y4apqkzr20dkvdh9snlt3a24qw63y0,loopr-ust,22828862,0,22828862
terra137t06gqrps5auu8pkkhdt39l3qsvdylzvz5wss,loop-ust,2506488,0,2506488
terra1ec65fxl2hyym6dxj4m0z0w0y4cy0qmq5xs3aw7,loop-aust,1250404289,0,1250404289
terra1geve9t4fzwmer5h56fjtt9aued4ap6859vc3xt,mine-ust,122121224,0,122121224
terra16c5fyc506r82xwt3ddqfyvay5kxhxwlqva4yza,aust-ust,886308422,0,886308422
terra17ylemz7sdlkvxqumzzhgp0swhq4ffxs7ecd6v9,loop-ust,889947,0,889947
terra1krd5nu6x3qvz2ce8s4xa7nllgr970ln9upf24z,loop-mir,432332244,0,432332244
terra1fexgvkpteyfcc737xawpzdsw9yztax40yzhtfs,loopr-ust,620931,0,620931
terra1qy7m09ps4m0e5as73zjcccnzyjm04uue7wpc0j,loop-ust,920041,0,920041
terra16pxxr52seyhf3y98a28g6t8ggtsrd56uyxkrtl,loop-mine,13585101,0,13585101
terra1v9v29s0wcqc0yu468fpct88kcy9p2c6cxp6wf2,bluna-luna,990688,0,990688
terra1k4nn9tjuc9phy0fntg7lfxyrs43jmaqz5xm0th,loop-loopr,663028124,0,663028124
terra13rxp5lpqwavs7rxjynafpkxgl4qfwcqamdnedt,loop-luna,932243,0,932243
terra12tk5wa6x5k7mnvjrrdue3e90f6tpy35yhgxtxa,loop-ust,2817223,0,2817223
terra18q780xlparsks38cnhs2vdv5ra4wmfwdl72pde,loop-anc,315416207,0,315416207
terra1mucsnktu03qa7y5nduvtfwfl0ezth2n737e5s3,loop-luna,1083734703,0,1083734703
terra1kdtdcmq9a2ve9dc4wwcuhvx6amkp4eqmxrqlxc,loop-ust,36737239,0,36737239
terra1cdrze2wvndt365eajrdswxppyq0whn5u90h6xc,alte-ust,108866733,0,108866733
terra1w677c0nht8alplxq54876c7620wa642e9739n7,loopr-ust,48599424,0,48599424
terra1mq6e4fsp943c0lxspt9vzwklvh04t05mktzp25,loop-ust,62340109,0,62340109
terra1xwj0dfv63rguatjpyad8eyrcz3zpkqksr5935u,loop-luna,24975741,0,24975741
terra150zgrwzxh47lwn3rmywkhwm7hfk3czaf63qdxc,loop-loopr,167217347,0,167217347
terra17mtxy6ar6mrrz8hm3pux5k7ltr6q9nru9unhhj,loop-ust,23233548,0,23233548
terra1m7zq63fx0738rywd9flqf8lxgrazzymc30lsdt,loop-loopr,10136883575,0,10136883575
terra1qqdstguxgqxvndk2y3ncspfggcj48jz0u2m6kv,loop-ust,9591736,0,9591736
terra1k6twqdq5fzcsehxywyl2v4tgx4z0wsk6t6ezr6,loop-ust,2054045,0,2054045
terra1778n0nuqkjgnrdjd2t44h34mydart697zakzjc,loop-ust,457692,0,457692
terra1lrcqndtk86cl06n63qny6x6w05lje86m6y7jmg,loop-ust,188136,0,188136
terra1e50373qzq0ddmnd3a354xqtpwj35fscjf7nspt,loop-ust,2426354,0,2426354
terra1623udtpnvvls0cnq8c05wyufs2kfct53kv5hek,loop-ust,142316289,0,142316289
terra15mk4tay888k0e0chn66e3773xmfdw94eyarl2r,loop-loopr,414628053,0,414628053
terra1m05wd0nh7krqvrqhkxa67njcth4g7sl2cfzm6h,bluna-luna,20920674,0,20920674
terra1qqk03jgpjxac8qma753na3mvfslamapn0ats5x,loop-ust,7653650,0,7653650
terra1ehczv4qpdqlyg8vn27udepdwxxeag649x9rx8l,luna-aust,1020467442,0,1020467442
terra1wmec3xqx6lhpya0ddupmxs37nuyuyx4v9k8r4r,loop-ust,951,0,951
terra1qe7f6hg7k82nx7rs7v79dhl239ug20aqnk6a25,twd-ust,10327506,0,10327506
terra106gzrdxhetqehym8zj3lztv45rwzl65czgs6dh,loop-ust,4228384,0,4228384
terra1dh42k6f6fxrg902hguaexqup9pd34g9yequuwc,loop-ust,935436,0,935436
terra1ptsy3d25gkxaxx5gc5uxj6rj98z6x38jp5s786,luna-ust,3315932,0,3315932
terra13ygtr40wxccuz567pgy29xua79wyaalzlw40ul,loop-ust,426853,0,426853
terra13ek9wwyptgp6ufmvj8rv2d9ew0r8kd8hptl6xh,loopr-ust,175817982,0,175817982
terra1w47kp5yejt02nyfucggyu9xye9etwykaaw2h7l,loop-ust,17040156,0,17040156
terra19wsec39gdfj3mayg7wmcq42zxqdtse8m8xf53s,loop-ust,22067108,0,22067108
terra1ygs52rlg03ceu26rr2qy639tra8c2s7tp33rzr,bluna-luna,7484277,0,7484277
terra1nql0jxgqqje9kkx5nzkf77zwc0mkefcmymua50,aust-ust,2729566681,0,2729566681
terra1h3s4armdu4nfwvynftwd9uq8p6tcu6mwmvlqgf,twd-ust,1529848,0,1529848
terra1lkf0l2we3zwkxw336fudj2f2sczt68krase4v6,loop-ust,5929442,0,5929442
terra1w3wklp04lwhy45y35fxslj9whenqm57yq394v4,aust-ust,2236801121,0,2236801121
terra1n57tn23cja4yfmm2r9njgaukprjptrvmnnckv9,luna-aust,7117967,0,7117967
terra1nsm6dj0jac0jdgc6e09w247e783rk70jtw3klh,loop-ust,1842100,0,1842100
terra1kqsja3nqv6d3k78wg4eefgtk946dhe67lt9k9z,loop-loopr,2469630732,0,2469630732
terra1ne8njn4dl78mclhp7u9sxr0f9995v9h3tprvv4,anc-aust,504894187,0,504894187
terra16ne4sssx8ctfqfeq5yd47htu5j38rnegtghv20,loop-ust,1154787,0,1154787
terra12jf6ydx4wq8uhqg6mel0rm36defw5r9khrrxuq,loop-loopr,225846757,0,225846757
terra1utdeapanx9r0qu3h6x9v57jzh504faf5p0whkd,loop-loopr,25901442542,0,25901442542
terra1qqhxvfq960mnzr2v3py7n6xpyplxqqmz27xl3z,spec-ust,18035872,0,18035872
terra1hkx60g45qngnrrfggg8wj5nrg8x62z9z40tzsu,loop-ust,1962319975,0,1962319975
terra1td892584x87f7tq23zd7tgkpk4asd35yt5jmjw,loop-ust,10201130,0,10201130
terra19cwxh2pcc7wpqlj5sxh73meynf6yeqwa9p4vqe,loop-ust,3390503,0,3390503
terra1562wfqkfydkhsx8y8lp0qdllz9dpcc5acsp7py,anc-ust,5888574,0,5888574
terra1sk7rqm7rp80uavtzx0mkcdeq3uspzqlndps80e,anc-ust,6638893079,0,6638893079
terra17t5yrne5ddr9p5zvx7dv99mrxk6wn74l9wn902,bluna-luna,235145190,0,235145190
terra1rxvjfp6e5pwayevt6uueu4yhsxhwul578wpqd8,loop-luna,1297436,0,1297436
terra1klq9mk3zyvkcfvvnszyel2fnjtyhrjyqgankv0,loop-ust,10844697,0,10844697
terra1wxv4z3a5ztr3wsh2ppr8m8xjkej68pu2jhs63e,mir-ust,8469711,0,8469711
terra1mfecr0eeyxumm4jklz7xh4ey3s5l8ndmwfysdf,loop-ust,8405444,0,8405444
terra16ashwp5sppyukqareksgvlyzuyhf952cq2799w,loop-loopr,831756158,0,831756158
terra1z7q2e2nsat208rs0406gmxwt0jsvpfc998ny6p,loop-ust,1029232,0,1029232
terra1zqxk4qxgkxgcg7nch0lchuzen3e52jsj598q8y,loop-ust,339318,0,339318
terra1xejt5wn46e9gh7ft7pua876e4pdjwxfvy8489w,loopr-ust,17814441,0,17814441
terra1peanvwrezjlx2d0muc6wns2u7jktq7lx7466kj,loop-mir,210386966,0,210386966
terra129n27wyfppnz5saz9yt3n4stm0gzwljmlqq59x,loop-loopr,8788765261,0,8788765261
terra1h7xez5tcvdaxyl3gv6mwn2yphmyfreks8akp8h,bluna-luna,17413894,0,17413894
terra19j8hhe7cy4urhys48wq3f73s0zekkg0g8lzzn8,loopr-ust,125833125,0,125833125
terra1ss9sahum2p7qlrxdt2efjf45c55exc5gxnzm04,loop-ust,1268442,0,1268442
terra1vdnpuwtxlj4ynz4j54xjldjhy6aspq9fcyczwh,loop-ust,20823809,0,20823809
terra1l8e2hzhrh0kym2xanrw6fmlgfs09zxvunw353z,mine-ust,10061036995,0,10061036995
terra1rg56u7snzel6dcsd0g79h8th2e5tnpl37yvf93,loop-loopr,14471173654,0,14471173654
terra1quazlxnx9gzm8sqrktrm3g0k2wclqfpj73uft8,loop-ust,1181475955,0,1181475955
terra1pxuver865uwuffk43upunt05rzmvw7syxlw38z,loop-ust,182402575,0,182402575
terra1c9r4wc9vfk42r9g482n56vp75gazfeltkvx9t3,luna-ust,5321766,0,5321766
terra1luqwun2d2guesalj3pxvx6wjc8je6rj6wp3vyr,loop-loopr,361464262,0,361464262
terra1rqx7qca68nh40ermmtsh86cqf6rfnufs7xfxxq,loop-mine,42030594,0,42030594
terra1fnyve4pghxyzzhfeerlzszpn450uv0m0x24j0n,mir-ust,1933092848,0,1933092848
terra17k5mhemlsarcjsecwth4k5r67njau6uaqkhh4c,loop-ust,53335021,0,53335021
terra10x4td3qm42yxtfr8l805a34qdrw2s049rfkmax,mine-ust,30512796,0,30512796
terra1nhacdcwtenxyynn7304k8wkrf2u5ewhqph42ls,loop-ust,4342659,0,4342659
terra1aqttkceqvxecrt5w3n9ujyed0sc2f9tm4qx0xu,loop-mine,3022074688,0,3022074688
terra1egc0m6tsc0atldf3chaplshughe3kcwrq537hw,loop-ust,71411314,0,71411314
terra1f67gfrfd8s8kfqnmsjtnww9gjwsz93n2fk5h8s,loop-ust,192509021,0,192509021
terra1j82p82mp5hyz80tyh7l8taax9h3nd3rjrmqykh,loopr-ust,12711842,0,12711842
terra168z9phjwduekzz6vj770g2l0rh47wu0yzyl7jz,loop-halo,4574666533,0,4574666533
terra1l4xvnnf4yfm70awcy8r5drzj6wwlhy3x84tgy4,loop-loopr,5626621551,0,5626621551
terra1exyextajh0dufrzgyghkcdlq2rjteg0w2k552m,loop-ust,5424250,0,5424250
terra1985pxne4uv0pxe6hg09ctp8mzkuctw70r8cn63,luna-ust,153993,0,153993
terra1d2mdm04zmp8mxqewsazhgyy7fwqqvrq5j0jum0,loopr-ust,14412984,0,14412984
terra1t29a7ry08lrf4l6s87dzcmq2k685w48lf3qd5d,aust-ust,418947839,0,418947839
terra18dawl75d8hsdkecjwf9588fx5zuhw75py30f9u,loop-ust,725423,0,725423
terra14g09w4h2kpdkxrv42dlrh5scsr84zjq4x5a88a,luna-ust,151806,0,151806
terra14ysk25rn4a06jgmw2vqgsypcexe2244w3e9xhg,loop-ust,6315319,0,6315319
terra19f9pyykd729xk3cz80cyu3y09nhlv6qqa8lg2d,loop-ust,7096007,0,7096007
terra17zvkjr3ms389rnkmc7w6lypyqe0phcuygtla83,loop-ust,19526183,0,19526183
terra12qdg873l0aqzyqe9xm97hf7802gsznqhdnvxs8,loop-ust,11268356,0,11268356
terra187nng0920m4gffyrwwc3rpe3hfqxu83smkquy7,loop-loopr,352758690,0,352758690
terra19489qp94e7t5p7whe8dedjedmcac86rx89sphj,loop-ust,37886341,0,37886341
terra16jytu0a65rgy2ry7w3vvjarsrgarvqce0rjdgh,loop-ust,9280566,0,9280566
terra1dzsn82sm38mh0ppl909hufzw4n95zqfhthkzln,loop-ust,2055342,0,2055342
terra1yflk58n98w48letrx4zd2n8uq5l3pu5uu2xdcp,loop-loopr,11627010,0,11627010
terra17j95jcltz04c3lcn6hkg6ja29atl40930ezcj3,loopr-ust,6238509,0,6238509
terra1tn4dqs24hgw32h50wuprzcvrk37l5lyrkpkkmt,bluna-luna,9966247,0,9966247
terra1hjn55v0t4tl7yh7amca6rzh0m8s5q4cuq7w334,loop-loopr,4261260147,0,4261260147
terra1dzdf4lvxlzmvta2qm7kht6r4maml45kjrqe3s8,loop-ust,5725165450,0,5725165450
terra1lc5sf3elf06zezql8ekcexzwk2vpv8dhtkgv20,loop-ust,19472001,0,19472001
terra1xz4kew4kplegxpxqczzw7xkkg3yds6xscrfc2a,luna-aust,25538531,0,25538531
terra1fzms9u3hfae5zqsaqp09u42k299rhjumtxcemc,loop-ust,2618380221,0,2618380221
terra1p83wlm8m8k6ygafvj9uugem4uy6mmw3u78wgjy,aust-ust,26441778166,0,26441778166
terra1ylk8r2hhpyv5yxm3rwt7f7nd8gemvta2wtd9ue,luna-ust,196336472,0,196336472
terra1s6g7mv8c6re68vapwn605nadg63t346t7sfpej,loop-ust,1182419,0,1182419
terra1x9j00d9rpam3k3x5xfjudn0j55k4zgft5ju0jg,anc-ust,24315884,0,24315884
terra1kgfy5ltwp25yxwkd8h7smaevccl99rjs86qcn6,aust-ust,884218039,0,884218039
terra1drs09fr2vhh3hr268p6xytjew5tlj502zrmrjw,loop-ust,5853672,0,5853672
terra1vmqvmndk6nnvz0ehyj2d6hqm82vhfdgkch9ra4,loop-ust,111454472,0,111454472
terra1zxggk05l0hvhjjwygvyx4dsg6elvkgk08tkale,loop-ust,5713678,0,5713678
terra1f6qmth8x9tygupfshsdajegsvc8k6sq2vrz446,loop-luna,19349021,0,19349021
terra18pwgseqpzm58ms67s8vtkx2mv4gud4p0wn5yeq,mir-ust,823042,0,823042
terra1jmv82efl9dwyznz44a994znjsxwxxqccru6t5t,loop-aust,8401825428,0,8401825428
terra1n8y4kh6jhwfcqkqeg40n06yu72x5x7pl0ms2te,loop-aust,1585721756,0,1585721756
terra1z24893v6hlx3ssed5gwvpa0dd0rmtl3u0wpvlz,loop-ust,458338,0,458338
terra1h7zrw8ryhvfh29hyenr4l4w3hg26u6juuw55mf,luna-aust,941313560,0,941313560
terra1c94a0pyla95tm50epv5apjal2ejemyzumf8wes,loop-ust,5366728,0,5366728
terra1e7rmkjgpnn7a59npr2t3jzfxs34fnphrzrzca0,mir-ust,179301169,0,179301169
terra1rcz87enjw3xvna4kv3qywfrxyme4ls2c7ag45h,bluna-luna,62117603,0,62117603
terra1zg7w6kpphkd8xjkfv9j8lt9sqzyw2dmngz7ydr,loop-ust,2694043,0,2694043
terra1wm9e298xnxvy4rvdvwqahhsrakam867tgay0su,luna-ust,70123698,0,70123698
terra18ava2sulw4yap2uywrvt37whzghvnm7shvwqsf,loopr-ust,481534844,0,481534844
terra1frps45tyk8qwfweuc302gk4m95wvcnttcndw0h,loopr-ust,40402415722,0,40402415722
terra14p2nl7z5sacklvtgf2jjheuf5lq8u3l4myp2wy,loop-loopr,48376589911,0,48376589911
terra144q23ay6lw9etct5457k5wf7udhwfaenlr9nu2,loop-ust,4890091,0,4890091
terra1mvt96rgff0hqw607x5f9pz82f8fdlj2449kt3a,loop-luna,4403182884,0,4403182884
terra1kskx3u70wwftt7hxsa286yakvtewhtenau6rq7,loop-ust,16795684,0,16795684
terra1er7f2qnv87f67v4tnku99g3w5jk92kawhyj0km,loop-ust,4070769,0,4070769
terra1w3f6lexksrtg9cvh3lam4saatcqhc36cwgccly,loop-luna,88851085,0,88851085
terra1d3g5jggyh52dawmm0jk9ep6elzh60paf26v07t,luna-aust,6234139,0,6234139
terra1jd3v0f0dwkhs6a5akha5yah3j6yp8st9vqgqru,loopr-ust,224719981,0,224719981
terra1hy5tjdceexzcqzwghwy9a8t7sghrtr25u9gh4e,luna-aust,590839617,0,590839617
terra1nwa37cshzg2hkgw85f4mfzx57n8zuwcqw235nh,loop-luna,62284335,0,62284335
terra1aap2m92rgv4j7ekrd6jxdawmjdcyc9x5qhec98,luna-ust,5921755,0,5921755
terra1gtj6cw2aqr3ea8hq2p3hwu0d43krsug05qaza7,aust-ust,15614664192,0,15614664192
terra1gj3urlfjffazl5hktzwpq4cm3xwn5ntmhj4t58,loop-loopr,11022715,0,11022715
terra1qpnhhcde58w4ul9tz9prj635jazgsfxknk65px,loop-ust,2923683,0,2923683
terra1wd7j79p58c2e3ks4xmqav4kwzr99w04nnqsel3,loop-kuji,2761154,0,2761154
terra1m8thzsewkq5d8q77z907me965s56etdqz9y7ej,loop-loopr,403900046,0,403900046
terra153r5qmc04mur4l3394xpjerl478mulq9kwcmfp,dph-ust,23302658,0,23302658
terra17686hrj64pr47ddcfn8pkwv60y0zg5vm7kn4at,loop-ust,1594389,0,1594389
terra1ltcll8xzfmpd9amm5e42h8dw46tvm505znx476,loop-ust,4520018,0,4520018
terra1e68pnc294d7h6g23g737larhq0jgcdh34f7k0n,loop-ust,5652609,0,5652609
terra10rdyv05smyjhhul664kcpcj34trjarf7fpxlx0,loop-anc,265516336,0,265516336
terra1acwp9dl98uy22zegysvjsdl09mc5d72mmh3euz,aust-ust,525962880,0,525962880
terra1wlvwxkdk80swqpkte764hkdl9atm7w7cmkd5fk,bluna-luna,10350203,0,10350203
terra1mexufxs8l0kslyhtxmfgusqw4fxtn5c0xy5mr9,loop-loopr,726075980,0,726075980
terra10mvm2uyyy3sns0fequmdtkydpl9hz3250cr2p5,loop-aust,154862070,0,154862070
terra1e7wex6320v938yxuwlctjscswylqx3ppjdqeya,loop-ust,995690,0,995690
terra1895fhmes8uqszv35lmm4d64vfzn4wta8ecv3zc,loop-ust,902130,0,902130
terra1dg2taruz4qnv2lhfz2v9pfmrq50dllfn2szn6s,loop-ust,959794,0,959794
terra1l386wg4xxaprfgvewmw6cv23x8md3ghhusjkfv,loop-ust,27054186,0,27054186
terra1chs48lm2s96tu39zk2z39mqnk7vk6yl82gsjz7,loop-loopr,179396772,0,179396772
terra1fdryvt0xtf09lvvcf8zws6ylpmfs28pmqj6zn8,loop-loopr,126151944,0,126151944
terra10tyzgagkytwjy0auhgstg5g2k9m60aqaptaq68,bluna-luna,420415,0,420415
terra1gra94lhsj04r6lvn77gyhrzfqczmd89kd47a9a,loop-loopr,6108529,0,6108529
terra1lm8cej563qn7f2mrh4neqduhunsrmhvcuyvm8d,loop-luna,7573066,0,7573066
terra1ngcgmr8vk97hx5fzk0c6q02jfujjncdjqm8qqx,mine-ust,331178093,0,331178093
terra1xctvgh6s3t96mrv9q46yhs5qrzlg69l2e5ls06,bluna-luna,14943329,0,14943329
terra1dyaxe4qaxc7m6nj87jzcjt79c7neq80z9mmeh9,aust-ust,675752138,0,675752138
terra106kxcec530vu5fkfqu59kdp7cdehz44v4epn4k,loop-ust,142991324,0,142991324
terra197pm8qvmseq7p5s5juutua25ne9all6033fk5d,loop-ust,8888133,0,8888133
terra1pqwt92auzpskr38anqp6mh07jzr6z6kvskz9tt,loop-ust,9540256,0,9540256
terra1l6s5g5wjlf8j4ccn78386jvv9nm4c8u8t0dzrp,loop-loopr,77707430,0,77707430
terra14fgkgtn443lvl8dhr05u0herg8zk5gdgm4lxms,loop-ust,257890,0,257890
terra1c9v0wwnrh2hfhvlg6sh37ct4dctws6mm7nak7z,mine-ust,4346984873,0,4346984873
terra1htamz5c3jyrvkydq6dxpd6vgfucd4lyqfr8an8,loop-aust,62281296,0,62281296
terra1cqh4hyklqhaxsxy98wz2zd7qa7y4sdkmmmt48m,bluna-luna,8934333,0,8934333
terra149jm4e2murx3t669r2nkt5ss42wlplyc7pxd05,bluna-luna,144281334,0,144281334
terra13mkda6rwy65c3xpdcz6hqsa85qmux98s4htrk2,loop-loopr,27199336840,0,27199336840
terra1knnzrnrkplkl6dnhglg8ktvcrc6naq73pfardt,loop-ust,24930219,0,24930219
terra12f6d2mluqmlcgg4j9052cnn4xs4ss7wk82nj7c,loop-ust,44084858,0,44084858
terra19tzh39g6q0kqtwefxajd5p2fmq4gqfhqv224vy,aust-ust,872268875,0,872268875
terra1sat4s2trx3jqd3nntrfaq20vecac7q6emhj74f,loop-ust,396526,0,396526
terra1h40v9mwqggdpj6vsmgtju23ux0zwks9q78w2y9,kuji-aust,4661000720,0,4661000720
terra1cmxkzcmdrkshsm5rspxe3zlxyp5q8n5vew9vk4,loop-ust,1776046,0,1776046
terra1vwhw69c5n2lmr6vwuev4r6zt0q2nvyz803cp7y,loop-ust,191254449,0,191254449
terra1z2yjtk9v4p35fyzdltcrjjztsww2wefmegj4h9,loop-loopr,23892842,0,23892842
terra1jnnrcs3tthjkftwusuwnzl5jzx86uhscdkhw2z,loop-ust,19616394,0,19616394
terra17pkl2clrsnpddxcwmvpxly3msm5c2d8p20thuv,luna-ust,5379420,0,5379420
terra1nl097hr2vpmelfnn3uhyse2nfa4dczrpmled2y,loop-ust,62198692,0,62198692
terra1pjpd9w8sxj04ctj3f5r9pk3m079crexll4pzxe,aust-ust,179409963885,0,179409963885
terra17h3zqmn3fhqep8cm0zaftd2m3f6w4gydrmh7gm,loop-luna,126527420,0,126527420
terra1n30zvgf20dgx882w8kvdql0yy3kzq5w3pv46rn,bluna-luna,32799497,0,32799497
terra18j8y0yyaf9f4l52uhfftc3m9hze5agkt3g2eax,bluna-luna,41190660,0,41190660
terra13gg7j4kqweq02juftm5yuk7kte0wrwxg460stz,loop-ust,17241738,0,17241738
terra13tl7mwl7jn6cqzst9t83sl5rg78d4ty9jp755f,loop-loopr,420685871,0,420685871
terra1c94a578uf4q2cxyph2uhc68g7zktxntg2xsxw7,loop-ust,17786757,0,17786757
terra16c287d3ckvje8j63lvrg6hagus5p5rd0wu252g,bluna-luna,7984440,0,7984440
terra1ssgtatkf8rnth2rejsl66h73g06pnu90z0avky,loop-luna,35286447,0,35286447
terra1g92zaexnmm4vncwlx8p9v37mvurehfumx7r2jr,loopr-ust,916114897,0,916114897
terra1u2p49yazq8e79a5vfr8khfr9hkwx4jh0x9v4dp,loop-ust,5139537,0,5139537
terra1nmcz4x7he3t34hmarm9yz07khjpgrxnl6hn5ma,loop-ust,1010672,0,1010672
terra1txe6m3ye3h32kc4hj2x44fxsu8f8ahz9jhmzyx,loop-ust,8900325,0,8900325
terra1587fq0cuymdd95pzsjtgtkrdtf6fsun3erp98c,loop-ust,3987793,0,3987793
terra16gq70xq9avum649293t6uw7nv9fhxd8u30dkep,loopr-ust,180611718,0,180611718
terra1jfa67kt75thxmyqfn8wdr3rcevpy7rkzg7waa3,luna-ust,117782,0,117782
terra1lrka4c6cq2433hc7cpd63549qyepc4m4t8autj,loop-ust,4568762,0,4568762
terra1rptlsjpea4trvdelvj080gange55mv7se86qjs,loop-ust,78232823,0,78232823
terra1ncyzyzdzph4quh032cfxjnf44lxc68wzm7vyp7,loop-ust,5158324,0,5158324
terra180478vczlw6062vs96zd20z5y8jtcsm2cyg8ge,aust-ust,984458935,0,984458935
terra1hrq82lj5eh5fxqpxvp4ze57kscgp3qwpz6jz2l,anc-aust,121783724,0,121783724
terra1txpdcnz505faaktmdtqsurvmdatuv6pu0dx098,loop-ust,26969118,0,26969118
terra1fwdfn2tmuyfhs5mhapy0qecmgnds5rc76qy7an,loop-ust,1444979,0,1444979
terra1gw8yz06mpn0hcux8ckf9jjz6eujs53rjw07pnt,loop-ust,22819674,0,22819674
terra15t6k4q7dmg2rcys7d0e7m4wvlycklkusukfcw8,bluna-luna,2990162,0,2990162
terra14ccl9hnaqx28gu6vnvks9gulk362pxdewzpmup,loopr-ust,12599815,0,12599815
terra1ah5tzsvudzvnrkfsa9sf96fhdhk4wlwy3wrr94,loop-ust,636950461,0,636950461
terra15lactd9ur4dckgtqv3mk2c4ytanq447xa5fyac,loop-ust,1595567,0,1595567
terra15cpauw5zdfssvnm6rqm4sh6nplmae27xu8wht2,mine-ust,26511683,0,26511683
terra1ayy2xuafsu9ltz3nr9w46z8wwm606fmmanwkhl,loop-ust,4726208,0,4726208
terra1yr4u5pz7j8g2cl6smsm5lsajlv7gkwjg0sagmk,loop-anc,69162879,0,69162879
terra1lhw0vyet87tn6zhpkzcg6tl7cwl0agajdfghg8,loopr-ust,17241894,0,17241894
terra15em299hcfnf7wjk9wa9wnesucg0xyj5dp04pmf,bluna-luna,6171340,0,6171340
terra17g0y43yxzuyn8pny4d8ka20vmmvssltp692ds4,bluna-luna,3387328,0,3387328
terra1thhk00fh9gg3k5rmj0uml5ptdvj25d8ky7ml79,loop-loopr,1209170671,0,1209170671
terra16eucn3c48pm2w4lpu6zdtndaclttdktme59qvw,loop-ust,5667578,0,5667578
terra10vpr8ffwxl684jvmmftr0t4gxy0hhwl68gd5aa,loop-ust,3320737,0,3320737
terra1c6z8kzst90kzpe8f9f24rcqwxaxrr0yahph2jy,bluna-luna,8170772,0,8170772
terra1qt29u9f900gr8ppzzq0c8khlhm3fw8ch852cy3,loop-ust,56912190,0,56912190
terra19yp7y40z3dgwhsuzym9g429vwljpvsrau3u3xs,loop-ust,93982,0,93982
terra1tgwzg9z3qt3fxdwzs27x7l95w7c5p4wcmqfyda,luna-aust,2643576869,0,2643576869
terra19k59kz07jzeft7ex54j7qarhav6q4ta53x2v3z,luna-ust,4092566,0,4092566
terra1h5fhq9dx4el4pra3tsk8ymgtemjm5dz6t5f5mn,loop-ust,82218226,0,82218226
terra1e4wajemrsxdx34y92drph0d2yqqednra0zdrw6,loop-ust,1903208,0,1903208
terra1la3vehpsem37k72avj8u6mt5fu334ky4hl207f,loop-ust,990826,0,990826
terra138hfy3x25gefnhswxdg9pckqaksvd52ycs2gtv,loopr-ust,1072047,0,1072047
terra1vyyxdhggq2fuyg8cc5vp8fqsx7e26u3uwtd800,loop-ust,532710,0,532710
terra1u76djzyfhgdqvq5wevh7st5w0vv4f7m0jym6r7,loop-loopr,4235020346,0,4235020346
terra1n9e623k5qdwtugm3f2f7xpvt9p8wxpmc4lpuxr,loop-ust,1798012,0,1798012
terra19lmz2hw3tw0cfqxxm68xrpel3k2tcknqkzw6g3,loop-ust,204654137,0,204654137
terra1x5fr7mn8j8qjjtvuehlpk25xa2q3t9u4khre54,loop-ust,1906989,0,1906989
terra1effqfvt59dnvq6xg56h066thyjkp7z4kgks6nq,luna-ust,17917922,0,17917922
terra14yzyx6vdw4wg4m3ehz5sayuppx9va0f7vsdvu6,loop-ust,4853148,0,4853148
terra1uasjuvqlsxerwetdt3mausjryqzcpl6yxkal5c,loop-ust,4785829,0,4785829
terra1s2vfv9xpng4xetpaptn2ftuu6aw0vzcpa3exyc,loop-ust,627633897,0,627633897
terra1kcfs7qscu5px3mm33037yukjqesz4cr2ggwvcs,loop-ust,12105797,0,12105797
terra19pqy4speze9xc5lkn9zr2005xpaehnw84w7n8h,loop-ust,4437410,0,4437410
terra1vv5d5zy0kqh5jppkj3fayf93frfprgfemzd3p2,loop-anc,87007807,0,87007807
terra193lw7yh0xkwhs8l855qx9kazc0zfu24qm7k2kc,loop-ust,4067389,0,4067389
terra189862xfmt3eu4ldn6kq0qta2zqfg00v7jfvmjf,loop-ust,9123,0,9123
terra1e66g47axnt2uawz4qj9kv0r54sy3y5g90m9upf,loop-aust,155000171,0,155000171
terra1t4ecxjduttfl4ef484sch8gyggu460m5z7utxk,loopr-ust,25188141,0,25188141
terra1t2zxsey646tm76gqlxya2gf3tmacvwk6c0wn6v,loop-ust,1064169,0,1064169
terra18j4nyrets7azwwwel7070sj0vv00wxgu3ggxn0,loopr-ust,10304576,0,10304576
terra1lewrcs0c96kqwjrkzrzj8kufr2qlpfxfkgzxxv,spec-ust,55928329,0,55928329
terra1la4rvxsr3tp2zujs5lwdg86cx5q8fm4dcjxcnu,loop-ust,980479,0,980479
terra1juj5gz32gwh49llzjx2vsfe7f7wrfk5fqz3kkk,loopr-ust,136589356,0,136589356
terra10cmkfr0nmjrx0a09ynrapxydav4urffhl8gyh9,loop-loopr,937874092,0,937874092
terra1awyqu5srvufc2jx0gdg6upy9qdt74haew2lw9w,loop-ust,25365644,0,25365644
terra12305msdrwmkuevl77tzpmze8f82j7qspwxc4xj,loop-ust,18763237,0,18763237
terra1j3fmvjrtylwagjrgdzcrtljvqwd9wzu2qczdep,loop-ust,20478048,0,20478048
terra1vkcs6za9nyluhk8xp48dgpl9xsrjrq5lxj3ahh,loop-loopr,184258713,0,184258713
terra17dt6vjzc6k23kyw37zhfmqyr09pp7px3hmyyn7,bluna-luna,19983643,0,19983643
terra1pnd5xnnvc9jqa2hqj2n4tru8kgz03t3y460m2q,loop-ust,1744987,0,1744987
terra1kgtue24jlad6v5ear3tumny24z84zkhnyxl5p3,loop-ust,2428285,0,2428285
terra1kau37gshxmtlnmtundwwaaj30z98a8gcmpagek,stt-ust,7558109,0,7558109
terra19mu8lkmaytp0ya94tjv0j6dxeggcxja035man0,loop-ust,355767224,0,355767224
terra1vs2pg85avzx0p6e4u8w8gw3smmej8rxv2jk297,loop-ust,990095,0,990095
terra16u6k5m4nf06fuvqhme2yg4d7wmwq2fu6q7xh55,aust-ust,1789766948,0,1789766948
terra1q4jjnanvf3zttk0qre9mj83yzf9qn03ygnge9d,loopr-ust,30187036,0,30187036
terra1pecz8tkhwnpy9q8g4u0737fh548djvgwdpelkh,loop-ust,812952,0,812952
terra1eaerkf6dp2fyend22tj64h7clsvpkft3p4z7e6,loop-ust,62719793,0,62719793
terra1vn6j2h4nc8wa9jukzq8nzgcjfyxcv2mrvtpdch,loop-ust,1423139,0,1423139
terra1es2t4dgcynm2tqe7uln3w8t3d8v4v7sp7rdcyz,loop-ust,806391,0,806391
terra1efmjamnckxcdetqg8eh9t5zj9tfwq90k4q2v8c,loop-ust,2104779,0,2104779
terra13ax77fyp2tzk9f8j7300m0wq2jnqcj7g6hg2ty,loop-lota,2653557494,0,2653557494
terra1tfvg668nkrr6fga8m4mdqnyjwzzl3f23wzzdm8,loopr-ust,11056322104,0,11056322104
terra1e9337h6utq5luzwp70qw4r74pdksx5d5m7f3ee,bluna-luna,7984857,0,7984857
terra1wtkdnwz22ymx045p9y4j0y6jtt382yhc0w0wmw,anc-ust,45964011,0,45964011
terra144cy5d2gctk08wv6nlkue7pn2lfqaecafwxdqz,loop-ust,28722207,0,28722207
terra14c4gsv7v9q4wu3nlxwsmd5klr0kqqfpntpamn8,loop-loopr,7767850,0,7767850
terra127ccjdkuqdjqdyva9n0vhahsfd06lqnv0njyhn,luna-ust,21447101,0,21447101
terra1dzs9gtycjjk4x4hyudmjtr0mkz486vdex0xtly,aust-ust,3152880,0,3152880
terra1gpsdsje6sw4w7f9ansfyt8unxrh4hp5zx7we9d,loop-ust,221264,0,221264
terra1g3760qafun044t5ezew74lltmeq60xq5wwsjtm,loopr-ust,31616480,0,31616480
terra105alh3chnrcwnpzkd2ln6ztqyksawf6a9aahz3,loop-ust,161095,0,161095
terra14j8s2xpdagnjmczgrvaq6nq0jjgaaw245whqxl,loop-ust,1094527,0,1094527
terra1mfc5smekmwqlrg3gkylzqkj2xv7xchvkrma237,loop-ust,4786516,0,4786516
terra14f4q80ftq69vcr2rsyzuacz7chwgmgcdnkskle,loop-loopr,12283592,0,12283592
terra142cnycrhgy8h698hmh9v7vgplt7lecvcu4k9dc,luna-ust,20266664689,0,20266664689
terra1np9jmdp30u2cvkp02shh5aj9v6jqr7ep50dgnr,loop-ust,89235453,0,89235453
terra1p9t8asew2mqu877e592j6h4w4h3xla266sfecy,loop-ust,101431873,0,101431873
terra1cwrd4au06hvetwmfxkd4hf8twpkcge4l3p8e7k,stt-ust,20572960,0,20572960
terra1exmtrc9dyqruraapmv0r0067csgnnc6gzxwwph,loop-luna,8851202,0,8851202
terra12z3h4qu3p7c2vjfd6tmptng630sns6rzjuj3d7,anc-ust,121720073,0,121720073
terra1szv5esesv97myaprt3vd8pka7kpgsp2s304xq4,loop-ust,750804356,0,750804356
terra1rfwjsr6jfpluwke4u2yvptxkt58wk0ank7llqu,loopr-ust,6377747,0,6377747
terra15r79c32qfv9z74zfz5jf98vkrff43s5ln3rp9g,aust-ust,250162077,0,250162077
terra17fg9lr3jfd2aqztl3p4567u4u2yaqe3funun45,loop-ust,42375441,0,42375441
terra189vd7q2eezxtc4re40f2283alngrmkjzwza63k,anc-ust,536313,0,536313
terra1uk9mvnegzjf8jz7695wu4g6fm3fdw3vgx7x9tf,loop-anc,2257,0,2257
terra1pz7vhjxu54y2snc3kw0lnr8ue30pmw9xj6u2yl,loop-ust,59075567,0,59075567
terra167euzlf36u74xym90mum67lrw2j94cghjx2h4x,loop-ust,5503191,0,5503191
terra1sva0d0ndj6mzj9p0lqvfh7p2epn9zzehgwr480,loop-loopr,1677029553,0,1677029553
terra1yakxyvacahcnj0dylmy9ds8ajnue67cr0s982z,loop-ust,3812827,0,3812827
terra1ckm68adex4pdznqxs9qhe8eucpyzrl330e9mqw,anc-ust,3746756152,0,3746756152
terra1ukyplp23nl9pxd8pmhcp2feeqrk8tgj9n8ykh5,loop-ust,24060051,0,24060051
terra1reywet5gnerddwfjcrr234l87ufpt4y67vx7r3,loop-kuji,66197098,0,66197098
terra1lcd9546muq94ppdkp68u8m04a9hnvvhey2njf4,mir-ust,541875965,0,541875965
terra17lvr4gwvxtjmt87r2j82szp86cd25whshvtf2f,loop-ust,71938,0,71938
terra1hunxj9vrrz30ejrdahuuv7cyw9ukjldxfh4kv8,loop-loopr,2738330219,0,2738330219
terra164gat2ulhtvvwsl4xjtc059rwqeeyulcetxcj9,loop-loopr,507988094,0,507988094
terra1g9zw55j9gtx7w8ftzz6k4k8qqxfclknv2lkfx0,bluna-luna,24982270,0,24982270
terra1s6gjwc8fmny5t25uepu4ggd5xnqyp2ywyatufj,loop-ust,676243,0,676243
terra1hzyzys3s7s7xsls5gvsta3z3ylcy7fjcnpgmas,anc-aust,29768675,0,29768675
terra1n5tle3e93kdc307vlgguy8yyww794yy72xsxxj,loop-ust,197967660,0,197967660
terra13guuy477kzqujn3ls99442qhtc7akq0ne6y468,dph-ust,66645048,0,66645048
terra1gtfwy044ut227dpnhstw9v49qf2qfcztfwsfa5,loop-ust,7954935,0,7954935
terra1c49eek22csn8quxqpleqs35u2786x42e53k066,loop-ust,4043907,0,4043907
terra18hanw0yg5xxch6ytdze3gttqlems0pxlrvy63j,bluna-luna,4776076,0,4776076
terra1msxrq6p2mfajrvs5fpuyyrsgztn8a0v4d7g0j7,loop-ust,94132732,0,94132732
terra1xqrex8fldpz42m8d5jp0nt3zevntfaq5mhekhd,loop-ust,45532002,0,45532002
terra1sa4sy083k23dv0yu9dpuv0d5q9y3cn2pe2c4da,loop-loopr,590539715,0,590539715
terra19t0lvfy7yllzv2fwxz7agt87w620wcklsh3u9j,loop-mine,1597703665,0,1597703665
terra17pgfkddhng9lzvj4yyqph8t237mwqellnwmquw,bluna-luna,7191322,0,7191322
terra1xugufru2h9atcen9u8nrlzggpm9fl9pv7mj2vj,luna-ust,57511759,0,57511759
terra1nzfsl8zza4n546gkn52fchmr4tl8wdnxjrce5z,loop-ust,56301774,0,56301774
terra1uqh88pxctxy9k5tf4hl9sqsvx73zzsmvc07vqg,loop-ust,19735613,0,19735613
terra1d2ffgn8vcmrdj0jfen4y9d3nxh84atlm8hqc2z,loop-ust,15435839,0,15435839
terra1s9zltz036ss7zwvnetzt57a0g6x3vage34rppn,luna-ust,25776640,0,25776640
terra1qwr93pwzksumency0rpkyv2r52sf5xpa6mwzjv,loopr-ust,64903973,0,64903973
terra1ksxzm9xwhav337nyltw33mdatqt70cvdj3825d,loopr-ust,14345442,0,14345442
terra1u8jzf9kw70a2wacx3sdfmx5wyl0ruvs7tgsl8m,loop-ust,809451,0,809451
terra1unj2d7stws29zhlm95u62a2epg0utghzy0x95p,loop-ust,474268,0,474268
terra1v7gmng6cv0jt93qjfnyhskc5rqpu8gvvnjp9cw,loop-loopr,80405786,0,80405786
terra1w5yjzxwjkf2amfmxwsays46jydzc0k8yw864wd,loop-ust,1027155,0,1027155
terra1dqn56gyl0eda04mpzccfqzpumuz6uga28gp3x4,loop-ust,3381170,0,3381170
terra15t9sv6agjw37xp20j6xpdwm9akd5xdmgy0xnwk,loop-ust,89209,0,89209
terra1x35c0yqg90tss6dtekp7k3rdfpq7g4gnx93q7z,loop-ust,876561,0,876561
terra1gnycsw9llvazvjk8k8cc6p6fspqjdgyzvdc90e,luna-ust,474198540,0,474198540
terra1fj8wpndg6rm8ak9vp7s8efgmjlv82tekl3txe5,mir-ust,13242,0,13242
terra1zf902uzyq8kfxsef3l25hpdam5utp0gmaukguq,stt-ust,50647470,0,50647470
terra1ht2l8klm0e0r9gfn4vxewslsafjzprsydwdmmw,aust-ust,714030536,0,714030536
terra1u2uutfzrv7pnlaash6h00jr362ex2yjq73kx6r,aust-ust,620114124,0,620114124
terra180478vczlw6062vs96zd20z5y8jtcsm2cyg8ge,anc-ust,250878351,0,250878351
terra1pashx0dm6r8ysqtwln4fflmjnh9mps0cpu6sqe,loop-loopr,323139798,0,323139798
terra12yjnxapeweklvcja9kfrhuv7afj6xfu9zm6922,loop-ust,21803927,0,21803927
terra14vdnjv69w04a45r2m42rfjdrnaxjf7s5p2d0ky,bluna-luna,50254516,0,50254516
terra1dv9axf5gamy0nr0jn9epx09d3ngfu52xpxccm0,loop-ust,4307812,0,4307812
terra1sfunu82ud5qwdmvcmdh59alv4afcfyf480ws2g,loop-ust,1606295,0,1606295
terra1hyfscahsgs99s6muhh2qzgssfqy6a5jldh59pp,loop-ust,371595174,0,371595174
terra1n54cu7nvtmz3h7ntk9a9ax6tw3xmu2jahp3saj,aust-ust,5811989135,0,5811989135
terra1kq32ek759s3xd6p248khdrzmfg6jutcx7t5w39,aust-ust,3603768503,0,3603768503
terra10y6ry4jns70ac9uyacunt6m3w8l2wvc48cmxfa,loop-ust,1022583,0,1022583
terra1tq7r46av085ycj4q7v0d9aa78kd396q98xn2ap,loop-loopr,46747079411,0,46747079411
terra15l68qvw7vyn97zhp3x7tle8epjpwujln0kdlux,bluna-luna,115657650,0,115657650
terra10zaw9x85w65q9czcql3mpms52et92daer77l7u,loop-ust,34082633,0,34082633
terra1l8gtq8awxdkjftgdfuy90uu33vphza42t0r4ct,anc-ust,2230591950,0,2230591950
terra1lw06nm5t8pmz5f2eg6436d86p03fxlx8rqq2p5,loop-ust,214629716,0,214629716
terra18c8rn98jq4gtutrp3kkhvpkzpngs6zw5t05xmx,twd-ust,7399093,0,7399093
terra1gav6mxu63ek4js4zzy2ckn004y3w8uqwuwtz8c,loop-ust,1470026,0,1470026
terra1sckl3gz3v4gaww3pgdt7jks8xkfn6fledjmrnz,loop-mir,673596650,0,673596650
terra1jtugmxlh4t9npa3u84g9p5cv27usgcta0qq4zp,mine-ust,73972541,0,73972541
terra10frs9ust60kn5j0w85dwgjas34yqy22ye56qek,loop-ust,980545,0,980545
terra10pn725esvlg3curshphvae3snnxa2cnk5yly5z,loop-ust,10512323,0,10512323
terra1sr78nsn2hy0d8c2cud7pqqccvsefgx7rwsf54k,loop-ust,109814201,0,109814201
terra1x4xk5u9uj47kurncl3a7s39el5raacvsr6q36p,loop-ust,2585310,0,2585310
terra1ajh7cmcy54nqngnegrlk8pg8z30yu2uh6v3s84,anc-aust,14582216,0,14582216
terra1qquxrp2ww87nz9c0r35xsq0ql4u6wcqkm24snq,loopr-ust,19806447,0,19806447
terra1sckvcfmremx2udgpwefjf260c79uftjujc8n6j,loop-ust,958187,0,958187
terra1hz2jpnmferhmaqevfgtxjagat9rv3tey69n73m,stt-ust,6521796,0,6521796
terra1dy8sa4jvw55lt979c2fkwe6vczes7g2wdpug9u,loop-ust,1404179092,0,1404179092
terra1qjmrydrh5j02xhfmmwd9qzy40eeuegcfhr977l,loop-ust,1062641,0,1062641
terra16ashwp5sppyukqareksgvlyzuyhf952cq2799w,loop-ust,86392751,0,86392751
terra138nznjgtkhdmkuafphh5t3wmsgr7agy6jgpn9z,loop-ust,25482792,0,25482792
terra1d9p9gfru862ftlecq57tlgf87y2eed2ah02483,luna-aust,66478484,0,66478484
terra182mw28vu03dz7gfsh5uefurwpzvlfv04uu9jes,loop-ust,1720757,0,1720757
terra1dtntn37570hv087ptf4vpst5xkw0wlkgctsvpj,loop-ust,5429295,0,5429295
terra1eahaxenujjzzx3kx8zc6qw332j352axt4f7lun,loop-ust,4380805206,0,4380805206
terra1vazftqkqv4zuzp5a2g8lk7g3tppkjlxmjtu5gl,loop-ust,10415084,0,10415084
terra1hxvwvdjl0pfp48xg6tm2sjddkwkjur8d6gwnvd,stt-ust,1345611,0,1345611
terra1032ksjmzz9rhhc353f68pt9s4s5ne06gnv2hla,luna-ust,531144131,0,531144131
terra1sfan9l82cf85kwl909epqswkq20dd69flu65qj,loop-ust,19784756,0,19784756
terra1zs45845qvjhl5xgz34h9zqhff5qnw8vhqpvs2u,loop-ust,1749552728,0,1749552728
terra18ydmqd2wzwrmkqryczu7namap54evcfc5lhxac,loop-ust,9729643,0,9729643
terra1e2wdgj5qyjakpnxnaardqe68dx6x6ze0l29puk,weweth-ust,197367,0,197367
terra1knnzrnrkplkl6dnhglg8ktvcrc6naq73pfardt,bluna-luna,23179245,0,23179245
terra1swp4cmwy04ukawnxg8akwpfxvf6apcw6w7mguy,loop-ust,2989237,0,2989237
terra13w86httpvx05jgjqfq2svrkw4lgwq7yfa7u2yp,loop-ust,47977410,0,47977410
terra132q75y8vqew2sjrkf5l24egejyu96gqhd0nd5g,bluna-luna,9969463,0,9969463
terra1gxxudeehpl7dj5rwsue2rpdzqgvrkjwayfxr0u,loop-loopr,2006792669,0,2006792669
terra1a5ryqhwra43k3nqry8t6jfph5kx006vw9gpjsq,aust-ust,17875229,0,17875229
terra1dchfmfq4v8z66wc7ksav5syjqgh8udwa7yvz8s,loop-ust,2935017,0,2935017
terra1ynwxh7cp9artm3pyz36yteretfsdf247tsppw3,loop-aust,367923517,0,367923517
terra14t7rw20t57mv5qsv6uh409m39j5wq46qs0088c,loop-ust,39310035,0,39310035
terra1n0dftje0gulzuxht7qxkn8y5pfdvfyztxn6qrk,loop-ust,849873,0,849873
terra1xy3m3em97r82jrg0snljxm45vd7gq0n3yfvts9,loop-ust,88757032,0,88757032
terra109u4tyc8tqyhhujx0sermhv8njff3d94cmz26x,loop-ust,33575309,0,33575309
terra1pn2n39gegme9ywch9fvax4tg037kgvzw3mnkha,loop-loopr,1745775442,0,1745775442
terra1zzdptramkyvu0rhndrzqq3x94y7939srxu3efa,bluna-luna,19822685,0,19822685
terra1ky2physnwhjct0mwh6pusf8j9q52a9a90lcqh3,loop-ust,221019409,0,221019409
terra1zcpp20havczvjsjewpj8zq0tfjdzstm8xkv2m6,spec-ust,14364083,0,14364083
terra1963s2vg6c0gxdrngw8av52trglvsw60p5ftddz,loop-ust,46349812,0,46349812
terra1wphq2hmxrs95kvpc2u8j3fmae2tgm9a7eqhxxz,loop-mine,545133816,0,545133816
terra1tm3um34qklevms2nkxx87a7yz9lg7hgqhge8h0,luna-ust,639872061,0,639872061
terra16hqye9m2hwjkygsveth7ntc4knxgw0fpt02xr9,loop-loopr,11627010,0,11627010
terra1wdsxm2yqx8an2e32njxvy0m2wsp9tgu60my8fc,loop-ust,6077039,0,6077039
terra1yw72nf96nxkdt94cys6542jlg6f9jx8w8qzrr2,loop-ust,8052843,0,8052843
terra1uguakzsllfgkxg9fjrcp595u85rkwrpk69tp6j,loop-mine,438106909,0,438106909
terra1rucqqfe9clquwy6awxw8c8w6z0mk3vac2twdl6,loop-anc,2663423,0,2663423
terra1r3vlq4vvjq8gu7wxnt206907mvcvhp4tt8pvy6,loop-ust,53732486,0,53732486
terra1hr956my3vy2ej358r2n5jszfdneyf7fwdvv0fd,loop-ust,8142039,0,8142039
terra102wzx39t9e4lmmt5yzc55ycs5vkzslrw4fj987,luna-aust,117809328,0,117809328
terra1luutppp5t5g72r5tmmd8nun6krz8hk3gdvjuqj,loop-ust,17542957089,0,17542957089
terra1cd2haz0dsm8hepknmm8f72ass76cvgkmttjayy,loopr-ust,11943904,0,11943904
terra15ke6flzdw08n5cjrgdaaj9tryt0xs3e70l8ynx,loopr-ust,28308878,0,28308878
terra10sfzd2pz08sh2dpc9wuu9v4qujahzmngwpzrs5,loop-luna,1657879,0,1657879
terra1ys7xjxgr0tpzwpn7gtgnk76px87ezr2yusqzn2,loop-ust,48403971,0,48403971
terra1geplmyzdvj62ydh9exwenmt0yw5w7u7ynshz7y,aust-ust,62861796,0,62861796
terra1wjjfrqjkuf589agf26g90hfvjjdz77xhq8sp9w,loop-ust,407481,0,407481
terra1ej68q6k6tk08ptgdj0na3z8pkw9rxaphtd6kyh,loop-ust,10594708,0,10594708
terra1unn5rktmzd90m3flra6fx4kt3a0689wlu6rxz3,loop-ust,69923755,0,69923755
terra1c63dl7vtqhg3fr8hry95nncahv40at8e34d4jw,loop-ust,7467778,0,7467778
terra15fc2m9mdpcs3lxj9p4dsrcm7q602utvw9cdkd5,loop-ust,655704504,0,655704504
terra1k29rv6gm9apks7mv64d8ed6g4agq26ks4f5mh6,loop-ust,12464767,0,12464767
terra1ptw9reefgylv3k7gtsd7qeheh59h7uvvzghq4u,loop-loopr,31648126,0,31648126
terra1zg42xxhjtgdkgtx9rkft2fhkgm9rwhu4gzy7u0,loop-ust,29981958,0,29981958
terra12jg0napfxl85jukg94u5j5s7a84ucrcmt3dp9v,loop-loopr,9705901928,0,9705901928
terra1najnt4kur8dg0fuy65n6c8z2uldvrfw2kfkzaw,loop-ust,92223038,0,92223038
terra1ltvtphzmqkhuurc09n4s0a4teaujkyyfeyz60j,kuji-ust,96118292,0,96118292
terra1gqfavtrs4uvrtxqkhycg8ujkpud4jkrnjru4dz,loop-ust,937303,0,937303
terra1r3syzt2n038a55j065e6gdf0d8y9k442nma46q,luna-aust,73918563,0,73918563
terra1wwpp8zkukx4yj3m6mp5fwgkmn3vxlayrcpkeeu,loop-ust,5013829,0,5013829
terra14k8ptr57maetu298485h6g5cs8akfkyryvptas,loop-ust,335889826,0,335889826
terra1r50gf2mr83c644vjmyjgyw8jcx6nhctqxfkhzp,loop-ust,1898680,0,1898680
terra12ydkrh0mk6t6wzy70vzj6qcldp7qles3rc8kkx,loop-loopr,636186319,0,636186319
terra1jqmn24u5pus3pr3xthlw9kdr4r27uu4vu362ph,mine-ust,1440110568,0,1440110568
terra1y95jqlfm5rhnyv2a537kullsg0k5kw4lhlnfsc,anc-ust,59631198,0,59631198
terra17tncrvwgh49zju8uxcnuwz3up43x0lyh43h8r0,loop-loopr,1512636895,0,1512636895
terra1qt4fq00y02zgvye8tz77jzqy9v293htev0pdky,loopr-ust,23214124,0,23214124
terra1krjgh57fpejftykj8lh7pjw24uymel7nd295zf,bluna-luna,9200460,0,9200460
terra12je2m27p9j4x6nlksnmsddxs5r5k4g8589mqj0,loop-ust,5233241,0,5233241
terra1lqdc6d8xta9wvz0q9ccz305vwvwapv97cseck4,aust-ust,895261988,0,895261988
terra1z9uhvguhhxqjjtlh98kw5l9jrkceyxleugt540,mine-ust,16433116,0,16433116
terra13pzg2x78m3568ahwfrd6gsscl9637hw98rq236,loop-ust,16931959,0,16931959
terra1nnngtk9gnu6ftlw9ycg4qqudlcc90rcpnwtvmq,loop-ust,556242,0,556242
terra1scs28dh7pgmdtl4lww72a36st3xeq58pjlrj83,bluna-luna,32421345,0,32421345
terra159jauqvjfz2axs76ws0tfnxhfkdl3wgyy77ezc,loop-ust,2299805,0,2299805
terra1um2pq8y889ujsmc5ufznl0v97h865z0ng6j6ef,loop-loopr,231214783,0,231214783
terra1rf90nv6xkuj93rey02chjhfsrnddp3am7mjd4y,loop-ust,2644437,0,2644437
terra1qhypvt3hkuars2f9us2clr9fv9rkzyses30wkt,luna-ust,7034002,0,7034002
terra1vrw3kp3a0ay67dpnxzv6a9xzzv4ekehfrvdyh5,loop-ust,454142,0,454142
terra15gyjr8ys66tktn0crj9qgmyh7slwylxusrwq5c,loop-loopr,101069167,0,101069167
terra1g3gle6ay7tzqa0vp2j727rzrq92sexu3rawjrq,loop-ust,892311,0,892311
terra12ksue6mjrjmg88s0r7p4zxpugv3gasg8mgpqg3,loop-ust,1068327,0,1068327
terra1c7pvxwlxlvxadqhlh7nl2f2tc5v3atj7wrjurx,loop-ust,15464734,0,15464734
terra1kxq23486jatzg2953f2p34ewsug4wrlneusva8,loop-loopr,367102038,0,367102038
terra1agtvyp4z4q70k9zycqmychzeulwpjykvqk8lc5,aust-ust,448323442,0,448323442
terra12440pud8fjlc99nh2rtsrvgpej4w0ncapxjucp,stt-ust,49765918,0,49765918
terra1k0lr3kp6nw0d4nf6enhtjjeuay55fy25cwk3jk,bluna-luna,16355248,0,16355248
terra1xcgzrk225jsucrwtec6lzftclsazl026lkan8u,aust-ust,4258159922,0,4258159922
terra1hpfz3rx2cn938hetc4ft9yytan35h4y7xyl60l,loop-ust,3211460,0,3211460
terra1snmx8r22tgyx6797k42yasa74wnu4wf7m7ttn5,loop-ust,3047700,0,3047700
terra1nn35rjxtun8lc8n7qm6f490dln49hl5yme42ua,loop-loopr,17710250468,0,17710250468
terra1zrqtuje7qp8nkac0sx5kay06weuvkj8r0khrw0,luna-aust,17052917,0,17052917
terra1kjek9adlf95krcdqsa050g03fp4t6anggn9y27,loop-ust,2788847,0,2788847
terra1kakkq9f3e3zk9d7w97s25um5w2srkgfz6jflgf,loop-ust,28024261,0,28024261
terra1n5rwn9es0uffyvqdjwgzlusk4vvcsauzu3yann,loop-anc,554147527,0,554147527
terra1pjuxv3u4akau8y25c7d6q0p66k2naauzn0sf6p,loop-luna,585196255,0,585196255
terra1g5ha88v4dlj8mvdwre2nl6gdllaq9fhsavea02,loop-ust,4069369,0,4069369
terra1ppanvy4muhduq2l88uspdezmtec5gu679ju3ax,loop-ust,91738492,0,91738492
terra1qycd4x9vkavy29e658v6ml9wly6jfk9wsfr0an,loop-ust,1069,0,1069
terra1t5277afnxdax9wp3f0uuhtgw8d0v34azlxsk39,loop-ust,3386287,0,3386287
terra15xtj9pmtpf2647hdyq7k06quspfyaf7xdv5f6q,loop-ust,6078681,0,6078681
terra1kww3r8nfxlm7jp6y3k25rgsfshqm8e66d664zn,loop-ust,3467192446,0,3467192446
terra1ej6p4vxaara6fu5camyyqhuswcxk436h0qjxua,loop-ust,3909918,0,3909918
terra12q0tjzk392cahy2fgn9jp8qmrn68u9vtq8pv69,loop-ust,20027851,0,20027851
terra1hepu4vzg3a5vtk537yhyzkajapa0a7pztnhuup,loopr-ust,40888360,0,40888360
terra13gznq3ajyzjkuef3065wwhsa3gw5ernnsr53xt,aust-ust,221574910,0,221574910
terra1h2ancggkwksthac60y264ze9hwafu8fne7ngvq,loop-ust,14139058,0,14139058
terra14kjhkpk5utvxfxgvqjnns3j4cyn57wvx5ukdlu,loopr-ust,59689435,0,59689435
terra1zlchav6fv6dv008d6mljapfzr9eqq92qxv43rn,loop-ust,459453,0,459453
terra1q4nqgjqe06wlxzyqdyvv58u54m5qtykzjqda0f,loop-ust,77993643,0,77993643
terra1pfw3n7rwr6tugvf6n9c8kzw9k8c8yyhjn9s8jx,loop-loopr,504259320,0,504259320
terra1rhrq082gkxg6cu4tf6heevpg5ldhxqyl35t3nt,mine-ust,137349747,0,137349747
terra1pwxxacr994cjljc0hpknvq9sgd7gvd22qsagec,loop-ust,216490712,0,216490712
terra166cjg7fgj7mack7v3vfp4sx6dfl6nn7nz7lsd2,luna-ust,497988133,0,497988133
terra1txe6m3ye3h32kc4hj2x44fxsu8f8ahz9jhmzyx,loop-anc,482918524,0,482918524
terra1tfnfmsyf7e3ah0cl64juj7jhl4al3h9kwm0v9z,loop-ust,131597116,0,131597116
terra1n38yeh7u0z8u7u0jg9kg3ddtkm9cux0a9t66nu,loopr-ust,109219284,0,109219284
terra1khrfpcxpzpkhqgmglzjcjyytnd9k90vkh2qpxt,loop-ust,262471,0,262471
terra19f4uf0ee3262lj238z2ufnwwueqlysdeynkrd2,anc-ust,1513440974,0,1513440974
terra1365w2waag6us2650zqld32r56dwjenk9jl5y3s,loop-ust,12423466,0,12423466
terra10wf2rqj6xm2qpymla33yf070ujqs707n2t5ndk,loop-ust,3836020,0,3836020
terra1cv6ahq5sp3tw3429qz5weadcaeatrzmh6q4rpj,loop-ust,7040076,0,7040076
terra18gku6t3ewhuzhphmjaj5jwpq4sahvaw56567qs,loopr-ust,54544554,0,54544554
terra18gr53n98swtdz4puj4akfkzvn0z028zedcdxk5,loop-ust,7069998,0,7069998
terra16wu5gc4yjndlk4uwpqfsujak72jpaz0sw5wqqn,loop-ust,9429760,0,9429760
terra1wlh5z98ujyf5gexvqyj728xwgkap6hg5kfyaaw,loop-ust,128095,0,128095
terra14mfh4ay8357zv88upv6wk8yje0eg8qr7l94l8c,loopr-ust,2532677621,0,2532677621
terra1aza7qfarpdwpgfcrlnj83yhyxnzgue64cukj54,loop-ust,14444133,0,14444133
terra1hd4tnlhc7vwh75us6546f4244qqc2jwsnjnnlm,loop-ust,25041760,0,25041760
terra12w3zlvldw4pyxggg742rmq8xf6cgvdmhzhw2dk,dph-ust,2645043,0,2645043
terra1j7hjw2hu00gxrn6gwam483xhhlhn32zksu443x,loop-ust,10372555,0,10372555
terra14xkq4x0nyffelvts33cf4njngc808f56punzsm,anc-ust,32115328,0,32115328
terra1n5vaqyuj8uzz7twsf4fxufx636tnfqhuhd8xu3,loop-luna,10855812,0,10855812
terra1zy7tj059hmgqrmphqws33p30anc4y2e8yu4vgl,loop-ust,237982449,0,237982449
terra1uhrcymle3u9f9qwnw0h4p35tav3p5794pq22u7,luna-ust,2443236420,0,2443236420
terra1pnzk9h8w3fjlzpyqg6n0xsupu8lgyvvpqwj4zd,loop-ust,31567858,0,31567858
terra109uxqvda058mzd8x3qhmad09k49k2dqyg70a7x,loop-ust,982419,0,982419
terra1utvkpkfpq2p84kxmf2vc7zdd0dsdhfxj4zu808,loop-loopr,301912921,0,301912921
terra1c82qe9pg4t09h4pj70cjy5nemfyzdha5v5v3vh,bluna-luna,24904488,0,24904488
terra1khuwcpw6yaxqkj4nndgp40v9t73ay2t8nuu6je,loop-ust,1966484,0,1966484
terra15evtme0nujmv6v9arehter2ynypq5rk4ucad0m,loopr-ust,116706333,0,116706333
terra1l7pa6lv2yf7yr0dkxgx7swch76hcarygdws4as,bluna-luna,33884922,0,33884922
terra14jvzcpn3wr57k572pepg3a0f862v8969m2d5kh,loop-ust,324767523,0,324767523
terra1582vrjlgn5ztr05ugv8c5nwuhumldk3fy0j98r,loop-ust,89204643,0,89204643
terra1we6me8zzqu0wxen9lc4rc87xfg230fh48uurlz,loop-ust,1407196647,0,1407196647
terra1twtumkaq26rcjd9xz358827hf7tlqkltdc0sv0,loop-anc,70436827,0,70436827
terra1xftp6r8a6dpm40vf2ypqe22azplcpxn6dqkqk8,mine-ust,9879957,0,9879957
terra1x7lgvaxwh2ud89yc2ygallpvsf994p868gmrke,bluna-luna,878869,0,878869
terra1nwyd7e0uvp789a4sf2750ea3834nrg3kdjm4gs,loop-ust,3857461,0,3857461
terra1659du9hn7dyar85nfd78cnr05xexy63gyepd8d,loop-loopr,6016466720,0,6016466720
terra12avt8tvvkdd4ner2g9t0uv5rcyj85k0dzaxf34,loop-loopr,467586243,0,467586243
terra1muhk3uhwz5n57pkuq7p2ntj9wj7cnvanq8c4eq,loop-loopr,172795465,0,172795465
terra17476vh8n6wh5wq99r79ra9a2zfp30tx5dsjwt9,aust-ust,985052200,0,985052200
terra1pk9nxxj7ckcr9adeccq7wrznr9h8964yee7rxg,loop-anc,85642519,0,85642519
terra1f946jnyc2xxplve8y06qwm5j88a9k6u0ayqme4,loop-ust,22157547,0,22157547
terra15cdt4mpvursfyd4h7llup58gupmkd9l3z5jzvk,loop-ust,954347,0,954347
terra1thzceprck8fdcdx40rmz7v27dq6nl4nyh906g6,loop-ust,17624798,0,17624798
terra147smfu7ajzffhv57rh92g7zaqdvgdutvdufusr,loop-loopr,598158175,0,598158175
terra12x3zlsald0fcvfvrkp34pzyrwuc6mt7uf20n52,loop-ust,1089811,0,1089811
terra1phylktd9f2yp5egfjpeaggva5k3u40cl97klnp,loop-ust,1924209,0,1924209
terra17sg6e7g5tlfz5gr66ha0dwa3mltg4wm07zk5wg,loop-ust,1714866289,0,1714866289
terra1mx0v8kqsuryxur0n5880c6g7syw6hwkm339ece,loop-ust,1368589,0,1368589
terra1h7havnfl2mptvtm9jsm364xgd0eafxzxcz6e4t,loop-ust,5297834,0,5297834
terra17z2kq5jmfm9fkkng2d99g4c9vlse7aassen3pm,loop-ust,9185654,0,9185654
terra1z6hm5y4w8h93ksa3vq0cvqwpp3m0mq8am5f988,loop-loopr,4104944741,0,4104944741
terra12ac9jargwly4m88ljckjn4qu4plleta3zv0pvj,loop-ust,3235969,0,3235969
terra1g27zsz38ceg2894cjnctsn4wmc2n2aqhu04wm7,loop-ust,918650,0,918650
terra1jxgx4srsh7zsh6pm4gj408td8mpje769vfjjva,aust-ust,625913202,0,625913202
terra1tn7qt38jpn5ftqwv8l5uc32ejq5xjw45wt5eqz,loop-ust,45585315,0,45585315
terra16tw4gu802hlmakcwl28tajjsk906xgqms5a5t8,loop-ust,7804061,0,7804061
terra1ts5nyt3rn9azmfgqjfp26lypgu2vv672f6f4um,loop-loopr,1044021702,0,1044021702
terra1gvytfu2wt8ncdgsm5v5ce8y9yusplctk6psm7q,loop-ust,3757023,0,3757023
terra1ya2ee85mnmrxhz79kyd9mw6g76auxhgjnttrhn,luna-aust,8230186,0,8230186
terra1rr75pwwqeanc8x34r0m5qw6mfw6kw78s7xj4jp,loop-ust,2772514,0,2772514
terra1lj9asu3dtvmp8qm9qpkcc7w2304c996pe0g3ds,loop-ust,492548240,0,492548240
terra1m2jeqa7ah5uqu069e7ndkvn6eyt0663wa2kvhu,loop-ust,888005,0,888005
terra10lhfa67py8f75znkac0wqwk4rlwhehrfw3jl27,loop-ust,1072167,0,1072167
terra1a2uld7zyppkhkkcdulursqk0grc7ea9kepuxl8,bluna-luna,993719,0,993719
terra1ver42wnj7850lne4ll4jwran2ksyhxwkg98g48,loop-ust,8464353,0,8464353
terra16syxf78f4vzjd3rn5wyh2xwfmzsn63pkwu6ny8,loop-ust,2315523637,0,2315523637
terra1alkv4yttx4wwkswj85r87nn2atsfchlz777ymk,loopr-ust,72944579,0,72944579
terra1t52gjfpz64z03mmevvts2nmt8w5ddc6g72uh3y,loop-loopr,23289232133,0,23289232133
terra1fzyc4xedcfypkwvz7dwf99awxf0dv3mmupdrvx,loop-ust,2321032,0,2321032
terra1a2y9xyy3jma566nhns7mk8nj3ly6pa46hpsnld,aust-ust,62791732,0,62791732
terra195rquz4t67epuq5atcp3v4zt2nhm34z4a24en4,loop-ust,13354626,0,13354626
terra17rkqk0jyr90ja8vn422g8m0qfqsf09n9jp64q9,loop-ust,10378070,0,10378070
terra1s4svxtm922xmk67aa5pp6arzl85x8l9jqhga26,loop-ust,12864895,0,12864895
terra1aejzd9parmfzfgvlfcr4xwcwkvwcg0eka44jkj,bluna-luna,242239373,0,242239373
terra1l7y2maaekzagvxlq67r7gduz2v7z5zatwv49ul,loop-ust,100847992,0,100847992
terra1y5lhrfla2jyrj00wuclu4lg40txgeagd09w8gz,loop-ust,930144,0,930144
terra15hrhkgecmu7ud0sgld5exxf8l7wkmccmrdt74c,loop-ust,3269988,0,3269988
terra1esxf644q8qf3r4sea0tpygz8w79h63w44d3uzz,loop-ust,485197916,0,485197916
terra1eehfq5mnw2w409pgxz5xtzyj04pscjj7cffdqj,loop-mir,12859399,0,12859399
terra13cdrddwymjc4j94tp4qa3x4s92j0pty3a5p34e,loop-ust,164681005,0,164681005
terra14nwwj8q7xlsenpna0rdw68we9fqzy94ny88z7a,loop-ust,5723315,0,5723315
terra18jcs0mtlznw4kcg8kks28endl7uvfvmsuug5ru,loop-loopr,29364208403,0,29364208403
terra1hg4kzk086ktacjgj988zle4uz87g982can9sl9,aust-ust,98636361,0,98636361
terra1mk2lwec2f65ds2nquakdyqs884440pxk5xy0a7,loop-ust,952,0,952
terra1rc30vlkmmhpp37z70ewxjuktk4rkhl5mgvh65u,mine-ust,1623380,0,1623380
terra13tkzf5raavkhxa2m0jzs8g7e8e29er3d5tns26,aust-ust,4494991272,0,4494991272
terra19rd409gnnwmvaerwgvt0vmlpqu0uajferchsjw,loopr-ust,2419419351,0,2419419351
terra1m79wu7a2fktm2xlu7eyt4ma3swztt0d437uzel,loop-ust,379989958,0,379989958
terra1l60avc96pw63p6htv2lyz5ph89hxqe8ch8uays,bluna-luna,9848207,0,9848207
terra1myny9kppad5zx4tacnx0n5pvtvve28jw9uzual,aust-ust,2504955549,0,2504955549
terra1qysf0wuqe2kr9cfvu7aw8nzjkxtl9cqyvfmevp,loop-ust,782693,0,782693
terra1lr5qy56gv8x82y0sjw86qutkp7hhzf4ksc0usz,loop-ust,2904183,0,2904183
terra1qzqv4eefm5ggpmrkkmdfcrnd2axwayr55ndq7w,loop-loopr,1371811833,0,1371811833
terra16tj0y966gme5q7g8rs4rfg68pjpyqalercujm6,loop-loopr,60342369,0,60342369
terra13j58j63eky3jmwcdh60ksjulkl89n2a80y50h4,loop-ust,889821,0,889821
terra1mzj2l5dt696mg4t87klrjvvujwf5p45tpy2l6m,loop-aust,7148904054,0,7148904054
terra1mtfr2263d3n5qaw5kex2yzxasxr63kl4yw07r0,loopr-ust,1232548773,0,1232548773
terra16ccfgpykwvygr7r6pp2jusjh4slrhwpnecyxxv,loop-ust,9738913,0,9738913
terra1jzg7s5z0usnhqhdxq3gxqgdhlmxm2w0ah6c8s5,loop-kuji,112551975,0,112551975
terra1l47szva968sxvtpl9w24tk6nkqa77d59pkclsv,loop-ust,233833598,0,233833598
terra14ml9ql2ktkeefw8h3tulua2erjudyr8tmy8088,anc-ust,108112254315,0,108112254315
terra1hdame8yyr3s0h0dyn9feqd7ey2ha057h64rnhk,loop-ust,1112129,0,1112129
terra1eh6l734au9kkzfayjx3hzmpv5ac3sqwzh35z32,loop-loopr,38771286,0,38771286
terra16dmf85gv3xrv7l6axrzcpt5ggqrdkk9kt5l3fq,loopr-ust,23609140,0,23609140
terra1kv45resazyg4erl0h9p8w9j9lr9qxlaw7qe07r,loop-ust,2103584,0,2103584
terra1nn7n5kul0zrk2p7vl3eawnrl4q78fu2366elhj,loop-loopr,353362217,0,353362217
terra106zhux4yr0xxgc9tu3g6kacsz8makmvlqk42ym,loopr-ust,27710678,0,27710678
terra18gr53n98swtdz4puj4akfkzvn0z028zedcdxk5,loop-loopr,169144579,0,169144579
terra1n4q2wpl5ek74ah28uarn3tfddxnej5htqe5xlh,loop-anc,2692016044,0,2692016044
terra1glq6jfhshsd2qqxr7j3jajxqqflr844905krpv,loop-ust,4487451,0,4487451
terra1a7r0xy7gzyygj2tn3ju5glavhluqncq99d2mkc,loop-ust,1027363,0,1027363
terra1pcukfumv0x47k42k8w56l2ww60yuju0vjawr0x,loop-ust,4559327,0,4559327
terra17rlm8sc04a4h9quteap5ytz75fvf6x7fhrstst,loop-ust,5751170,0,5751170
terra10cl9sf2w9tnk9qw7223wp825zkzu9nndc6xvjr,loop-ust,6389504,0,6389504
terra19sjc3xeg94ggcvv7yt6wplypz06kn7vj2ez2t3,loop-ust,812330,0,812330
terra1hn8j426vm6h02jh9l247kajnxsyaeh3dtmgqdy,loop-ust,207454872,0,207454872
terra13cmgevjju4nf3xardvy506za04rxnp00dfxwlj,loop-ust,5037282,0,5037282
terra1sp4hk8qwywrds53uza5ychzeew332zxcxcyqrd,loop-ust,782757,0,782757
terra1jxkfjuauxus4njc7xhuftf6sjv3ahjkjeznsaz,loop-ust,2959205,0,2959205
terra133ekycrv5d5tdd3ydaclfcrj8k0xrvyhudqks4,loop-halo,90568900,0,90568900
terra1j5g7d49mp3qntwp6hawrnaz99fhezpplsvdlqt,loopr-ust,61482,0,61482
terra1j52zm90wl3mstnqu48ceqyjkptfsqfs989ycde,loopr-ust,40267677,0,40267677
terra1e66g47axnt2uawz4qj9kv0r54sy3y5g90m9upf,twd-ust,3136941548,0,3136941548
terra176ncqrlngf6l7udqt68akn09yyncuhrgdzxvam,loop-ust,1999440,0,1999440
terra1ztv8cxrvcexytd2ex272khsm9nuhf92lgarrg6,loop-ust,71994,0,71994
terra1uaf6deelstkunkd06xvhdvsdvm8tkfu8rtcvdh,loop-ust,7834567,0,7834567
terra1xulmyl9977ahj258gh0gcvnvn6grc0w57jfcpz,loop-ust,74191693,0,74191693
terra1c3kqu2hgzthwta6cl85klcy5v9z04qut2mcmy3,loop-ust,19314922,0,19314922
terra19cmwne54wjshkkp40qgp43legdam7dleazu2xk,loop-ust,16522315,0,16522315
terra1g5n2jvx5g8w7kkntpgzssvzap07pqh7r9xmux6,anc-ust,1581229044,0,1581229044
terra1fwta72v0y93awl4r8tfryg83ftcym6e2gjs9zh,loop-loopr,412947474,0,412947474
terra15rxeqsngd09ejqtqsp2hw35rjsxdhrtcg2v99l,loop-ust,56447804,0,56447804
terra1uz03wa0lw8xmtrwlyv9yjaxzgfe27v4yfaa9q2,loop-ust,74331128,0,74331128
terra18wxap5c5eanj5kj9j9hgwrhynsj0z5yh6y06lj,loop-loopr,2540612665,0,2540612665
terra12e5mdqcvnrdg8sv7v7v5r97hvxz7x7l4t4zkyn,bluna-luna,26604452,0,26604452
terra1xlcnpga7xdvtqxq6nrg6wg0vm7j2780ml5lkvx,loop-ust,2822156,0,2822156
terra1ph0pj934vjc22lyhahm3vws8j694czksfg26y7,loop-ust,866425,0,866425
terra1j8ku45c57jvxstjctruqp0gp5lah7dcxzd8vcs,loop-lota,20410258,0,20410258
terra1hf4gvuvu5axrtak37g0ldshzqjht229y3m5c6n,loop-ust,10212018,0,10212018
terra1m3usq5gu4h7yvn726ege3acxegs7msuap330tf,loop-ust,9070476,0,9070476
terra1a9r87cgvul6c7vdc35gvslqmnfsc3dcsa8h3ms,loop-loopr,27938989968,0,27938989968
terra1l4jf545vmjsr4puukl5qcqeqfky6sdx8znf9dw,loop-ust,6339981,0,6339981
terra1c5jmqmy8mnmmhh2nrtp69tuje7mz0mglynypvu,loop-loopr,1683622682,0,1683622682
terra15296r6lkms42dmagnw0gt0jkd28g0v4enfxkzp,loop-ust,8809505,0,8809505
terra1z7gk5zc3lzes005xqth7s9lx2e9jccma6jf9r3,aust-ust,851171453,0,851171453
terra1mc4g90t7cpq729dlej03wcnxfy4tar7ayf7z48,aust-ust,2213187645,0,2213187645
terra1kwv2584mt27e7js8vnz2e5u65gyvs286g0d94c,loop-ust,5156741,0,5156741
terra1etwq0q8wwnmq7322kz4v6ff2dcvwfm634vdkqn,loop-ust,685386568685,0,685386568685
terra1gzg8kfrkgxnt7rwsq3vcqy2nwm4q8pwgpkjcck,loop-ust,24709773,0,24709773
terra10sug68geq4caqpj2mr4pjpuwt3csc682le2pm8,luna-aust,349686816,0,349686816
terra182tljujfyryp7dhvd7ptrkxyc7aq36pnpeyqf2,loop-ust,14916105,0,14916105
terra1qugqjxzkhp3cs9detp3nrg9jmxnl6hkt9g8ghc,loop-ust,18887341,0,18887341
terra1zjkydl64h9fh3geuwz9hnqxcj847hy0s88xyqe,loop-mir,151291983,0,151291983
terra1dlueyxma84x8plh4h8ptg9spyff9u0247fjpvp,loop-ust,4618664,0,4618664
terra1f79k3cv3zmc0xj5duzac0q6za7d95phgtqhwlw,loop-ust,106313090,0,106313090
terra1y5k9fnhyy2nrg7475hyyrs6q3dfpl2xgez8d43,aust-ust,13441900694,0,13441900694
terra1pcxpyv70ma3qhzfddy4cadvh2mq4q8gjlw88dl,loopr-ust,52441680240,0,52441680240
terra1uf80f0vr0uyfrm2gagkhk3f44e0mtx3gxu74fu,loop-luna,97152291,0,97152291
terra18z3atesfe05sstc5tyyps7yr837r9t4fdtydcs,loop-ust,1284935,0,1284935
terra1hg54s0hgum5wm5c7unntq53ags45y6dwj2zhpp,loop-ust,9726625,0,9726625
terra1yxd6p76fdy2glq07lnrmd9esqkctkf6f04c675,loop-ust,9127581,0,9127581
terra1m7utvnp2jm3j39mury5hn9h60xex0jvrngdumm,mir-ust,96123542,0,96123542
terra1g9cjjwapzet73fdpr4c4ujkm9e6s4cx8vzka68,loop-ust,9729424,0,9729424
terra1p0ct38sa94d683epg5hgy0jqmj2dn08ug3h7fz,loop-ust,94631696,0,94631696
terra1j2mrpss87fej2nqc0dn5assy0avzaa4pwetvm0,loop-ust,51266727,0,51266727
terra1dww00mzd39zdtdxdc4vw4xg8r9gqz73x8plflv,bluna-luna,39335223,0,39335223
terra1axh8qu9zxa0jqck2juvn4lpdfrucw89m00gefr,loop-ust,2614634,0,2614634
terra1xz4kew4kplegxpxqczzw7xkkg3yds6xscrfc2a,bluna-luna,5019057,0,5019057
terra1m3jfj8cttupumdwzjt9wa947cmg453umhg4ctv,loop-ust,470013531,0,470013531
terra1tnkw2zja7hd8ga3t42ty94jm32mjt8kcs82xkf,loop-ust,53643864,0,53643864
terra1uzc6glknq6xfzk0mmtnheysa29p9ek8hyppzch,loop-ust,1062728,0,1062728
terra1ngjq5vy3n9yn40pez8asjz0rg4kl54pe0pnkcu,bluna-luna,3480628,0,3480628
terra18hg34z849nqv5q8futrs9xk82xkpwmtujejfaz,loop-ust,30084743,0,30084743
terra1q9az24sk6r34utd0hyvwg3gysl8l2g3fr0vesx,loop-ust,16607814,0,16607814
terra1qwqzclhlv8s32twdxsj24uav3wttdhazev67u9,anc-ust,2578021130,0,2578021130
terra1t6pvejdvxdjyvgtt939pk73exx9kpt5c68mxwz,loop-ust,103484001,0,103484001
terra1kxydfz0j4gzzygah5an3elf77snmnjgdvzs5xf,loop-ust,143198913,0,143198913
terra10q4w9rwsza2jf0hs6l5gjpm4ahau725gmg6fea,loop-ust,43886806,0,43886806
terra1e73ce4qur84xff3anthtvdap8d7nw2l4gy44fa,luna-ust,110484425,0,110484425
terra1vegaljz0dh9ud3qlrld544f4rlhe5snpaqdqtk,loop-ust,52987373,0,52987373
terra1t53pde0ymyhw0j9g0j8lkza74mn0kudx56uhjx,luna-aust,38383626,0,38383626
terra1pdhv8lm0wzmrf70slatzcx83sn8grfezjxt3cg,loop-ust,4007293,0,4007293
terra1f97f7fsluhq9p737mlp84y9dap43dvqvwmqnjd,anc-ust,157230137,0,157230137
terra1uxxuruw96nxw56g3tfjgdz0ug5w9tcptj5lwwe,aust-ust,89346793,0,89346793
terra1d6uewpcdfmnr776534dj452663lrhnayh4dkz7,loop-ust,440241,0,440241
terra1jxjjn9jrdrmf7yysavr6ldpq6w9py69ppsgwxv,loop-loopr,9710637967,0,9710637967
terra1pktv7at8e7qv99nlpcnjy2kjtyndff4zzvehga,loop-ust,1363969,0,1363969
terra18vet6tynydltjrlxa9jly2k9aaasst9mmhg34x,loop-ust,1781794,0,1781794
terra1fexgvkpteyfcc737xawpzdsw9yztax40yzhtfs,loop-ust,397615,0,397615
terra1wahptwry652ph2h6dwm3up0wp7h7qs677p4akc,loop-loopr,345058981,0,345058981
terra1uxtwn92ypxdvdtsa6nww8xh2ngvhxaa5fndgdq,mir-ust,545208426,0,545208426
terra1x86752dcucnx4yeuj6hzx93v4nf27mvf4xv88l,loop-ust,1898142,0,1898142
terra1rv59z2qlmm96yf8wmess3zjdhdr8frl7kufm08,loop-halo,11508424,0,11508424
terra1jm43hye4wpjuawvmuu2m2acdhxkqq79y0sy9kc,loop-luna,466757344,0,466757344
terra1a9hcq4jluc44l5ecl9hpugjca9ktxqzyhcckk8,loop-anc,1280095176,0,1280095176
terra12nz0fsn5m63j3ylyjgfxsqd8y677n0vmr0dwhz,loop-ust,38900342,0,38900342
terra1sdgfwnwpsu2cs5d640k3ekqzry7203kugmrvh3,loop-ust,1470530,0,1470530
terra14rg79ze0s0y5j4r256y8r3twnjf7a7ughxcuw9,aust-ust,8965488,0,8965488
terra1ajsx0z25rtad2hgtpteehjafnjmd7tt4dmz9la,anc-ust,82618160,0,82618160
terra1xwsg7v35w6j5ltdzyrrdhw86esvtv4g3cswuj9,loop-ust,2252961,0,2252961
terra1u6e9umw7f4g999trnhcrwk52qeae8xqzyjyzl4,loop-ust,3004057,0,3004057
terra1t8nquzpms8hzl4ed436drvf0zqvqj2mktyy0rn,luna-ust,104668941,0,104668941
terra14v9xf8ref20x0uum5dtm6e2guunrnlhxnqsmla,loop-ust,61580935,0,61580935
terra13stfvwwtvedyvcvnxjk2f33alvx36cs24t28rc,loop-ust,68131187,0,68131187
terra1vxkdvnzhjkq7n4fvlzemq2l63ayhpz8dkx6x8k,aust-ust,82641855,0,82641855
terra17fauvg08673juee096yqtfp0czmf2frv4vwv8t,loop-ust,4596075,0,4596075
terra17mh7gx4t3vnf5suwu7tsz2lkfl298v4arqxadq,loop-ust,906881,0,906881
terra19rd409gnnwmvaerwgvt0vmlpqu0uajferchsjw,loop-loopr,4778601201,0,4778601201
terra1ypv6wuhh826vkymd5rhu4wlnfgyq8ehcfctuxv,loop-ust,1059806,0,1059806
terra17jtpknu52ld3qkl8ff45la02v023ls47nu8ygx,loop-ust,13340097,0,13340097
terra1x5c6ns23tvld7sqhgt8fkphvym7lgpf449f76n,loop-ust,40006402,0,40006402
terra1lr5qy56gv8x82y0sjw86qutkp7hhzf4ksc0usz,loop-loopr,7701024,0,7701024
terra1kyyxeh2pdf76ahpt60rsaqf9luj9f46ex6v5z4,loop-aust,2587787987,0,2587787987
terra1xukc9r34j9dn6x7sw8fkmf2lzcul3xvggw79yv,loop-loopr,13245100472,0,13245100472
terra12u8u283zx2qgy3aqxu3rclpzzkcv22lw6jqgkw,loop-ust,78745221,0,78745221
terra1amvtywrwxg9tddvw5y7mmjk7mh0ukmn4hzlzq4,luna-ust,9849935,0,9849935
terra1zukla5mttmy2qm9hdmyk2y0xhld8u0vn6eautv,loop-ust,25495592,0,25495592
terra1qvf7gamkhskz4nftv3u5d22ww0gqn0wpjk9jgw,loop-loopr,7501195503,0,7501195503
terra12cvghevkrsyyd7uew6eq32eml53x9ck33kskln,loop-ust,962022,0,962022
terra14dx5gp4cchn048pvr8uugaxftlk309xczc9rd6,loop-loopr,1931789590,0,1931789590
terra1kmeemk9rmw3q2p2x8szaw4d4kwmue9vgkwuqkg,mine-ust,2382389,0,2382389
terra1uzqrfhjhgjfdxmel97sc6chyzmsxrhu5eyag6d,loop-ust,2149093,0,2149093
terra14lxg2a9jsy4grqljfucg7se3k8lcdy4ct2rs99,loop-ust,6377975,0,6377975
terra10a6jecdc7l7zhnhyew4mxvnunx4lezg8yu56qk,loop-loopr,99478310,0,99478310
terra1q0ta5v7ahml3g8v9tdmzhel6quhwt2ktrmtl7z,loopr-ust,2699609038,0,2699609038
terra19k85gsahz45qr86gn5t0ym7zac8nlm6v8k5ps8,loop-ust,48824862,0,48824862
terra1khyjxcz7yas6gzf92q8x5tn7jxs0nvuezy4fmv,loop-ust,16416055,0,16416055
terra19ml9uccwarudwdmhlw7gw0fq4nz6qgj2lsuaym,loop-ust,9094123,0,9094123
terra1x95qtj44ml3jdmew37ugy098rn88k0hg04yvyk,loop-loopr,351255911,0,351255911
terra18atx7j35ey6dpm3f990agrem6vewpt26gxwgwm,loop-ust,49928082,0,49928082
terra14xtmwemly534ws3qs36q76dk2hzwlvjzecnh05,aust-ust,605445595,0,605445595
terra13t5vd4ctjqdpuaw7t35076atgsff0y7s8ekvha,loopr-ust,44583042,0,44583042
terra1723t8eeq8f3ee27wrx5jw22e4txfygdv5qs4dv,loop-ust,10238341,0,10238341
terra1sy66jthkmmv5c6xrwnks0r7l9ed68hgvypxwy8,loopr-ust,11882598,0,11882598
terra1svny963s7mes5sk5fvuwqe9r9kkgq3kglrnpnm,bluna-luna,5914284,0,5914284
terra16ql2tygdk4yec2shamf9qvd657fmnnqmndung7,loop-ust,523715585,0,523715585
terra1mu6gx7ct654a37zyeyf4ks5lwl0czl4k9jzc5k,loop-ust,4680095461,0,4680095461
terra1dccsl3s8q7j4sd993nv99neaau87zytet4x0wl,mir-ust,35877703,0,35877703
terra14wcmxm3ygz8lqkdk60mldua0mplgr4glwwhzve,loop-loopr,4694447556,0,4694447556
terra1jrc2r2kxza4uwsn7ynvv66tswmfrc3qqm4sv6v,loop-ust,1395501,0,1395501
terra1qqy25wjdz7gzdn93tm2ve60ccf8k494dxxcvc9,loop-ust,5357327,0,5357327
terra1u9344fj44nyh4j2ct2dqze8qhh923fauj8l2p7,loop-ust,7293069,0,7293069
terra1euylj3nud0s5zjspumxkcgt4rv6trkxlp0xv68,loop-ust,27752982,0,27752982
terra17qk5424tqa0vwklann666chy2p6h7venqvqtsz,loop-ust,1903909,0,1903909
terra1qn3pew9reqjfjarf3d8cs77dszfu59r8qydkr3,loop-ust,318499,0,318499
terra1s49hv28fqx6adnw8twzcr536ny273mktllg08p,aust-ust,10493532161,0,10493532161
terra137ff8zkuz0wmvf378fxn8weu4l3rgzf67eghv4,bluna-luna,14156725,0,14156725
terra1c3930kfnc6ex80pk2nqj3qq2n2dletrmd86n2u,loop-ust,69722724,0,69722724
terra155fraz62d7tp77p09eln8fkgqaj5u8wkjjkfc3,loop-ust,2051390,0,2051390
terra1z3pw8mw6glka8rpq6lxsjpmfuxhmsgr0x0vr6s,luna-ust,17747200312,0,17747200312
terra13d9ku9lt94xhsdrjlcs3fke6mr5lx0tyu4x8r8,loop-ust,2928087,0,2928087
terra18c9eankv07ac2mgmgvydvczggsv37e699wcemw,loopr-ust,23549358,0,23549358
terra1wkyklsspj8y2gjtqhsnhfeh0fq7k98c9pvvksz,luna-ust,44410175,0,44410175
terra1hj5cw9klpzt3tnl90p0rjswwz78533a2njcr6h,aust-ust,45060596,0,45060596
terra1kxydfz0j4gzzygah5an3elf77snmnjgdvzs5xf,loopr-ust,1263238416,0,1263238416
terra1fnn9yr8phwle87qa4fus4z4kfaa7xu5axd0syg,loop-ust,713620500,0,713620500
terra1pa3wzhfwsc7rdj4pj3vj5g799ffaxnfsp6w8lc,twd-ust,758316911,0,758316911
terra17q8ztn5s8472pmf3pvcnl5skcju0syl6dzra3z,loopr-ust,3102487,0,3102487
terra1mfmg7nwdwf3p98ar974txafs3qyfudl6xwh6mp,loop-ust,4273735841,0,4273735841
terra142z50x665v8g7eth8vm42m9d2lys54fu8p0ha5,mir-ust,22519517,0,22519517
terra1tc5cdest3tw9uu04emrwzdcf384ye6xzc0wkse,loop-ust,6507586,0,6507586
terra1enhaf84pfda8fj0r9ynp6hpxllxj4g2l3nlu92,loop-ust,21108764,0,21108764
terra12wk6z8sdj4trf8fwteu8qvdc3wutg0jw2ndfd9,loop-ust,8953759,0,8953759
terra1e0y8mp567u3zk0djccee87cy95e9r4cev4y6ps,loopr-ust,1830261872,0,1830261872
terra186sqfxu5wrpn6plxcl56wnpy3ut35ars0pps4a,loop-loopr,294438900,0,294438900
terra1sp8k0edftc5xfqj0hhan5gdcuh2m3rsc6f8y6h,loop-ust,160980,0,160980
terra1rnevntw635uez72uc7qy6ls7c70yjee5ehtg7r,loop-mine,167899447,0,167899447
terra1rh96e0x3pglsf89p2hd8nesr6tzxsrx56rrs8y,loop-ust,18795566,0,18795566
terra1vvfn6s90fghtleng35dgm9kvgrusu6yep0q48d,loop-luna,38606699,0,38606699
terra1qett44y39tg2ktg426am0v9kp3vpcvh5fdhxqj,loop-ust,39019207,0,39019207
terra1l3s0xe0spujkzfrdfq2semmplpclxkrz8jvmrz,bluna-luna,26922899,0,26922899
terra1r9ztfvxx0ndg4mdfx3dec7xnpj2gjuv0ku2pl4,loopr-ust,16381562340,0,16381562340
terra1gwrut4vl07cpqnkxuh3v9j3ulgw0908zfmc0xc,aust-ust,4485711452,0,4485711452
terra1gy3hl99jj662f33e5th6j3mcrjf0k3a5d3awd4,bluna-luna,3983827,0,3983827
terra1unpy6z3r0px2ugyjgmnk272ma9n7lqveuzaylw,kuji-aust,1145891195,0,1145891195
terra13nrpfw2eznkxrcv35zgnf8rpchs7evswz0z6rf,loop-ust,2782628,0,2782628
terra1c59nz6zrw0898g9h9sv9rmugp47sgy2vses4hn,bluna-luna,2997951,0,2997951
terra14kjk4w7mr5pf5k2wtpq80krg5y9syankywga4f,loop-ust,189130604,0,189130604
terra1nf4spkar3cdc9x5cflvxretr4qug43tqv58qxl,loop-ust,26879857,0,26879857
terra1x02lm5zqma7zqh23w30vnpgyqfef0kjwut7pxk,loop-loopr,100603408280,0,100603408280
terra1suvx3ndp24kwdm2cns6l3eyu6jyssef38wzzef,loop-ust,10489581,0,10489581
terra1hm7u5rpafy64lpz2gya4uykdqxjrlpl0svcjgl,loop-ust,64815176,0,64815176
terra14f4q80ftq69vcr2rsyzuacz7chwgmgcdnkskle,loop-ust,2629271,0,2629271
terra1nehlqqunfwvzjd7tjyfhthmk4r9233dzv85xhj,loop-loopr,87958501,0,87958501
terra1qwgr0wa8e0tspxdldvh3xhrtskfl9r5qqge8p7,aust-ust,2817285502,0,2817285502
terra1p2aklsww2wtkwfdlehknzwvnxc9rcnwqdcns0d,loop-ust,25712943,0,25712943
terra1ldru2znda2ex77ke4f3uf5gpfgmxq200j69edz,mir-ust,70311499,0,70311499
terra104vpz896jwyvwqkls60jyc6ek0ype24v8fcukf,loop-ust,96065292,0,96065292
terra12yfyznxjf3y3jw8q6lxppugm96dgn0gddx4j46,loop-ust,469819,0,469819
terra192c5wqhsr8d7ejgeprql7xzy76t05kea9pnkfu,loop-ust,40117989,0,40117989
terra1vhgmgr0xhffjjg2mk9p444tsjvhrqzqddmhfsp,loop-loopr,112394962557,0,112394962557
terra157zaaexhr6kp65af5umem8kasp6kmejtkadsu9,loop-ust,542210973,0,542210973
terra187hvk9wsgrqwsgv9repyyrxc5s2rgz8s7hq54c,luna-aust,5348384516,0,5348384516
terra1k567tgp89c0ma4camzuqzh5l7tfvkcdjvjuza3,loop-ust,8157689,0,8157689
terra1sz6s86sfzuwge2h4vylrrs0hy3fcnrae26emr9,bluna-luna,995005,0,995005
terra10qlratdpz87ahdyspk2cy6mnwtcnqea8trwhdq,loop-anc,168768607,0,168768607
terra16nxry0as8nuqudc2c0zrmepjadwqrsfvaamkuq,loop-ust,1799657,0,1799657
terra1dhe7ngffrtyhs9lg0358l6qcj6n6xm4eks9tyf,bluna-luna,29845045,0,29845045
terra1p0v9g687cvnnz9uev6u0p9qa8rqnqpnn56jx60,loop-loopr,275143469,0,275143469
terra1gktvhm7cck5r7npwcgwkuanwkdxtvvp88unkk9,loop-ust,26827584,0,26827584
terra1q5k9qa0mjz3ers7vevypx6ndetyfhkhd6us3ye,loop-ust,456079,0,456079
terra1gfj0vtme3dwlcuswnthr2k8sacwehz9uvrf2dr,loopr-ust,31897929,0,31897929
terra1nech6j8xv237ne9hya4t4fhvl3cx59faujfff0,aust-ust,4097734571,0,4097734571
terra1xz6u9tzmtkpfqy5qq0hgf2gg9wt5qt2hnly7y0,loop-mir,2287440013,0,2287440013
terra1jmv82efl9dwyznz44a994znjsxwxxqccru6t5t,luna-aust,1141674688,0,1141674688
terra10my55ndyhpr7ww4r7hh4wyepdpzlxck7tj63m8,loop-ust,377372178,0,377372178
terra1ypzmq6hjatqufgdk0sx8t9hj3gca6nysjj6znq,aust-ust,626070765,0,626070765
terra1mhv0yapdslclsgt56q3xh3u28f5t5f32lazyat,loop-ust,48597008,0,48597008
terra1t3xs9lepeudvvtungx06966uua55scusavc3en,loop-ust,973565,0,973565
terra1dwa89herqnn7hxj0q60zawuptkms3pyn2ry6gm,loop-ust,25437260,0,25437260
terra10jf385074lf89tefrj6qkcvzvzcqe6pmk7f74m,aust-ust,3178288475,0,3178288475
terra1zcsj3slrulv9lpjnf0wvrej0e8dx8cydljf5mx,anc-aust,6846959,0,6846959
terra1rd0w7xfwp0zne6ju3wpfe8f0rjf5jm6akv64q2,loop-ust,3235768,0,3235768
terra1a6tvrevtahf3ddmtdre3ts40l04v7mmg8hkccy,loopr-ust,732122834,0,732122834
terra1ew60gj0ayfaut34p957le8nwdg7l5ck7a7vuah,loop-luna,932357673,0,932357673
terra1stnjalthhvvhgfmwjf5raattg4zk4ty5jtkws0,anc-ust,68638986,0,68638986
terra1ys4xme8vu3um7lak0gtjm44t8hx4k8vdzkdqld,loop-ust,2437628,0,2437628
terra1wum665u6zxsle9xe3le0jrv6rvd9umcr9vh7mr,luna-ust,6286764,0,6286764
terra1792r8ftvw0gxqm7vucx4dfv4sccltr6lhr2wkw,loopr-ust,100983089,0,100983089
terra1rfqhaape3aaxftjn30clujxzy2ldghqd5m808p,loop-anc,20062305,0,20062305
terra19tuuhry7e8lqeds9u84ufywfdryzaf2a0zxhy8,loopr-ust,12251603,0,12251603
terra1r5trcyxcejnj8npxdq4u8r8qw5xzs8se0vv7qg,loopr-ust,12391250,0,12391250
terra16g9ad4hcerm280u8dkssvwzfyp5m574zqjdtwx,loop-ust,32729058,0,32729058
terra1m5klgmjcc4p2msxxrjmvzxz7kfxnn4edhraqn9,loop-ust,21296300,0,21296300
terra1klxazgs7kmvsu8l0qzqzh9fhpfcqh9u34fmaqx,loop-anc,629374317,0,629374317
terra1uc28w9rxcntfyqwfpfr6q28yx6sv4h24ksj3dj,loop-ust,619968805,0,619968805
terra19rugc38ywu6qklqtuphuemd4mulrlc9erxkhjm,luna-aust,149618730,0,149618730
terra19je5hc6gwahhffas68uyn3chqr2rwzyf20a60c,loopr-ust,4897634,0,4897634
terra1ks0tl68vyecny2ag5u4keea64ww22vnfj9cyv5,loop-ust,797345,0,797345
terra1m8g56hfxg7zzh47lh6dytu3km8l86th639g8k3,loop-mine,6270892,0,6270892
terra1ty7n4auj66ku78dcgrr43600h0ccc92eyfw4f0,loop-luna,27385884,0,27385884
terra1emxh00p99guzjzawhq3wm8sfedhc783kv3afwn,loop-ust,4545331,0,4545331
terra16ssfew580pt9yla6gq3m4qsj9xycp0l0axqm34,loop-ust,458723,0,458723
terra10qwm80ccf0kqtzp4tu9queu3uprkx5m2pwfvfk,loopr-ust,4718535146,0,4718535146
terra1enplc2x9xqup7csevze68fgzn5geck6fylt0xu,loop-ust,2710035,0,2710035
terra1q0rsxwpcle05dxxmhx9mxpz4w4q3nxvz0chwl7,loop-ust,336492085,0,336492085
terra1y8585j54e4q34qxhpc93t96enh9f96h4qxyydh,anc-ust,781688834,0,781688834
terra16pphzdm6zf80xxn439dpgcmg66vcjp70zek7m0,loop-ust,715787,0,715787
terra1em2qg0v5vk26vr3pwtrh5krtc4h0hxu24gqtuz,loop-ust,21864501,0,21864501
terra15vqydk83tusjs9k0jhyhas3a403amlg6gqrgq0,aust-ust,281168849,0,281168849
terra12k67ek6d0pxet2nphkq93y6dwu4v3g8hnu3rqp,loop-ust,40048195,0,40048195
terra1xk06gn9pd3kz6j3g6pqa7tkwyx8vtaz7xax429,loop-halo,371119683,0,371119683
terra1gw6p2u5whqsc4mefkqmrygkz6clmezp7pmc8qe,bluna-luna,3003218,0,3003218
terra19a37l4adw8thz2p2f9mtsrkgew2ctldq3sgyjs,loop-ust,545937,0,545937
terra17e8uwufsxq996amttl3yvtrx63yxgml9gh38h3,loop-ust,128462322,0,128462322
terra1npnrv06e5ufgg02cvd4m2ev9vmc8gfmkg6jzjy,loop-loopr,1642796790,0,1642796790
terra1hukgypg3v8dcptjn7q3quxgnpkr0y3f8ua5kee,loop-halo,3007318315,0,3007318315
terra17qs8383nv5y3hrvvvkd09ur55v8ncc7v9ky22e,loop-ust,433471,0,433471
terra1qq7s0jexwauezcc67nf8g5kwe6hmegu353phj7,loop-loopr,205409711,0,205409711
terra15wrkdj0563zmq2p59rx2zn42dxffgz9srktjuh,loop-ust,858065,0,858065
terra16da8s4zfp5z9kn4t8vz0rnjeeanaelw6wurujt,luna-aust,115568115,0,115568115
terra1ajv5xdznc65lp5va0qjl7f7y3lrypvhh2g57tw,luna-ust,23867356,0,23867356
terra1n5vaqyuj8uzz7twsf4fxufx636tnfqhuhd8xu3,loop-lota,187952422,0,187952422
terra1fe7cwh5rgjrmn6r9xh7uw3dnnw5sdtj5fmymnm,loop-halo,20348481025,0,20348481025
terra17uv93k2jpz8gzfkcm6ej4drg8ez3fhu4rqat8s,loop-ust,1428959,0,1428959
terra1gg2ptc2v6hnt47xt4zsfsvvnpvuk7q2utzh0wu,aust-ust,4627307,0,4627307
terra16rhrvl9ajt9mty7cysu76humsdq2ze3j48500f,loop-ust,43947171,0,43947171
terra1aelwdzjajc9znrgye9qdefju8ndyk8n9dpq7fk,loop-ust,1113626,0,1113626
terra1sfga6yfvve57w6q4u0tx0qalkdlkxyedr60tpw,aust-ust,4356373468,0,4356373468
terra1yssg9kfkqegthcy0x9hw57vax7dxz3wg2nal8v,loop-mine,64006738,0,64006738
terra1h76knrf5dpqjgkqawez9vxvjcys929z8p8tdsr,loop-ust,11164396,0,11164396
terra1azmrwqyk37k7tjgcfzeud87nhtftdmteawmxq4,bluna-luna,14143486,0,14143486
terra18ejfm26xvj5g73appdln2mvycek9u2l4h27zhn,loop-loopr,1532193711,0,1532193711
terra1q0lfdmps5fldhm79gvca9sfn4lc2gf04mz4dej,loop-ust,13126072,0,13126072
terra1as9mwkffygdeaxfka3kj6duvad335xjptyaxuv,stt-ust,140010351,0,140010351
terra1tyx0q0ftexdvv7f3hwg5nqudyt84c03ntap2m7,loop-ust,36764342,0,36764342
terra15y9k7kcdnegg73lrhhduzlgh55sg9enw75zjtw,loop-ust,2686988,0,2686988
terra1qmvzmgylell896uyud0y74ngfhlp38cg8z8f7t,anc-ust,11347832,0,11347832
terra16uaw7qctgwfelfag3p5wtpsckqd9z4alhtrxkl,loop-ust,2000085,0,2000085
terra1lk3pe9jmhae77u6c85nz4lq5w0j5zxzgs7c377,loop-loopr,4851653381,0,4851653381
terra1t4xvnrzcnchwnprtudggc022n6477p473ar0zj,loop-ust,43885394,0,43885394
terra109kjy26hf5sfn96w3sgt9mqayyl0hfw9kypkfd,loop-anc,443036521,0,443036521
terra14mcuns5he4y2fwvvuvcqnyfjpchlzqkdrakqxp,loop-ust,1836705,0,1836705
terra1rw09623geex54vhzwg3yv6qn0k2eu67p8p5qs3,loop-ust,11808800,0,11808800
terra1jtqv22kqmlcctxgk8lk9hu9x22yhyzzygwn3g8,loop-ust,913546,0,913546
terra1v9cyhu369uk9xs44lltw9ks8elmrcuawpnmmlq,loop-ust,120593886,0,120593886
terra1n6y8dku46m0p7gk96gqgnhyry0vlnfumr0rz2x,loop-mir,622442485,0,622442485
terra1keg0sgsdq3kxc38gemeqg8ljptepf86dx6dcy6,loop-luna,111625117,0,111625117
terra1g4aq2md58kezy8phawfka0j0j6q5wq6geqzgdc,loop-ust,1607173994,0,1607173994
terra1pl6nk7mxhuakasujpqk7cz3c2d96zxr72xfxzr,loop-ust,2426922,0,2426922
terra1dcnfvvqppp5rv24d3elsuk4snl4jxmyxltn9km,loop-ust,790647,0,790647
terra1hrn0dqrrnvxlgh02y04xc6kl7u7350t99yvk8e,loop-ust,290891310,0,290891310
terra1d3cwamtv98nskmpfqcu6q25vywmsjv9mq2j8hj,loop-ust,6672462,0,6672462
terra1ge78zh0d90hqct5qrlrldxra4wwhr8tfkxh465,loop-ust,1368785,0,1368785
terra12r3gekd5kqag5g0a7mxwx7xvpndaws09ppfx9h,bluna-luna,28981221,0,28981221
terra1urzs5a3g3lqyj8kz4d97a5shufn2vr8z4fsaz9,loop-ust,3078318,0,3078318
terra1ycky0r7kw22mh4j4lh7040tzztv7knx8sxelpj,loop-ust,16240077,0,16240077
terra1u8vqy4u93rh34sytjcs0ljufgadk8vs9mqv3ju,loop-ust,1172994230,0,1172994230
terra18ywt0w6dufrm29vh7jlfjmqtqa6rvp6t4z8v92,loop-ust,8657945,0,8657945
terra1w7ql3rukfxtjqr3gty6vt28l3nm4h4z323ffey,loop-mir,1112448083,0,1112448083
terra1xuqaqhzys65afe9v9njmchue9y9nv55ckqwvx9,aust-ust,2237687518,0,2237687518
terra13nt3nwfk3ejrdqdm0xa7w5ysls9z0jc5rh2qgz,loop-ust,9183643,0,9183643
terra1qwe03f892m0ltfaq297lnf0g42gn3manfyevck,loop-aust,74917602,0,74917602
terra1swx996hmgmnzhmx94l9g34ltnszkzeh0spz874,loop-ust,88965276,0,88965276
terra1e73ce4qur84xff3anthtvdap8d7nw2l4gy44fa,mine-ust,5171085401,0,5171085401
terra1pvy4qf5p7uknnmr0d5lsptmzys82v9hqgzs2tk,anc-aust,624566333,0,624566333
terra1etdyc69vxasxsrtgmx8qchsf5xrsu5vmhvmqn5,loop-ust,2445855,0,2445855
terra100wcdnj59s92xwdxtqfxtr5ywm96qs68ul6rty,loop-ust,22696687,0,22696687
terra1e96vvemdxgmrn0804e3cg0w2emlz04jk3jmyvn,loop-ust,1091247,0,1091247
terra1kx8w353jsxfs04ye5zl88ptrh4gwzr87eqsluq,loop-ust,283807405,0,283807405
terra1ductvcnh5lq9mf8hh5ak38zwghqfu05zu85gfy,loop-luna,122520933,0,122520933
terra1q5jjm7ghucl3sxcl3wr4quz57l6jcqt53thhu9,bluna-luna,5038352,0,5038352
terra1suwtwhz79t9nayk8yrvmtg0z0t798vq4cyzpup,aust-ust,3876912353,0,3876912353
terra16m60qzrljy9td7kykqd5hfgha7dsduu8ktmkvh,aust-ust,1785749303,0,1785749303
terra17y92pjn8m95aylym3xzlxafvxhmfv99t82qqn8,bluna-luna,1444390,0,1444390
terra14v7kh7xzj5eqkup9j7neh09wv94nsmwkmh5x7l,luna-ust,64602679,0,64602679
terra1dwasf5rtwtjuhyp5dmc30ggmjzs9kaud004zdy,loop-ust,3586717,0,3586717
terra125clgef686vxga9gzqck52c4whrd7pr65yj8zz,loop-ust,31110519,0,31110519
terra1cygvjlqtm8ha55fauvedvjlva9vuxrw3uuj30c,loop-ust,498244067,0,498244067
terra1z88yfzjw46xefa7wwy0r7gleu8py7gm7we2wwk,loop-ust,1060573,0,1060573
terra1za8ckf3s96jacx72z3e9sm4gvsru0cs8zk654f,anc-ust,15869701,0,15869701
terra1drjgq05wp75mxgzm28hus5vc6ala5jwp6fdl5j,loop-luna,33903725,0,33903725
terra1n0r3pwajhjh6u6cfj0d7xt3p07v0axzcwjyp2q,bluna-luna,2300858,0,2300858
terra13dvdhqxt9lz4ch6umsec00nlg9pcwv7zf2uu6q,loop-ust,3854658,0,3854658
terra1spgzxcsdqgjhqn08f24sk8k3vucr8hasweg950,loop-loopr,208613532,0,208613532
terra1sw3vwxpvwxs925t9zucq7qu40g4arw5rw69lgc,loop-ust,4044982,0,4044982
terra1l3e0uaszmzf3ddtue3v7gwuxpmnepkttcvx8gm,loop-ust,49745065,0,49745065
terra13tn5ljpmlu22a4kqen3fwwlzrhpharcu4alwuu,loop-ust,5285807,0,5285807
terra1ufqzmu799vtym9q8fuwapep8l9f832ee8r2jsp,loop-loopr,118230195,0,118230195
terra1uk3n3u43jsafda5nfhktdk3w7mtw0w607l4t36,loop-ust,2055636,0,2055636
terra15exar5m00hkkevccky9jpgf9x5umc0r9300ptv,loop-ust,977324,0,977324
terra15shxmmv35tjwjn2xxf9sh5elp9r4hla9f6g0qu,luna-ust,102301277,0,102301277
terra1fzyp2j2zvtaapzmpxjklyy4ss7tc894qzl3dm3,loop-ust,140081541,0,140081541
terra1przahch2tjkq3zwkyuun5m2suvn7p5az48epud,aust-ust,446803981,0,446803981
terra13tm9j5pvv6z2txmhulvj8k50f3yjg5zzwqf4xd,aust-ust,209669483,0,209669483
terra1zekas0ajqf37g8j6mtvk7z0g4c79kvccsf6czf,loop-ust,21194563,0,21194563
terra1c8x7s6hzt9x5m4js4uhk5qwxq352g93hmsn3xg,loop-loopr,29096318,0,29096318
terra1ggz3j8uh0ht8rhhtjtgwyx20wxx3ln24e6yxnw,loop-ust,315060098,0,315060098
terra1q0gy6mjfmlrtd57esqy5k52p2tpvynyh7fz76x,loop-ust,6101476,0,6101476
terra1ha4a9kd4r4ueclfmg72cg35x08alxum3pmxggk,loop-ust,41361541,0,41361541
terra1rypv92txwts5ezgs9u7hkymt25nqfze9ntytr3,loop-ust,198409279,0,198409279
terra1sugzqh3sg5xt4h00c8226cnjxup4nacjm88g7n,loop-ust,89686,0,89686
terra1amw9cxc9am3nxnaum9xhdtvnzzf0ae4zd87ray,mir-ust,20168905,0,20168905
terra1cxdd55jfl5z9ctgffkemzvsq3e6u35q94s8pny,loop-ust,2032394,0,2032394
terra1pxhqccytw954l7gnunr83ntktg5qwmx3e7jw9c,loop-ust,882749,0,882749
terra1k29rv6gm9apks7mv64d8ed6g4agq26ks4f5mh6,mine-ust,46274425,0,46274425
terra1ss3fcfzj3l23q0gkvmqn08w7ssta9ry2z72e88,loop-luna,77098832,0,77098832
terra1am52avg6yx75996z8z2v4wkcz3t8ewuhjl4tqv,loop-ust,538202298,0,538202298
terra1cn2p66f2vwf47ecmva4wdf3dr0pfdmccxmc5f2,aust-ust,107912101,0,107912101
terra1h5vflvkumulpmz3kn5p8g0q0sq85rdfvwnhqcp,loop-ust,473750,0,473750
terra1qy8zm5qzqe744t44jqa4gklqyckdrjxq4023nd,loop-ust,48817848,0,48817848
terra1wxpy602gw60smqety047xn2s8mlv6va88hhysk,loop-ust,26599449,0,26599449
terra1ljvvg2tlkugs2w386n8gu6tl0w605u4g67cm6n,loop-ust,43399747,0,43399747
terra1x2ca6y6wuz496338zy8v9aq0q35hu63cgnkqts,loop-ust,13360704,0,13360704
terra1s5hfaumkeu0rdgw3pswpcyx9r93z95ks73tx8x,loop-ust,136885,0,136885
terra1wz5p92j247e0sv9hfdfutkr6q6mrf4mkrtcyun,loopr-ust,64483108,0,64483108
terra17y0wlxdk0qtqykayphgsf7cpf0hasr6le90mrk,loop-ust,17034404,0,17034404
terra124uadfpsshjem6mfk3e4vppjuhp5ky9lnx9yfh,loop-luna,181493153,0,181493153
terra10e55hkyzmw2uhz48peszezz2mg63pmwumj2w46,loop-ust,12740014,0,12740014
terra1vrktpp76sja7pe750lepdp80nhpc4m5zvu0kpp,loop-ust,948021,0,948021
terra1f6th4l9r0qsr0jgszqd569m9m8xjkavzvz5ltd,loop-ust,2131463,0,2131463
terra1sf5jvc6lce2x0c9p7rvkp8nep5qs032d35zttc,loop-ust,57896056,0,57896056
terra13e5r8td7247r24asxkudz96tyrc7jgu3llvdrx,loop-ust,55952906,0,55952906
terra18h6k835fgp0f20xnt2wlkr6wqnl6xswz0pxg3x,loop-ust,18397961,0,18397961
terra192zgfchpzratcr74gkveyxsdf3237qvvtfpwdf,loop-ust,1172045,0,1172045
terra15euq2dggj9mq05dd4gstyfn7jyd5hqp28ljdzc,loop-ust,8966356,0,8966356
terra1uhkjdf9j4kdhkmxulwh24sxv7v7jd9vs0prfpa,loopr-ust,38776836,0,38776836
terra133czzh932hf8q5ctr86eht5s2dhctlvd40acjs,loop-ust,629864742,0,629864742
terra13c74kt8wp8d02yxj5dqjawxccaavp50366yh9f,loop-mine,24692329,0,24692329
terra1hjxrj7e5nywdfap6gzmh8v3wqqhstlxypydqjd,mine-ust,954964,0,954964
terra1su6prxd82x2887ta892af78j89l89xpwxkp7gh,loop-ust,1890343,0,1890343
terra18l0ap5kgc74xm9nq3h2zkjk24wtufa06qy2mfj,anc-aust,17834070875,0,17834070875
terra1l8e2hzhrh0kym2xanrw6fmlgfs09zxvunw353z,lota-ust,433709516,0,433709516
terra1awtz58k2lyede83k2fmn3nf5fpdyzmz726xtaz,loop-loopr,48669987,0,48669987
terra167085m5drtrm8qqacarw60xr6zfdkue6nnur2v,loop-ust,99085511,0,99085511
terra10rdyv05smyjhhul664kcpcj34trjarf7fpxlx0,anc-ust,157461187,0,157461187
terra1wmzhpmyp65ntrzmdxxfju2gyecvkwvw7g00ufh,loop-ust,11807546,0,11807546
terra1j7hvwuevf2hx0a5qffhnzumssnjvjyst23q2yl,loop-ust,681698,0,681698
terra16uqxwy5wdg3unaqa6xt9ft5q32xn9d75zkudue,loop-mine,263787,0,263787
terra183a7sguwt8jsz3c4g2ly20gja057tl4mg8aycw,bluna-luna,928143802,0,928143802
terra15r26gy3grrvmuapwvlak7af4d3ml4fs8xt49n9,loop-ust,4851007,0,4851007
terra19r82dwsyy99kskk0gyj50j5wvuhmu6ywack6fe,loop-ust,10396893,0,10396893
terra16rlfaly5wyspt60ztxcz5ep224zpz3gtvag2k6,loop-loopr,957791758,0,957791758
terra1ghu478qdeyl77ngjt44r33lgv95xts7fh57uye,loop-ust,3682007,0,3682007
terra1furfcs253zxttjdzyu9ymf8s3d6jtqe53jtvzt,loop-aust,965817237,0,965817237
terra17vw0n7rnksaahwhd6m2y9hmfz3uaam0he3tj2g,loop-mine,5112039,0,5112039
terra17cm9dhkl4t7kwzcku7gwu2ne0025af66edhmmx,loop-luna,2362345,0,2362345
terra10sph3dexhkzy0cgcxhc03hallh6dcuejkeehqe,loopr-ust,41344930,0,41344930
terra1tqj7cyz6eqe8zhdqca8l9x020dh95e95vwj047,loop-ust,695747,0,695747
terra1u0627582cdn2544egkalkx24jp8am76erwmdsa,loop-ust,4689639,0,4689639
terra1rxnnm5tsttrj5zguac28gh9f5lm639crqcs8g2,loop-ust,75320873,0,75320873
terra1sjqn3v2tqu5skjwh5yzuu6z65mq63j2c7s8al4,luna-aust,659598656,0,659598656
terra17gvzfxeumre0rx06mwv4qtypzd3c7tac52n72h,loop-anc,286473556,0,286473556
terra1ev0w3r2cyu9r9d8u576ld3ppgf4v8xl4cewzq8,loop-ust,540237539,0,540237539
terra1m2r4xm9csd2m2hg96frwxmxyjzdrlyvwuk6rut,twd-ust,373000077,0,373000077
terra146ujq3hu946a6lauh3n5xq87jx9csxzkk297lq,loop-ust,3126286,0,3126286
terra1dnkxze5ptnwmnmknjydyk8fv9hwygzluyakcs0,bluna-luna,3852162334,0,3852162334
terra1wp5233k9y4jcs5l3umzqrr6ml7c462uq9k4mwr,loop-anc,1519705143,0,1519705143
terra1stlmduav8tkg943zszje8wr2eljun9xkrdmrxu,dph-ust,162048530,0,162048530
terra1fzpx8tex02rscfjav4456s2y5evq2t7wue4jq5,loop-loopr,7730265200,0,7730265200
terra1jzhlwgg8u49u54c59f9vpm6cmw95jmguz6qvkp,bluna-luna,3046104,0,3046104
terra1q5szxdfk4j26e35tyr0k2f26hs6u0jy8yj8s42,anc-ust,60555877,0,60555877
terra1eah6y698ypxgvy8f63k5s0p955zg33syunhhla,loop-ust,2595085,0,2595085
terra1nthy96w66l8pcw8l8pypa08zxemlhpwunjejz8,loop-ust,1792334,0,1792334
terra1w59mn4uyqdf6rj5a04g493rd3dm69q3y5mk6cv,aust-ust,4388618461,0,4388618461
terra15enqshan87t38ja3xzvqnj3hhfhghwtukw3v6x,loop-loopr,12147161290,0,12147161290
terra1elup0kkcysa007h7gfl3x5vxjqqxz4hxmehxe9,luna-aust,50289445,0,50289445
terra143hlxv9nhpvyv9hgrec4alp3zmuhlc6lkzxzdd,loop-ust,106895568,0,106895568
terra1u3k60zk95kkflh8wnaslh9dy3c0qe6qeuvxvf5,loop-ust,8231330,0,8231330
terra1fp73w468w2fcq4rjccquntntmxrghnls4qzpnk,anc-ust,1100350604,0,1100350604
terra1fsajghjrrggwzzzfcvqk0z996nuysdjcnfnsau,loop-loopr,45421277,0,45421277
terra1dugx0d08khvntz5c2nhj25f9xhsunnuq0nhfgr,loopr-ust,11875456,0,11875456
terra1rmgpl45uurzmj2xw4hgx6347jw9t4ahtxfjj7p,loop-ust,4794401,0,4794401
terra195pvsuu9jxydewr2we774snp7quv2zqlee843u,loop-ust,264727,0,264727
terra1dxup9qnplclxdm50ulj9qklckmx4waaslpgdyp,loop-ust,27389176,0,27389176
terra16zfc4dxtaj6wska0e4tmmsplln7leqd43fhd99,loop-ust,10890858,0,10890858
terra18xgh308nvk53qwt9dwecj6w683tjm737vx6wj2,loopr-ust,83126653,0,83126653
terra1psf8srd2lsx7nmzea7g7mrux5xul3uawnpj747,loop-ust,2060890,0,2060890
terra10pkz2ezcdqcs6pvc24mh533azn2zm7ryg8gfcn,loop-ust,4863516,0,4863516
terra1hv2cgggjzs00yf8d5kzepf55wrmegajxpeg93d,aust-ust,41588026,0,41588026
terra18phzfeng007yuqwsyzmrm96j0p3qx2lj6lmm5l,loop-ust,10618229,0,10618229
terra165meayvhxf88xeqz6vgl9dhxq2h3fzcy7gsf2d,loop-ust,916644,0,916644
terra1vq6wc7f420p7mnlzge5mymxllhgye7yvv6rl4l,loop-ust,3796669,0,3796669
terra1y2f3wsfxep80j8745h9sh9gurtktz3ayxwfmkl,loop-loopr,145669608,0,145669608
terra1tejzywy8wm4gelmw2nhue2cfdxcaka3tpmz3gl,loopr-ust,27859660,0,27859660
terra1j4upggq0u3df6fkvvq5xuuhw0t9cjtdmlft564,loopr-ust,12482072,0,12482072
terra1vkdjeq984mr9u83g7585qtu2jzh6tt22ff8lqf,loop-mir,111597391,0,111597391
terra16zvq09w5wgfmhvlrur7q07cn5n87g2m5elz2z9,bluna-luna,7476625,0,7476625
terra1fkkacttawmwvl8d0trugrhmxvz8wdrqjq4g2cq,aust-ust,603264971011,0,603264971011
terra1pmp5pn4jdaew0e2tryz373e8whac40esazmcma,loop-loopr,30612101,0,30612101
terra1pzntq4tj6gsw9rsyuxln5xwz2pxddmsztx6ked,loop-ust,981211,0,981211
terra1vdq322mjeznpcdnyt6r5nmma07fnpqrvu9sa99,loop-anc,336850410,0,336850410
terra1ajh7cmcy54nqngnegrlk8pg8z30yu2uh6v3s84,aust-ust,34072152,0,34072152
terra1hxneqctvmjnqfn0m6re539hre994ctzrcuq36f,bluna-luna,1334048,0,1334048
terra1xxuqnhxyrmhxvtj84ga8gj5u5m6qmyvpx2txns,luna-aust,3544525,0,3544525
terra1qvmphaw22yuhe2n8x0vqeruzedvj0kfavfuzqr,loop-luna,27660904,0,27660904
terra14jydrjyntqcnp2defac3xn47rpr765750ashlf,anc-ust,43358667,0,43358667
terra1c3uqk2pvt3tgejlmczuvzjqju4664wxzkz02ts,wewbtc-ust,10581,0,10581
terra1knfnk40khg3xq86gkmge6egxwt6wszlwejsl47,luna-aust,52299937,0,52299937
terra1pwxxacr994cjljc0hpknvq9sgd7gvd22qsagec,loop-loopr,2256655726,0,2256655726
terra1j2zaf6scgyz95u7lr7nx95hfwc3kygu8etnxqv,loop-loopr,1010698889,0,1010698889
terra1vgxjyzp4mjl4v82t78x4s9evhpdnm2qfgqmvet,anc-ust,32779296,0,32779296
terra16jvy7qyuc4y0h7cad4292k7jxuru4xeq25wt9v,loop-kuji,87005376,0,87005376
terra1rjf2lxupx7lyft5jamg2fnrfxsrxm75fl76n2m,loop-loopr,795688447,0,795688447
terra1f9prt7mvyqm8upgg6r725j0yljev2xly0vv866,anc-ust,2737321018,0,2737321018
terra1fkue76f8t74lq266suvhzex8ga3hn9reqdeygx,luna-ust,7927465,0,7927465
terra1xp67ca9wuyfkdckcwxycfan55nazl95ml2eg5q,loop-ust,1091777,0,1091777
terra19tzgn35akaj6pzq2mgu2k864hn5yfey8kv8hwx,loop-ust,951,0,951
terra18fmnqr70drv4es3fez54qvggnj6408apv8ryvf,loop-ust,11105475,0,11105475
terra1klxazgs7kmvsu8l0qzqzh9fhpfcqh9u34fmaqx,loop-mir,45434312,0,45434312
terra1txa6jwhatehfttq946vk0f7sha96fcnyau6pyg,loop-ust,211503299,0,211503299
terra1z2rl4gwl0v0ydmk52ytrgkkpkxhhgtdum07s4r,loop-ust,2294329,0,2294329
terra1m4hnv9mtexpxgkpe5aetmvvuwyw84k0dvrtf8g,loop-anc,397356556,0,397356556
terra14pm9lvs5k9fqw0ennm78eakzmd4j8hwj8aeft4,luna-ust,988727,0,988727
terra12440pud8fjlc99nh2rtsrvgpej4w0ncapxjucp,mir-ust,119284097,0,119284097
terra1xnuklv64d62ptzll0qxjk36hslhujfragnxmlz,loop-mir,97401513,0,97401513
terra1sa4sy083k23dv0yu9dpuv0d5q9y3cn2pe2c4da,loop-anc,26735855,0,26735855
terra1zss8enf6pd9twaa4hx0qrdl5wve8p9qqvxh4cm,loop-ust,12500030,0,12500030
terra1934lk2mphu229ze7sdww3aq50l883myw25mj8t,loop-halo,702865072,0,702865072
terra1wd9yrzqadu4jg5x3gesy5k044tr5vzfr6rrzyq,loop-ust,71102386,0,71102386
terra1h7zrw8ryhvfh29hyenr4l4w3hg26u6juuw55mf,loop-aust,4349981692,0,4349981692
terra1n34pfkpy9x7mp97ahn0kz4rwxleanzwy9qaeku,loop-ust,7567342,0,7567342
terra17yullckr8uejfn4a39n87mufvlrjevfq46wh0u,loop-luna,3753200923,0,3753200923
terra1qc0hmq82kfwgztn876u8wfnw5rhewrt0w9f6tl,loop-ust,2120576,0,2120576
terra1d4wmqxlrnnt506z27zftrt5uarc38mt8pgfu2u,loop-ust,26782517,0,26782517
terra16pjhg8gme2024ygdq4w7df9xq9zft32lcrcx5j,bluna-luna,47814698,0,47814698
terra16pxxr52seyhf3y98a28g6t8ggtsrd56uyxkrtl,anc-aust,3019705,0,3019705
terra19qr5dfl926260j2e5jayqwjeedslvwhzjt99ll,luna-aust,1891132838,0,1891132838
terra1w3npj8pw374pjry7xgl67u92lj86grkp603pay,loop-ust,1028460,0,1028460
terra1ygn5arkep3mg3zaydcgj2g0hayeqm9qlc7tqpt,loop-ust,6313566,0,6313566
terra1m76x9yk6v9k3aay949tjsn5ypfhrcrr0slgra7,loop-ust,1057763,0,1057763
terra1xuurr5nuqprum6hxkzlxmw56sl4u9de6qmdmtn,aust-ust,9945666878,0,9945666878
terra17jvtad85uqz6h9uak9s3py2tz6gdeu6a22mdnk,loop-mir,31497475,0,31497475
terra1cly9gz3g5vfq0gsvp8286mvcjfww5q3mpxe3vg,aust-ust,8966951308,0,8966951308
terra1ly6juhdh443mvqyvfhx7ltve6lvw2sewtgvk3t,loop-ust,107694404,0,107694404
terra1p38rfu5lxpunklldzutq06a586akhcqqmzsdcy,loop-ust,136308,0,136308
terra1m2t30zajafn8ud2zs4e9rxkl977mr7l9m456e3,aust-ust,2763204847,0,2763204847
terra1umt6p2qlxyje8xa3ljklrjc2jdmh6wlcza53xy,loop-ust,8527,0,8527
terra13tzcnqzczsymwqtacqf5nyty5ffs2m9uty7vc2,loop-ust,637935,0,637935
terra1c8s79rj0cq7669q4tjvvkuuws8sf9hfh62qze8,loop-ust,34645304,0,34645304
terra1ujy04r607c3js3er03apc43lcg3cyqy450zs08,luna-aust,85948081,0,85948081
terra18w04vlhf5ayq0t3mj2ulefxpsy5dzq5wcu494a,bluna-luna,5988972,0,5988972
terra1m2phu70ansllhwu99mek4xykf6zquqh7haxtqv,loop-ust,1032050,0,1032050
terra17n33wuqmwhfpgq25djcwx4fcs0x56z0529466e,aust-ust,419620824,0,419620824
terra120lmya23qj6thj8etg58m2pphay6en0h98n0mx,bluna-luna,1994658,0,1994658
terra13e5lq676peu379k0gprxul7aegf733yksav4we,loop-loopr,54857324547,0,54857324547
terra1dgtz698j9mhv8fhpuerdz7zj9rf3scvf8pq4vg,loop-ust,124048084,0,124048084
terra1xxgy3f79tvuxy6zkgeyel26te6ythw67k0tlpz,loop-loopr,675598300,0,675598300
terra15uaj8cu0nchetx5fgdw5an4qwprrpvx6nmms38,loop-ust,23968147,0,23968147
terra1ccm5egktgkdmvl2wud33q9dwzz3lm88x67ms9t,loop-ust,2433023,0,2433023
terra16rywt56fc08cjansa7t3svyfh50qsn5p350w2z,loop-loopr,11020143458,0,11020143458
terra1ccttajexmaqeu9ka3ax7s7uurv8dqr3ukjmslm,loop-loopr,4251334463,0,4251334463
terra1dc5s78wtc484kgly0qaehcuvmm8hlwq5davvpk,loop-ust,841578,0,841578
terra16lujgehvtwr2qwjnxrmqleuscp2uyrla2la6ly,loop-ust,39199507,0,39199507
terra13pmprr290nehtxnxpyw7jxhp2dxvr3w4zzf7ad,aust-ust,4611354598,0,4611354598
terra1ydm8wl3l90qwa23tms36p5rucde9768zm7pmsr,loop-mir,15812429,0,15812429
terra1up32ll72za7h458mf5jmmcr6skzg8df0fgwvfe,loop-ust,13508349,0,13508349
terra1qv8g3hh0g7mrkte740fxk50lsxpcfct859tlam,loop-ust,303168284,0,303168284
terra1h5rw86p7qqf2z8wxjpecm2c6rmty89lezszyjf,loop-loopr,155030430,0,155030430
terra17xy2zewpj49vhaxxh3ksrz3wpm5c54g0ky8pvp,loop-ust,1904467,0,1904467
terra1j7sshd08l4q93ma3wd3l9kr06kq54m5pssg8t4,loop-ust,67941762,0,67941762
terra1lyxtfzpddsgdc5d032zrerezgwfdmxjrxp3uzm,loop-ust,28003634,0,28003634
terra1nlf2aesa2qgkh730g94succg4qcp0fp7zf2um6,loop-ust,984557,0,984557
terra1j27j0adpfkkvu4nntpfnzjffwn2sns8kympgl3,loop-ust,46689799,0,46689799
terra16qwe623jmtttftgr8dt8gllxj5uy3y0dldzl3s,loop-ust,11310241,0,11310241
terra1zdh2ljfjugn8kt540z80r30nqxmmddwcqtsy28,alte-ust,286237743,0,286237743
terra1m4y200u8sazsrervfntx3u4kzm6wzzkfdqd2vr,loop-ust,1089713,0,1089713
terra1keu9f5qc404wp0jyad2aa5fxd43ydp6zkgjnkw,loop-loopr,18782783864,0,18782783864
terra1rsy7gyqutjh4zyefa4vpgzkhv284nthrx993fe,loop-ust,195387,0,195387
terra1dumenaam2u9w20z6rs0ryvhw495hemkxahjxxa,loop-ust,4790016,0,4790016
terra15df4q44kz9fepaft6cex5f6wkedv902wafmden,mine-ust,69867640,0,69867640
terra1vfukasuycvh3zhaudd364v8extwpunrchysgw8,loop-loopr,391491819,0,391491819
terra1de69jyhv9sv3h4lr5dk00a8t6asxugwmfcnlwh,loop-ust,2561079,0,2561079
terra177u5x342vnx68d09w8wz9qvyv3uhd9utttlqsu,loop-loopr,203700620,0,203700620
terra1j2n6wnnzdjkzkyk8jym44xcn4j8evsqvvhkc6g,loop-ust,2697320,0,2697320
terra14e9jdhp459kxrr2tu7hdmpnhuv7efqfxt9mne5,loop-ust,8429975,0,8429975
terra1kjyk39gqxqeh7xam6ejc7l3ng6edgsgn0duf7w,loop-ust,8903690,0,8903690
terra1e2fz69cnvyajj5ac8zkupjn3pm3s7n4dw9sjn4,loop-ust,24912012,0,24912012
terra1rumnmhneuz70ezudkwa9t97nmsyhm9ngu38n7m,loop-luna,11777197,0,11777197
terra16ray3lkp00anpvv78nspvdc6t2jhc9rtrjmj3a,loop-loopr,691943798434,0,691943798434
terra12ksvlr58xzpt6pergr3htxrluzyazakmf0p6hx,loop-ust,912941,0,912941
terra1yeh6yvlfdxu8e8kfuep475dza9jsnpaw6pda47,loop-ust,46442263,0,46442263
terra14ll7zwskhfv8haufcpl2v5gvdtzl988p4rpzvs,loop-loopr,1211752055,0,1211752055
terra1c0nyws636wv9m6eag4uam6x0twtrgcemwym347,stt-ust,18534981,0,18534981
terra15myrlemdvkj7qsh5gmtf2lt875el5d4svsqpnl,loop-aust,610808406,0,610808406
terra1pm97cvnprcrg4ukr4kx84jh947sn9wwskrk07g,loop-loopr,9078037536,0,9078037536
terra1wh53g2rzqjd2gx9fn9k7jcektd7vua0sxlhkm2,loop-ust,8439078,0,8439078
terra1kksghdff6ku5rg3gc32scfuerah0q0vw9f0wda,loop-ust,1382628,0,1382628
terra1jxz8f0x0slmfv5ads8urfn45f9nm6kwmyfq0vz,loop-ust,92618200,0,92618200
terra1la2cxj0uam285m2pjg9t2f3y67nkdrdld297r2,loop-ust,4497897,0,4497897
terra1pe6yfrv3unsqalem750m47u2wwkr5jak7srsgj,loop-ust,148025931,0,148025931
terra1t3pe54rj3x9medh2uc394xaz6jjeq64w0a8f6x,loop-ust,442337094,0,442337094
terra1lffl593au0yuwl7nfgv7u400lrr5uzc4j7vrsw,loop-ust,12744167,0,12744167
terra1j40lzte3anghmdqdjj3n424npznm9lhhasr3hl,bluna-luna,27955276,0,27955276
terra1svvv88jtkhyqxcmcwyhn6snp4sk9s8c4y63py0,loop-loopr,48440957586,0,48440957586
terra18edn9jpnvv32ccqcuqn5qcj5r533v46dsasae5,loop-ust,787571,0,787571
terra1xu04n7sgjn9yu8n4uxcu3agnep8y3cv40hgple,bluna-luna,10741347,0,10741347
terra1st92q0aqsvjzwr5v20tu8q2ul59j6gcc8rwjr0,loop-ust,890555,0,890555
terra1e0ayyqmdj53jvwnq6k32q4q24rd762uyygg6e7,luna-ust,198007054,0,198007054
terra17jvtad85uqz6h9uak9s3py2tz6gdeu6a22mdnk,loop-loopr,3073109347,0,3073109347
terra12wkxcycnsxatn3qn7vs5q4dhd9ws3ltgmdzflu,luna-aust,5305620563,0,5305620563
terra1a7gspxpp9shrwntrms3e4ad4uap4twpq0a8knk,loop-luna,3343258769,0,3343258769
terra1h9wmx0769ep2p7rkuuxregy3sjjhrf6v7mycha,loop-ust,2449125,0,2449125
terra1uyftprjpe9u3a2l437ax62frch9dkemk392a25,loop-ust,77460961,0,77460961
terra1w4p58pc9urmdvyueg3vjnv06ymw53qhtaaj05e,loop-ust,872474,0,872474
terra183mjlx29dky3hsknlj45z0c2wdldup6ue4ts5s,loop-ust,4424051,0,4424051
terra1tt5k52tvjepkug8c4nf29e3pl9nxadyht0nqxy,loop-ust,3836668,0,3836668
terra1msxrq6p2mfajrvs5fpuyyrsgztn8a0v4d7g0j7,loopr-ust,1020505311,0,1020505311
terra1uk3ram3x6c60qsuys0ezx5xfm9mfmjmtrjpenn,loop-ust,94028,0,94028
terra1tma9q93ujxudz8p0vv9zu52r50gdad3w620vhk,loop-ust,495456,0,495456
terra1hadgu86ftme42dkktpjvx0hxalup6flrg7y758,loop-ust,448240,0,448240
terra1ly59n58uacsl9mfdp60cnkygkqds88c2g0rv7t,loop-loopr,5495446772,0,5495446772
terra1vy6jj7a2502xkvzu220u5r79mgvmvrxv7eacu2,loop-ust,39054387,0,39054387
terra1vztallwvxzrk0fgnuypwxn565j25tja7q8ypxl,loop-mir,34657595,0,34657595
terra14fth53ckd0t69hld93vmxdrnvddn75e4v78u4l,loopr-ust,789806207,0,789806207
terra1hslvx0czz5n6rps4tyfssfhp850rmm0xvd004x,loop-ust,7991917,0,7991917
terra1ve2cc9etzx9p532gh0cltzlp9kumhmyxye8z9c,loop-ust,47423944,0,47423944
terra1v56x9qpfyax3x0qvnskanku9kfnff7avt8z28s,aust-ust,27698233,0,27698233
terra1tzy5c2aahgacj4gahz694jfhluew2n5w9ty3xu,loop-ust,107091634,0,107091634
terra1dc2j9h4pfhp2n7wehjl6hh7qrceudl6jnhyh3y,loop-ust,16418844,0,16418844
terra1s9edzxhepvmcquk4h3s06y82gx65f8ljukug6e,loop-ust,187430633,0,187430633
terra1nr5j3rqyc6205wytwllqzpgtaerdhdt2320ahw,loop-ust,5295394,0,5295394
terra1madz9fmahex0elr6h8dn2tes9wzdynq4hamdu3,loop-ust,430321,0,430321
terra1k9ard2aeenaq86fts22h58ed3j4448u5yj98ye,luna-ust,17291878,0,17291878
terra1etwq0q8wwnmq7322kz4v6ff2dcvwfm634vdkqn,loop-lota,140545672,0,140545672
terra1rws8p8sc08lurhsqtgzw2pvcex3mq54ke8w4h7,bluna-luna,446199644,0,446199644
terra16s38msunk2yxkvh02sc63rl3ckv2saylp0nt4f,loop-ust,101843751,0,101843751
terra1ezjk24e356rexvrusm3m7vqp0vtxe074alp6th,mir-ust,2028208181,0,2028208181
terra1r6lrmd4au3r95vzvpc5ka2mgjwax57zx2jqsw5,loop-loopr,2939208060,0,2939208060
terra10salmhh2y7e3lxxzmnxt7jehhz063f554hvqpm,loop-ust,117177041,0,117177041
terra15w48fq2mq234u79ghgj3hmj4zkmv48u82fs0hh,loop-ust,80651,0,80651
terra1s0kzm3muysut26d0hfryf88quvd0g0z8emmprx,loopr-ust,6862078,0,6862078
terra10cznau5mjffthjxsn7t9exjy5vjz4z2hlcraqz,loop-ust,6100291,0,6100291
terra1malhhch2v3t4wzts8whe4w5cu63939uza6fzd3,loop-ust,10045890,0,10045890
terra17ref79a0lqc772ufjc527ztv9gfdld8qsc69ad,aust-ust,65745347,0,65745347
terra1nsmqdtm0mg2g8zjfezgf6x6zznsrdr0l26q37w,loop-loopr,508602927,0,508602927
terra17ydkcssseqpnej98w7gjve73czh5rhyfz5x3nv,loop-loopr,2297462186,0,2297462186
terra1tflj509ct52vzgjmwdequwgzcnzfjj4ka0w6k9,loop-ust,2059474,0,2059474
terra10hjxrgv9ssusw6z09muldtqm79u6l2lc8ezqwy,loop-ust,1574121,0,1574121
terra1zd09fyv6zptd2hd9vpt8j8h3mkxqmhem0w2dwn,loop-ust,5157551,0,5157551
terra158kqukqq0hlwmex9z4xqlq9vkx22gamgmx9cs8,loop-ust,1304905,0,1304905
terra1ljqclkzduxeqth93gs6zpn80xldx94fywfyqq3,loop-ust,21873052,0,21873052
terra1p94j509fm99nxc0q8qjp4xx53rv80r3dlunr27,loop-ust,1092507,0,1092507
terra1n5r0tscrmm6r8sfwpwnzlmsmfl8t79f88u60dw,loop-ust,335365732,0,335365732
terra1w97gav4krczw269ef9c4jdkek5829scafanfj0,loop-loopr,10601413611,0,10601413611
terra1wwarp5tmt8n6lltmar39xyrh4u0wzypzrzm3xl,loop-ust,9524015,0,9524015
terra17h49wc65ewmsgwn9rhk3clp5lkn9xuc0a23ldy,loop-ust,6257250,0,6257250
terra13nnc957vqq9c5yvvuvlmjfaw30wg59ccsvt65y,loop-ust,3219102,0,3219102
terra1srlplp95ls38t6z5qmfka283tsla3npvkmxtwr,loop-anc,213360674,0,213360674
terra1q2d35azylak7pkx8yywktvede4awwsanetqxre,luna-aust,54209065,0,54209065
terra1m5uwant75sajzr4crhs8vqcawmygj974tauyca,loop-loopr,2794543109,0,2794543109
terra1ek0wkvss28p2n699vg3jvgmuucdvhg9uh7cpf3,loop-aust,148969540,0,148969540
terra1f0wrvfhywl9rxg48fqnlurj3fy42suc9689eap,loop-ust,1681805,0,1681805
terra1wpl7xeetszcq3ruj84xkllu4t96m7mxkxteaz7,loop-ust,5051855,0,5051855
terra15qwaxvzpgv85rvegx8cpcquzd4maepzaftnrtc,loop-ust,1778729,0,1778729
terra1l0jpacah0hpeptxn9d7g58300kmtzqycg6xqav,bluna-luna,125943597,0,125943597
terra1pklyneujraxx6m7xvearym9x8t4pr4qkzstv0m,luna-aust,158009851,0,158009851
terra1a9nnlxzg2lpg98gafn0mcwwx5f8t2tsrnwjfxr,luna-ust,1147804,0,1147804
terra1v4nmxu47vxp5g93njdh20y7fqwqt6ldvpzxq8e,dph-ust,2350085,0,2350085
terra1gl97azssenpq6ctl9r2s9duxfgsvsyheka4m88,loop-ust,134033350,0,134033350
terra1sjqn3v2tqu5skjwh5yzuu6z65mq63j2c7s8al4,aust-ust,18410668581,0,18410668581
terra1fnkrcxd3dzkgshaaec987hwrn5jv33vvaf4w0m,loopr-ust,26236003,0,26236003
terra1mplnwrtgftaxs74w9m55tfvpu0axudhqmlgvaq,loop-ust,595665084,0,595665084
terra1q8pu5fsdwc9kkgup3lndjzq3hcfqg0cdv07any,loopr-ust,51403061,0,51403061
terra1w36ehk28366cy28pk0q5p7g7mf5rpq02nvdqq4,luna-aust,10283921,0,10283921
terra19q94r6h36y2dweyd4n3uv5dujkfsc94t9mady8,loop-ust,16337984,0,16337984
terra1tac4xhc8z3nm5x6luzp8hk4696a8z5l2gdtpd0,loopr-ust,23955675,0,23955675
terra1qq6e6yym8d4fkyr09x85syhn2t0hvcgdjrdhtw,loop-ust,1648223,0,1648223
terra1mueumqrqpdrqkrvfqkmeljqvyj5ras32swg996,aust-ust,152260753,0,152260753
terra1mp4jajrz9pzllq8gm8ctwv5t0d9vhuuxc882aj,loop-ust,5569640,0,5569640
terra17sqfu2z2xhzyzcqxczcwjnyk300nh2u0fz32th,aust-ust,22453417580,0,22453417580
terra1wwnrszg37j9ewnfvgc6876jwhnm4kraz7q6ur4,loop-ust,5301171,0,5301171
terra1x6mppvdqghs8r8k98hlvv8njysve4uct46hd9r,loop-anc,30299527,0,30299527
terra1nel3mggkwec2m928lwgag5km0h6rgm4hmgdvmy,loop-loopr,2212710293,0,2212710293
terra19n93md3w5czsqa2c54npmqs9y20724dtaj6qsd,loop-ust,8810473,0,8810473
terra1dm6taqzsa2s898n3z2lq8dypwjcdxqhzf6tx9g,loop-ust,37571798,0,37571798
terra1gthaggqz7m3kpp8g94guxs9wueuelqf7a2aq4g,loop-ust,1804683,0,1804683
terra1w4k2tazepenc33v3gd8gfcd3c7az8rln8al0ms,loop-ust,88001653,0,88001653
terra18e4r2rmdwpxe4w9epl77r4e5m59sn34ey9mdde,loop-ust,1416795,0,1416795
terra13n3vrtzc3quw69mt59ys4as4l7va3fden5367y,loop-ust,3660962,0,3660962
terra19qnthpykaj85rkw3huc7t8g7xp3ue26yxg6q5w,loop-ust,430202,0,430202
terra1gmwej0fretmadlpq0v6u25veaneqfv6794jry5,loop-ust,651414,0,651414
terra1v28p0lnzd2au8shrshkemgv929gq64nktpee24,loop-loopr,188615486,0,188615486
terra1dlj5stc877efegx3ncsq7vxnpls3wys94sej67,loop-loopr,170871633,0,170871633
terra133jqd7545lg0yds38nh7uds065nus72zzcmg5y,loop-ust,3015376172,0,3015376172
terra1re3rx8cthag8jjty5q7vaj847txfpr9rt2slaf,loop-ust,45025924,0,45025924
terra1s7kvtqsfvtjnq8yxm99yvr0fc89lk79n6nchhf,loop-aust,581250182,0,581250182
terra1zw08gm7eyltsffl57t74fmlpyy678xgn0pllsj,loop-luna,104997804,0,104997804
terra18aaj6p4x03vup6qtr80p8xqa6mf9p6580dg539,aust-ust,2164642011,0,2164642011
terra1waz24dy5vvnh9htgrvat7wp0p06d6z35rqm6s9,loop-ust,83135206,0,83135206
terra1hda0t424nm6e0fu99kydsqrvzqs7u3s4hvx826,luna-ust,39372599,0,39372599
terra1jxaq9xnympm5l4yvccdayyara65uvphu6l8tva,loop-ust,65940500,0,65940500
terra1xp9d97207h35vpcn58ezsp3824a64lj20du9uv,luna-ust,29541689,0,29541689
terra1c899emrjuu3z34e46qlqcvtw2eh57cch37v980,aust-ust,89292523,0,89292523
terra19mqt5xxtsplhkgk067zec83mq20qydfn3e7mzy,loop-loopr,188786963353,0,188786963353
terra1km92ne3nehdkwxet4cgdfxkvwwj4w5d4xsyr52,mir-ust,87531270,0,87531270
terra199tkmdwrlz99vm0z6uswv8pz9aa3fhx26ktr5v,loop-ust,1095530,0,1095530
terra14fgth26mqv9rg0mwgnjp9grw79v4d8wyy76crp,loop-ust,9831387,0,9831387
terra1g23dg65pjqu60ck87r79hdxk9zrlac6sn68zs9,loopr-ust,18040441,0,18040441
terra1u4hszpykdyfjwylje3pjelzcx6gtpfnl84xc6u,bluna-luna,69817794,0,69817794
terra1u6p9hm2vjhk32mws64fpycfmsw206xu6yl64y0,loopr-ust,167725798,0,167725798
terra1mhcnlye9lhssgc0sm6t59497t9l87fzf864nd7,loopr-ust,16664911,0,16664911
terra1hc4fj7qac9v336wqnracykrmmhcmqqa85ed85n,luna-ust,6744273,0,6744273
terra1m7lc5aa6qlyugfpc23dne33yvqygju8su24xyq,bluna-luna,26543038,0,26543038
terra18ye4jnj3x3wnserw3lpe4t7x7uzr8wmlhx3ace,loop-ust,9579491,0,9579491
terra18at7y3m063hny4len2a9f5r3g6h72w4t3umf3t,bluna-luna,96314444,0,96314444
terra1z64984883hvyf06yzfdavq06gh7gpzev8uyqug,loop-ust,3452736,0,3452736
terra1yyrypk3lqyn3am88uwmkgl2vnvauur93k52c58,loop-ust,69666451,0,69666451
terra1mm4q8cmnnwc234lrvkvphg2yrhtycvte6s7s0c,loop-ust,2553764,0,2553764
terra179vxdq07uyas50eqqqxx8ldukwrf9mgu03gxqt,loop-loopr,212091033,0,212091033
terra1dp97nnl726r0y5xlh8w3n7n2pv7q774rkczals,loop-loopr,298774754,0,298774754
terra134lt0pmy90sqlnpvt5wzcmvt2w4yekwsmuv7mq,loop-ust,13289005,0,13289005
terra14kzeys90v45njf90ywaawkc76mwlrrsa8s0uxv,loop-ust,118990188,0,118990188
terra1n3znz60jqwtdpjnauw7a57n4ny6havzvnqs7uh,loop-ust,1723114,0,1723114
terra17yl9v7a8n5dsxjf30jn638ngzk5heyrjvr763d,loopr-ust,324932967,0,324932967
terra1teruwuf2afhksjvz3yl0428hhwu87c3uyljh9v,loop-ust,528517,0,528517
terra1sxdng6tn0ytf44upuuzrgzds8vex6e9gs3qwy8,loop-ust,1914606,0,1914606
terra1twl25w0yec4xd890w0qatj2vvw9sn3q5eaqn9u,aust-ust,43015127931,0,43015127931
terra155qxfehxxpt9vyrjuzpt5yhs5ks207jfjcvulx,loop-ust,8888193,0,8888193
terra18vflaeuhvn2zq8garksmdsz4pdpd0ucu9ayhwe,loop-ust,96908085,0,96908085
terra1zkerjtnc4pazqtrztcy9qppkwt23jn0dgnndvw,loop-luna,18657837,0,18657837
terra107ynk2ycnnjatdkwezrvjz5jrp7pr3lnltrxvf,aust-ust,3848679949,0,3848679949
terra102sca9qq0fuu3e4hjz8hfc8c4q7nfrfh5qkrd3,aust-ust,564962305,0,564962305
terra1w2emvndtuh4dkswzzk3lpta2h4zjfhkjyd7tc8,loop-ust,1747658,0,1747658
terra1rytcahrkkxgl23kestvuasrfn2kg4wjqe048et,loop-ust,26049674,0,26049674
terra13srdf29pt9wuzc0m7j5m0hpm7crvye02rm5l95,loop-ust,53913261,0,53913261
terra1fdw9266hk24zu90x6mwge388g5ajgfgexugxzs,loop-ust,493354,0,493354
terra18mmeq2s5m8dxemn7z40ugrt2ruvn6d49wvneem,loop-loopr,2107763195,0,2107763195
terra1nrvpv5v5ag6pzky7c2t3c7xdacz96f0f7mwptv,loop-loopr,4680974124,0,4680974124
terra1llcj7n7zdvvpltly220p9grtfvu5m0j4hx4s6c,loop-ust,27649422,0,27649422
terra1snalm8udzc5kflg35knc3jkklqdp697gtd36rz,loop-ust,77013080,0,77013080
terra1737hv6xzrtsr4pqvnkzamvnkepy6eaflutppkm,loop-ust,25849116,0,25849116
terra140gxvsy0q86nfmakdqs7lq5nljtsklsldyvdxn,loop-ust,4817493,0,4817493
terra1vahdxdan4lcdua6hcvucfmgpshajqk223n8nwn,loop-ust,950342,0,950342
terra1ap7uzp592cuen9cj3r0gh46ckx4vgvcad0l3h8,loop-loopr,158090010,0,158090010
terra1e6ltxhj5yj5vexrycsppat7mjywkcftnkp5hlg,loopr-ust,13718566,0,13718566
terra1rnevntw635uez72uc7qy6ls7c70yjee5ehtg7r,loopr-ust,1438783475,0,1438783475
terra10hx3yhmt3kdv4z3cz5znk9j2t8dy5gv2tgw9pp,loop-ust,79847178,0,79847178
terra1nsz8qvrcdlw7rndgdq6dzw4nfrzlcnkqnumk38,loop-ust,94062771,0,94062771
terra12rrff87xla75f7ence6kcy7js9r4dwzsg447l4,loop-ust,3304192,0,3304192
terra16gee6mtp8kyftqtuc9xewnvwda50wyznqwc7mh,loop-ust,145754206,0,145754206
terra1hpak8l2sz9qn2hfwltwsanlqp477l03rrdcxk7,loop-ust,422551,0,422551
terra14t7sprpm27qrfcqgdv8wezxxxmgfxznmajvs0q,luna-ust,2556372,0,2556372
terra1arkwd9rs2j55gmklk3s2nyst9frxqlnjz3a5w4,loop-ust,9044716,0,9044716
terra1p4tm5u5ldwlu7fyul9mln8tfemz2n9jze852nw,loop-ust,9666713,0,9666713
terra13sfdxdpkfwd83wsux4xrg6enq0csrzedcyn2ne,loop-ust,120425423,0,120425423
terra1qxrzrg88adnv4ec3z2nf7h9wwgngk37qks49d5,loop-ust,15574220,0,15574220
terra1xs5ksvm4h7qf4z5geeaktfczg26kfq23vvx8vr,loop-ust,90738289,0,90738289
terra1nad3cdka7592mmdgsq90plgk8l4rngslu7ln8j,loopr-ust,32332863,0,32332863
terra184dzrl4p6c5k7wgx6clfq3ksh4zujs2hazmhkf,loop-ust,11849393,0,11849393
terra1lj4c9v9t7pfzz9fn4rtmjjruxwfnyfw2x2wlm4,loopr-ust,25425418,0,25425418
terra12x5mtg3knhxyuw0el86n77qnt5xwundmzp82ka,bluna-luna,49857154,0,49857154
terra13smdwdgwkzrzd5l0hr0rls86gsfktlh68eeg8j,aust-ust,595830939,0,595830939
terra1can96f7q80nmjqare8gwmjqqpd59necstar0m7,loop-ust,3600325,0,3600325
terra1ur4smsc7q08cm7rmphtvz64ggjxhuutwam6m89,loop-ust,1608061,0,1608061
terra1mz2qczd004689ttg5var2uyzynxsae4ac0g5kr,loop-ust,16264791,0,16264791
terra1anete0wuz6kesn8m5mpkaguepnxxaatqe0ss3s,bluna-luna,7469089,0,7469089
terra193grpnu6eyunngky9auh68qmkfhffvses705ux,loopr-ust,9608728,0,9608728
terra1alw72hgwuc0lm8pjsu4nsfy90uf99sal06h3hd,loop-ust,50389335,0,50389335
terra1a2d6949c93u2dfvh7uvagdzhd9x55zh9urzsar,loop-ust,304342724,0,304342724
terra1alcner282jyk7rzkp5ltfluk7c29zls37eva0c,loop-ust,9563390,0,9563390
terra12hrl5sy0rcwkapz83386vnx6a4302l0h25zkay,luna-aust,1429521169,0,1429521169
terra100ppdtl2vkn9lljyee9meulzx3nr9z8dhhtlfx,loop-ust,11765968,0,11765968
terra12fajpqdzwychtz8yxu69zuaxc2kz4j5nejhjg9,anc-ust,172491669,0,172491669
terra1w0lqq5hkvcu8dfu58u7jlq47n296mge9w7wlhj,bluna-luna,19854557,0,19854557
terra13cnh9fvtl9hjeyq6mw57xxwuvd3s4umnezx7s7,loop-ust,29783369,0,29783369
terra1skfq4xx8xpcu4m74f5xrd7wn9zc85fq7y3fspl,loop-ust,1586891,0,1586891
terra144y9zxqxnkedpqp65a590auen395xf329t6gkg,bluna-luna,280011146,0,280011146
terra19erw8gg36zskwgz50cgt5ksmepryn8lh4n73uu,loop-ust,13219859,0,13219859
terra1zw8vm23djqdv6zv6678f2qjt72y2ty95vhvxys,loop-ust,2702113,0,2702113
terra1wzzpeg4sgptuxt7uqccw4uh28vcp925ky5gmky,luna-aust,59724460,0,59724460
terra1tt6sltw499zsvr4yl3kh9qsxyxjatjdqkzan4l,loopr-ust,48126111,0,48126111
terra1s5ph5tenkp088cgmnsdu2vnpl25lxfyxzx5ad7,loop-ust,1830654,0,1830654
terra1qthwceqv2n3fmxjzz5pgezq9lrnqe9yw3t3ftp,aust-ust,358322240,0,358322240
terra1jecumv54vxkdt90aw2k29tpyall3rz3qat3czx,loop-mine,4258706,0,4258706
terra1q9uurxw5cv4e8axqfluw2zxx0esl40z8pv2zj5,bluna-luna,8774701,0,8774701
terra1h50jux57hk3pw8u9psulhd4m063vnxdxam6fva,luna-aust,8453207,0,8453207
terra1mnzz3vvsuqajkl20gv0ks2mv7202c0a0wqtleh,loopr-ust,124343080,0,124343080
terra1499uxtsfef3gwkd7v34tf0jfd7a2u7vkxxnxfv,loop-ust,5198456,0,5198456
terra1nps7jqy3wcmddndlzpanle2cyj90lekrc7hssk,loop-aust,4037350587,0,4037350587
terra17wganhk7hrachr33prsd6rtya6kwmc85vllncx,luna-ust,11238786,0,11238786
terra1mcxkj7a2n7tpusp5t4ejsgx95gvp9c2m4hhaf0,loop-loopr,7183024321,0,7183024321
terra13n7hw5zwyw0h0dgpu6752enz9wwzvdcwdljn6j,loopr-ust,52260315,0,52260315
terra1y02qar5fz0xxzcs8558rn4m3hqt082ayt25ppz,loop-ust,769992205,0,769992205
terra1rfd0fpdfmx9xhycs2vcljtq0qrn2u4kr9cyh9t,loopr-ust,21472244,0,21472244
terra1x5l538x5lld3rdg2gh8dsue4xm08nghs0k8xzf,loopr-ust,2106761981,0,2106761981
terra1hqy783jxs55udzgyskltmpz0xr63683xed7znw,loop-ust,238175505,0,238175505
terra17rtkl8z4wtcgcxvc8hqlndv2czpljp4nnm498e,loop-ust,1172575821,0,1172575821
terra1qatthepv8n2d4g76sx5ssvwdm2jkdsupxruclf,loop-ust,10345872,0,10345872
terra1uyytmjsrqm4yckr2w4dena8cuxjkrg65rdfekz,loop-ust,96730599,0,96730599
terra1wkvv5s4yrq3vydn3969t38j357kh6a2grgv074,loop-ust,4700059,0,4700059
terra1f7kkujqpjauhkv3yrna7zrvz8tk6d3dydw70tv,loop-kuji,1742081084,0,1742081084
terra1ppa3wewk3x35387zfmkq4jka86xy4kpn6p74yp,loop-loopr,2869075,0,2869075
terra1lklleqkywdrzur6tvtf0l7weee5mcszaz5y7fn,loop-ust,1317531,0,1317531
terra16gee6mtp8kyftqtuc9xewnvwda50wyznqwc7mh,luna-ust,20896033,0,20896033
terra13xa4pqr7hmngear5w8cz0jd90ffetlufm85pzg,loop-ust,196516471,0,196516471
terra1tqmf7r2dxtl979cp89z4zqehph7dxgmls8ddef,loop-ust,94470020,0,94470020
terra1839e48uuajpl7pymqwf7jdzzvzgf4ch9v6wxlr,loop-ust,248087284,0,248087284
terra19gtm8nruppvgupj7z9a3sytgw8urxca62tg240,loop-ust,17407833,0,17407833
terra1hla5vgmn3zdge6vcct72qlwkpfgcnakx5j2wtn,loop-ust,3502741,0,3502741
terra14yst0y9a2sn7n442qye3emcd3zvsfcpedzaf3m,loop-ust,2041949,0,2041949
terra1taffuq2e6larn9cxqa89u3egv630sglyfp2caq,bluna-luna,27079953,0,27079953
terra1pml6zfhhzfp8h27v7wlm6kwntk5ldksqhh2gwr,aust-ust,106404084576,0,106404084576
terra1pvq6usxwmttt9gdecqn294s2xzlh39lg9twen7,loop-ust,10787729,0,10787729
terra1a80wk5rhfm4xejg0axhfcwaqxcwxchtpeytz9c,loop-loopr,12810438,0,12810438
terra1p263sunu5yqnhmjglruf9vx45ps0365jtltckd,loop-ust,22223904,0,22223904
terra1rvanz3npvuzruuzm889cg6ma0kvqhxff2auzr8,bluna-luna,1008223,0,1008223
terra1vez72qg8cqtw0atu2mucg0kfr7jrkms9zquznl,loop-ust,1818144,0,1818144
terra1c8py9yeu4mfgek70res3cta6xctfhupafgu8p4,loop-ust,1901908,0,1901908
terra10sn42qstxutm4hu56dat5u2gdgu67g32w4gxrw,anc-ust,32305054,0,32305054
terra12d7u7cv7gn5d3upz54342w4cfm83u36z4z5s79,loop-ust,1314079,0,1314079
terra1flkgkzjr8d3l8rdz9y8d8pmtcvns9hks2a9udw,twd-ust,162358,0,162358
terra1y7ccqfq7d8whul6984svyjpnajqdp700asduur,anc-ust,185811584,0,185811584
terra13rtc0psw6dysq9g9n2fg422qp6qs6s80dkdnlz,loop-loopr,1143605496,0,1143605496
terra1hahhdttkg365wr427nhd5hsgxya4cxez9mc4l2,loop-ust,2797169,0,2797169
terra1s5hwwxgvusdslg6w8rly7lw0urwnk6p2xs0ljs,loop-ust,4650181,0,4650181
terra1mnxs6h35pqy9afkx7n2eah9ey7wgp2mfu2u8xq,bluna-luna,139380763,0,139380763
terra136ds5r4evsff95l5zne7tzhtgzrxk5q9s0qswk,loop-ust,33307417,0,33307417
terra15dveqyk96w05am7kj5fkap30jtzw5d5h773ykc,loop-ust,7122855238,0,7122855238
terra15z4t3mnturez6zd2amwavjn6n28gvya4c9fy70,bluna-luna,398395,0,398395
terra1f4yju79us5ccj5c3g34u77e7wv2ek5xjwdfqs3,luna-ust,8452708,0,8452708
terra18kt4dxr9mkj8tzhs8cevsgagwmuxyv67lxjpt0,loopr-ust,35077326,0,35077326
terra12377hxl772al8cea3rzj6vdgzvflpu59gncpws,loop-ust,25246743,0,25246743
terra1rcgl5g9cqqwykqecyfg0exc7gxkzqex5z0s0a0,loop-ust,1247207,0,1247207
terra1mrlq70y5328rsqm2lxe3rh36vsx3hxcxqyqtup,loop-ust,9262401,0,9262401
terra1h9qzcneqm99zjql03x0xgpftqqe6eqpn54haj5,loop-ust,95912128,0,95912128
terra1q2tngx85emw0rtvwl5k5su97usqs6qsuxjelre,anc-aust,36299839,0,36299839
terra1jcyxr0w29zjc6skr8pgk3mwjn64adyfjals534,luna-ust,753006,0,753006
terra13eh55wqefuksccl32k0uy29a4mval0pflumz4t,loop-ust,1949959,0,1949959
terra145fy29k3me8lk0uar967402njm5s7c55ehmp83,bluna-luna,120430236,0,120430236
terra1l6qcu73j48qc47nxz6up7c82avymhccumdd80y,loopr-ust,28534535,0,28534535
terra1lgruwfglnd99n24expjvm34yrgvvn8azcrj97w,loop-mir,10891026,0,10891026
terra1pnrja9xugwwdp3ezgsxm27w370d45thgw6xzrr,loop-loopr,3245386457,0,3245386457
terra1x95jka3wdyl4ed8wyklxs5nmepgxsxd209hn2r,loop-ust,5411603,0,5411603
terra10yhe0gxaq97ccqmgteggfqr9cl3dgckjjg6n5y,loop-loopr,8645812691,0,8645812691
terra1tqxmd5whtxatmf08gatqd5y37uge2p0zszfs8h,loop-loopr,1317349942,0,1317349942
terra13x0mt9rl702xcmn27p5540cyf7ruwlvykacsx3,loopr-ust,42993152,0,42993152
terra17n4c06qny92wharqtcjw6hpwfjz9vm2lkpcana,loop-loopr,11966439,0,11966439
terra1hlkuhwmhqvrw3fq8aw3u692a6nxxqlu9r32rkd,loopr-ust,20237997,0,20237997
terra149psq84rlszg2fpjcgvd3z7we6ts02q9u0kxec,loop-ust,893168,0,893168
terra1e4wajemrsxdx34y92drph0d2yqqednra0zdrw6,loop-loopr,5592070,0,5592070
terra1k6vh0nd0ufgqy5kta8a2reclkhy4g5hr7zyx3j,loop-ust,5296949,0,5296949
terra1uzg7epr4q32whz0d59ar26xl0ugpghqyphslvl,loop-ust,1655132,0,1655132
terra1pqqu5399wlt0ynj3jrt53dzlxklp7ks2tqqa0y,loopr-ust,7028272,0,7028272
terra1gkusr5n6hvgc3jeutzmrw8kn9vkwmfemxp3a2j,loop-ust,966017,0,966017
terra1237a8r7qs8ewqwwyycn59tdq9zz2r0s3rlr5r7,bluna-luna,10076705,0,10076705
terra1gynst6m28uzh35zfmx8lfgr73aeevxdnfl56hd,loop-luna,2981402,0,2981402
terra18pnej0lz4jn7clzw3h2mj7dft8qqugjpct0fvd,loop-ust,3195193,0,3195193
terra1z4u4ar0u9uxvqsgcg25s9quemxxywegxc5lzk8,loop-loopr,394500869,0,394500869
terra160zparq8z9xy5cmq2wq28gzu2wwfv4zlu8ym0k,loop-ust,4480371,0,4480371
terra1kn69xvcenqm25n9qhax9cvs4pyrdz2etfg2jjx,loop-ust,3381577,0,3381577
terra1wz4dxurcnz2pq4a8xmes4d53dz58dz0ldvpgcr,loop-ust,2599424,0,2599424
terra1wusrqxcgyjw9tnwufw44y5hmq9m0rpfat3f3c4,loop-ust,1159050,0,1159050
terra167q5umfp20l833tgkhhx7aetg357yzd949zh0n,loop-ust,408861087,0,408861087
terra1x7s77swg5nr8fxqz4gsgr42rp82m5p5ylcyry4,luna-aust,117164752,0,117164752
terra1nllg3mp9pwj8ddlzhv9290hgff3tsnszv6h4kt,loop-ust,3822792,0,3822792
terra1murnd65r2auwwa8x3p65xy6uut05yzurqw87p2,loop-ust,9628521,0,9628521
terra1h9zrklxwh4fwmz4xd0v4saqzjxa27tj5vclwck,loop-loopr,9849481055,0,9849481055
terra1q78z8t6zyuume0yzpx5fy63t59d5fw50346nz5,loop-ust,14084801,0,14084801
terra199hs7zd44rgcmffw5net3cvhvsakau59wzekpc,loop-ust,18749118,0,18749118
terra1gurelg9qlh3e465n4s3hm65vunsm9zqk5ckh7j,loop-loopr,133984473,0,133984473
terra1ccvrhz2kqqwm3dcsktkpqlchxqsh2tfpslmdqa,mir-ust,387836611,0,387836611
terra128f9dqwge593q8fthfrspgrkwjxu6sluv6nu8w,loop-ust,492809787,0,492809787
terra1at6f23sxgmuuvk8nzahdattfmjemygpytwvvyk,mine-ust,17133215,0,17133215
terra199rd5ggmdmdh4a0nn2eznmj2hd03j3p2szy4nx,loop-ust,26691361,0,26691361
terra1vpgt0n00wv20jl42ejtppmmjuv6exa7g3jcjxf,loop-ust,936054,0,936054
terra1ztrz7ctplsh4cavjt5zynuucmpgvhrsm259eec,loop-ust,42346262,0,42346262
terra1xrasq42tnvshqyeezkfyezaje6597te86pz5fl,loop-ust,943315,0,943315
terra10jf385074lf89tefrj6qkcvzvzcqe6pmk7f74m,anc-ust,840800287,0,840800287
terra1s02ux6wssyh6h72sggrnq9tzksa7fuxr0r5v62,aust-ust,1084470,0,1084470
terra173ehlcp20hrq7cw0rhkx8nu0zg3gq0mdd2zawz,loop-ust,923244,0,923244
terra1k7xyhq35cyxavzy703x5k88ptn208v2tgpc3vz,luna-aust,401904549,0,401904549
terra1mama7zzgl45wfpqepl9jgj9758dl7463rcwf9p,bluna-luna,4988596162,0,4988596162
terra1k8tl93h3gdykpsmmunwlt5ezhflevlwwzpw6yn,loopr-ust,501013015,0,501013015
terra1u9r5vxwnnnm2eheq7ycgqg75nzkyll2flu09aw,bluna-luna,42811190,0,42811190
terra10nph2059v6p8vee2urcqccd2v6m6yxw9llxksu,luna-ust,106594873,0,106594873
terra1ugzf6w03xl4hjf6msrsjfh0dz8d9aupq8ttdy3,luna-ust,280602568,0,280602568
terra1at8ddhc6q93z38tu5vh35r9eks4wqq7k7nvxcq,loop-ust,4492425,0,4492425
terra1yp4ml8d7wt3ew2wu3ltaacnxfp0dvxc4y2zg5c,loopr-ust,55961528,0,55961528
terra1nql0jxgqqje9kkx5nzkf77zwc0mkefcmymua50,bluna-luna,17457308,0,17457308
terra1txa6jwhatehfttq946vk0f7sha96fcnyau6pyg,loopr-ust,19868259943,0,19868259943
terra1q6k9rp4p2xx5grh945l5m2jyc8w2vq39mmtmhu,loop-ust,2777808,0,2777808
terra1vqpgsd6fd8vgdveqyy5rx72dad322s64ehsyql,loopr-ust,1301835130,0,1301835130
terra1gg8tarpws8zuhmjnd4ft2ps44d82r0gz6k6vts,loop-ust,1603161,0,1603161
terra19rlzp54aylmlefszvd2kty7q5ja6zjqqzlylt7,loop-ust,458705,0,458705
terra1rp34cl3d03wfgmk36pw2svt5cvzw477n9jfkaw,loop-loopr,1913605964,0,1913605964
terra1ev5ppevujyjzemmlqpw7anc5xcyrl2u7ehm9r2,bluna-luna,997817,0,997817
terra1a3223ppejfwm5yryrvyyzl9kqkyg9q5l2ku8j0,loop-ust,1811104,0,1811104
terra1ut4wj4t0x7zlz9ryejj5m9ddpj9a3xusuxdwuh,luna-aust,209617587,0,209617587
terra1jv420ux93hgg03757lsahayxtdpyhkzzqqjq6a,loop-luna,131371581,0,131371581
terra1pq6jr38vpxevzjx4qj584dtq40l5zvfx6psq99,mine-ust,24538706,0,24538706
terra16ygywakf2v4ae30dqyjldugh8l89xkq2zjmsev,loop-halo,139892312,0,139892312
terra1dvx0975zvxyvq94guq84actssr7gaz35cx0kt9,loopr-ust,35464422467,0,35464422467
terra1l843ylsm5wvr5ku9htyk7fp0tujz2zc603rj94,loop-ust,19839599,0,19839599
terra133qwzx9wt2cj8rq8jxcgcl7zr5v6y3ea4c8805,loop-ust,702603559,0,702603559
terra1vfyqyjef3gzcyqawguk6lp8dgn2mhjzu5veup2,loop-ust,9118521,0,9118521
terra1d2acpk6hnl8aqge6zexrx68g3qd0vm907seknt,loop-ust,466240875,0,466240875
terra1hvnhhkh5rp2909e9045axtrre7zrr5m0305d09,loop-ust,960860,0,960860
terra1a4c2xf52c6qtjdllm590ksq85c73w36rxd4ens,loop-ust,5467821,0,5467821
terra1zeh48hpa5n5vf7uwv7cqfpcqy8ppqc7v3gjglq,loop-ust,5614439,0,5614439
terra1zshcz72phgqfze5ucvrk9f0e7j9vczvkcduzxl,loop-ust,157081060,0,157081060
terra1v9cyhu369uk9xs44lltw9ks8elmrcuawpnmmlq,stt-ust,10403354,0,10403354
terra1clr67vxr30xdf8ezcmcyp3lwvtkujufhvcxm2l,loop-ust,1002556,0,1002556
terra1v5zd5uj45xwuyfdtzxn2z43g3krtcw6mfxevf9,mir-ust,52426,0,52426
terra1yywj4zhc4e75msgrx7vx0z7a9hgfn83rcd9gxs,bluna-luna,3288415,0,3288415
terra14kd442t5aykexs2z52faj3u2hf28qugurpt8dk,loop-ust,8813677,0,8813677
terra1dpsfwhjy66mdvx8q5zg5na6es79ylrfqnskqpm,loop-loopr,362950664,0,362950664
terra1g98pka4eypq0860jnl6uakujcglp4ucdtcae8d,loop-loopr,233001642,0,233001642
terra1up3hsdvttfxp4xetf9qv4rrjrx3p5vt8avhu40,loop-ust,4042947,0,4042947
terra19xjhffdmp5zkn4ss0dwsdznrpdf2jxyyhu0d9l,loop-ust,1764548,0,1764548
terra17lf936f7sjlu80kcxrkcs839pamf6sjfcawhnl,loop-ust,19447051,0,19447051
terra1lwyt96rnqd3fuutq2j3vm0e5rck3nxvttvfdzm,loop-ust,62427388,0,62427388
terra1vhcs5dp60fag2774krgpxvtl9ka7rgvpe3gt5t,bluna-luna,49829731,0,49829731
terra1lfmmc2xp2hmgyqdgwr9p8txxcyxvvr9mveywuf,loop-ust,126537455,0,126537455
terra1feqtlvaru4lszqnpjesgfw8splrg7u27wwwqac,loop-whmim,49799739576,0,49799739576
terra1574756u3mmpk5nwx9cv899phvsqrfprq5n4asg,loop-ust,3377315,0,3377315
terra1pdz9a3uvv6asdxwp22ax4k0vw7h4tcx5qg089w,loop-ust,1092490,0,1092490
terra1m34mg3ac3x95dl80cxuayz236wf5jdjf2g9svk,loop-ust,356466544,0,356466544
terra1gtnun8qxyxg33x9vazyfq4sqgjneermsk7dpyd,luna-ust,233546331,0,233546331
terra18t2e06naf6fy495z5u8v6f2nuvlfxcnslr86ap,loop-ust,142443697,0,142443697
terra17p8cqvdz0jwndhjjhqfgmp7007kjzqnae4tx7n,loop-loopr,115988693,0,115988693
terra1uyv4yz2ppyjs5f3k3h7hvux4gk4e3lrswn4uwq,loop-loopr,1569655055,0,1569655055
terra17nc5eyttdr8pvwkwe63yyvmjy52zendxht46hw,loop-ust,21692376,0,21692376
terra1vz05zjv894xnzf8l00s6xglpg8ryfyj69qyqp5,loop-ust,153290997,0,153290997
terra1pz66t30trcqh289qhz07atnsfc08qknvaxuer8,loop-ust,171851812,0,171851812
terra1lmyw9alpy663elf9zrne3kpymdsk9utanhcvnj,loop-ust,34132482,0,34132482
terra1wxfl7rvpjggkmmhhzt7nsmxr62n7cj837e2feh,loop-ust,46378444,0,46378444
terra1sncxa6dt786u5trzxgyjr6x84u5gqy42anj58l,loop-ust,4048286,0,4048286
terra1p9cr0eyt365r9u7uhqz0y4pgdyl9gnxewfwdvu,mine-ust,3370912,0,3370912
terra1uxs6ea2aguvzqt6png3mdpvsq63n29wulp29sh,aust-ust,348873497,0,348873497
terra1gce65g7adaetqv92xn2v9knfusmncw2rp4q0zu,loop-ust,120711,0,120711
terra1tx7ckvze0ah7ypuymm4we5kcexg2g8xr3ffj8c,loop-loopr,14861703358,0,14861703358
terra1xuf8k99cruntmktkgre5uk4rx9u3fngleujny7,loop-ust,1066528,0,1066528
terra1z6wl89h3zqtjxek2y0lxxyyzd7ujdm5jsmfsvs,loop-ust,972445,0,972445
terra1adwuuztz8dyrd8s26a5jswrcawtxl59weaah7n,luna-aust,3067383363,0,3067383363
terra13lv6h4c89s5c5maahw0a8wyzexafmq8c5ttc06,loop-ust,946333,0,946333
terra1jq8xsf0kzg50ufuyutmtf3fpmpkx4phf9hqjqp,mir-ust,46812421,0,46812421
terra1hlg2qgcq85a9uyl590fmkm2p87m7uuv8h99l77,loop-ust,5251288,0,5251288
terra1rygpaph380z6hjjulq7tu9gjad7w8r7m835dcy,aust-ust,58200650351,0,58200650351
terra134hajshskhhwq62q2jm4nsltufjkdm80krkyll,loopr-ust,12005065,0,12005065
terra17yvx5lnxmmthnu5um85rteyy45vvpyhcekm5p8,loop-luna,3301807,0,3301807
terra1x66k53sz5h6d4uu9tdvuygx6m8aqnewr3352rq,luna-aust,59235310,0,59235310
terra14ml9ql2ktkeefw8h3tulua2erjudyr8tmy8088,aust-ust,75585131586,0,75585131586
terra15p3dutwfkpnm40ggkjjqz7uxjfcd2c5d2gnvaj,loop-loopr,488933119,0,488933119
terra17vl7elv4xc3htccyvd05cq9w50pcywjhcepjnh,loopr-ust,53541364,0,53541364
terra1v82cqe372sdu6jyq8lr9p7kgkh20euhtjlw8w3,loop-ust,47490286,0,47490286
terra14jaen66smpxzlwfhm80xk53al6spdch2073syy,luna-ust,43932526,0,43932526
terra1wcy6rcfz4373ekg6v9k3epzf24wrw0e7jrrupz,loop-ust,21277108,0,21277108
terra1t6qmslv6fle2gfjcakq6d3tv70sl35340add2v,mir-ust,96364761,0,96364761
terra10vntfy2rp7eueq27xepzmmumqwxwdrxpz3jdm6,loop-anc,715647,0,715647
terra1ke7ph3ukz9tantk7al3fypf6u8ktuewvadc404,loop-anc,117354535,0,117354535
terra1ee59canprxp4djuveyjgcd3x9enhq0mw2v6jxd,loop-ust,1649183,0,1649183
terra1keck5cjwnuamxp96sj8ysckpp58gkdhlpyzwca,loop-ust,1147223,0,1147223
terra1ann9fpzkfdzkzadsghn90lvh0chdf7dremxlue,loop-mine,10310909,0,10310909
terra1carv87gqx5tgyjc5kv3ee6j6vt872ha84tjmeu,loop-ust,1791588,0,1791588
terra1gqrt0cvrsf9jh0kkwmzcvxthgk03gnr58kyff4,loop-ust,57539961,0,57539961
terra1a0jfc8tulakz7frurvf3372y340z8mnnftc6xg,loop-ust,10365752,0,10365752
terra1edt753mqgaehm69l7wu5t24j4uve6zu6tspg8z,loop-ust,1089186755,0,1089186755
terra1as9mwkffygdeaxfka3kj6duvad335xjptyaxuv,loop-mir,1396013235,0,1396013235
terra135h9h92cc4ktw4kuyyqecay66pd7khky4de8wl,loop-ust,1590867,0,1590867
terra1zdh7ucs89leyv2vxvyqpwxgmr4jayw8z7hsre6,loop-ust,97173753,0,97173753
terra1ytksg64524v02l9wazs27edra7c9xjmzstcp53,loop-ust,8975000,0,8975000
terra1jhzjl34rqfv04qrqh9v45elmyj8lx6vz3aehw0,loop-loopr,12859271184,0,12859271184
terra10d7q4fzwk0ksrzpvll3p5u8xw7yxmflstf4arq,loop-ust,4245098,0,4245098
terra1m2mgfe5tgqx4528tergah39q7q9qkm9s6fap4u,loop-ust,9374800,0,9374800
terra1phnht8r8aauq2ha7ftml3y8ucy65tay9jpn2ep,loop-ust,17477110,0,17477110
terra1dzm75x0c6ju3kwyeq008dx9qpy4fdvaau2n00d,loop-ust,19718282,0,19718282
terra1wa6ndfa47e05r9t225fyx5upnwzlwum3u97d52,loopr-ust,523385938,0,523385938
terra13th3p58declrdxggy84ydm72g6fx3nwcur64tr,loop-ust,2145147,0,2145147
terra1pfw3n7rwr6tugvf6n9c8kzw9k8c8yyhjn9s8jx,loop-aust,8323336,0,8323336
terra1aj6t862y77rpuyff9khll2dpwcetrwutl3pwc9,loop-ust,959820,0,959820
terra1yvh5h983fwpmmxkeudejkkr63hnh8ap9rhflx0,anc-aust,244788767,0,244788767
terra1lecjqezywd7ez8xul2yqxuqltnnjnuvhxdwvzt,loop-ust,2939001,0,2939001
terra1nr0sdm232erw7vz4d4epr5wp67f2havyxealkr,loop-luna,90521864,0,90521864
terra1fa4trvnhm50kgcdmc94zew2alpqgjnxt9dstpz,loopr-ust,54662577,0,54662577
terra1yrfux2jzyqf5uuf6j7k7rd5d82lnfhhf0dv3az,loop-halo,1093531183,0,1093531183
terra1hxneqctvmjnqfn0m6re539hre994ctzrcuq36f,loop-luna,10216442,0,10216442
terra15tdt5vm0e30ul8xha3vjauqf3u96n4ea7vjlju,loopr-ust,15193072,0,15193072
terra1n46t5e67hhrzstlzzjasvhv09sv2k9x7z2q368,loopr-ust,121348710,0,121348710
terra1jjf8wnmn37gauc7a9707tq9a238mgskxqnwwzd,loop-ust,507152,0,507152
terra1h3r579mdy6w6y6vj6e3spq8w7ev55ja89g5uxt,mir-ust,42841168,0,42841168
terra18ntlzg2g2cz5l4ksn3dzttn7x0jrlnxmwxyqce,loop-mir,2599282,0,2599282
terra1r6lrmd4au3r95vzvpc5ka2mgjwax57zx2jqsw5,anc-ust,37005693,0,37005693
terra1azut0gjqn8p7hgkc6t2jp4gs2sj630y45vlepp,loop-loopr,3807262798,0,3807262798
terra1z42j7jtw52ygjekrcmfhdzawg2ghxh5pr6wwd0,loop-ust,4858666,0,4858666
terra1z3pw8mw6glka8rpq6lxsjpmfuxhmsgr0x0vr6s,luna-aust,25421912965,0,25421912965
terra1g2s7pw6ezhlpnvtdappcjs575t3ju2y2tpwvek,luna-ust,1525527,0,1525527
terra14ysk25rn4a06jgmw2vqgsypcexe2244w3e9xhg,loopr-ust,7283077,0,7283077
terra1v3w43a5s6yfklxkwfdfglz4tehtznw83g7n7f0,loop-ust,9942801,0,9942801
terra12e4m73ttlsql4r57nly3nq8xx7k8ez9npkvtjl,loop-ust,9496257,0,9496257
terra1n6xlht32razdv74wgavt7xu4p9xmr7q7cg9dg9,bluna-luna,22037587,0,22037587
terra1dt7lgm309dkpqaj2kzzrkupwey3tucs43mrl5d,loop-ust,30471519,0,30471519
terra13439s70nx2hdg8rn4r84fv4c0vxawgxn7hvt3t,loop-ust,102203264,0,102203264
terra18f5ytl3ghlgve9k6nuj06lavun9mjd7kc8rxgg,anc-ust,31339557,0,31339557
terra1sckl3gz3v4gaww3pgdt7jks8xkfn6fledjmrnz,loop-lota,1808751146,0,1808751146
terra199fmramp56s2fuzhucgr49x8ey8jfnnguskepq,luna-aust,16845813,0,16845813
terra1nhtjlr9w6sqxcthjxzst2ry760gjt3htdugmcc,loop-ust,149798222,0,149798222
terra1vyds37l0g9ck59957lvtqy0hgxp4r9d5nnpcq7,loopr-ust,24000939,0,24000939
terra17qq7033sp58zte9nxgl8p0rkkypq709yln9c3k,loop-ust,161283770,0,161283770
terra13xhxz0pvyh9eqpf437z028kxl9cewmg6r0cf62,loop-ust,3817716,0,3817716
terra1tn5eyp6puwwkyvu923kgwkmmgx9ra9u9qxf4mh,loop-ust,962064,0,962064
terra1mexufxs8l0kslyhtxmfgusqw4fxtn5c0xy5mr9,loopr-ust,773987545,0,773987545
terra1wd0nh824defyjuns66sutumapkxakqy0ewwz6w,loop-luna,57755,0,57755
terra1wtjt7zsh50wdhkm9xepenyrz96dxrph3gaqpfn,aust-ust,205830084,0,205830084
terra1lqsg0cljvedv2a49vgyczdk9sftudqtczlzv7e,bluna-luna,195987,0,195987
terra1u8k2ffwnccd5rm88pt2t95kdszpcg60ey06sak,aust-ust,44736194147,0,44736194147
terra1h0vd67e0svj5gezgj7se9vtffkm70yvqs0dthe,loop-ust,19348860,0,19348860
terra19ppeewpqq7re05myua7t06slcdqvxctf6nv3tq,loop-ust,466338,0,466338
terra1fkzqjhdv0c7aafvgcgpv0pmh6q2648pzlkdcgk,loop-lota,202247936,0,202247936
terra1qnz7wjzw5d3t7mu043252krfv4m7fv0guak630,loop-ust,8075953,0,8075953
terra1apkqx2j3n6v8dt9yzdhkrsn87d6pvlww4k4msk,loop-ust,56486386,0,56486386
terra12nskd9gvhq0y9k5w4tfadlarmwtur60urrwd08,aust-ust,4492307031,0,4492307031
terra1unwhra0jfrlvu67rgks9vdun58l9gld8hqd7pp,loop-ust,31023422,0,31023422
terra1vpkc2p6c4lzdzuutqyjwaccsnakpmcqwnlptm5,loop-loopr,783550874,0,783550874
terra190uvucqcra3xlmp37682yw9att7t24ytdz88jp,bluna-luna,34841018,0,34841018
terra1z2ns4fpe0snpqks3l23su05xg53a5pfdeez6g2,bluna-luna,23157020,0,23157020
terra1yhngv9zu9cf6fplxd7e5djlpgm5zgm3za8r5y5,anc-ust,9042154,0,9042154
terra1wfm5kg32ytkm50pasyp2j5c3vrn9ch4n8tzpu8,loop-mir,52483467,0,52483467
terra1khtftxqtj5g9cpvgz9hftafzprdfhdc9p6eaw8,bluna-luna,5403641,0,5403641
terra10jrq4ttt5d8ph70ukntqr0djgnuc5rkm7nd02c,loop-ust,466704259,0,466704259
terra1wjdt84qwd33454jdvz6aj9caq3f0zjpru0nqfv,aust-ust,117815747,0,117815747
terra1h888h6m9wnpsaea4s0yz2s42254cnl0lr8qsr0,loop-ust,4122627,0,4122627
terra146uute9tzuxqkv2ps04z05wl74mtye0pn38ecp,loop-ust,13830634,0,13830634
terra19xd7w6p89hay77zp7mqclnr3jl7mt3vtgq4wsk,loop-ust,48730498,0,48730498
terra1ut667hqxec2lsv89qg93plpss3uxt6skt09k6p,aust-ust,3529869652,0,3529869652
terra19p7wnvxryxwfmwfesxspman5rduu3wy7zy8ka5,loop-ust,11637657,0,11637657
terra138q985nmfjjesurrcwqzr75m7kemfwjl9rkxcz,dph-ust,68264074,0,68264074
terra1mghfncrl9pxw3c8mvphrafzg427xhu89nk5948,loopr-ust,106049080,0,106049080
terra1dxjsejvagrycrktc8sa4ra5kg2h4tf7y2zha04,loop-mir,10394574482,0,10394574482
terra1a5lqn5fhsn6svgcws5qe4wldhn3qxep6w2znyc,loop-ust,151861881,0,151861881
terra1yug0cpzmp37s5tsvgyths4ql9es2exm9m3cfx9,loopr-ust,21898369,0,21898369
terra1zdv6yhh08xaf7937upmzexwhsdxazl85mt86yw,loop-kuji,302421378,0,302421378
terra1nymgpnx04w37xnrczp43ep4e54njnzgdcwctpt,loop-ust,8246949589,0,8246949589
terra15f9u6ymaep2wleggm89vmnz9rhr565tm9qdfgd,loop-loopr,138766333,0,138766333
terra1daj0m9p7ayz2s4h9ck52pwzptj5d7x2gu6uumm,loop-ust,45200944,0,45200944
terra1syzaf6pdas7lhkjc54m3wvrgm4an3r7sl99hl2,aust-ust,131376785,0,131376785
terra1cdzakehctfmzqymxg5j4pxxtlc8tlum9lefcf9,bluna-luna,67151079,0,67151079
terra1gcurl9w7ze0f58u4eq2v4mty9hh9djq357jlzr,twd-ust,81937,0,81937
terra1pljk9z8xpw86c30w3j9lazrd3ke4haxkq7nawr,loop-ust,24939652,0,24939652
terra1qmgrcnhjuh0kj0w0fakjfehvlwkhh4erm65847,loop-ust,3777746,0,3777746
terra1exl9hrq75esjarcn2ucttavrkclvuqprhyn3yj,loop-loopr,699502866,0,699502866
terra10lwx5qexnduq3hhwrt9df2ufvlf54fpyvnmm63,loop-ust,2621917,0,2621917
terra1rz96u060ehs7du2z7q928ywqt8kpvwqs33lv9c,loop-ust,2225213,0,2225213
terra1c4xfjt6zgtddr03fmwlxjtlpcelcls0jxc8qy0,luna-aust,4332967,0,4332967
terra1hvg8vm67qu56kq5m0uyxrg99w3j22hlczq9c9p,loop-ust,910113,0,910113
terra15ryeth32gkfd0ezh3fzcwn08xzdhwgu737f326,loop-ust,5019225,0,5019225
terra1ptu4j7lxjnur9mfhpca6uju0q3d4vc4hexjzts,loop-ust,3724590,0,3724590
terra1mu340jtz2aah09l3p20aae6q7hmlsgfzxhj3tj,loop-ust,36099576,0,36099576
terra12xhrjled8xw9mnaes0nch0w4wt5kghfnquulje,loop-ust,2673757,0,2673757
terra1mdaf04xpq2ya8303en2r37qtv4mp9xuan2qnf5,mine-ust,44980234,0,44980234
terra1ew4uyl8h8p6na0sajn6szem664lh6x9fsa6rxf,bluna-luna,1995420,0,1995420
terra1u8j37e8l82ucthx574njxmuyqane2y9h0ewwxf,kuji-aust,1463456016,0,1463456016
terra1gynv3yp9tyut4y3rdur6tmm44fegk8xeka5wu4,loop-anc,7334331,0,7334331
terra1khy499geyau4yzdzsp7ac8r0up802lf4p2rtun,aust-ust,8657939832,0,8657939832
terra1xm0q7ct83sjffslgxaflg0xqwl6fr9sv9smdc9,loop-ust,70224,0,70224
terra1n57tn23cja4yfmm2r9njgaukprjptrvmnnckv9,loop-loopr,5837004024,0,5837004024
terra1sq5p354lm44n23naqc8c3hsy8hkf2f8v2kceu3,bluna-luna,1497721,0,1497721
terra1e2m2u2uy77z7xzgugfg8vv38z4ksw2jfc86d20,loop-ust,78238479,0,78238479
terra1mlx72adxnxks4ugshtu59xfeexd9plydx93wmf,luna-aust,13709586,0,13709586
terra1nujswqy2nzp7hnm50jhn4060ermw0877wlxh5h,loop-ust,9961010,0,9961010
terra107fzl7wecxgjm4xrm80t8myjuvxrjz96klrrhg,loop-ust,2079744,0,2079744
terra1x7r0n675p2r76dn2w3d32n4cyxhvsujgsurnva,loop-loopr,49903643,0,49903643
terra1234j3q90ddxxl6h2vu7ue7hczlljw5yxjap7mc,loop-loopr,11024724100,0,11024724100
terra10l9g9kvnhrmc4nyn8apel0d4esa24fchfnquw9,loop-ust,17461651,0,17461651
terra1r3qkl2dq3xg7w3prvs3e8hz8c2k3sv0f9n4hsz,luna-ust,10538284,0,10538284
terra1jt92qedegt80yajyk8tap6f3wzya4ra538d0te,loop-mine,8639282,0,8639282
terra1n54g8d83vvnj7x234w8ml3g2mq39ltwtqklmff,loopr-ust,145325,0,145325
terra1csaexrgmhg0at3rechcscewsu5xfv70gl0dtqv,loop-ust,21046966,0,21046966
terra15t6demhjjqhls24fq6zyn3958zrsm3gu8vz7gd,loop-ust,936967,0,936967
terra1qnamtm5nhx8um4jd70vx6pslgvvnq8zwpds7fa,loop-ust,8087683,0,8087683
terra1h5qs243yv5n3g7uq0z29z3s26uwmdw4x3u3sxj,loop-loopr,13758150814,0,13758150814
terra1leqh2chk4kckucvrry2u3uqudtdyzktpfc8vpa,loop-ust,943717,0,943717
terra134h4vhtphcsgx745rvzrkrk2nyd86rjszvmxcf,bluna-luna,9966583,0,9966583
terra16t8caffsktatmgwkf2nhvkd3u0aau0w9hsw6mz,loop-ust,6577039,0,6577039
terra17srvnngj7rqstkaqnkycmlggakzcue2793ejam,loop-ust,1450698,0,1450698
terra1mvcfp2c73jezlclk874e5eeudkztzsr82kduec,aust-ust,43236527,0,43236527
terra14yt9a5art4nsaqgjm7vzwcsf0gpuh0slr8yryf,loop-luna,20425220,0,20425220
terra1z5adk5fn8cu7pjwzl79ww0260xxdn9sn0myttj,bluna-luna,40120768,0,40120768
terra1688ljk7t9xzz9yv5z5qjt8d3fpktjluaeyu65m,aust-ust,424917402,0,424917402
terra1xn4w8argtvfpxhcfftfz9feqp4z3nez30tj9c9,loop-ust,4307538,0,4307538
terra1zpucw4wgs086f7qtv8ky95u3a7kh0jnuxa7z7f,loop-ust,45671793,0,45671793
terra1nql0jxgqqje9kkx5nzkf77zwc0mkefcmymua50,loop-loopr,13129164452,0,13129164452
terra1dfccgsu4r2umngsmnfcpcxqa5sc2hjj2uz2lma,loop-ust,39095209,0,39095209
terra1cu789esezf5xmn789cvdhkmr4jytn7hztu8cd6,loop-loopr,30465467290,0,30465467290
terra1h6jqug7lqu0x2dkl3xggp9qh7wmd5ltkcefnfm,aust-ust,89609241,0,89609241
terra1xhzahre5p8e0wuexxawpa64hk9qqszaaqwm50q,loop-loopr,4593340090,0,4593340090
terra1wgf22yqn5wh8rrzg48zj5l25z6cy60lwx53t7f,loop-ust,1072203,0,1072203
terra1k8tl93h3gdykpsmmunwlt5ezhflevlwwzpw6yn,kuji-ust,30047351,0,30047351
terra1m24lksl2vj5cw249873q7nn7j6cr04qcf86puz,loop-ust,26562761,0,26562761
terra1a75phvmw034slnut267uju5cde8v656tj4z2c4,loop-ust,11793260,0,11793260
terra1x90xn7s6nu9lkywulcnuqhh9q0f86eysvlq8dz,loop-ust,40706511,0,40706511
terra18urxzgvjaytjr2j8n599s46v4hwysgszn5xwr9,loop-loopr,8060915,0,8060915
terra1uw7h6ugu56vxnfvtvdnnzvr4fl2vy8fcz3evr5,loop-ust,34875772,0,34875772
terra14ufmpcgdc9d73s4q7t47tf7dj6yerr0slxpnjc,loop-ust,4041883,0,4041883
terra16z4ln33xekwk82yl4hreen6yx0s44ssvl7ww4e,loop-ust,3404497,0,3404497
terra17r3zryenp9kgv7949x0je30mkyajkxk0fsalgp,loop-ust,15143654,0,15143654
terra165rn850zux66uyss0dsfk0me82nm6e3h9d7esz,loop-ust,47143370,0,47143370
terra1z0flcdg45rvtetmna5qxkmpkve9k8nk2a3m46c,loop-ust,3054124,0,3054124
terra1ddxct5x2v2wc76dgwtvpkt54drcjjr4hth2yfc,loop-loopr,6654170129,0,6654170129
terra1gqs40nrc8wmlraqjkldnm52akyjsa2u5umpjj6,loopr-ust,5098682,0,5098682
terra16pv06rfmmgqkc6849remzuy9lwheuyn7kvu40w,mine-ust,2523370,0,2523370
terra197njgl9cgcru87ju25mvvwwh0ajmm54a7jd5kx,aust-ust,89938142546,0,89938142546
terra120wa5jarnay43eaan6av2tz8zgjn0lznj4amp2,bluna-luna,10928964,0,10928964
terra1mu6gx7ct654a37zyeyf4ks5lwl0czl4k9jzc5k,loopr-ust,27067219655,0,27067219655
terra1thpzyqrl0r4fezcpzw4zte7rna9ztjpth7jtr4,luna-aust,100881924,0,100881924
terra1uhm4tyngk094vwuzqldd49eclrpwegszdm9pvj,loop-ust,88042,0,88042
terra1xr4pg993g3lgq3vxr3er0y683wm2pra08pc3x7,loop-aust,61185200,0,61185200
terra1f2e5alg9x9jr4yszfmjnhsqkkqw8jqjuxrzm8w,aust-ust,897424400,0,897424400
terra1zk7msjlaxvallf4x2sdtdwpgzu559j70n6rg7m,mir-ust,696785238,0,696785238
terra17xzdwvv83kzjppju7c5qrafjzz8k5jxca3txr5,bluna-luna,91993722,0,91993722
terra1vmmshzahn8tfhqdnw0ksm8776vh6dwxlpjvr2d,aust-ust,225141685,0,225141685
terra1ty4dlyaxn0jr089t6uejstasz824zupwfqls2x,loop-ust,4798155,0,4798155
terra15364e36e0ghk77h9m9h9r4ermdx7xpum7xstsk,loop-ust,10396696,0,10396696
terra1wvygywdlg7z8ymusnt35dglpjza0epwex32akx,loop-anc,133634660,0,133634660
terra15ym7pvu065dd4k9q7v46gnldxres0m7eem4zsl,loop-ust,1608298,0,1608298
terra1uu7e9k45edcghz2m3tljzwpq92ef5rwmg0gc23,loop-anc,29737361,0,29737361
terra1qlmkpuuxz7d7pt5c53zpjh9hxgl79x3qcveq6r,loop-luna,38000885,0,38000885
terra10t4kq0klmnf82wem9w9027fqz2ndd47atdjs7n,aust-ust,2619442738,0,2619442738
terra1tws5x3500hn9c747x5kfr5ckv7sx5z4lsgazhp,loopr-ust,13920612,0,13920612
terra1jslv3qmezfh32ed8wrampy354wsmxc5zk7f5k6,bluna-luna,556551169,0,556551169
terra13yhrhmjret8juu6ma8nzwh8g89sd4y857430ck,loop-ust,3616622,0,3616622
terra1k4sy63lqxfe7qdryevfjmjh4sps2aphwkezpv5,bluna-luna,14885893,0,14885893
terra1760dqx9kft6ggc4hmejqu0v9fm2quhe3tch9qw,alte-ust,169666116,0,169666116
terra1pjuxv3u4akau8y25c7d6q0p66k2naauzn0sf6p,loop-loopr,50253746071,0,50253746071
terra1f64wnhnedptegdvm7vlmrdz78fhq502u9aytyp,aust-ust,858837940,0,858837940
terra12rv27wcx082ujthumazgjgsy6azpzepk04cset,loop-loopr,2238712929,0,2238712929
terra1dxsl7hpjnsgxv2acmf85e4scmpa60ewa6uuqnj,loopr-ust,10882572,0,10882572
terra1lnkhxun70tlarayfmr82jzc92kcqs2tvemw55j,loop-ust,928062,0,928062
terra10wyyy5qaqk8z5zkx9fms3kxk8zyyzvg7ych5mz,loop-ust,1059614,0,1059614
terra1rsyn72gd2dtncz3axztmmf28phrndyjjyu986k,loop-kuji,154580931,0,154580931
terra1z9nzq7kq4aa4q674snv4xj5aq72wwhw9xzhaqu,luna-aust,161704344,0,161704344
terra14ypphw8vmu8jgj79h4z2l0l6z39fjncxpq2rfg,loop-ust,7499508,0,7499508
terra1ttf6gkfzs5c0yaekvdaqakx7n632j7fkcaz3w4,loop-ust,257088938,0,257088938
terra1weq2lpmtrp47ppt2cneq0c4rwafzefmy3gu89j,aust-ust,1048762366,0,1048762366
terra14qfd0xrh92ts6qggqext9jpx88x5c3al62tys3,loop-ust,3180501,0,3180501
terra12t4sd4v8r4wnvuprxqdeyjj4k55ezr47kesuc4,loop-loopr,176889046,0,176889046
terra1rext044agf2yg3kaunnydvkqgxhvm0289vk6ar,bluna-luna,28869166,0,28869166
terra1st9yz37eqhpamkgljheukqc02jjv5t0997nem8,loop-ust,9879777,0,9879777
terra1zvkf856u0c3wyxz2cnryrqfp0alfsschea72vp,loop-ust,7806957,0,7806957
terra1zh97vfxgmuhl58ssy2nxvfc0wx6tam8kfmu4kg,loop-ust,981579,0,981579
terra14896nprf0r6l99d59h8ku3k76wfyjreycfhxy9,loop-ust,47383553,0,47383553
terra1ltzeglj4prgv7h89pnsdflqwzj58qalce2s6gk,loop-ust,2146447,0,2146447
terra1ad470zxy8ljv89fd05jkwvm47c0r92u4s2pum8,loop-ust,4753231,0,4753231
terra1s2ns7s5jhsx9gl0jwpwl4exwdxp420uwyr27c7,loop-ust,33820137,0,33820137
terra16yxr5uey5cpeflytt8d8mptn38s95as7c7n8zf,bluna-luna,398940,0,398940
terra13vefj9wagxxntkhf2080e3yc4vhzrzarz2m9hq,loop-ust,1106295,0,1106295
terra1cgugf76ulc9rft8a67aas0h47e57wd50lu8gf5,bluna-luna,4529647,0,4529647
terra17fe98l9pk9042e42t8junwlrkwm0allum0g452,loop-anc,5628431550,0,5628431550
terra13zu0ra2evjc2atyr6up0hhxmfmm4y4s2kxkunt,loop-luna,116188013,0,116188013
terra1rnx7d6dw8fvv6ngnk40n9kl39ql83tvee8jsmr,loop-loopr,887178043,0,887178043
terra17ex9pvk7ty4t6adtgqe62fkp0cess784cn7jr4,loop-ust,3124682,0,3124682
terra1zx7rt9jeh7n44rpl5eygfu7m942el0l6g8800m,loop-ust,935575,0,935575
terra1qegyaus8d4puwaev3654v32nj9lrd0hhn57fcw,loopr-ust,107486,0,107486
terra1fgvcutm6z5uaeys62mpmzu9wj7hlpqhgyxe0t2,loopr-ust,101215291,0,101215291
terra1p3vtszlanpx534w4m2uxhkpqna74ucwy755rqx,loop-ust,311259319,0,311259319
terra1az0cpv4a7lkwhysjdllpufgehwf58rjllswuge,loop-loopr,11407792796,0,11407792796
terra1zfwmanwucnneuu72pntwqd3zggrrq5uqdphvy5,loop-ust,4635119,0,4635119
terra1l75fc58kun29wvrzpwwuer9gj97wf2xa4meqxf,loop-ust,2279959942,0,2279959942
terra13j4m4ezd5xnn9dduy4kzz3el557r9l0gepfy2m,loopr-ust,112606279,0,112606279
terra1u8znqkyxkmwhz886whuj6hrqufnss9x5vmsr8s,loop-ust,3101403716,0,3101403716
terra1jq8xsf0kzg50ufuyutmtf3fpmpkx4phf9hqjqp,loop-loopr,1113216561,0,1113216561
terra150k5xcwhuvegyjz9tnw0sr6y9y7lz5rrq0xx6x,loop-loopr,6248168865,0,6248168865
terra14zfjq2v4tgannl2n4u0czv2yx9q489atv697hy,loop-ust,10740062,0,10740062
terra178n4h0fw3cczkd3wka4jp5z40xteu7048e6jhm,loop-ust,1966335,0,1966335
terra1yah5paexp2u866tlj9zy3z46nhr98ddqm25nj4,loop-ust,89598875,0,89598875
terra1m9fernqeqvjxlaq3ahp9g3a5att9stakk87ypz,loop-ust,19722770,0,19722770
terra176fjm4tdwx6f28yfgr77790nknmw99e7yu8cvm,loop-ust,917901239,0,917901239
terra10xlhu6t47rl4477nvrvzu40t4jsulv996vxw00,loop-ust,9004896,0,9004896
terra1uhrcymle3u9f9qwnw0h4p35tav3p5794pq22u7,loop-luna,4372210806,0,4372210806
terra1qp6whgs02jt5s02fjrd57cu39g2gde56uagu3f,loop-loopr,195823154,0,195823154
terra1errahu8lw5xjyah7zhnw6e2m8f2hkx579e42v3,loop-ust,6487644,0,6487644
terra1hflq5tnnyp5ssll236dgv9lcwamg07jyncusqg,loop-ust,99074260,0,99074260
terra1m936h80ks626lcfadg05l803gj89u7kv6sw6ys,loop-mine,52448910,0,52448910
terra169p4myn6stwlfhjm5xlt8qlqlfdsh9nt3zh367,loop-loopr,79837577,0,79837577
terra17e29lhncqr6vkwlq0malp5wzgztfqyu3p4wff7,loop-ust,4285222,0,4285222
terra1nk2tmytca4dpuwt7cvq3wtk26ae8g0j0f34tjp,loopr-ust,14669219,0,14669219
terra1gnlg35rydp0l6y7pvrs05v0ujcwtdcnmjf38rh,loop-ust,9356638,0,9356638
terra14e52h5um4gtknd6f6g7u4902ml7cyen4t00z79,loop-ust,8679694,0,8679694
terra1j9xs0u33uy0r6ucdgg6e7zmhfxs30c3k7pfth7,loop-ust,29402548,0,29402548
terra1hu2h7d9rlzk2u9qhgspgp800zhh3t9vv6w4mdl,loopr-ust,2984765769,0,2984765769
terra1fnkrcxd3dzkgshaaec987hwrn5jv33vvaf4w0m,loop-loopr,1130651443,0,1130651443
terra1flq0t9chkut6ej826weuryhjs6j34g9n3x5enl,loop-ust,714787,0,714787
terra1vlg93fzz3lexgvzvzkcu8ehajs5swyxd3p3fl6,loop-ust,10249001,0,10249001
terra1tvah73ljvxyr3f8exc552uuxrssyh2yatvnwg3,loop-anc,18897279810,0,18897279810
terra1cpw78tpr85ju2t4hfwsa862h46gwxf4ams8d36,aust-ust,2686263074,0,2686263074
terra1nfr8rldzjq355jvu6zl25tkxvv5nyt6uf2t3z7,loopr-ust,61923108,0,61923108
terra1tfspg64znl4cvf62jpjna784m9f4yzyfmkfc3x,loop-ust,823687870,0,823687870
terra1hlveepha4mnca2yh8gc8dcss5hynqsqwgcag7e,loopr-ust,28000265,0,28000265
terra1gel6xh4phmje2an772px2apmkkm40fnfpucywn,loop-ust,4726916,0,4726916
terra1wdpsfm2x4yuglrpa28rrls2ndrq2n3wwwuk09r,aust-ust,993083126,0,993083126
terra1shx5xc5j2vyjjsyla3fprlx78eaa48xp93ug75,loop-ust,3282809,0,3282809
terra1fyr2pfyqyx7v03kt9q7rhej75d7z43sszdrsa9,loop-ust,1735435,0,1735435
terra15wjzm2fr8anrfcv4txxf6ted2cnduadryvyx3y,loop-ust,100446009,0,100446009
terra1q9sqrxlev4je9kuks0ygxr54klwa0gwjgszlh2,loop-ust,1091726,0,1091726
terra174c7hafvrenmcjncg5rzhz5sp3s0vvfrhat5jp,loop-loopr,1524876490,0,1524876490
terra1khdra0s0xvfcg4lvz0z867ymncc6ggemwkrswl,loop-ust,1095243,0,1095243
terra1qec6mqsms8z0k698kxh0722hj0pd8mq8tq23ga,loop-ust,1803722,0,1803722
terra1ktuam5lhdpn0knw4tx54fu55ry0zhz3rplygz5,loop-loopr,8613963591,0,8613963591
terra1qx6nd36zjlw7g6tm54refrf34uufjs52fw6l5v,loop-loopr,3634476602,0,3634476602
terra12lq9pxhn73e364g0hwkafardmfnj2dg54y0nrc,loop-ust,2862999,0,2862999
terra1ppegqwc00yucnhggkfnae0zugek4a4sgxn0xzd,loop-aust,3396021377,0,3396021377
terra1y84zk22juted56psl6n3l0f495wqcxvrgdtkrw,loop-ust,138960850,0,138960850
terra1hgvaxqdy596d5ayxa98j9d9x5278qhe76jhlze,aust-ust,43218752,0,43218752
terra1f9hsc3jmk323lad98ua95mvklc3lfg65ksyvmf,loop-loopr,37249032,0,37249032
terra14640ag2rfc2f3g40r5lzn6s3qxux0z5as0sl7f,loop-ust,37233622,0,37233622
terra1dlr7jueuapl7ekqx4l2hfenjuhk05zunf0nfjf,loop-aust,1182688718,0,1182688718
terra1wznn5mf87fj7x6aa488squ76rhtd3hmh8hcxay,loop-loopr,3695043224,0,3695043224
terra17wfdpfxucvcjzx2ur74800vqpxpv30uwv03x0r,loopr-ust,29571810,0,29571810
terra1tkd5aplehwqa794tz0mjlpg97rkny8apc0l9qs,loop-ust,10245510,0,10245510
terra15m953q3e374cwjfzp04qh2k63q4v4eygkfcmpf,loop-loopr,5764605,0,5764605
terra19zsn2ej747vgz0k7twp66ac5zmz3wgjvpcey8n,loop-ust,592682,0,592682
terra1w23aferrc0yux0kfwp9yt8tc3ct37ux6skkxsa,loop-ust,2730630,0,2730630
terra109e4d87djfp2pnem0xhpxgw2ejr70unn985q64,loop-loopr,2141712040,0,2141712040
terra1szvpu5568llzkwsuyezrshtf5s5v24l0xwf6gw,loop-ust,6762446,0,6762446
terra1sgcu0qzfceas8xzs4gqevxvldwfmuk3rpcafcq,loop-loopr,177269057,0,177269057
terra1tthhgjvcdmvr3p8zmtmkvka70u7hfu9jy63as6,loop-aust,5391697543,0,5391697543
terra1xwk5vzknyula2shhd6y9ltyl07e0pch3jtesgm,loop-kuji,104562476,0,104562476
terra189jdkpvk87039d8k9k4w8d8xq353g60lnsvaqw,loop-luna,860728,0,860728
terra1r7jffaasczynrrkst0htwfhlhck67yh04n5h4z,mir-ust,109462904,0,109462904
terra1fzxpltmyyrkpyat6hzsfa9yc4yydujkscxfkll,loop-ust,4911342,0,4911342
terra1j5zcu03d6z5np3smdjcjy95mq83e3dxe576yef,mine-ust,4245713,0,4245713
terra1ak536f33dtmhuen8v6x6c6kuu5aug0qsc7pczr,loop-ust,35609291,0,35609291
terra10gf2ya25ens0ka3v6wgq0epmxeykv8mrccueda,loop-ust,5136190,0,5136190
terra18jal22l04pzwx3yq8m8qr6f88p9jlslfutm0jv,loop-ust,6704674,0,6704674
terra1e9nzamepdj8jqvrace3lacmfd8ug8cdj2ydevh,alte-ust,7059901,0,7059901
terra13m7lq904gkg04645cpngcfsywf72hkxs737uv7,loop-ust,4743997,0,4743997
terra1vlgxsr894sachfz7kxwj8yux4cmcfqdxhm58x3,loop-mine,22043159,0,22043159
terra1e3wygttf4lreejqpfgvnfzu9numd7yaychtjse,loop-loopr,444788040,0,444788040
terra1xjks9z37df9hrel4c48wg335akau8802pcxq3n,loop-ust,17129434,0,17129434
terra1q2tngx85emw0rtvwl5k5su97usqs6qsuxjelre,loop-aust,5565910863,0,5565910863
terra1pwm92g03xsgu20p5cl20ny7u778zfwdsyp3d0z,loop-ust,1024880933,0,1024880933
terra1cdrec96tmrmqgad9r8xgruzx4lvqqwwqmxvalg,loop-ust,2555190,0,2555190
terra1qmsf4dqmcyac5tfqpfpqehucmw72vlny2q3qwk,loop-loopr,467074186,0,467074186
terra1vgmq5t2mhyt9vr2j5sj6ycqylsj7khqm4fwamp,loop-ust,196064153,0,196064153
terra1whmfvj7qc787jc67gkwpsmj0rjf7cstxrz0ngf,loop-ust,1025216,0,1025216
terra1vvapjljrg9lvxc2529glj3dhdch2hjxqmp95cm,luna-aust,4010910,0,4010910
terra149xdqx4nn8grleyadfnq452zl0em4h6kcsxvqy,loopr-ust,39037215,0,39037215
terra1nkc9qqphtja9d30dvf9cz3qsznqppx3hk3d8vm,loopr-ust,34932242,0,34932242
terra1ncteh3f78h5t8pwt9e7crgqqmnr3vsgu4rxy7d,loop-ust,42087780,0,42087780
terra1mul7vmaugvt6wv0yma0qplp52uvs0xez8ctqwd,loop-anc,19187427,0,19187427
terra1c3ktxe56fpde0zfh9ssrwgrqtcen4aajwpz3f6,loop-ust,10232216,0,10232216
terra1252a37uk4a3swqsxa4mx3kwwezl52u58apwmls,mir-ust,11227239,0,11227239
terra10la3a9cn0t0p6cv9xyuc93fcy58u3c2l46srvr,loop-ust,325020153,0,325020153
terra173wtexvnfk33333uqlw7msfn55luw95wmt80ky,aust-ust,43066893238,0,43066893238
terra1dlmqzqmnwtzt7zqt90hzlctw2m56rgud6zpyde,bluna-luna,13585217,0,13585217
terra1c5jalxw9zjccllhgfjyrmggt2477mwdhlaxaml,loop-ust,198913748,0,198913748
terra1nrrppjfgwtr0sw6kth8zay335cxxcsx4w6t06f,aust-ust,35705541,0,35705541
terra1jwu2478w8x8w92zxr6quykyhwkrsq0l2lhs05u,loop-ust,1067666,0,1067666
terra1lwfse7qwr9fcz999drwdgm5ze23km09xuppasd,loop-loopr,846036082,0,846036082
terra1fjy2l8sjp4ef5yh6c86pg2m0w25yuw2gryur2v,loop-ust,448434,0,448434
terra183unldwztrneq5l2e9ehmps69rhpm3nz5jsjd6,loop-ust,410528799,0,410528799
terra1cmdn6r6qmjfuz6sy7w4y9tatg5msmfsnv4cwpd,loop-ust,1792770,0,1792770
terra1nhfm56gw4aky6y8arrpsdvynhrtltlpz7sa3cf,loop-loopr,88431157,0,88431157
terra1qa9l5756am4xl27a5xvglnm7c3ftnhh6cagft0,loop-ust,6502345,0,6502345
terra13qg4htdfsmt2jq62x0qy97vz7pn4curn508pzp,loopr-ust,38017662,0,38017662
terra15ujxpfc0dh5gxnvewtzhsgxr3x4em3hxl65t4t,aust-ust,524408597,0,524408597
terra1urdznwr0n3yjr05nulkm0k0gmrcf6kyhn2rl77,loop-ust,4996383,0,4996383
terra1whdga3vdg3dt68qejuz06la9uqz2xpsut873nu,loop-ust,1878751,0,1878751
terra19amtywjjq49hgcmufavl74g5zw6lrwn5xe08vr,loopr-ust,23588704,0,23588704
terra1fyx2xvp4nzr88pvqgxx8qt6g7dyynm9su960k0,loop-ust,790834209,0,790834209
terra1x7dwj50fv5excrzsqhtst8ym26dnx6pqxnmrkj,loop-ust,4112,0,4112
terra1sgkvqsew9700esehpmezczvwu67ssu65sx20em,loop-anc,123256528,0,123256528
terra1pem370ymj8h3smuzwd7tqsy5pxhjp34dwku2zk,bluna-luna,1659487,0,1659487
terra1p8x45t6p73scl5pxudcl8v2fm9mz6g20v0z2rv,loop-ust,3945832,0,3945832
terra1wkvv5s4yrq3vydn3969t38j357kh6a2grgv074,loop-loopr,91879070,0,91879070
terra1u8f99yurve9wuuuttej35cudxl4zgalrgtsyfj,loop-ust,1841313,0,1841313
terra1594l7x9pjvt2l3ul7fu3n6lsx8dwucykmtce4q,loop-ust,8509736,0,8509736
terra1eladdxcqqju5x7gww9206ufhxrs050esgp4uwz,loop-mine,43117103,0,43117103
terra1j9hzcge8wjf8nqj7cr7ff48jhcjuxa47634lp8,loop-ust,83033751,0,83033751
terra1wum665u6zxsle9xe3le0jrv6rvd9umcr9vh7mr,loop-loopr,796672993,0,796672993
terra1vx9x228wwxswktttjdyzv0s3g6kkyfms0j77te,loop-loopr,1521278820,0,1521278820
terra10q45pqhu2qqgrfl9qqps3h5qm74t87489xvw3w,loop-ust,6264591,0,6264591
terra1gynv3yp9tyut4y3rdur6tmm44fegk8xeka5wu4,anc-ust,42748796,0,42748796
terra1n4t2q99dql0k36sg88xxmj97a3dgtkc7457zv6,loop-aust,455743237,0,455743237
terra18ux98v80uk8n2y2ldn8v4fczjt0xkcc5ym2rtm,aust-ust,4504806281,0,4504806281
terra1meaaf6ftfdx9glq09v74akyg85nnz3ftslv3g9,loop-loopr,1280247221,0,1280247221
terra12jsps6rcp2lq7sz5kyuf98kwy8zv660w85adc3,loop-ust,5503001,0,5503001
terra15rrtnfddzmarc65f7qztwvjrenpu4lgmhmj9pa,loop-loopr,1736765336,0,1736765336
terra1a8w3suh86ru7ml4hxq8w4tg323kwkph5p0247x,aust-ust,16757753,0,16757753
terra19d5fkk94unn3f6m3q4cpqzn34n9svszx3tjvuc,loop-ust,17071878,0,17071878
terra1mz6pp9y97y2lx2t6vzxy8ag4lyr606r3vcq45d,luna-ust,52157,0,52157
terra1cdnf2qwehx56wg52qvj4f8xdjkty8vmpzgncg6,anc-ust,1410771876,0,1410771876
terra15lpduajndlkgqrwerjnmgu7tjtc4zapa04nvu6,loopr-ust,19364950,0,19364950
terra1rdmrwj8whlls2hrf2mrfqf95mjp5xhkx8ju7kl,loop-ust,12662018,0,12662018
terra1tuuk3rdyfdrqpud7j4ld535xjhkz5kclse8ttv,stt-ust,1169956,0,1169956
terra1rd45xv4tj5k974snflh0krr2v39kmsncneuwqy,loop-ust,164123540,0,164123540
terra1qu7h95yc6ck9pkgmwl4qwtpueclqqxgqpwnlfh,loop-kuji,155977623,0,155977623
terra1hpk9ranq4h2hde4mjr2p9qkepuv2mucek8qanq,loop-ust,1075932,0,1075932
terra1pyh868tg2eyc9y6uydfdqmsagy6072ls2n8rzp,loop-ust,4083348,0,4083348
terra1gurlsmn7qp82t77vzexs8dt9qdxzh3c5rr2fun,bluna-luna,14340499,0,14340499
terra1pgza8pngw4v09gc3agud5232fqpkzkxjuz6qp6,loop-ust,3374232,0,3374232
terra1a0rdtxk3hnp3ggfac0a6ch6ufpnrncsmv5kwps,loop-ust,16252426,0,16252426
terra18sfac7pa5xa69634vue0v23vqxdz7n3mx4s3el,loop-loopr,9853978483,0,9853978483
terra18fs3weda0ey9wx6ugc2lxd3ecwta5gaq702xk2,loop-kuji,1263513394,0,1263513394
terra1w4z35eczhn7udwsm5h5vps4zsl3zk4vk2fuuxx,loop-ust,39247813,0,39247813
terra1nvfj08ny3u288fzz429cdfs77fgz8ajjph4tsg,loop-ust,36407283,0,36407283
terra1jr4ermfv0q6pqtlqwwyydjc7tltrm3yw2trmcf,loop-ust,275536,0,275536
terra15zyduudknfmcf2y88k0ajavujhfqdrgg27748v,loop-loopr,8396874633,0,8396874633
terra1kl28hwmm2vtf7fdmxh06twhfnvhpcja2uvjcx6,loop-ust,2850047,0,2850047
terra1wk6pv80chveky9dv7gmkue383jdhpcc7865ych,aust-ust,62595989,0,62595989
terra1qv3t8le6ydcl4uvdv374hk39nf2e805kzxlhpa,loop-ust,1075767,0,1075767
terra13wcychad7glnwfzry8gmfpus577q6vu8fuwelg,loop-ust,48035369,0,48035369
terra1x6clzdk3ygxf66tutaehppx0zcsj466p2wx0jc,loopr-ust,1424580,0,1424580
terra15wqjqd9ld8z3efe4j4exm6hw8j98ncq3e7u6rl,loop-ust,1872279,0,1872279
terra1ujakgnedklwlgp4gm789ezaye8uh9unhkmgxv6,loop-ust,16054622,0,16054622
terra1qm325qp93mmmglgv8t3ttsuh8jna3cqha3trwk,bluna-luna,24428286,0,24428286
terra1pztg4st2xmyem2ugsycfjpdzs253jcfxzeqts8,loop-ust,23763539,0,23763539
terra1vhfx6zupca3zuukslvg0d6t4nms72xycjmnawf,luna-ust,5977106826,0,5977106826
terra1na7c7uchx2j07z9ulayjsdg0t92wrj9gpemlkv,loop-loopr,163890585,0,163890585
terra1wcy6rcfz4373ekg6v9k3epzf24wrw0e7jrrupz,loopr-ust,28416331,0,28416331
terra1ryxsjnr48daut3c72gql97z0hpf28n64exrclm,loop-ust,2854242,0,2854242
terra15jht23cah5g0hugkky9jf8ymxj59e7pvjlcu0e,loop-luna,19942948,0,19942948
terra1jpjpdzmyhc5p7gvcwwukn2jyy6slkqrax6ggkc,aust-ust,179056272,0,179056272
terra1qah6hv2mqt57mlyv3z6syrc85wch4t77ng0u7j,loop-ust,89445,0,89445
terra12r098wvfsfheskxkdn6l3tz0u4x650rfe9hqz8,loop-ust,1268258,0,1268258
terra1h956ckazu4lqq3znpedne42wzs2cmcccfvlaxv,aust-ust,1410081340,0,1410081340
terra1k8q2pj37x0rvrtjgeukf9t726p3s730lefjgc5,loopr-ust,88576750,0,88576750
terra1etwq0q8wwnmq7322kz4v6ff2dcvwfm634vdkqn,weweth-luna,94811559,0,94811559
terra14zua9whwtpc5u3nalwn8s8dqmkncu5r6usk76e,loop-ust,8028407,0,8028407
terra1kywn0zeudsd89znm4z0r79v8ar3djdn3ayxm3k,loop-ust,513865,0,513865
terra18t63km9jz0slwhqntz4vvdgeyuugf6f6xzevg9,loop-ust,1604761096,0,1604761096
terra15sa4sqa0uqnm9nkhcrhhnc0c6wxee4ufuvf74u,loop-ust,887195,0,887195
terra1kss2estruq72rr2rfvucmjnpzz6cd6gf4smxrp,loop-ust,180832243,0,180832243
terra1zq3xpmr5fvutyrel3ztzy6xye0xg6e7e7uavka,loop-loopr,351707272,0,351707272
terra1p6gx794ffekqtaaammtqdmhdvf204m0jr7qzsp,loop-loopr,4356275934,0,4356275934
terra1l8e2hzhrh0kym2xanrw6fmlgfs09zxvunw353z,loop-anc,181779140,0,181779140
terra124f02mf6uc8rhytnypa2w5unk6q0zt6qqe8sdl,loop-loopr,10320826085,0,10320826085
terra1nxkwh900gzqpwl586a9mypt7skp7045lutgcym,loop-ust,53458592,0,53458592
terra16lxfvdz0awyr266u546ksm3me4chyvfgykqcqm,loop-ust,108812194,0,108812194
terra1xpa80ufg872m6z4dq78k0qgjf6lpstrfk6vl5j,loop-ust,1714041,0,1714041
terra17l76dz0k7cgtaxpuvrmeyug3x5mnmf96ug0uyu,loop-ust,19727769,0,19727769
terra1zcvyp5c8wpu2l3m223fe7d064kfphal7hqfztn,anc-ust,46584555,0,46584555
terra1npdypxgm8pcmm5gv4pev54rsrwp6fgglxahnmz,loop-ust,43307161,0,43307161
terra1cd7aph3q4rfsva2s2460wlrnl58dhvcm9xpv3e,aust-ust,7884752575,0,7884752575
terra1fz85z0ww9krafedntr56y2mm3xt6j2wr3pjkea,loop-ust,3490665,0,3490665
terra1vam7l08rxnz28jq8jrusq8ae28f0zq300sxxn7,loopr-ust,10380278862,0,10380278862
terra198s4y5r7ljrywlzllmtsz4rhzqgpr2s9dgndtk,loop-ust,1027787,0,1027787
terra12d9t7gw00xgpz036aks3rnf00kdjapzr84w34s,loop-ust,4385501,0,4385501
terra1arrapsgjjp0pve2tnp2t5ae3kxrrs7lxwsuccp,loop-loopr,119417368,0,119417368
terra15q0w864xny7r77430wg7ych5m6cgn0w3sth976,loop-ust,22647325,0,22647325
terra15tcq4z04eedce7m0xv5wfts3jgtmjtzakn3344,loop-ust,25149974,0,25149974
terra1t3h7ndvvh0v9qm5nxxdzk0t8r0n5dra4pjxm6g,loop-ust,1947724,0,1947724
terra1chju4glman4llcwklg9ffshp3ltsvphchs4u6g,loop-mir,42563873,0,42563873
terra1egl56t6zl35294ptm27lp065dcep986heqa68u,loop-ust,98673,0,98673
terra1kej6nc9jjv0w5607pskpqqr6wz32yvt72g4geu,loop-ust,58075260,0,58075260
terra1z5dw8z7l85g2dl0y3nxnwls0z4n4ejt7frfyjt,loop-loopr,23063929229,0,23063929229
terra1hrundzqtpnugwl9vyxw6w7x3wh5cceyltqnm9h,loop-ust,686150284,0,686150284
terra1gjgu0xunz4phhme5lhyj78jhhc6rlacvpe234y,loop-ust,32778493,0,32778493
terra1n0fhjjv2gkwsudfknavhja6x6wajsl2th42w87,loop-ust,69489,0,69489
terra10sxetvrfsw0fjjh66jg9gh8vq2r2zwqzeg5her,loopr-ust,2473005,0,2473005
terra1kld4dwvcwvney70c2z5vewzh8fcf24776jtmjl,luna-ust,1154229,0,1154229
terra164d083g58fp07kz055w80f5x7k4pnmsgvjkjrg,loop-loopr,7910256811,0,7910256811
terra12a4udz6rfzmfza0zk9m67vxsn9kvvujs6q9ag7,aust-ust,892130090,0,892130090
terra1r378jntt8k0dwkca6ygqwtkmkgxwe2xy4p92hm,loop-ust,65012089,0,65012089
terra1n04tepv8khvntjj90hjujv4n478syg4md6mm39,loop-ust,71570993,0,71570993
terra19y3stke256mpwmw2g2rxncdpjqfs28l5fr84z2,loop-ust,32586820,0,32586820
terra1hukpay25c2a9fch70z2csv8jxxjcuay5thc7x5,loop-loopr,6539874908,0,6539874908
terra12n2ark5renzfpxfw7sl5gr8k29ddxl2f4ak3t6,loop-ust,10747075,0,10747075
terra1tgfy74ajhh9gd0vrx09xl8dkw99t5nsmfn9dux,loop-ust,5730526,0,5730526
terra1aqh8qcprvvwl727y7fx90t5d8ddxl4u667445c,loop-ust,5939013,0,5939013
terra10f7r6awc80dxh0qkcag5ywp24hj36vm4u0klkq,luna-ust,1074464,0,1074464
terra1cjkudt2qqpgv857trjgyyetnc2aj8w4sy7vkjn,loopr-ust,100054458,0,100054458
terra16x0n63erkderv2t80jvd5ysr05rr6j2pcl6me7,bluna-luna,9978467,0,9978467
terra15jvplcd5ct6hfqw6k8ny0wctw4rmhv6gxj7dtl,loop-ust,2467087,0,2467087
terra1vy02spzmkvj9zt7wulglcpzpc5h2geeu7gj6mu,loop-ust,10129549,0,10129549
terra1n6xvmas0d7yrrts5859zup6w2y0tmkzesttxnr,loop-loopr,810250699,0,810250699
terra162z4p8yaku9x2v4d63l4myx6fpg9ghstsp4k58,loop-ust,896965,0,896965
terra1khlvz6sz3trrlr7w6p00tuyr2r7kyzs2az7y38,loop-ust,279029,0,279029
terra174v2pxqc8y5p4pgkupx3p82cu8sjwqxpl6w9xx,loop-ust,1093957,0,1093957
terra10us3q6lr34chmln5z7pl3lw5avx3k06hc8tx4j,loop-ust,97063871,0,97063871
terra1vfp9unnm8rwlu5ekjkq02tazlgp2tvdhypgdsx,loopr-ust,11475247,0,11475247
terra18np882f5wusgsd0pp2d6hn6a9xytdz2vulqp79,loop-ust,193778409,0,193778409
terra19gxcvyuj2xmd8dak7lhkhesr3hyrytxe4dvv06,loop-ust,13609421,0,13609421
terra1r0lygjz34t6r8r0y0safhk89egm44t9v072407,loop-ust,4931482,0,4931482
terra1me0d2dwx7wl6dgt5rwwqfnltq45sapmnych76l,bluna-luna,26813278,0,26813278
terra1szj429k8fchejtkpe02cgu3rp6vx5lpdqhuhjf,loop-ust,59942441,0,59942441
terra15ramaktdrlzjvx27nz0hhuzy3vgs3axpsze9ug,spec-ust,40982228,0,40982228
terra1fsatw9wrehezr6nazur7juwkgqswjxxv4unlng,loop-ust,20091220,0,20091220
terra1g9srkhvmfrnsly2p66ycgwulvz24rqhwwxaug3,loop-loopr,2357795201,0,2357795201
terra16e57qyp435smy479qk3k8hkvg44ysrnexh2tzk,loop-ust,11189187,0,11189187
terra1c3hl0g5q8qpm6ymp3p3t5jpn3trpacsvlv2r3m,loop-loopr,7205258432,0,7205258432
terra1h200zup06lfv42l44t6qmsea86fjpaf35gcddf,loop-ust,17628424,0,17628424
terra1quvuwa098ut2hwlsjpzjv924dqeryctx78zp5l,loop-ust,4540484,0,4540484
terra1e3kqx4du32uvxgkgx7xgzfxmptzjckyp6xuj6y,loop-ust,1192195,0,1192195
terra18ct5qwzwycetpad3lpxp47tgxu2ft4q0wd9wey,loop-ust,1857041,0,1857041
terra184ztvdm4rj47nqy9vf7cs74ank0fhqgxklvq40,loopr-ust,13849254,0,13849254
terra1ahm0l4yey279y4mrzqnuu2rv627y38wqth788f,bluna-luna,8480045,0,8480045
terra133c9adn4sx578llfm06hfavd9gqtz5yh0hnf5s,loop-mir,30619781,0,30619781
terra1ytcxlzecw2uk3rdk6t7qsgzc6dm62hsvfnzzu9,loop-ust,1518486,0,1518486
terra192dzfz9w4e5gdqmt76wg98lpmuwz5vdtpdv5ut,aust-ust,1343071105,0,1343071105
terra1an0njr50h7tu6evj9lys9r9d6auge5qh0l0985,loop-ust,443057,0,443057
terra1nuxlxnyxncdl8365cv7837ulxadmy4srjwen5m,anc-aust,1540899154,0,1540899154
terra1feqtlvaru4lszqnpjesgfw8splrg7u27wwwqac,loop-anc,2704817196,0,2704817196
terra1cenu48lduqrfzhfgmwly38zckptsp5x9au2wxj,mir-ust,123283519,0,123283519
terra14fxar744m7lwkzg6vkr458tum7av9zv88hgat0,luna-ust,495189253,0,495189253
terra1ywcj0qmuvfv6v97esqd6qyptsw2cqzya8fx4kf,mir-ust,15762000623,0,15762000623
terra1r0fvdcwl398has3fpc343tzc0hd5rxypms6c6l,bluna-luna,47450649,0,47450649
terra1rggt9ed8q57y728tdt2u7lpckhqgpycfk0dzkj,loop-ust,11834273122,0,11834273122
terra1fphvztd4yh0rej30c9hk4wnlqcpynm338tyet9,bluna-luna,19979123,0,19979123
terra1zwuyymvg3hhttc6rnucuxn2l34vj6zk9gqqmrk,loop-ust,24541510,0,24541510
terra1qch0tcre6dg70w7vvakjknts34radda0tczt55,loop-ust,8390953,0,8390953
terra1sv5c7ylqedh5lqn072zg0yce96spfkt4z852j3,loop-luna,431904,0,431904
terra1k6zxdlz9auyq3cnl6658cuyyxkpr0tp35tqwjz,loop-mine,88972906,0,88972906
terra18t2e06naf6fy495z5u8v6f2nuvlfxcnslr86ap,dph-ust,72652233,0,72652233
terra15alrdkg38qmwr8ln6myjfeeq93pvvxdyummeej,loop-ust,22892046,0,22892046
terra180w7w6yr7c6vvah5eu2t6dxxnz9tmt9erwdxdg,loop-mine,26080752,0,26080752
terra12h5pr26fr7ysufykgud7kpsapnes690ks0a9ur,loop-ust,3923880,0,3923880
terra1q9j94p6zdqfz9t3sh8zkj3558zzwgjqrwj06l9,loop-ust,944713624,0,944713624
terra1njpyhxe9wv3w8uql5rua38pf8z92grpfpgalfk,loop-ust,440216,0,440216
terra19rd409gnnwmvaerwgvt0vmlpqu0uajferchsjw,anc-ust,174905427,0,174905427
terra1s5fpxez8dwa4rjuxr4cxyeuv4dkspmmcxgarzg,loop-loopr,24951778462,0,24951778462
terra1uqlcgvxd2y7n9f5wr07p75dk7nhzklr9kcgfzf,loop-ust,1542765,0,1542765
terra1scwu7vulegy8a898ughzmpyjd52jyw4afvn6av,loop-ust,5516998,0,5516998
terra1ejg5g69htn2lyar7wfv2tgmm33v5728twnhgnd,loop-ust,113477456,0,113477456
terra1mkt6tvpks7c7ycnxz6mk8wxn3vn4xjtaygre8k,loop-loopr,130550510,0,130550510
terra1twunl0586lvqyh627lcz60xa3trx2vua4rq4wd,loop-loopr,10662415867,0,10662415867
terra1e20nsv6za9k6ttx8anen8w8nu6m8mh5axzxcnl,loop-ust,10101660,0,10101660
terra1rqrd9s36kcn9t9u8ecfrz7e7820pdxlh62p6hj,loop-ust,31447973,0,31447973
terra1908z6slyzus8vluks4xcf3dq84f9h8n4c2gzx7,loopr-ust,54979454,0,54979454
terra1ecd8mgxsxkxnnmkn2h067wznqwpcfc26q0rpjf,loop-ust,5457561,0,5457561
terra1tl88tr0yguc5fvqamldcaf8fduyydsdhqdg0wd,loop-ust,6496456,0,6496456
terra1y7arpc0rz65k2wlt4vygud4jcxft78hueuw9u7,loop-ust,73936143,0,73936143
terra1yqvhfwp6f6ft8z8hy4kj3kmvfpmypkrczp8ekn,loop-luna,274042464,0,274042464
terra169n5ue2848wlpn7aprww46c9mrev8xur0tnv3j,loop-ust,19846546,0,19846546
terra1knt8xkvkn8fhhz74twkmdmssx9zyqx807qa2ns,loop-ust,1071484,0,1071484
terra1w36ehk28366cy28pk0q5p7g7mf5rpq02nvdqq4,loop-loopr,48016336,0,48016336
terra18c8rn98jq4gtutrp3kkhvpkzpngs6zw5t05xmx,loop-mir,4595626,0,4595626
terra1xhjgnwmmzjlvugp7n6t29apy0uux55xqyl0v3a,loop-ust,1016812,0,1016812
terra1ukjgezrn7t6xas35wsgtg4lsrcl2aur49t2ezd,loop-ust,9974763,0,9974763
terra1a8wncpvj0qryk5w90eldryf34ghawetr35zyq7,loop-ust,9266351,0,9266351
terra17e895kp2agscfvf0lwrmsgkpj7spp8uusx9l7q,loop-luna,17178142,0,17178142
terra1pnzp73esg073jng5vnyk9c5wcwtjq4rfxeemn7,bluna-luna,100760003,0,100760003
terra1nz8zezz7ppemaudxmqjw2usj4zj9zvj507v0l7,loop-ust,1072064,0,1072064
terra1v98rn05cvr35d5q4uh8nenwuryl6dtsxu90t4u,loop-loopr,14416322437,0,14416322437
terra1ucpt2855yaplwhdn2eu5fju44nm5chy2p0gh0p,loopr-ust,455960547,0,455960547
terra18jfczwlmv3c6fehyhyp00ajlpfel464w0x4fzk,luna-ust,28289293,0,28289293
terra1xt84mn92qqrt683406twjtzk863kwell7x58v7,loop-ust,4943055,0,4943055
terra1hf9ms3325848wcnfgj0srh5yz2xwt4mq8rsyfl,loop-ust,54795548,0,54795548
terra1spstugzn66cw7wdulmryvnp4p28p6q3cllg9x0,loop-loopr,26908979262,0,26908979262
terra10jswnvz26qafkqs9wefeqed5xw5eah757umalh,loop-ust,23997154,0,23997154
terra1dtvj7n4uppmktxmhnx8j2pk0n74072uey5rez5,loop-ust,456163,0,456163
terra1zkf83tpx3eqxuasvt3n2se4gz730es532pyekp,loop-aust,407834183,0,407834183
terra1rjse4ss4r3ptqqczj5l9rtq8r2m26d0d62kky5,loop-ust,4437166,0,4437166
terra194xmvxqdtj7qe0wtaezve3trzl3ppsm6xzhedv,loop-ust,16472537,0,16472537
terra1re3dxu2a3sjw9tl7hfdgnvym09a7hjlqmehypa,loop-ust,4237029,0,4237029
terra1ss3fcfzj3l23q0gkvmqn08w7ssta9ry2z72e88,loop-ust,390085298,0,390085298
terra1wlp6e5q9qd6l37va9c0ph5vhsmfkh9es92vw2y,loopr-ust,15406972004,0,15406972004
